# -0.1J_-0.9g_0.73304theta_1.0472phi_30Chi_0.01delta_500N
-5.773844163199639556e-01
6.800692393965888094e-01
4.486599274985357821e-01
-4.042024648775838225e-02
3.927082031842749760e-02
1.809035652227439922e-02
-6.351517217881288632e-03
-3.718923053674275808e-02
-2.343497150054064254e-02
2.188186979796173832e-03
6.323040593833528615e-03
1.917012441208342053e-03
3.615111025303116760e-04
1.199228293672925921e-03
1.987528985936582934e-03
5.639384480717354702e-04
6.728981043351025225e-04
1.508119709556502623e-04
1.184398754666541361e-04
2.381201052463720054e-04
-3.061857499759737089e-05
-1.893290222091283245e-04
2.479951081894397609e-04
1.432745414639379606e-04
2.195356182963684478e-05
5.480562470449505083e-05
-7.551413250108021246e-05
1.075704509701304762e-04
7.162604198319393446e-05
7.574806796801204453e-05
8.076639190187820949e-01
-1.633373104084425931e+00
-6.475228360730671540e-01
-7.608525293471198658e+00
1.089924970874221088e+01
1.035123503662045330e+01
-6.749051885953407215e+00
-1.615388518222101411e+01
-1.178627292334423338e+01
6.778880685464216960e-01
2.914805452142323450e+00
9.563377420009849805e-01
6.157287918084034667e-02
6.757785370150991566e-01
9.774173354815601789e-01
2.773398728080079811e-01
3.053519823375330788e-01
8.044436801768542478e-02
5.424814694285853139e-02
1.322946547929839678e-01
-7.913397809928392548e-03
-8.428442625368723351e-02
1.182625902781552080e-01
6.797589017033225933e-02
1.465673997667147829e-02
2.755208563627494986e-02
-3.650860901479773685e-02
5.121760006701132906e-02
3.426498012882724792e-02
3.921471917679272834e-02
-5.114740729182928186e-02
-4.901127192525662202e-01
3.512004781296156897e-01
7.547888407443878123e+00
1.605945642983389021e+01
1.182335472519491049e+01
1.319941796175641180e+01
1.401242227630943971e+00
1.031536413840018263e+01
-1.490223478562939796e-01
-1.969098095801940840e+00
-3.957356614022857211e-01
6.670639569225239596e-01
6.386048244568266474e-01
-1.213260210659974803e+00
-3.804486035900203622e-01
-4.162515030296149443e-01
-1.003781162432191842e-01
1.383438061182509504e-01
9.842053308453174720e-02
1.338132424953984156e-01
2.556768732792005228e-01
-2.023063046223566863e-01
-1.951724942142450403e-01
4.865046279749880853e-02
-5.708064689305198530e-02
2.030808577134176132e-02
-8.442937903924184473e-02
-8.118163493837693423e-02
-1.485127352064642345e-02
1.853658846833966881e-02
-5.039253192502905598e+00
1.160852733451821273e+01
6.039512393549407534e+02
4.315408561989527243e+02
2.815713697553916859e+02
8.966321936598077400e+02
1.444027224183793805e+03
1.024889102283246075e+03
6.284925075239186299e+03
6.197040904696849793e+03
4.895170887832327935e+03
-8.592916794713852141e+03
-1.222577128795894168e+03
9.856234565532211491e+03
3.640074247780592032e+03
3.514039238352191205e+03
1.769162255718673123e+03
-1.555609389625616814e+03
1.632053406029119742e+02
-1.367553633882197346e+03
-3.117443692983003984e+03
2.941193621557716142e+03
2.243715192154716988e+03
-4.741567707429813936e+02
8.663925956382216782e+02
-1.668607529573535260e+02
1.396849947206391562e+03
1.006789855637335222e+03
1.663526738887141505e+02
5.279864878047012960e-02
1.744800273229800425e+01
-3.703093192477044493e+00
1.910373855420138227e+02
-7.210565782581898020e+02
-6.079957104847376286e+02
1.597576842822886647e+03
-1.256738387619226245e+02
2.082746875881877600e+02
-9.446407676604085282e+03
5.092229950955268578e+03
9.956209610430372777e+03
2.038516544329789895e+03
1.011804434187073639e+04
1.709791108717115776e+03
1.011523207251336544e+03
-1.067896916112414829e+03
4.162159065384713017e+02
1.727133835032466095e+03
2.160109810230802395e+03
1.578496572289860296e+03
6.387895473420200005e+02
-1.227708151885080810e+02
-4.444051461581112221e+02
6.587919072985506546e+02
5.169263289741635958e+01
-5.710082803671253942e+02
-3.963301759653140834e+02
-5.855346795857535653e+02
2.832984535606863119e+02
-1.764465682082286269e-02
-1.457972478778740566e+01
5.012575477404174862e+00
2.531506099946819432e+01
6.367587665104792904e+02
7.328079056076937832e+02
-5.760790936019811852e+02
5.360563980289409756e+02
2.225803243775499425e+02
6.422578965042635900e+03
-6.313268387555162917e+02
-5.541587217017770854e+03
-8.915442056764404697e+03
-1.332893212448078339e+04
7.395006825821524217e+03
-9.907445997595114022e+03
2.435450246833304482e+04
-6.416087988312560810e+03
-5.206891156951091943e+03
-3.448727994316579134e+04
1.395828805618430779e+05
-3.839869184415743075e+04
1.347885481315444667e+04
4.579323374201374827e+04
5.813985875879398918e+03
7.510232823959376219e+03
-7.574255736935632012e+04
-1.225521672730527789e+05
-9.223938171129008697e+04
-1.587510691366681931e+04
2.437054669994773333e-03
-2.217142306530542228e+00
1.276115260569545740e+01
1.521277123472115363e+03
1.968685827653519596e+02
1.606373791072039126e+02
6.667522394037271624e+03
5.071613109342139069e+03
2.520779911318670202e+03
-1.260385406466304994e+04
6.279068796367075993e+04
5.119177036127392057e+03
-8.198930573605179961e+04
2.701075914615781585e+04
4.795855769654985488e+04
-1.745319741748211090e+05
1.567369158379470464e+05
-1.169682181738851650e+05
1.063278665811444080e+04
-1.942690177270520653e+05
-2.827561668997761808e+04
9.378162486221513245e+04
-1.722938313607629680e+05
-6.735927863716875436e+04
4.853201038815944776e+04
-6.979239096184319351e+04
2.456725190547279999e+04
-1.223437732193566262e+03
-1.189483398123487314e+04
-1.472138312355343442e+04
-3.580421309414300729e-02
-1.191269916029614606e+01
-1.237188954234795268e+01
-9.411400961958941025e+02
-1.595336410565405913e+03
-1.294971337654297031e+03
5.931735387090770928e+03
-8.398594693526383708e+03
-2.759557514528181400e+03
-1.027194436291969032e+05
-1.571211424947574778e+04
-3.624627173438539467e+04
6.808689691851993848e+04
6.181031786661034857e+04
-6.168087416701621987e+04
-5.406904540128584631e+04
1.913699844380998984e+05
3.377754285701817571e+04
-1.834355890766981756e+05
-1.162560729309987073e+05
-6.151071735699331475e+04
-1.630340419680021587e+05
1.095528384661474847e+05
1.138532102993335866e+05
-7.414868523038359126e+04
1.410046885278586706e+04
1.379012741332976839e+04
4.909028840146335278e+04
2.489196647015412600e+04
-1.919385212461058109e+04
2.274101387273345584e-02
4.979170970708050703e+00
1.447669691642117051e+01
1.158130746133445655e+03
3.201489278455480303e+02
2.463167119668524379e+02
2.444641348256062429e+03
3.731392433770028219e+03
3.244891022278890432e+03
1.200047771253335304e+04
2.269941848402564938e+04
3.123846674897555204e+04
-2.859843059896527120e+04
1.004351646957773596e+03
6.412851109830792848e+04
-4.337265815325801668e+04
1.575483164213588680e+04
-3.984416276706273493e+04
-5.766246181164349764e+03
-2.863767245008097234e+04
1.027288833550426643e+05
1.938380920240798732e+05
7.674000856756017311e+04
-2.419901925415490041e+04
-7.169933303493788699e+05
-8.504160750469056075e+04
-1.442781385799101263e+05
-5.629477679409359116e+05
2.507437570827824820e+05
3.034463266538683674e+05
1.944645504463019805e-03
3.833604048965278954e-01
1.230755275216992795e+00
5.246948670763925293e+03
-1.030002185617951545e+04
-6.078626954743612259e+03
8.072422973311871465e+04
1.919180163552410647e+02
9.759224248017599166e+03
-5.761551307971873321e+05
8.321035201165978797e+05
1.292098217184597597e+05
-1.462852458724820754e+06
5.288633979139310541e+05
5.047807779237040668e+05
-3.970036139305836521e+06
-5.343775651714769192e+05
-1.495671718611490913e+07
2.002470404411992524e+06
-3.383333360135302879e+06
1.941007335576912621e+06
8.644529479684108868e+06
1.119647208498871140e+07
-5.106288016728864051e+06
-2.876610156206279993e+06
1.616468664616831206e+07
9.020956622611470520e+06
-3.965066717688163742e+06
2.068786818529205862e+06
-3.931897602145091631e+06
-3.340230455740639259e-03
-3.961271379838948725e-01
-2.641616200848320606e+00
7.807667234842152538e+03
-2.483106304716389786e+03
-3.317469341652682488e+03
2.313077407182520619e+04
3.616422067272601271e+04
2.059450376111948572e+04
6.801065560626679799e+05
4.084254369102225173e+05
1.599820977454467211e+06
-5.643435580698030535e+05
6.543469306064436387e+04
9.532498299820638495e+05
4.531429676135535352e+06
-4.114835432590613607e+06
-4.235546100385935046e+06
-1.332929199974167347e+07
2.785226143456129357e+06
-1.077403312879251782e+06
1.161245170179246692e+06
5.465349553172997199e+06
-1.095890026097755879e+07
-6.094290616882036440e+06
-1.248044667976684496e+07
9.139818718870790675e+06
-1.906531401450471953e+06
-9.721490894170660526e+06
-1.732962198399220407e+07
2.278764079369289750e-03
7.454076086356543618e-01
7.781311082709977400e-01
-8.373559244718318951e+03
-5.286674926104421957e+02
-7.644890071347587082e+02
4.160924947871659242e+04
-4.988424717823047104e+04
-2.831411824571410034e+04
-2.019482939219097141e+06
-4.002122509287366847e+04
-3.418404281751320232e+06
3.021426031165586901e+05
6.866209197399110999e+05
-1.447679277353511658e+06
-1.254345005602322519e+07
1.070913364822637849e+07
1.578065808351137908e+06
1.959636019818775728e+07
-1.015619164095119014e+07
-4.587811187206650502e+05
3.951699147154868580e+06
-5.287527170867348090e+06
3.152575824075094424e+06
3.248013539358497132e+06
2.790025792901625857e+07
-3.740785369475703686e+07
5.601868330237346701e+06
2.114879664472870529e+07
2.869724677227760479e+07
-2.221847180125025023e-03
-1.301812495871491893e-01
-2.155031670651856857e+00
5.962202516704899608e+03
9.076664121169258578e+03
9.237388638742990224e+03
-2.413807348166785232e+04
9.379538582056766609e+04
1.785883966265129493e+04
9.824397068480720045e+05
1.192075314875923330e+06
7.521808590338224312e+05
-2.742160753868173808e+06
-2.323844063554534805e+05
1.082456073035452981e+06
-2.721303996793626808e+06
-5.663554728120420128e+06
-1.632963832422148250e+07
7.428336535908253863e+05
-1.736397348590237089e+06
1.478386773700064805e+05
1.243395994126245007e+07
2.845908064351499779e+05
-1.355066154214142449e+07
1.319337996519634500e+06
-4.865959798449135385e+06
8.622779776036594063e+06
6.060068510819397867e+06
-4.084014939915593714e+06
-8.517399900035180151e+06
-1.106592517958749885e-03
-8.238430968917573871e-01
1.716133648705576997e-01
3.159769864534674980e+03
-9.471367377636848687e+03
-1.503222649350084066e+04
6.345712931965618191e+04
-1.534807459800034667e+04
8.637653838947051099e+02
-6.319185001835427247e+05
3.656400102537375060e+05
-2.065694803770203143e+05
-1.595306518396166502e+05
9.741263956488362746e+05
-1.739599957798139367e+05
-2.527090514377274085e+06
5.117771845587572898e+05
-3.586217298999133520e+06
9.445536810689354315e+05
-3.200697611853093840e+06
-1.062530471290861629e+07
6.982133505858565681e+06
1.292688853313089581e+06
-9.682586875337620731e+05
-4.572974668583641760e+06
4.525200745433372445e+06
2.712294030670585576e+06
6.249104500439851545e+06
8.478315857480416074e+06
7.469074098004195839e+06
-2.206799128982213972e-03
-2.603948328665592893e-01
-1.737693529633320688e+00
9.291485007449151453e+03
3.057966260983847860e+03
6.568185282364693194e+03
1.993868947312250384e+04
7.486462338092208665e+04
5.119741442690158874e+04
7.559380272500035353e+05
8.493907452177776722e+05
1.629584382383677876e+06
-1.645603705337022431e+06
-1.451138905061050900e+05
2.665717693323434331e+06
4.214310236488979426e+05
-2.910118975703245495e+06
-1.142926741238208488e+07
-9.928201865958755836e+06
7.145932458953205496e+05
6.779907345820697024e+06
1.648710465906101838e+07
7.448645180899702944e+06
-1.602266646151178144e+07
-3.686215018215377629e+07
1.363954558688823832e+06
5.103065293500670232e+06
-1.957860353247459605e+07
1.679668352031482849e+06
-2.191172909457091615e+07
-2.235602244583408469e-07
7.116026468434506584e-03
-7.265978914865990623e-02
2.497608544675531903e+03
-8.936591726301563767e+02
-1.289209437420239919e+04
-2.300054729608460912e+05
-8.948503043606806023e+04
-2.852287956796281287e+04
3.519398326991039328e+06
-6.118219774325493723e+06
3.826083462800520007e+06
1.409190955796576664e+07
-2.750114503707400057e+06
-4.205311807205080986e+06
4.552860269918061048e+07
4.062626058189956238e+05
1.741069019584536552e+08
-1.359903597481989674e+07
3.982906477124420553e+07
-1.300871149998835847e+07
-1.156081469303965718e+08
-1.609191208018126488e+08
1.582780731468921900e+08
6.295802415925034136e+07
-2.867064649948616028e+08
5.866010350722695142e+07
-4.236186159827232361e+06
-2.194276700168752670e+07
6.995830271551001072e+07
-6.498587257214606932e-04
2.489267939932840457e-02
-6.672522028704049868e-01
1.741750014458619262e+03
2.911585469559578996e+03
1.388840763912034163e+04
1.718739342898002651e+05
1.445194233472595442e+04
8.575652308514057950e+03
-4.904405326642379165e+06
1.881765485292664729e+06
-8.716284564349189401e+06
-4.042470382788406685e+06
8.590661462510863785e+05
-9.316523124884769786e+05
-4.485399505254811794e+07
2.614563000682703033e+07
-4.108336767538263649e+07
1.198806149578135610e+08
-2.399319060374898091e+07
2.065400553394902125e+07
2.462023939949899912e+07
7.376280466896991432e+07
9.484631957700714469e+07
2.135374015632937476e+07
2.629701926099379063e+08
9.236594888655485213e+07
-3.354049250534246862e+07
1.277261831967325956e+08
1.043863063066535294e+08
-1.748745061408978497e-04
-9.557133453612787211e-02
-6.649610260954283598e-03
7.305078561214276078e+02
-9.189585277208796015e+02
2.149977121112889563e+03
-7.480431812209352211e+04
6.815576246437168265e+03
-2.686908088833930015e+04
-1.303966556632315554e+07
-6.006143169914931990e+06
-3.271160303864781931e+07
2.311496367084795609e+07
-3.615266118334963685e+05
-1.628480684990681708e+07
-1.639694277254472971e+08
1.072376973105315268e+08
3.980170158480995893e+08
6.609724477480514050e+08
-5.571556486946634203e+07
4.002339000190760940e+07
-7.151118099763886631e+07
-3.457505592245411873e+08
1.043000215829966784e+09
2.238536664761207104e+08
3.185639550534939170e+08
3.594554055417706370e+08
-1.386420035975294113e+08
1.102112487066854239e+09
9.987018465765771866e+08
3.165555531977939365e-04
-4.090719078236520340e-02
4.082183103806081848e-01
-2.093662457514986727e+03
-2.458199368005751694e+03
-1.794908354088246369e+03
-1.052976960625611100e+05
1.656179365476110543e+05
3.838596637303956959e+04
-1.779895599857829220e+05
1.277203605175708421e+07
-5.600364170238849707e+06
-3.420231929362708330e+07
2.350037015692545567e+06
5.969436007786716335e+06
-8.726984346222244203e+07
-1.012266053531821370e+08
-5.909079125699142218e+08
2.631211971642322242e+08
-5.016533466291596740e+07
3.537094534765066952e+07
3.289688696494513750e+08
8.515298977864717245e+08
-2.158725722730133832e+08
-2.765348899345662817e+07
1.397975763446832418e+09
3.405353072170466781e+08
4.285144606350605488e+08
3.058932852184344530e+08
3.447622321872373577e+06
-2.412823891544412544e-04
-1.770495066791303029e-01
-5.009158485725082217e-03
2.028556068071324717e+03
-1.880325061800613412e+03
-1.594972593019559281e+04
-2.126058828428559937e+05
-3.413130994319199090e+04
2.140316763629063280e+04
4.906123208927383646e+06
-3.029298854319846723e+06
7.953517940485036932e+06
5.314731280213296413e+06
-3.904960455464241095e+06
2.003755312912832014e+06
4.807868051407787204e+07
-1.810974458374280483e+07
4.294017190251684934e+07
-5.991371995142360032e+07
6.285582510307623446e+07
4.170289367420981824e+07
-8.908927817155078053e+07
-3.854152491507622181e+05
-1.601585518075583875e+07
-1.314460859527310543e+07
-9.704851588953962922e+07
9.170390083725474775e+07
-4.829937184284003079e+07
-6.762694485347995162e+07
-1.593710891728013158e+08
1.753336495023702252e-05
-3.099451654939820722e-02
5.887463196751006184e-02
2.124313896033180171e+01
-1.368303223316350795e+03
1.440187091611294600e+05
-2.017914082717117344e+04
-2.626426598019507310e+03
8.496625541362704826e+04
-5.226514889382881229e+05
-5.849465325420980807e+05
2.804974391021570191e+05
-1.194094339072116883e+06
-1.089522230429347791e+07
7.627261624862184748e+06
-1.673267078976472840e+07
1.270392325945219770e+07
-6.969474939885400236e+06
6.780913584292049706e+07
2.030075653846146539e+07
3.578389034072977901e+08
-3.832354295247941464e+07
3.498284520346390456e+07
8.137978275117455423e+07
-4.615054323134711944e+06
1.194625428077035099e+08
-5.030242379133582860e+07
-2.158586534511929154e+08
7.153408921187496185e+07
-6.970008362134109437e+07
2.803949598637306526e-04
-3.428669917663797889e-02
3.471700545931538651e-01
-2.282210811309756082e+03
-1.916107153040358071e+03
-3.606186609705068349e+03
-5.322079333854585275e+04
1.901759084955423605e+05
1.689590978533454108e+04
-3.106413369165174663e+05
8.670455065081402659e+06
-2.364674245846521575e+06
-2.082878632338356227e+07
4.415163392231631093e+06
7.028131944097515196e+06
-7.475710873480194807e+07
-4.539871023823656887e+07
-2.903819111598761678e+08
1.168106877450339049e+08
-8.358875761209094524e+07
-5.266377632706056535e+07
4.290959891583179235e+08
2.139203099530915916e+08
-1.842113859682648778e+08
-1.053545751704845428e+08
6.050567684718616009e+08
-1.301423479030107707e+08
1.907839107950397432e+08
1.957244595375996828e+08
1.164379756547049731e+08
-2.249655734597528947e-04
-1.423197261101146610e-02
-2.249011078346598025e-01
1.653689570122308851e+03
9.800464670747336413e+02
2.911585088467181777e+04
1.076625579691260828e+04
-1.548266519303727837e+05
1.583877562978737660e+04
6.663274657267579809e+06
-5.819800146486582235e+05
2.236690905449362099e+07
-1.560820539360490441e+07
-1.182132143886421574e+06
5.344840670828686096e+06
1.763537977826748490e+08
-3.547384538832590729e+07
-5.976692585979382992e+08
-9.574552800300769806e+08
1.217967025024826638e+07
-3.285416261894277111e+07
9.217606633362264931e+07
4.879961893730260134e+08
-3.223167877150894165e+09
-2.513217666570216715e+08
2.321496635083363205e+07
-3.834966260816177368e+09
4.967531363648342490e+08
-2.922248155540974140e+09
-1.306851276157592773e+09
-2.103713272076842558e-04
1.865269356738022410e-02
-2.655381514373213458e-01
1.973162649561417766e+03
1.295105684053978166e+03
3.880551911765021214e+04
-7.407674104371491012e+03
-1.468345937952024979e+05
-5.822710136012587463e+04
-1.604781308959325589e+07
4.338761320778549649e+06
-4.464637413866713643e+07
-1.503350837864303961e+07
2.587613662337023765e+06
-1.005446783801238053e+07
-2.137676103327911496e+08
-1.172772024480336718e+07
-7.104922842002969980e+08
1.047392499945651889e+09
-1.229721872473543733e+08
1.235108446441389620e+08
4.508907209673284888e+08
2.494495719219355106e+09
3.521135059494369626e+08
1.537865974219854772e+08
5.111737131760067940e+09
9.399444570170594454e+08
1.364797995729131222e+09
1.419485665609900236e+09
7.979479336940948963e+08
-9.754003428728724744e-05
-1.798472821551442072e-02
-7.023100747070183669e-02
9.366312428755019255e+02
1.741668040200706713e+01
1.285178272349869258e+04
-2.497775783975309969e+04
-8.372038872740027728e+03
-7.602280075254325056e+05
-4.686437651643685997e+06
1.480519463183859363e+06
-1.970347625257460400e+07
-5.188976731808323413e+06
-4.275973100076326518e+05
-4.824695488172260672e+07
-5.392215135870341957e+07
1.455574478779639490e+07
4.503926896860017627e+07
2.910535214329029918e+08
-8.113969829380868375e+07
-1.407374021701721549e+08
-2.950059984478832483e+08
-1.393811821880127788e+08
3.891853634392769337e+08
1.623615794734903336e+09
5.822746762116175145e+07
1.988236455879189670e+08
4.595560997270820141e+08
-1.203990193618531078e+08
6.205066773383994102e+08
2.266706361284132895e-06
-3.334603955466031860e-02
5.116272507937733027e-02
1.338448071197057345e+02
-7.322860201739985087e+02
2.346690570415748152e+04
-5.519808110827826749e+04
4.125764727763291376e+03
-1.772300909396439965e+05
-4.281701355918059126e+06
1.036209376296113618e+07
-1.085208161971997470e+07
-5.284039819418676943e+07
1.535875666436874773e+06
4.926257479338263161e+06
1.076046425597786903e+07
-2.974846641554783098e+06
-1.322085200429198980e+09
-3.527845138968845606e+08
-6.668204904516796023e+07
1.902422705821981281e+07
5.264316022694005966e+08
2.264470061113605976e+09
-4.037248551198451996e+09
-2.373676956815817952e+08
4.178682417550831795e+09
-3.448791530439666271e+09
1.355999211990553856e+09
-2.726057116443522930e+09
-1.702995867954478264e+09
-1.216851703355551883e-04
5.184740315766154725e-03
-1.549849140132888159e-01
1.170268054244978657e+03
1.308233842651899522e+03
-9.123709410609974293e+04
1.594448210152210049e+04
-1.302579166655978042e+05
-2.850831088536082461e+04
7.451195014034817927e+06
1.276034416287035309e+07
3.753014455616573803e+06
-4.063436699542703480e+07
7.111225452969592996e+06
1.014208183298892342e+07
9.533591745661628246e+07
-2.302025182406978309e+08
-1.139722827308475256e+09
1.862644019706659317e+08
2.734378262851087376e+07
-9.988603870211578906e+07
2.957274101511567235e+08
3.302397720152513981e+09
-3.180830299058860913e+07
-1.215889593782412708e+08
3.971496967982078552e+09
2.679493467719589710e+09
1.876767592779864311e+09
5.904388444797805548e+08
-3.938376156067141294e+08
-3.971752449920924814e-05
4.811891420692302715e-04
-2.595189160617835875e-02
6.810456018567680303e+01
6.366494276823617611e+02
-1.453550905522571993e+05
1.785077790140977231e+04
3.273389357153345554e+04
-1.451110286859821063e+05
-5.513450523903860711e+06
-6.383929298216144554e+06
-7.763814477113809437e+06
2.501700736565894261e+07
9.894451360000910237e+06
-1.409053178535915725e+07
2.166420906209640205e+07
1.023297396079020053e+08
2.820391586289893389e+08
-7.546764177906883955e+08
-6.242656791406281292e+07
-2.418335023126950264e+08
3.005789243510536849e+07
-1.464932175174835682e+09
-2.929035326894454479e+09
-2.092230006686278582e+08
-2.057588380255957603e+09
-5.128366880413537979e+09
3.873739300693235993e+08
-1.998943697873365402e+09
-5.067129396203157306e+08
-2.564537247991120579e-05
-6.531395275995770244e-03
-2.153311175432383318e-02
2.232058226520895516e+02
3.068676034529357253e+02
-4.904601187078478688e+04
-3.309526000692753587e+04
-1.379245326661640865e+04
4.133913039539303281e+05
-8.360633636648300104e+06
6.172254925452918746e+06
-1.242620827561509795e+07
-2.159393487094430253e+07
8.162418308811534196e+06
1.828808572126443312e+07
-1.170961821429968923e+08
-5.021593285299229622e+07
-1.212160184665483236e+09
3.658454180430971384e+08
-8.071388184776723385e+07
-1.234540138335676864e+06
6.975720261571619511e+08
3.668448613679194450e+09
-1.697238104273031712e+09
-6.187078173877707720e+08
6.375500171770417213e+09
-6.838336176341332197e+08
1.123632017503552198e+09
6.035472838988243341e+08
-2.813170933495137691e+08
-5.816612556210416947e-05
-2.488719416833953466e-02
-1.435357502238308186e-02
2.447496300822385251e+02
-2.429600565862958774e+02
-1.004049400772405534e+04
-4.364250233346352616e+04
2.965333557806989484e+04
1.893020339377259079e+05
-1.593215329951059446e+07
-6.084085590588993393e+06
-3.887364645077999681e+07
2.789473346918081865e+07
3.528320359665762167e+06
-2.327148587488102540e+07
-2.032161443958055675e+08
9.768413944677926600e+07
4.547549712508186102e+08
8.306803841389809847e+08
-1.383922461034209430e+08
-6.425677599056600779e+07
1.649229295018988661e+07
-3.232674708844191432e+08
1.609477047770051479e+09
3.967207796642168164e+08
5.434595824238924682e+07
5.330822470963618159e+08
1.024301058403953724e+07
1.449651074743257761e+09
2.370496709149889946e+09
-5.773491765416239874e-01
-7.286106240971762515e-01
3.646319338055921122e-01
-1.379922854339972298e-02
-5.464451524767843099e-02
1.809299166754306520e-02
3.538392598233586900e-02
1.309203075678872299e-02
-2.343708106241707695e-02
4.382839393824043174e-03
-5.057278577613224732e-03
-1.270448176959185346e-03
1.480687206829610792e-03
1.200283929407787182e-03
1.987401756327034173e-03
-8.647908003650982452e-04
1.522280752980588242e-04
-1.780554685765398082e-04
7.183127759048011328e-05
2.383276561427514161e-04
-3.063803345134260777e-05
-1.894252435434936775e-04
2.980253306941953574e-07
-2.861752812963719956e-04
2.214027673103452929e-05
-9.300580665105009557e-05
-9.622838447263256813e-06
8.705769489159599967e-06
-1.293460106825728188e-04
7.530889228323093588e-05
-4.481464274165220529e-01
-7.399669505430047645e-01
2.579796806099521680e-02
-1.249500190435867708e+01
4.726549400606296913e+00
5.063373143784486885e+00
-1.544819737160749540e+01
8.176554807661309709e+00
1.482592658763013915e+01
-2.505015164795132865e+00
1.986931361346754077e+00
-6.232740003247214111e-02
-9.844993656920953962e-01
2.159874090470458030e-01
-1.539293673084743741e+00
6.785547007929395580e-01
-1.490705244528858775e-01
-1.649821418994098024e-02
-1.566583265329763164e-01
1.908485433855857880e-02
1.198616881548651147e-01
2.635729044521789022e-01
-5.901343744841228145e-02
3.041559430049283752e-01
3.462468298081631396e-02
6.278284151743422636e-02
3.669211373357041811e-02
-2.652518212458548214e-02
1.295597443016837103e-01
-3.194768285835038191e-02
-6.739002363592412337e-01
-1.163535017968880592e+00
1.244746586383413289e+00
1.372032761728168815e+01
1.117349934049295257e+01
-1.487752656193898737e+01
-1.113106624339010864e+01
-7.297428593397215835e+00
5.050011883530752144e+00
-1.077523613596022445e+00
1.213896872714467667e+00
6.488573766850528335e-01
-3.530649358097508461e-01
-9.054120960437733734e-01
-2.397368011451379566e-01
7.370171275219741802e-02
-1.513682854654455762e-02
1.102502797157982883e-01
4.107194305918011185e-02
-1.638873986806244909e-01
-6.006124271410345772e-02
-5.481425184271846579e-02
3.426699694517443273e-02
-1.824470072343955390e-02
-3.702083520443610887e-02
1.628110823280260258e-02
-1.475562769429776717e-02
1.034735376490555046e-02
-3.598033030784074555e-03
-2.658855309956565521e-02
3.645863014358020904e-02
-1.012249087554357718e+00
1.977404060389608631e+01
7.958906003670518885e+02
3.018427803480628882e+02
-6.673108855278074998e+02
2.519674685977436752e+02
1.225167686345439506e+03
-3.322180873324418826e+02
6.797427817274095105e+03
9.150604509822531327e+03
-8.320067238982914205e+03
2.320045811760550805e+03
9.386562845803840901e+03
-3.449056839992988444e+03
2.795469804560705143e+03
5.225243994869100561e+02
-1.705133656832223551e+03
-1.590654635680368756e+03
1.790542442530446351e+03
2.050938563757731117e+03
2.111940491979921262e+03
-5.199269818850710863e+02
2.116875750284180413e+03
8.060588887040527197e+02
-1.617696751415496124e+02
5.400323181899015026e+02
-3.525072888348105948e+02
1.409544914511875959e+03
1.671426559036437993e+02
-4.245681967557807940e-02
9.282796172058299433e+00
3.249196055551182849e-01
3.207727489985129523e+02
-5.291225754809504451e+02
6.018320937902271339e+01
1.816495888702348111e+03
-7.704121736939933953e+02
-9.918149280331708724e+02
-6.494237407338063349e+03
4.579574660243181825e+03
-9.580242438976887343e+02
-1.119738396954579912e+04
-3.991576575663226777e+03
-9.388887966585503818e+03
4.002157895453826313e+03
-1.914930288725196988e+03
4.519025337199545902e+02
-1.751935821671161875e+03
-1.221120280282666727e+03
3.953630438435909582e+02
2.381171056959908128e+03
-2.506777530484854708e+02
3.010548114572575741e+03
7.944446176690063055e+01
7.621024353215809697e+02
4.559764936675740614e+02
2.604728527167848195e+00
1.168993636922953328e+03
-2.818740418021309324e+02
-1.764721437777847304e-02
2.950498874729293952e+00
-1.513369497423792964e+01
-5.640709662819771211e+02
-2.965043661190780426e+02
7.328229276147643532e+02
-1.759470256167980153e+02
-7.669350046191158299e+02
2.226063422975680339e+02
-3.759958332571706251e+03
-5.245846217301204888e+03
1.046650849219153679e+04
-3.486240793700120548e+02
-1.334714832896165717e+04
7.397068455408950285e+03
-1.614352961851387954e+04
-2.074701303787017241e+04
7.696015462566370843e+03
-2.975879235005032115e+03
-3.447587858099884761e+04
1.395757577924668731e+05
-3.838058176888990420e+04
3.291972596004918159e+04
-3.462267847010816331e+04
5.699757915187215985e+03
-6.943247431940870592e+04
3.115317797710606465e+04
-1.860230768723870278e+04
1.523094657597575570e+05
-1.552009785328293947e+04
-3.222854061725322072e-02
1.940764774816276983e+01
5.739897548325837429e-01
2.069516690848577127e+03
-6.249597080795451802e+02
-1.201267335543786658e+03
7.594651763925320665e+03
6.464065101774048344e+03
-3.651455840879395964e+03
2.338531994721342926e+03
9.407288953816538560e+04
-6.950768624939626898e+04
-7.937089725660003023e+04
4.018780622337912791e+04
-7.738604343407801935e+04
-9.588017659542155161e+04
-8.635024709214050745e+03
9.825508302266184182e+04
1.581796878410821082e+05
-3.694498767477128695e+03
-3.915301292758234922e+04
-1.881170941171832383e+05
2.431948812064874073e+04
-2.227197050897710142e+05
-8.837514105013232620e+04
-2.393857911337290716e+04
-4.059821224458249344e+04
2.178608455499461343e+03
-5.134298734587372746e+04
-9.433426020624543526e+03
1.579197926947647698e-02
2.749208336346213866e-01
9.254436346006572833e+00
-1.192879315501281212e+02
-1.047076912247629025e+03
5.083493614509671374e+02
4.538725456210057018e+03
-7.471543438676247206e+03
-8.035432848098146223e+02
-7.143779393849804183e+04
-3.065600736967997364e+04
-3.895959558016942174e+04
-6.669065235542710070e+03
-5.423052601748416782e+04
-1.074223565062541638e+04
1.113609657526881347e+05
2.700497505062063574e+05
-1.135682727042955084e+05
3.205030850796886079e+04
2.264026027522127260e+05
5.522956895189013449e+04
1.941425972081267446e+02
-4.601970579852413357e+04
-8.246243099174012605e+04
-4.919895150117871708e+03
-5.115190028506817180e+04
-3.224461340290338921e+04
1.005085691890976159e+04
2.121740414077527021e+04
2.225515894117314383e+04
2.274318584250210190e-02
-1.502585363335947299e+01
-2.926730684774443869e+00
-8.564166134354176165e+02
8.429141910567233253e+02
2.462661323309042984e+02
-4.453951737809465158e+03
2.515370105318747562e+02
3.245138802664204377e+03
1.365877898814888249e+04
-2.173763377196447982e+04
9.136752658428607901e+03
4.135811600055685267e+04
9.592203014008247237e+02
6.412514089749709819e+04
8.033239751799797887e+03
-4.543401209426998685e+04
2.486599400455503201e+04
-3.166166959361875342e+04
-2.862786449409961278e+04
1.028326058696994151e+05
1.937164942349516787e+05
-5.957283050998284307e+04
-5.468939076681487495e+04
-7.172833872993492987e+05
-8.248691303943675302e+04
1.442714675205616804e+05
5.005158636893430958e+05
3.611488343970560818e+05
3.017964116534112254e+05
1.921795184100197123e-03
-1.524467618829611126e+00
-7.052628995925407374e-01
-1.628085373715050082e+03
-1.177848374687756586e+04
5.913392932865287548e+03
5.741618329747134703e+04
-3.659707397928194405e+04
-2.271842976676277976e+04
-5.162798275461060111e+05
6.452768584444751032e+05
-3.316965067284658435e+05
-1.865886277805950958e+06
-3.192297625477750553e+05
-1.077545161295617232e+06
-2.346099743400270119e+06
-3.596500733406744897e+06
-1.470374311550318822e+07
4.382342699037950486e+06
-7.164902775925578317e+05
-3.925950531758989382e+04
-5.303092159380175173e+06
1.559244418308332935e+07
2.939673302964231465e+06
6.720520582728085108e+06
-1.214461456363941729e+07
3.857731899519094732e+06
4.674736242530543357e+06
-6.866132456130698323e+06
1.691245418317516893e+07
3.353238671934430544e-03
-2.331531932981782962e+00
-7.346509194982341340e-01
6.327992800734982666e+03
4.394423929174578916e+03
-3.605305601967984785e+03
-1.366663189504992624e+04
5.947790980008823681e+04
-1.844189819669916460e+03
8.669394944217094453e+05
4.683051945082991151e+05
1.197762332525907550e+06
-1.032851693159480637e+05
4.234225783185184118e+05
-3.845804581296218385e+04
1.469087766412083292e+06
-5.739421985535770655e+06
-1.856117431190912146e+06
-1.358515173521479778e+07
-4.310176681502828375e+06
2.219950383475802373e+06
6.897334999298984185e+06
-2.570848058118680492e+06
-6.558702940116140060e+06
5.695825570681745885e+05
-7.313807809608055279e+06
-1.915498683867392316e+07
7.027624479324107990e+06
-1.231189893278036499e+06
5.191465933249921538e+06
7.857153966703707935e-04
-1.149499366103042597e+00
-9.627971184867437637e-01
7.057265275609654054e+03
2.944477583365463943e+03
-7.595527297983686367e+03
4.870277023773730616e+04
2.814743433793641088e+04
-1.306969237603427246e+03
-9.571559998463795055e+05
3.677211655436101719e+05
-2.455409238089120481e+06
-1.948815941927624517e+05
-1.389584704412829306e+05
-2.141577679681266309e+05
-3.922140819861712866e+06
7.704954888500328176e+06
2.366819860144855920e+06
1.679804110856408626e+07
6.571855910099481232e+06
1.109493319574044581e+05
-1.274491862266150303e+07
7.628390592488109134e+06
-7.143492227246708237e+06
-2.801590216038255021e+06
1.459765434181154519e+07
2.847874950007765554e+06
-2.121893741434051655e+06
1.054387542917334475e+07
-6.934504801961069927e+06
3.084905139972405393e-03
-1.872461719874830788e+00
-2.603899649757038248e-01
9.442060381367056834e+03
-6.366630006947765651e+03
-5.274312941405021775e+03
5.398680308746109949e+04
8.669856438063674432e+04
-3.346643915159673634e+04
5.740970012975841528e+05
2.255155918488729745e+06
2.570187229935410433e+05
-3.705460580953869503e+06
7.130041115494725527e+05
-1.793019994011947419e+06
-5.733585161599440500e+06
-1.428952573773816042e+07
-1.914257477325746790e+07
-4.905986079346135375e+04
-7.919005480098326690e+06
-4.688776177317493130e+05
-2.775004103901288938e+06
1.057431349336137809e+07
-6.254717527167524677e+05
2.160793473996727262e+06
-4.511931535916949809e+07
-4.687910584451253526e+06
1.691700321763502061e+07
-1.184236530680970848e+07
2.888093778193162009e+07
-1.105080275674508433e-03
2.612202105141601116e-01
-8.006159174759440722e-01
6.634220689199708431e+03
7.474487263613192226e+03
-1.504528380040686170e+04
-1.835427220321648201e+04
6.269530737434329058e+04
8.461787820269065605e+02
6.315498731960449368e+05
3.656902985914639430e+05
2.398075489094321674e+05
-1.001333638762555347e+05
9.738587225375518901e+05
-1.744573911731327826e+05
8.120948910400312161e+05
-2.439174413411917631e+06
9.717096393552174559e+05
-3.557326666309910361e+06
-3.192038483862533234e+06
-1.062474863542669080e+07
6.960997571797010489e+06
-1.477492832848041551e+06
-6.452414948484954657e+05
-4.572982760079147294e+06
8.451399530952019268e+04
-5.265653556012397632e+06
4.256316944541697390e+06
-9.673650849622081965e+06
7.415045560595039278e+06
-2.206685964769890609e-03
1.635058561622613205e+00
6.435544533895161123e-01
-7.294168232721005552e+03
6.517003116706894616e+03
6.565567581009097921e+03
-7.480791166700187023e+04
-2.014082134708518788e+04
5.120034185460465233e+04
3.578106657290377771e+05
-1.078597799072255380e+06
6.093844592726015253e+05
2.233083981652672868e+06
-1.475394003512984782e+05
2.664965781040726230e+06
2.305667878732583020e+06
1.818662029694438679e+06
1.430902279290429875e+07
-4.933157403667329811e+06
7.094685161548255710e+05
6.784208145896005444e+06
1.646334969391745143e+07
-1.762846405303872004e+07
1.522651654022200499e+06
-3.684474910029655695e+07
3.777471032845917623e+06
-3.874057737104884349e+06
1.110958267205834948e+07
1.608213004635443911e+07
-2.188964660966779664e+07
5.627481059932392098e-04
-5.191827771894849120e-01
-3.288658757139992228e-01
3.174638925039521837e+03
-1.349793963223343781e+03
-5.584637576218690810e+03
-1.099306424959250762e+04
-4.544138621907232300e+04
6.844242759031174501e+03
-7.536921238583609011e+03
-2.869479074010842480e+06
2.475564722074070887e+05
6.655605567190695554e+06
6.251574105618140893e+05
2.908740416166249197e+06
1.172458104724630713e+07
2.538889405846541002e+07
1.098313719076258838e+08
3.978110070044216234e+06
8.126766884852531366e+05
-1.136567214771457948e+07
3.626517965305989236e+07
-1.481111334732291996e+08
6.627525842505527288e+07
-4.967544237235235423e+07
-5.205176439957437664e+07
1.277767618347534835e+08
-1.027523024607516527e+08
2.342659284753027186e+07
-1.246888096588318646e+08
3.246084389420588541e-04
-2.311539109397529879e-01
-1.407100211361875797e-01
1.283614711831190334e+03
2.234034505119147070e+03
-1.808707458291048897e+04
2.158941645789632166e+05
-2.045697590437503241e+05
-2.897065578498032846e+04
-8.154161063766371459e+06
-1.645931593597546453e+06
-1.615687751107656397e+07
-4.628406106312678312e+05
-2.784152428128687665e+06
-3.183539844101268332e+06
-1.986547319240361452e+07
5.996362194042422622e+07
-2.350825385789950937e+07
1.841678567420454323e+08
4.634209336212164909e+07
-2.158076719811141863e+07
-1.120117813352175802e+08
1.657048333663272262e+08
1.076633125017348081e+08
4.357512648062568158e+07
1.935773995214377642e+08
3.264522207904371023e+08
-7.809032395355419815e+07
3.056556782540524006e+07
9.728158063167171553e+06
-1.868837892630506603e-04
2.616421914415743011e-01
2.470415793112266112e-01
-2.963910560697499022e+03
-3.903057500463220464e+01
4.763984395413006041e+02
6.283929978516769188e+04
1.846839736105567426e+05
-1.979370049297592777e+04
-1.031940564473791793e+07
-1.757359798796682386e+06
-2.625623211606900021e+07
9.354291491236625239e+06
-1.818830787594670663e+06
2.957846407053024042e+06
-1.081998471444503814e+08
1.196154775077022463e+08
3.273199555919960141e+08
5.499879404275704622e+08
7.069013388080626726e+07
-5.060318023650611937e+07
-2.487722468678939641e+08
-7.374902608380605467e+06
6.559677570806609392e+08
-8.837789458726590872e+07
2.754367952206246257e+08
1.423329190111283541e+09
-5.582699334432324171e+08
6.732582648415192366e+08
-4.953543418617473841e+08
-3.103290998070743108e-04
2.130093715316959124e-01
5.103939356626451679e-02
-1.215978616429958038e+03
1.238659489735639681e+03
2.762784062147607074e+03
7.275198212819361652e+04
2.799848692947524614e+04
-4.253144861418610526e+04
-4.429142461954598315e+06
1.549659334519959427e+07
-1.935646813526667655e+07
-4.066972927337362617e+07
-1.422902553186989389e+06
-1.708571320797360688e+07
-7.495638261348201334e+07
-1.570760541841179132e+08
-7.020976697923703194e+08
3.337890439212464094e+08
-2.316818274444422871e+07
1.704472045455855131e+07
-2.242408840939399600e+08
1.238306569765167952e+09
1.227353310925596505e+08
2.091877352172656357e+08
3.334094278764683604e+08
2.955506324372307658e+08
8.651503674533902407e+08
-1.131355330840237141e+08
8.623857131649600267e+08
-2.411575940498078075e-04
9.273657502625305693e-02
-1.509581032932756917e-01
6.154073594812062993e+02
2.697638689309487290e+03
-1.593995299057387638e+04
1.358386751319441828e+05
-1.672298364041141176e+05
2.142904736370956743e+04
-5.073148200588602573e+06
-2.735214921854464803e+06
-8.574806828513326123e+06
4.227496787188099697e+06
-3.893565969688117504e+06
1.995894640668132342e+06
-8.284326087436353788e+06
5.067310065085542947e+07
3.028810876326533407e+07
6.690003489795374870e+07
6.276135840103588998e+07
4.172053739201536775e+07
-8.899460549692496657e+07
-1.355265885448734462e+07
8.001188710849700496e+06
-1.321741267920424789e+07
1.280510319776403308e+08
3.756402867771723121e+07
-3.511961044931969047e+07
7.583633581515212357e+07
-1.585503453475528359e+08
1.745671059321151077e-05
-3.547598307074276147e-02
-5.629280279464205644e-02
1.174292162990065890e+03
7.024954597162349046e+02
1.440405258036768646e+05
1.234059155935694980e+04
-1.615459431017122006e+04
8.500870710157172289e+04
-2.461776585786515789e+05
7.440178887214059941e+05
8.738228190992870368e+05
8.395090916052911198e+05
-1.089576959377298318e+07
7.637550436283726245e+06
-2.695581546283872332e+06
-2.082485856050412729e+07
-5.512455222378131002e+07
-3.981592444715222716e+07
2.037341542672907189e+07
3.578592350919898152e+08
-3.819928128438659757e+07
5.265463808179891855e+07
-7.112646083126395941e+07
-3.945847791439169087e+06
-1.028425595433050841e+08
-8.030066131857731938e+07
1.688369229832325876e+08
1.503600963888404369e+08
-6.967898595183162391e+07
2.807307390637747832e-04
-2.835949195773933562e-01
-2.033617347587718394e-01
2.801137219869556247e+03
-1.018874196899692038e+03
-3.638091294685159482e+03
-1.380914671727243112e+05
-1.412488835390405147e+05
1.685189897365342040e+04
7.660658113516291603e+06
-4.064352059076634701e+06
1.920782953601465002e+07
8.359765934310154058e+06
4.372883887662299909e+06
7.033039784932035953e+06
7.666312336902667582e+07
-4.207671618118799478e+07
4.396532322569555789e+07
-3.095691086132529378e+08
-8.331588124542970955e+07
-5.265372619430413842e+07
4.285707047756299376e+08
-2.668501686828514040e+08
-9.312907211074234545e+07
-1.041641810955238640e+08
-4.146879057007757425e+08
-4.606987919507960677e+08
7.417801444950233400e+07
-2.653806087802141607e+08
1.147933893120318055e+08
-7.009436586111794155e-05
9.029312086723116637e-02
7.901816530525368476e-02
-9.897077735147855719e+02
4.487139427670189207e+02
1.901853195010291529e+04
4.910753702774378326e+04
1.474055994190381534e+04
-5.827212915254070685e+04
1.212426164743825421e+07
1.289630844606009871e+07
2.946341176373736933e+07
-4.057579405146393180e+07
2.821118878971509170e+06
-1.133817907347868010e+07
1.299982941119065136e+08
-2.407504266426178515e+08
-1.042015144906376719e+09
-9.667026459493579865e+08
-1.111653233295342624e+08
1.229713020134635568e+08
3.427799290300785899e+08
7.023427405403208733e+08
-2.615614177702844620e+09
2.524648556920285225e+08
1.485153252087848186e+08
-5.180308865278590202e+09
1.867240281734276056e+09
-2.160743843245842934e+09
1.313585600455868959e+09
2.999178961431741208e-04
-2.850635115993914726e-01
-1.611705136148286477e-01
2.504461553379755514e+03
-1.345935950939387794e+03
-4.464836901389066770e+04
-1.767900844453137543e+05
-1.086390526524607849e+05
1.525815955552640662e+04
-2.564021878431738354e+06
-1.107908529235447757e+06
-1.966706681957338005e+07
-7.986594173839147203e+06
-2.287308801466791483e+05
3.730859348163735704e+05
-8.539014106777731329e+06
-5.814124972847211361e+07
-7.017064777598239183e+08
6.027705669358261824e+08
5.064370932588264346e+07
-3.289462446202015132e+07
-3.003154251053827405e+08
3.102197920616134644e+09
1.381638415307578743e+08
1.475477779472968280e+08
3.762166755783956051e+09
8.146326660333803892e+08
2.135662167610144138e+09
5.415775712975523621e+07
7.426150359998657703e+08
-9.775606457934553719e-05
6.996449775740813670e-02
1.961956184154632632e-02
-4.853871579344587417e+02
8.031725216936000606e+02
1.273921582077214043e+04
1.987719725739665228e+04
-1.739616649799076913e+04
-7.601023819623697782e+05
3.639129063302444294e+06
3.309132592966279481e+06
1.441453979279827885e+07
-1.444541184999834001e+07
-4.196172752266869065e+05
-4.821603219707891345e+07
1.430933023233659565e+07
-5.389544365806140751e+07
-2.737553384314128757e+08
-1.079972041438225657e+08
-8.097057325447469950e+07
-1.410782165416831374e+08
-2.939544539746064544e+08
4.036543393174512386e+08
-7.536600026774971187e+07
1.622000995914702415e+09
1.382214539546377361e+08
-1.507891879488027692e+08
-3.327834952460806966e+08
-3.386648282002667785e+08
6.190839910834565163e+08
-1.061583070668234614e-04
1.276386446496668714e-01
9.810854205100336123e-02
-1.769512281983426647e+03
6.932325377035313352e+01
-9.079691316154002561e+04
7.864435978527064435e+04
9.320003954233176773e+04
6.491247984375765373e+04
7.746273664039811119e+05
-1.037143984177048691e+07
3.210046124134808313e+06
1.188591458984830603e+07
5.362810917102476582e+06
6.339108148362628184e+06
1.329099176040257812e+08
1.657115620688266158e+08
-1.291528827237347513e+08
-4.503157894836248755e+08
5.763243831797413528e+07
-9.631703851256069541e+07
-7.892150195149413310e+06
8.633970876024824381e+08
-2.487564800461878777e+09
7.135070446343852207e+06
2.822029361502186775e+09
-3.166694144528749943e+09
1.154282151879847765e+09
-1.755324716427391768e+09
4.964839869481853247e+08
5.871245119487678547e-05
-4.204779151984745084e-02
6.118649430478417112e-03
3.685516532757848154e+02
-5.984957518748690291e+02
2.518125049154571752e+04
-7.335911637072800659e+04
3.736495998970095570e+03
1.667470667931759090e+05
-1.328823915873020142e+07
7.678786444317110814e+06
-6.097882768875970691e+07
-2.649610309167324007e+07
-4.766226018119056709e+06
-9.390107741867851466e+06
-7.279251099099236727e+07
-1.080930142363931090e+08
-1.041490038063213348e+09
1.379234666112090588e+09
4.329088871136728674e+07
3.433240232955422997e+07
-5.939800656123621464e+08
4.850927445566675186e+09
1.371549918254406929e+09
2.886248098565183878e+08
4.245838409306874275e+09
4.035727212822137833e+09
2.852208795590457916e+09
7.956720929640270472e+08
1.703076473954132795e+09
-2.354449640797984162e-06
7.870580698729435706e-03
-2.386460037565595136e-03
-3.257383462985238509e+01
1.651684842648697042e+02
3.021863569415677921e+04
4.324300101536353759e+04
-1.865708313005416858e+04
4.317542104046271998e+05
9.638061693083740771e+06
-3.147816377774384455e+05
3.041169059937656671e+07
9.452622935402097180e+06
2.072936304968237411e+06
2.282065729482113197e+07
1.379796745130718052e+08
-5.093696506831419468e+07
-8.671893591377124190e+06
-1.377195410918485403e+09
-3.782840525385303795e+07
1.189614376447610259e+08
5.829484773218530416e+08
-1.954293652110466957e+09
-3.378065776607156277e+09
-4.458021833054370284e+08
-1.583168732889080763e+09
-6.646302875378021240e+09
9.315096959330922365e+08
-1.442099388586257458e+09
-2.384858160178068653e+07
4.716523243321559162e-05
-3.016640368855203272e-02
-1.426428634746879087e-02
6.967359187283004758e+02
2.054502651062981613e+02
1.503348141337821726e+05
1.786015905264053072e+04
1.138935249423212736e+04
-8.035051827046049584e+04
-2.364181597239794675e+06
-8.895077880002602935e+06
2.840113867640059441e+06
1.637882681164089404e+07
-1.265397570157526620e+07
2.938335327766181901e+06
3.514751012454958260e+07
6.512885559418315440e+07
-5.941119127774343491e+08
7.981484049987465143e+07
9.410652210329572856e+07
2.095256428923210800e+08
-3.722407666887994409e+08
3.231325603771195412e+09
-1.201979762263311386e+09
4.954483116295493245e+08
4.855241151896348953e+09
-1.151729962128937960e+09
1.695991019406905413e+09
6.306432329043959081e+07
5.984186332582696676e+08
-5.864828784716761531e-05
2.485705761038730505e-02
-1.433915384853789131e-02
8.643907502120922004e+01
3.311348349146022656e+02
-1.073484954318695054e+04
-4.237334747340174545e+03
-5.266532634676655289e+04
1.881370466439445154e+05
2.652940551709422842e+06
1.691481352091044933e+07
-4.921287853788780048e+06
-4.779263101830096543e+07
3.623065027681597043e+06
-2.336917033001621068e+07
1.584301686780065857e+07
-2.256183193532300591e+08
-9.457056994398111105e+08
-1.348672120519182645e+07
-1.383098820391640067e+08
-6.558459624087099731e+07
1.751488188294431195e+07
1.555417047831174612e+09
-4.982715390176746845e+08
3.991120006822664142e+08
4.191865924425227046e+08
-2.650036799221558869e+08
1.254867675845218420e+09
-7.293876228624304533e+08
2.366249458470366001e+09
-5.773581787595981618e-01
4.849943992257047670e-02
-8.133064282112881793e-01
5.422441758775903287e-02
1.536938440827901979e-02
1.809247612117987139e-02
-2.903193191099641066e-02
2.409462285671673878e-02
-2.343570597268506556e-02
-6.570911618670073964e-03
-1.266448092059674216e-03
-6.448021965300212988e-04
-1.838837999352702654e-03
1.202530876276882701e-03
1.987422970941039348e-03
3.005444450846523762e-04
-8.247167294875865171e-04
2.709564436312971496e-05
-1.898605747396332473e-04
2.383992268995219633e-04
-3.057699093992732989e-05
-1.896603806262302651e-04
-2.478268984074549655e-04
1.428030450270000268e-04
2.207154538610072453e-05
3.798061355565963997e-05
8.530464523872285259e-05
-1.159497935403085611e-04
5.708437427894963429e-05
7.616175938329024979e-05
-3.595614332170428695e-01
-6.035375838117272851e-01
-1.084768333116097327e+00
-1.539818277997907359e+01
1.204413870291909916e+01
-1.541394190357972427e+01
9.972115301384558705e+00
3.545737042598766653e+00
-3.040090925240388930e+00
-1.095915154421344406e-01
-3.054139157262852899e-01
-4.595623245476621599e-01
4.200665104825900276e-01
-8.915202648982571976e-01
5.619164029012418959e-01
8.448487097876358765e-02
-2.691747195230922984e-01
-1.505012400007093298e-01
3.277125277580997254e-02
-1.514200798615450427e-01
-1.119131104694238571e-01
-1.794545682457125146e-01
-1.748734654774053154e-01
3.275144225148269445e-02
-4.935770576220550182e-02
-1.835894296953663116e-02
3.055546586491859895e-02
-6.988362967710097517e-02
1.468099406457730287e-02
-6.650139682649453682e-03
7.250396312606728344e-01
-5.293640452768208493e-02
1.381123738210963570e+00
6.402627575838436336e+00
8.270141417042127685e+00
3.053895413688339833e+00
-6.499781554304918885e+00
1.812255503084159614e+01
-1.536569560198521422e+01
-3.369973467833498493e+00
-1.181306531539773053e+00
-7.555806512106225670e-01
-7.479514520237209307e-01
2.673743065969666488e-01
1.453025179778681286e+00
1.938848426941525704e-01
-6.089989457068341050e-01
-7.914851326332394965e-02
-9.284094545311227797e-02
6.548968003643294844e-02
-7.373547327504990923e-02
-2.011270688823084962e-01
-2.370986703303119003e-01
9.775121953289095389e-02
-1.151008481554732787e-02
9.988196243829529017e-03
6.632265857005141541e-02
-1.042578155333965528e-01
3.975210907544458883e-02
4.166735048551369058e-02
-5.499667032131960731e-02
4.046403512757366983e+00
1.220361091781055940e+01
5.876163048271664593e+02
2.004428237048604444e+02
3.858503686593044222e+02
3.847604999912882704e+02
1.892905518303139843e+03
-6.928474739454285327e+02
3.984733822274785780e+03
8.118655840772122247e+03
7.725061018085983960e+03
8.305927427072199862e+03
-8.167337856582180393e+03
-6.407328030379196207e+03
6.278241405167656239e+02
2.750210684348995528e+03
1.708307569929219616e+00
1.436144752944743459e+03
-1.953609187438499021e+03
-6.832520742951418242e+02
1.007454960999424998e+03
1.318797144497810677e+03
-8.110639666037908455e+02
-3.336879661188408477e+02
-2.621755447491036648e+02
-7.037436858984769970e+02
1.754779973799713275e+02
-3.088396352663972380e+02
-3.304224934829491644e+02
-1.034611173728211195e-02
1.685300127049386631e+01
5.383060873539845304e+00
4.221582705706476304e+02
-7.374022850727553759e+02
5.478606106718158344e+02
1.148691023852543594e+03
-6.374991146061722702e+02
7.836006221282491424e+02
-7.526281674409642619e+03
7.395045646945555745e+03
-6.960689030327464934e+03
4.858731864169910295e+03
-6.123942717976905442e+03
7.679977298585597055e+03
1.773824092799123491e+03
-4.081122715390701160e+03
-2.576015705782048371e+03
-4.421908292246025951e+01
-9.391274243695110044e+02
-1.973386015660097655e+03
-3.023153555185943333e+03
-3.177946581755344596e+03
1.171760705990516044e+03
-7.378717282749532842e+02
-4.836998258209150094e+02
5.567319865368374394e+02
-1.714072735400858392e+03
6.389290131506274975e+02
6.256781187436186720e+00
-1.764392556363355430e-02
1.162999468727679542e+01
1.012069155147634447e+01
5.388313166458265187e+02
-3.403208726310258498e+02
7.328526695007872149e+02
7.524654392579292335e+02
2.309995778859353379e+02
2.226753293466920525e+02
-2.664841120894480810e+03
5.882419599412561183e+03
-4.955881007112508087e+03
9.231078985533515151e+03
-1.334531955178775934e+04
7.397295160350307015e+03
2.602987494534172583e+04
-3.603057184746677649e+03
-1.289892083244505557e+03
8.129216735166954095e+03
-3.448370504947612790e+04
1.395883760892183636e+05
-3.844105880284831073e+04
-4.629354625668888912e+04
-1.122702281350393605e+04
5.711663509067006999e+03
6.197581916081046802e+04
4.458160861838330311e+04
1.410561289768033021e+05
-5.993325342082603311e+04
-1.621296747742640218e+04
2.979047833816711802e-02
-1.960126910440139536e+00
-1.206227314051487021e+01
1.083737325615108375e+03
-6.888072192712546666e+02
1.041469815674457323e+03
8.337314277876732376e+03
4.965587599031156060e+03
1.129941578263832298e+03
-3.221658659439254916e+04
9.138499670946371043e+04
-2.999211488696446759e+04
-1.611501342730027136e+04
-6.697346656652847014e+04
2.939295147065627316e+04
-2.784342518733916222e+05
5.961075119968246327e+03
1.182482536038693506e+05
-1.018661691799089895e+05
1.979502462466982251e+05
6.739072833898004319e+04
9.431618400181688776e+04
6.054389473223072127e+04
2.501163945138723284e+04
3.991671729359323217e+04
9.584766927911839957e+03
3.184147140238440988e+04
3.443576542403992062e+04
-2.856826250536795487e+04
2.378285770740364751e+04
2.001313715493744511e-02
1.290956762084414322e+01
-1.211375424971533299e+01
-5.534617755083839796e+01
-2.032938082606008720e+03
7.866079208706756845e+02
6.038028407949675056e+03
-6.728423802004526806e+03
3.564185073496953919e+03
-7.413777038930421986e+04
3.913986748697822804e+03
-1.022798354018252576e+05
3.298341557080778875e+04
-7.544408780868380745e+03
7.237422825960516639e+04
9.675274655175823136e+04
8.747471950510283932e+04
1.465459019612345437e+05
5.189637386300808430e+04
-1.101154398304123315e+05
6.253375038558752749e+03
1.630309074254570005e+05
2.017098583466565760e+05
-1.187754731214836502e+05
7.900772476599484798e+04
2.123679086305849705e+04
-6.578000523384010012e+04
3.268449036589841489e+04
-1.093620770359300332e+04
-3.184898133844471886e+03
2.274194062920981141e-02
1.004744199618665057e+01
-1.155051688193294979e+01
-3.015563872116122184e+02
-1.163187743634117169e+03
2.463637875090030889e+02
2.010336829606804486e+03
-3.982189745908744044e+03
3.245204087245948358e+03
-2.566423596553159950e+04
-9.480976050659712655e+02
-4.039750228477946075e+04
-1.275212001473701093e+04
1.029582543379757453e+03
6.412468653944651305e+04
3.530864034047510359e+04
2.967555801504766714e+04
1.496320651374800764e+04
3.736167891668250377e+04
-2.865889236923563658e+04
1.028102101478661643e+05
1.937467712296136306e+05
-1.777301731768446552e+04
7.905005986379283422e+04
-7.168180464219456771e+05
1.657563670508302166e+05
-5.062683766798026568e+02
6.384706628360599279e+04
-6.150988551577450708e+05
3.001778493466013460e+05
-3.865846215874542240e-03
-2.247126828196416959e+00
1.915114263276323836e+00
5.285871650359339355e+02
-5.084035943659037002e+03
1.675296504933274946e+02
3.720619099121901672e+04
1.988996117341088620e+03
1.295763195623657157e+04
-3.843930658505689353e+05
7.906537486652709777e+05
-4.499279345527617261e+05
-1.265859857859926298e+06
-2.051783620639905857e+05
5.721095540594510967e+05
-5.810135584804130718e+06
-3.471906998768762220e+06
-1.277168047024094872e+07
2.978231589536135551e+06
4.095221075947813690e+06
-1.903620061193556758e+06
-3.313058448463325389e+06
6.439236332781399600e+06
2.728266172300674953e+06
-3.851960262300617993e+06
6.516977146306061186e+06
-1.807218028731086478e+07
8.026091913599884138e+06
5.053314747401788831e+06
-1.298815226556983776e+07
-1.403523583924719469e-05
2.872596525049938010e-01
-1.154583398434487658e-02
1.302385633498972493e+04
2.236448382336212035e+03
6.927251646589416850e+03
2.492243813275888897e+04
7.968838063525506004e+04
-1.875695519737776704e+04
7.217149772998444969e+05
6.002402944657448679e+05
1.797415327674459200e+06
1.392832865816727826e+04
-4.912158663056556252e+05
-9.135276455967735965e+05
1.593448312914493028e+06
-2.275502803327268455e+06
-3.265811921217207331e+06
-1.551582397786686569e+07
1.550486775866008829e+06
-1.144884905247652438e+06
-8.054724066902296618e+06
-2.335251005897087045e+06
-1.572722328969291411e+07
5.531734229688567109e+06
1.458912391870852746e+07
-5.420314739963407628e+05
-4.842668701604802161e+06
2.178163037404981907e+06
1.211043095220326819e+07
-3.062929068904022070e-03
-1.710877380240647394e+00
1.548060315636490492e+00
2.364597569994782589e+03
-1.216179465300600168e+04
8.389315836475157994e+03
1.128129730345686112e+05
-1.695347537304781508e+04
2.963656001233705319e+04
-1.841425158981590532e+06
1.084964652126225177e+06
-3.367106571475837380e+06
-7.820973807196306298e+05
-5.421296230701875174e+05
1.659162258988706628e+06
-1.083867533145424165e+07
1.737361765641037840e+06
-4.634923857677857741e+05
1.751419970989226550e+07
3.558506294964896515e+06
3.617712559948670678e+05
8.789648107296511531e+06
1.005351324586563744e+07
9.196886910599224269e+06
-4.660524239155112300e+05
-1.354602720806548931e+07
-2.879958034923954681e+07
1.103307653097006306e+07
9.284992231788307428e+06
-2.164530045160340145e+07
-8.609472430183756414e-04
6.389998518083467305e-01
3.000752051968832435e-01
-5.655550422319400241e+03
-1.661323007005560157e+03
-3.935258019657692785e+03
8.855280595365620684e+03
2.267615975329211506e+04
1.559172530955103684e+04
-1.424171937145183038e+05
1.371201492022906197e+06
-3.305908688458821853e+05
-2.795113195904373191e+06
-4.743820255714552477e+05
7.110132704073301284e+05
-1.169860835825550370e+07
-7.371651164065510966e+06
-1.842646970399814472e+07
2.788193959184064995e+06
9.660447348675809801e+06
3.360188530954612070e+05
-9.655502040425376967e+06
-5.727665593020652421e+06
1.826767720755231567e+06
-3.464184907565543428e+06
-1.336191082798080519e+07
-3.284596799300801754e+07
1.811630119264990464e+07
1.390307756088968134e+06
-2.056904331120398268e+07
-1.108349077841420168e-03
5.609387808226544703e-01
6.284320537300636111e-01
-9.788090818799459157e+03
1.993190855088034596e+03
-1.503803920511368415e+04
-4.496082862070512783e+04
-4.724735960338823497e+04
8.926645321841493796e+02
-1.685513939707303280e+03
-7.278501149173564045e+05
-3.638503180626366520e+04
2.565452234162970854e+05
9.726233446428989992e+05
-1.721063279054621526e+05
1.687573649424728006e+06
1.923883242418259615e+06
2.589700370467646047e+06
2.639331073887102772e+06
-3.187621674915116746e+06
-1.062496100874359906e+07
6.970920125429585576e+06
1.693480346374945366e+05
1.608139355482082581e+06
-4.586892227786302567e+06
-4.667201336777743883e+06
2.488347945574209094e+06
-1.045638713475839980e+07
1.141033806868738262e+06
7.415719721897286363e+06
-2.205960765460304382e-03
-1.374528162038737511e+00
1.094204224558023686e+00
-1.998160404666996328e+03
-9.575314514618718022e+03
6.563643220697706056e+03
5.484561052872685104e+04
-5.469004093288695003e+04
5.120012082571387873e+04
-1.113086176574503072e+06
2.299953115758164786e+05
-2.239027649138382636e+06
-5.893470261738601839e+05
-1.433036344896697265e+05
2.664536013416245580e+06
-2.729568429208038840e+06
1.085334548756925389e+06
-2.892746704071579967e+06
1.486010027548708767e+07
7.008884175281241769e+05
6.783323535205517896e+06
1.648286063944990374e+07
1.009376105210900865e+07
1.450696520921412110e+07
-3.682000757961858064e+07
-5.205325380378914066e+06
-1.342879053016950842e+06
8.257626079790403135e+06
-1.764887004250586033e+07
-2.198052474701045826e+07
-5.624210441198308503e-04
-4.779370384251390158e-01
2.552322585017749446e-01
2.439539118208290802e+03
-1.709199552830925768e+03
1.844662904428886031e+04
-8.236616895384194504e+04
-2.571315254179780604e+05
2.169077841842340422e+04
-1.058471533460465493e+06
-7.548816440107787959e+06
-4.404756621422645636e+06
1.347897938595373183e+07
2.095382838758675847e+06
1.302455537176592276e+06
5.027661881140765548e+07
4.218035724677425623e+07
1.572009498521206379e+08
5.080271511841505021e+07
-4.068277015862002969e+07
2.440206141267858073e+07
7.890871815501864254e+07
-7.496376554444561899e+07
1.234110585185041875e+08
-1.268161527197673544e+07
-2.294970353518579602e+08
2.962422427241929173e+08
-9.188619863738039136e+07
-8.378691378131724894e+07
5.423225739811266959e+07
3.250399618040222794e-04
3.526017467851111920e-01
-1.820852474444884517e-01
9.264887845006743419e+02
2.967681734478552244e+03
4.213689587222277623e+03
4.208003659994797999e+03
-1.332415013403229241e+05
2.042637109062899617e+04
-3.475178784562610090e+06
-2.696758623139113188e+06
-9.336149321421178058e+06
4.193550557055085432e+06
1.946917983633045573e+06
4.106069470044852234e+06
-3.074799425027708057e+06
2.143268734862083569e+07
2.337482447046789899e+07
1.367747163073504269e+08
-2.262597763112135977e+07
9.699936204291015165e+05
8.764730452142842114e+07
1.083108475992949605e+08
1.809031397031814456e+08
-6.493610221858683228e+07
2.540874327892129123e+07
1.491305177684883475e+08
2.838568420562766120e+07
4.110908336276683211e+07
-1.126116029863446951e+08
3.618062996197801023e-04
3.028254658578858338e-01
-1.890832879420982771e-01
-3.567228165342696684e+02
2.720672532660897559e+03
-2.639522395838282591e+03
1.481048861359028379e+05
-2.331441124968312579e+04
4.669041819104596652e+04
-1.535788207410400175e+07
-1.523768254102514358e+06
-4.139089692594534904e+07
1.064110493515837379e+07
2.208737375562612899e+06
1.329124553957027569e+07
-1.253767458130851686e+08
6.510324527526624501e+07
2.664633142963577509e+08
6.665970965521138906e+08
-1.606150296331053227e+07
1.064997209544512816e+07
3.193869278992646933e+08
1.573290161119064391e+08
1.142545553531386614e+09
-1.367227990245684683e+08
-6.231130198381903172e+08
8.532067042671288252e+08
2.621398129045137390e+07
5.285399217112432718e+08
-4.972713061074530482e+08
-7.053818314054612728e-06
-2.232886739023804135e-01
9.853654816897344793e-03
1.544689625901957243e+03
-1.371220702765400347e+03
-9.892940151157915807e+02
-1.354417929190900468e+05
-5.727510180770079751e+04
4.123526480053004889e+03
-4.663403793398721144e+06
1.045595066125986911e+07
-1.807872491040810943e+07
-2.552606484648830816e+07
-8.108713318260236410e+05
1.109720047873654775e+07
-1.294820896843686402e+08
-1.398300687838449478e+08
-5.853785091865563393e+08
3.947922866802235842e+08
7.276337281387220323e+07
-5.230473680745220184e+07
-1.023572780045412928e+08
7.516291684173529148e+08
2.885335285705350041e+08
-1.812393072399468720e+08
9.052109068176428080e+08
-6.048865679808033705e+08
1.005106117831453919e+09
4.748086173047034740e+08
-8.623105607072277069e+08
-2.413813174767923174e-04
8.432603708460341407e-02
1.558134355102352153e-01
-2.643332641141704698e+03
-8.161092293436614682e+02
-1.593577289631686835e+04
7.683278398983298393e+04
2.012808898321378219e+05
2.137866147776642174e+04
1.776063328773819376e+05
5.760788235289949924e+06
6.474738101031862898e+05
-9.547885797934059054e+06
-3.886984072556036524e+06
1.988855822787882760e+06
-3.965238765894291550e+07
-3.255109212592393160e+07
-7.319692943670375645e+07
-7.532466081084733829e+06
6.280651227037810534e+07
4.172018565847638249e+07
-8.910923341681291163e+07
1.384052904745050892e+07
7.265888653263742104e+06
-1.282965478099679574e+07
-3.052934448419080302e+07
-1.296229355373837352e+08
8.263207474792693555e+07
-7.593199361232126132e+06
-1.585600205416061580e+08
1.744106141690612830e-05
6.643853834164385741e-02
-2.559750707284860847e-03
-1.195296733186459051e+03
6.653160326428767348e+02
1.440394087970187247e+05
7.773076767442510572e+03
1.877192417447911430e+04
8.496257165811558662e+04
7.666148487744216109e+05
-1.600069626499080332e+05
-1.187105367071734043e+06
3.358408107407050557e+05
-1.089414161998138018e+07
7.637944122681680135e+06
1.938150135967245698e+07
8.108053992968404666e+06
6.219401040136498213e+07
-2.772120730225732550e+07
2.034823537159081176e+07
3.578985538126451969e+08
-3.818887541694884002e+07
-8.787035201339218020e+07
-9.770914286875419319e+06
-3.384326475883902051e+06
-1.793937646612739936e+07
1.296292299452246428e+08
4.550654045847446471e+07
-2.213239566877247691e+08
-6.989280901891265810e+07
2.806114320610492651e-04
3.177933655075335651e-01
-1.438884312532182630e-01
-5.178946672959643820e+02
2.934735607893671840e+03
-3.622487645648115176e+03
1.912496675227528322e+05
-4.897789634169328201e+04
1.686578090091138074e+04
-7.355255034211911261e+06
-4.602251051802168600e+06
-1.685795734647325426e+07
1.246534657485078089e+07
4.393962395229609683e+06
7.030901178654779680e+06
-1.921718052093747305e+06
8.746121580640001595e+07
2.459972895204381347e+08
1.931053869829276204e+08
-8.362654110084202886e+07
-5.264846810183136910e+07
4.289415874844254851e+08
5.227442185480552912e+07
2.777424842186157703e+08
-1.043666013605986387e+08
-1.914849571711343825e+08
5.885527083491325378e+08
-2.662497629059536755e+08
6.882684526874643564e+07
1.162737418090123087e+08
2.945629826559909774e-04
3.011821571046364721e-01
-1.634455280164518187e-01
-1.282827460747343764e+02
3.003551907167776790e+03
-4.809928626573962538e+04
1.767331660749971343e+05
-1.032112843562027992e+05
4.241946390765752585e+04
-2.276319497929352801e+06
1.088241510268267244e+07
4.296828392686366104e+06
-3.422548112228983641e+07
-1.593705860082510160e+06
6.011075699768700637e+06
-2.448562990281594917e+07
-9.800660065420080721e+07
-8.279135544458425045e+08
-5.771694774788236618e+08
1.005034230094471127e+08
-9.062351530487187207e+07
-4.341724544251521826e+08
7.040332976805488765e+07
-2.733983671368685246e+09
-9.315039727214641869e+06
1.252130335648930073e+09
-4.402926022249375343e+09
5.147205457325821519e+08
-1.359561049446693420e+09
-3.745219275816611946e+07
-8.984952536949636056e-05
-4.293964725834777119e-02
4.974936574591555527e-02
-4.795901565047737591e+01
-4.867937954434882499e+02
5.825356540248782949e+03
-5.907226569887078949e+04
1.900282834892112805e+04
4.291629144730661938e+04
-4.578552801065082662e+06
1.329871522199339606e+07
-2.601968602814256400e+07
-3.316968132172412798e+07
-2.258227888783155940e+06
9.622545509294966236e+06
-1.514137561221624613e+08
-2.127743072622407377e+08
-1.091583218461900234e+09
8.172507161102650166e+08
7.086844184541307390e+07
-8.972071107350467145e+07
-1.427187124888070822e+08
2.982625102592971325e+09
7.706974703604186773e+08
-2.888580013171989322e+08
4.545191124050707817e+09
-2.968719367165928483e+08
2.925306510414735317e+09
1.407332743942372561e+09
-1.503738403259101868e+09
-9.750704088017333776e-05
-5.197497382757635537e-02
5.073406109645339779e-02
-4.525361538200016867e+02
-8.214072283599392676e+02
1.283430819127474933e+04
5.113004335391170571e+03
2.585541693055980431e+04
-7.598641570614275988e+05
1.053552028835806297e+06
-4.797327293908712454e+06
5.339810250677020289e+06
1.966955663890155405e+07
-4.519954447234844556e+05
-4.821845465303463489e+07
3.951065404042889178e+07
3.937516687487401813e+07
2.302338215049870014e+08
-1.845370318105460405e+08
-8.083318501487012208e+07
-1.409291867577212751e+08
-2.950762218669008613e+08
-2.686738121762319207e+08
-3.159868101921937466e+08
1.621664905476906061e+09
-2.019435005167227089e+08
-4.977552503769496828e+07
-1.248773672674422860e+08
4.544015859749250412e+08
6.215350341330882311e+08
1.039640662410741453e-04
8.807680044631831240e-02
-6.494890689434108799e-02
-1.236921612161528401e+02
1.320400856508728339e+03
6.734205328804536839e+04
8.901568404850691149e+04
-6.743334389364845993e+04
1.125245125542406895e+05
1.620173312220327370e+07
4.391582018904880621e+06
5.222166088976863027e+07
-3.272467678974442929e+07
-6.894263567190709524e+06
-1.124102059711534716e+07
2.173918244724551439e+08
-2.428568038460722193e+07
-8.107555262248477936e+08
-1.434435176052443981e+09
1.059192837798416428e+07
7.749964269670906663e+07
-5.132824356131762862e+08
2.238001232573646903e+08
-4.477458490073901176e+09
2.393706356369030178e+08
3.254138259337385654e+09
-4.491007320266100883e+09
4.140138304815457463e+08
-2.427477005262396336e+09
1.210642404437636852e+09
6.285676611526944558e-05
1.210215259652043795e-01
-3.358193390401755657e-02
-8.807686819830238392e+02
1.048639250758591743e+03
6.610505992716144829e+04
8.714672893862221099e+04
1.401171585197341301e+04
-1.401231862056539103e+05
1.437675998249836266e+06
-7.725125965680495836e+06
-1.651782698539906181e+07
2.249767180743638054e+07
-2.252983493411025964e+06
-7.720770490170791745e+05
1.165744208954615742e+08
-2.355127239802842960e+07
-5.794834533162837476e+07
6.994210150017714500e+08
-7.211224236384792626e+07
6.728680698646542430e+07
3.107879469776799679e+08
2.861960461156902790e+09
2.013471221017478704e+09
-1.318638380211655498e+08
2.932127604251976013e+09
3.593976365822339058e+09
2.180290963525310993e+09
1.545126790407097816e+09
-1.256348358026292801e+09
4.144234592132481560e-05
2.458124745591467805e-02
-2.027119775572868571e-02
-3.935937386618077767e+02
4.871292953400951546e+02
1.150067675307212048e+05
-1.347947879068773182e+04
-1.473856617355580420e+04
-2.844661352214855142e+05
-3.064003491661591921e+06
9.672045524441499263e+06
-1.720136882920198841e+06
-1.567676193340057321e+07
-1.195579259179330245e+07
-8.909731231573605910e+06
-5.114361848380801082e+07
-7.399838189820297062e+07
-3.982027525596116185e+08
-8.214526819620056152e+08
1.009358155373652279e+08
1.208078893790382445e+08
-6.180321086893918514e+08
-1.329682858483036041e+09
-3.588089811694324970e+09
6.366363565642266273e+08
-5.057295294512503743e+08
-5.482235023149460793e+09
1.649757534518177807e+08
-1.261439607991903543e+09
5.045041024829904437e+08
-2.176624505461925417e-05
-1.194292886391995837e-02
2.643114088144633313e-03
3.704796044233989392e+02
-1.531280607584901077e+02
-1.013240486124410381e+05
1.451575923739756036e+04
-4.534864057833318657e+04
-3.331712952187605551e+05
7.740658182172641158e+06
3.799092706739591435e+06
2.828927658562545851e+07
-1.577974002268253453e+07
4.507077037041370757e+06
-2.135086979198760167e+07
5.958146034604002535e+07
-1.242550897253244817e+08
-1.149796569655121326e+09
-3.158395815755584240e+08
-1.399803818575843237e+07
-2.083309893471840024e+08
-3.163130642199772000e+08
3.016702087922361851e+09
-1.834410355841048002e+09
1.407041322332381904e+08
6.015100228780176163e+09
-2.245505172061553001e+09
1.868697913379235268e+09
8.226506979912173748e+08
-2.639203826146333218e+08
-5.827307363892039678e-05
9.022700186827890324e-05
2.874963303755215943e-02
-3.314242968099726454e+02
-9.094774850973061575e+01
-1.063835146344663553e+04
4.778421859916373796e+04
2.297939858688258391e+04
1.905331517511249986e+05
1.328096691803320497e+07
-1.082837109675378352e+07
4.362111580657913536e+07
1.984429716368932277e+07
3.554245751598254777e+06
-2.320218144426392764e+07
1.871447394478749335e+08
1.273696274156662375e+08
4.928977545608248115e+08
-8.043173951395498514e+08
-1.382509982387051284e+08
-6.523225479440701008e+07
2.021073906344896182e+07
-1.213217875778770924e+09
-1.063971744662678480e+09
3.923990184275837541e+08
-4.725018135833232999e+08
-1.828247710522551239e+08
-1.251199554020399094e+09
-7.190512617286845446e+08
2.359966020833772182e+09
