# -0.1J_-0.9g_0.94248theta_0.94248phi_10Chi_0.01delta_500N
5.358248670740810467e-03
1.139045819006749831e-04
6.276410350514483806e-06
2.096298260641631890e-06
4.673682481031313232e-07
1.931102773395275364e-06
2.633742124834146082e-07
1.907755350702276920e-06
1.836108650162440559e-07
1.588140577804266261e-06
1.432295053469779384e-07
1.172999959038347715e-06
1.189160305857896896e-07
8.088686945702901741e-07
1.022184717577920677e-07
5.488325168223553236e-07
8.961348907237697698e-08
3.818267953564289158e-07
7.946138993227357276e-08
2.771145753417148991e-07
7.092836044548183180e-08
2.103965727641493279e-07
6.355825349854973286e-08
1.665659445320764971e-07
5.708555424325642342e-08
1.367575212411471788e-07
5.134617888338722332e-08
1.157638153717627547e-07
4.623185318642588626e-08
1.004638611726771731e-07
4.166555775091506142e-08
8.894091421564995073e-08
3.758791245639525909e-08
7.999037617894302008e-08
3.394972602877412109e-08
7.284020170556185875e-08
3.070817329326060559e-08
6.698750566834169390e-08
2.782506122369515344e-08
6.210025371030652817e-08
2.526612366480542448e-08
5.795655760106099350e-08
2.300066554635737490e-08
5.440630614795022833e-08
2.100120437876735188e-08
5.134641655388548069e-08
1.924299184949042419e-08
4.870444962444158728e-08
1.770340160253532056e-08
4.642750873782267911e-08
1.636139223791618185e-08
4.447458075938248543e-08
1.519731362938399090e-08
4.281126841180859041e-08
1.419306952694819846e-08
4.140632267832987531e-08
1.333237221239773279e-08
4.022961033051435210e-08
1.260086561147939415e-08
3.925121104116307119e-08
1.198612105230700868e-08
3.844132895892260343e-08
1.147754103869918624e-08
3.777068999049329426e-08
1.106626458495106798e-08
3.721113801215237422e-08
1.074508919368058819e-08
3.673622437286264355e-08
1.050841114444545247e-08
3.632170198137368285e-08
1.035219342538017868e-08
3.594592286280071507e-08
1.027397226334411252e-08
3.559016637032982205e-08
1.027290821165420482e-08
3.523892893066305021e-08
1.034988196753867707e-08
3.488020757445186370e-08
1.050762911011424481e-08
3.450578684415813995e-08
1.075089896854527171e-08
3.411150309941995457e-08
1.108661755913700392e-08
3.369742953949853948e-08
1.152390681465074464e-08
3.326788276900348397e-08
1.207398927124070293e-08
3.283120365052845678e-08
1.274964366605048993e-08
3.239917170336838660e-08
1.356377824576774811e-08
3.198599723659177546e-08
1.452654096815164811e-08
3.160682795738870179e-08
1.564004081021311253e-08
3.127574190477840110e-08
1.688964761306086873e-08
3.100323977881312197e-08
1.823128615093173359e-08
3.079330935009336060e-08
1.957598817555902207e-08
3.064023465326086303e-08
2.077745218329386322e-08
3.052549694440383443e-08
2.163635325779766976e-08
3.041538995832730575e-08
2.194305073853284031e-08
3.026031952484360398e-08
2.157052805917235534e-08
2.999702702906237461e-08
2.057701367703830558e-08
2.955487587946764418e-08
1.921998794093846603e-08
2.886652694014752147e-08
1.783927315186996950e-08
2.788164621527572388e-08
1.670898975773202790e-08
2.658017388725093451e-08
1.597194476359526967e-08
2.498053520667366131e-08
1.565412751449454197e-08
2.313912802729414851e-08
1.569512437886529964e-08
2.114060748779731858e-08
1.595374763987282933e-08
1.908215915882029505e-08
1.619064618158149578e-08
1.705701704453271478e-08
1.607169570100513747e-08
1.514194235069081643e-08
1.526823348876034076e-08
1.339095498619262956e-08
1.366911408839731935e-08
1.183495778980119181e-08
1.152140114358321495e-08
1.048529655648115232e-08
9.282931951984932498e-09
9.339009143277326694e-09
7.324472312858472110e-09
8.384033430193887233e-09
5.793574317608728479e-09
7.603398521085404531e-09
4.672337323852708755e-09
6.978104555641638055e-09
3.877456301377435660e-09
6.488837503808206912e-09
3.320430214429905163e-09
6.116859705858757548e-09
2.929037814913279559e-09
5.844447535337575609e-09
2.650001068302629684e-09
5.655181137155312658e-09
2.445630975483280957e-09
5.534235215196757724e-09
2.289752556333599387e-09
5.468687201654269821e-09
2.164409126600188034e-09
5.447745614978221926e-09
2.057500172717309934e-09
5.462826835396395195e-09
1.961128291376927187e-09
5.507461134654804414e-09
1.870408320197247336e-09
5.577067855237507660e-09
1.782585352646890600e-09
5.668651942310107230e-09
1.696371843916105181e-09
5.780457300827466486e-09
1.611450446827095635e-09
5.911572857852678431e-09
1.528105016007563716e-09
6.061440939666705520e-09
1.446950997958744648e-09
6.229162610264952018e-09
1.368743037973659239e-09
6.412425959102644432e-09
1.294242910568380621e-09
6.605815320503801054e-09
1.224134633045407016e-09
6.798245478801380444e-09
1.158976155986995834e-09
6.969510337968583507e-09
1.099178313505281080e-09
7.086880222258835435e-09
1.045003699977835851e-09
7.104864607573797652e-09
9.965785347636797454e-10
6.973893931378879194e-09
9.539114043290059974e-10
6.661762398340060992e-09
9.169149092460012396e-10
6.178600582760470287e-09
8.854277358308744430e-10
5.581846180119428394e-09
8.592378108650557520e-10
4.950411472976337088e-09
8.381047076822810997e-10
4.350046201072385810e-09
8.217831125354125212e-10
3.816789937384244542e-09
8.100405295666150653e-10
3.360655465474531821e-09
8.026751475704674205e-10
2.976701354125018487e-09
7.995296362481864444e-10
2.654210283159579806e-09
8.005030122173510460e-10
2.381812020571501950e-09
8.055619093258027054e-10
2.149608182533782577e-09
8.147493462833654285e-10
1.949702367915476742e-09
8.281929460841790104e-10
1.776051786623471896e-09
8.461116443199422217e-10
1.624104697926546120e-09
8.688200869688152487e-10
1.490424320337964616e-09
8.967291413421186994e-10
1.372370474426610429e-09
9.303384324999542069e-10
1.267854680477094082e-09
9.702158159636516157e-10
1.175163729151552133e-09
1.016949598156708826e-09
1.092839985334993629e-09
1.071062339670313624e-09
1.019605683922918061e-09
1.132863796929878548e-09
9.543193862561195851e-10
1.202223289741832366e-09
8.959543285816593023e-10
1.278251140418908372e-09
8.435901199513853511e-10
1.358912134292097501e-09
7.964109459111576577e-10
1.440657572054195929e-09
7.537058030529584953e-10
1.518247908689512645e-09
7.148662448789890142e-10
1.584994179333873657e-09
6.793818103003798686e-10
1.633587057447043188e-09
6.468315088809936183e-10
1.657454389691979874e-09
6.168727534905871124e-10
1.652276702785201483e-09
5.892289646354171279e-10
1.617110582538331831e-09
5.636768772734975363e-10
1.554681397778745311e-09
5.400350207320011509e-10
1.470741357634402300e-09
5.181532806509299780e-10
1.372746267575292678e-09
4.979041148686995904e-10
1.268318713879108008e-09
4.791754548694075295e-10
1.163974577474303464e-09
4.618649015744594100e-10
1.064409492263836638e-09
4.458764666776458269e-10
9.723759957582981311e-10
4.311180297057561074e-10
8.889786930841093316e-10
4.175003853762257974e-10
8.141546557105294116e-10
4.049371088087296355e-10
7.471585095973271474e-10
3.933450216308377967e-10
6.869573310151259435e-10
3.826449709788637162e-10
6.325080701797329112e-10
3.727627480595928027e-10
5.829278229794610154e-10
3.636299024727601096e-10
5.375795603042161667e-10
3.551843631567266085e-10
4.960935638303975807e-10
3.473707464275502352e-10
4.583403424878686383e-10
3.401403186398549812e-10
4.243686740160413595e-10
3.334508189394617631e-10
3.943227014444458138e-10
3.272657265947065413e-10
3.683522780321809025e-10
3.215537478082833243e-10
3.465298417595234388e-10
3.162880351628733979e-10
3.287853121551094877e-10
3.114455462198354442e-10
3.148718254524129241e-10
3.070060476597184734e-10
3.043720518164283304e-10
3.029519588731398312e-10
2.967483550489300563e-10
2.992674419567371624e-10
2.914206627965971550e-10
2.959382187821919199e-10
2.878432731799455754e-10
2.929511339850634986e-10
2.855560966857152171e-10
2.902939449486192975e-10
2.842038476216906107e-10
2.879549826512164115e-10
2.835297268371508910e-10
2.859231705324293683e-10
2.833579596671825392e-10
2.841877452238774799e-10
2.835732700643640320e-10
2.827382776180707542e-10
2.841028680389862190e-10
2.815645375497427197e-10
2.849023405479290906e-10
2.806564953635308763e-10
2.859455666954821029e-10
2.800042306261875513e-10
2.872177574398602527e-10
2.795979637986186763e-10
2.887108557992826150e-10
2.794279489631125624e-10
2.904205184827524466e-10
2.794846207907537031e-10
2.923442584630942332e-10
2.797584461603904434e-10
2.944802876279132341e-10
2.802399346969075571e-10
2.968267975150888604e-10
2.809197312548467768e-10
2.993815689385144490e-10
2.817885482880965438e-10
3.021417370135352251e-10
2.828372450487702153e-10
3.051036553151695217e-10
2.840567195663163063e-10
3.082628493061315963e-10
2.854380630607207165e-10
3.116139148745110548e-10
2.869724217629436408e-10
3.151505562944259723e-10
2.886510991315950529e-10
3.188654823674629115e-10
2.904655340558935246e-10
3.227504412651988473e-10
2.924073062612329017e-10
3.267960657919906902e-10
2.944681300433744159e-10
3.309918824900497637e-10
2.966399114527946636e-10
3.353262439355274204e-10
2.989146683719057137e-10
3.397862004774105999e-10
3.012845781801067509e-10
3.443575570450541940e-10
3.037420897327094911e-10
3.490247650418271418e-10
3.062796858622819639e-10
3.537707498534327882e-10
3.088901417178061937e-10
3.585770997793232283e-10
3.115664229377654636e-10
3.634239632444849306e-10
3.143017223035489590e-10
3.682900430420457273e-10
3.170894833528653548e-10
3.731526970768559338e-10
3.199234146299731921e-10
3.779880230984568341e-10
3.227975433713566836e-10
3.827709824179606875e-10
3.257061920911549718e-10
3.874756530442450966e-10
3.286440535719147393e-10
3.920752878013774677e-10
3.316061975863048438e-10
3.965428429234598676e-10
3.345881014282146404e-10
4.008512097023165979e-10
3.375856770421722782e-10
4.049737330627026700e-10
3.405952793733962696e-10
4.088847672100112377e-10
3.436137378200362490e-10
4.125603208150818541e-10
3.466383520997515549e-10
4.159788253309269242e-10
3.496669051651637826e-10
4.191219896796294020e-10
3.526976549718682379e-10
4.219757378602801811e-10
3.557293179756046371e-10
4.245310414340609648e-10
3.587610703756527735e-10
4.267849014746398064e-10
3.617924920383801619e-10
4.287410307669729768e-10
3.648235141887460070e-10
4.304102183081532381e-10
3.678544315863475009e-10
4.318104886528930405e-10
3.708858185796766972e-10
4.329666702534397731e-10
3.739184861053192768e-10
4.339097737782042782e-10
3.769534300786756850e-10
4.346756875512634460e-10
3.799917793808059047e-10
4.353036440118824450e-10
3.830347451507042557e-10
4.358345026054243568e-10
3.860835730151035819e-10
4.363089858655782259e-10
3.891394992461144742e-10
4.367660385871544428e-10
3.922037133561141958e-10
4.372414444704811138e-10
3.952773219544184670e-10
4.377667887500881660e-10
3.983613204250328968e-10
4.383688043613421297e-10
4.014565751226431963e-10
4.390691103189523452e-10
4.045638057414061602e-10
4.398841679087760011e-10
4.076835771557348689e-10
4.408257025299365988e-10
4.108162899031967592e-10
4.419010953365196260e-10
4.139621770102739395e-10
4.431139804851314309e-10
4.171213129022960417e-10
4.444648540880889513e-10
4.202936214898795650e-10
4.459516860113004239e-10
4.234788726848086015e-10
4.475704836091962774e-10
4.266767010800423345e-10
4.493157977588743409e-10
4.298866184979672272e-10
4.511811579101024207e-10
4.331080222975344620e-10
4.531594502198374598e-10
4.363402164253990698e-10
4.552431653156356375e-10
4.395824036056160656e-10
4.574246312561395787e-10
4.428337118290000357e-10
4.596962739891655180e-10
4.460932069813920591e-10
4.620506196966662964e-10
4.493599025620796125e-10
4.644804707592773640e-10
4.526327669533217517e-10
4.669789779410331803e-10
4.559107381842440692e-10
4.695395867288288069e-10
4.591927324831265142e-10
4.721561521753250179e-10
4.624776649700847335e-10
4.748229439166855041e-10
4.657644046607688163e-10
4.775345763394793270e-10
4.690518390016095192e-10
4.802860369264234314e-10
4.723388590508008721e-10
4.830726678471910813e-10
4.756243658417021438e-10
4.858901821187702406e-10
4.789072958646997670e-10
4.887345677391852245e-10
4.821865459760250237e-10
4.916021383073872115e-10
4.854610820900491958e-10
4.944894624973709613e-10
4.887298777039558029e-10
4.973933930763879726e-10
4.919919109747638021e-10
5.003110044822017200e-10
4.952462660523499591e-10
5.032396417168192140e-10
4.984919617920941863e-10
5.061767704980482258e-10
5.017280831329846322e-10
5.091200796422511476e-10
5.049537437648865139e-10
5.120674187564558087e-10
5.081680862563929107e-10
5.150168318065021653e-10
5.113702838835413932e-10
5.179664525409693122e-10
5.145595649134351926e-10
5.209145939461519541e-10
5.177351133531110767e-10
5.238596729738827023e-10
5.208962380093994006e-10
5.268001976658400777e-10
5.240422171023340429e-10
5.297347929998552015e-10
5.271723739256081716e-10
5.326621844034931900e-10
5.302860661571550386e-10
5.355811607080818275e-10
5.333826765010305779e-10
5.384906157111967780e-10
5.364615990938072190e-10
5.413894957363401063e-10
5.395222745542553382e-10
5.442768389127531742e-10
5.425641718065861375e-10
5.471517438561974333e-10
5.455867762313972881e-10
5.500133241934042642e-10
5.485895932806423551e-10
5.528607884378489354e-10
5.515721594347876889e-10
5.556933927339804823e-10
5.545340434997031017e-10
5.585104297575406655e-10
5.574748289437636131e-10
5.613112406584088229e-10
5.603941157463489306e-10
5.640952079726827952e-10
5.632915313835116015e-10
5.668617530107324795e-10
5.661667209007758942e-10
5.696103333742080463e-10
5.690193524869981952e-10
5.723404406789513007e-10
5.718491138263449985e-10
5.750515985276494129e-10
5.746556990531512024e-10
5.777433607637823764e-10
5.774388600089667537e-10
5.804153097033972704e-10
5.801983249468227358e-10
5.830670547622749567e-10
5.829338543590996142e-10
5.856982308530781157e-10
5.856452258086461492e-10
5.883084973531575379e-10
5.883322332282430309e-10
5.908975367264370666e-10
5.909946866173880380e-10
5.934650535894521365e-10
5.936324269686905755e-10
5.960107735315322438e-10
5.962452680734881906e-10
5.985344425911526045e-10
5.988330800039382675e-10
6.010358257262561380e-10
6.013957280737048184e-10
6.035147066347109168e-10
6.039330942407686933e-10
6.059709245918620675e-10
6.064450741975565248e-10
6.084042207384300979e-10
6.089315765590559264e-10
6.108144690711865398e-10
6.113925223511046078e-10
6.132015202075553948e-10
6.138278448417300064e-10
6.155652397483832047e-10
6.162375095080907922e-10
6.179055078727032694e-10
6.186214330040742510e-10
6.202222188612217111e-10
6.209796020311498903e-10
6.225152804789880345e-10
6.233119947232836692e-10
6.247846135285775947e-10
6.256185996852922341e-10
6.270301514437715889e-10
6.278994157672620815e-10
6.292518413257604188e-10
6.301544513871812797e-10
6.314496410721483675e-10
6.323837268122367001e-10
6.336235179392935317e-10
6.345872682202538236e-10
6.357734498474698920e-10
6.367651106901682737e-10
6.378994267854275406e-10
6.389172989991091528e-10
6.400014486860262952e-10
6.410438860264653057e-10
6.420795252950463012e-10
6.431449328503036634e-10
6.441336762861950880e-10
6.452205086120078566e-10
6.461639290330668110e-10
6.472706897598760360e-10
6.481703212918948424e-10
6.492955599281869634e-10
6.501528979079325015e-10
6.512952099556072618e-10
6.521117126673963990e-10
6.532697373818409494e-10
6.540468268691738799e-10
6.552192464102556613e-10
6.559583091127347416e-10
6.571438471468543593e-10
6.578462352740752709e-10
6.590436563955260487e-10
6.597106886917178695e-10
6.609187962265251494e-10
6.615517592711028560e-10
6.627694092688912825e-10
6.633695423240766071e-10
6.645956001517666567e-10
6.651641396881847998e-10
6.663975212697068442e-10
6.669356585860763733e-10
6.681753159829928795e-10
6.686842186444378069e-10
6.699291325056212032e-10
6.704099706143218479e-10
6.716591233118073619e-10
6.721129193453967138e-10
6.733654455768045160e-10
6.737933211707339605e-10
6.750482601989978013e-10
6.754512637133812817e-10
6.767077325059824947e-10
6.770868863804883059e-10
6.783440310509258534e-10
6.787003516865910265e-10
6.799573283712301858e-10
6.802917674700547176e-10
6.815478003167451484e-10
6.818613027995008230e-10
6.831156254688946360e-10
6.834091121009267620e-10
6.846609860053527678e-10
6.849353529281038536e-10
6.861840667471865189e-10
6.864401858105973540e-10
6.876850549852901704e-10
6.879237747619415580e-10
6.891641409236497892e-10
6.893862866693626928e-10
6.906215168822413843e-10
6.908278893882294109e-10
6.920573774100744433e-10
6.922487584817488846e-10
6.934719192566945264e-10
6.936490667551966615e-10
6.948653410953152651e-10
6.950289911779078562e-10
6.962378430050242886e-10
6.963887105774440876e-10
6.975896269618357893e-10
6.977284061037912125e-10
6.989208961821744345e-10
6.990482601937060373e-10
7.002318554418851175e-10
7.003484574286656712e-10
7.015227106509597594e-10
7.016291837706678253e-10
7.027936688726359788e-10
7.028906263825495023e-10
7.040449380299198207e-10
7.041329741493247124e-10
7.052767267463650700e-10
7.053564165972620714e-10
7.064892446009786756e-10
7.065611443977974400e-10
7.076827017841389489e-10
7.077473472852873672e-10
7.088573087723045125e-10
7.089152212858615419e-10
7.100132764526685577e-10
7.100649640416899783e-10
7.111508162003871147e-10
7.111967458293538862e-10
7.122701393243917203e-10
7.123108055381382317e-10
7.133714573358089062e-10
7.134072809610623815e-10
7.144549817424705438e-10
7.144863981170626854e-10
7.155209238408533114e-10
7.155483891135992928e-10
7.165694946434072585e-10
7.165933923790274924e-10
7.176009055050358286e-10
7.176216214893876297e-10
7.186153664494754913e-10
7.186332721936849667e-10
7.196130877443044971e-10
7.196285396739797230e-10
7.205942787476091890e-10
7.206076190186789359e-10
7.215591487007922617e-10
7.215707048457950861e-10
7.225079055243957961e-10
7.225179913534453707e-10
7.234407570220660533e-10
7.234496730717328236e-10
7.243579096422196363e-10
7.243659426374359769e-10
7.252595694634730598e-10
7.252669927308492671e-10
7.261459412564802451e-10
7.261530155533554051e-10
7.270172289971952990e-10
7.270242024392165906e-10
7.278736355466599379e-10
7.278807439413903642e-10
7.287153626689707816e-10
7.287228302384357781e-10
7.295426111293272429e-10
7.295506499837457240e-10
7.303555800998746206e-10
7.303643915506695467e-10
7.311544680299302614e-10
7.311642419569174785e-10
7.319394716642534513e-10
7.319503874909780030e-10
7.327107866198567589e-10
7.327230131431301941e-10
7.334686070846762355e-10
7.334823030761954075e-10
7.342131258093200816e-10
7.342284215982334531e-10
7.349445342255830525e-10
7.349615885696633388e-10
7.356630221278763539e-10
7.356819651588554383e-10
7.363687778542222042e-10
7.363897306123455889e-10
7.370619883438349110e-10
7.370850649428400866e-10
7.377428387299156756e-10
7.377681442714401357e-10
7.384115126958851611e-10
7.384391425628373350e-10
7.390681922808121049e-10
7.390982342394288894e-10
7.397130579018218476e-10
7.397455915671029295e-10
7.403462883231168684e-10
7.403813860524108797e-10
7.409680604505991095e-10
7.410057875942269451e-10
7.415785498407137485e-10
7.416189645221087158e-10
7.421779301049432640e-10
7.422210838411541054e-10
7.427663729639998632e-10
7.428123108744984397e-10
7.433440487304592101e-10
7.433928096426437691e-10
7.439111257594172689e-10
7.439627427311688042e-10
7.444677706771261277e-10
7.445222708539853065e-10
7.450141483633409304e-10
7.450715535041076503e-10
7.455504218056679494e-10
7.456107485645742553e-10
7.460767524975276927e-10
7.461400122180197891e-10
7.465932995730975876e-10
7.466594993806909406e-10
7.471002218219554439e-10
7.471693628434445829e-10
7.475976747127792819e-10
7.476697543103021906e-10
7.480858119951530167e-10
7.481608235687824122e-10
7.485647856957326830e-10
7.486427189643126221e-10
7.490347462647135482e-10
7.491155871255289610e-10
7.494958424037498689e-10
7.495795731468586706e-10
7.499482208064659540e-10
7.500348203442898487e-10
7.503920265050411195e-10
7.504814703617796529e-10
7.508274027299185122e-10
7.509196634315137553e-10
7.512544907590117383e-10
7.513495379001765936e-10
7.516734309658817697e-10
7.517712307268247647e-10
7.520843630721139877e-10
7.521848771296469885e-10
7.524874092147298326e-10
7.525906110781319195e-10
7.528827290387563140e-10
7.529885644969723614e-10
7.532704408278836343e-10
7.533788669803320610e-10
7.536506748342269938e-10
7.537616473174652669e-10
7.540235593088836554e-10
7.541370340215148901e-10
7.543892100816684869e-10
7.545051509265634865e-10
7.547477729279387441e-10
7.548661218969043158e-10
7.550993601006925417e-10
7.552200690615823155e-10
7.554440934642874645e-10
7.555671127979701201e-10
7.557820940712541977e-10
7.559073723077218236e-10
7.561134812694210231e-10
7.562409646948418263e-10
7.564383728687975082e-10
7.565680059931618566e-10
7.567569033981686175e-10
7.568886102720055962e-10
7.570691518652734531e-10
7.572028901531415118e-10
7.573752493020434661e-10
7.575109567389180236e-10
7.576753031823221849e-10
7.578129195658707705e-10
7.579694209572346228e-10
7.581088863443662715e-10
7.582577133644302310e-10
7.583989639131605979e-10
7.585402818509155255e-10
7.586832570072381636e-10
7.588172296200269732e-10
7.589618690046924358e-10
7.590886429757444645e-10
7.592349019621178914e-10
7.593546562677113891e-10
7.595024560173523205e-10
7.596153507406663873e-10
7.597646303067939666e-10
7.598708336217924854e-10
7.600215223324273083e-10
7.601211820491396257e-10
7.602732278771518184e-10
7.603664997099108120e-10
7.605198418031895117e-10
7.606068798165968744e-10
7.607614571830383444e-10
7.608424138487159981e-10
7.609981655920891127e-10
7.610731918761768229e-10
7.612300575050583794e-10
7.612993026505748844e-10
7.614572217285320269e-10
7.615208332658638948e-10
7.616797459706031858e-10
7.617378698028102969e-10
7.618977162682887166e-10
7.619504964620015864e-10
7.621112175839723391e-10
7.621587964185885817e-10
7.623203331783656428e-10
7.623628512995329202e-10
7.625251455421996609e-10
7.625627416985759996e-10
7.627257353992494106e-10
7.627585462136934634e-10
7.629221822342562764e-10
7.629503430145662728e-10
7.631145645308131598e-10
7.631382082499876429e-10
7.633029590198644829e-10
7.633222171201883485e-10
7.634874415268119267e-10
7.635024435757710029e-10
7.636680868154590543e-10
7.636789600796048769e-10
7.638449678355591252e-10
7.638518380463163681e-10
7.640181569610844135e-10
7.640211477699913467e-10
7.641878015365836787e-10
7.641869583430837459e-10
7.643538183001868649e-10
7.643493370744530544e-10
7.645163522829563874e-10
7.645083510915042862e-10
7.646754706659424043e-10
7.646640655582915311e-10
7.648312397509424078e-10
7.648165449474385311e-10
7.649837244881850230e-10
7.649658524564110740e-10
7.651329892006851434e-10
7.651120501249733314e-10
7.652790963724810981e-10
7.652551989706784926e-10
7.654221078555763656e-10
7.653953590503413114e-10
7.655620847808634920e-10
7.655325890517356562e-10
7.656990867106616302e-10
7.656669468825466919e-10
7.658331717094890788e-10
7.657984893974976445e-10
7.659643981826091962e-10
7.659272722867597245e-10
7.660928221931146471e-10
7.660533505029120496e-10
7.662184994048085022e-10
7.661767776194990625e-10
7.663414845765270158e-10
7.662976064600080185e-10
7.664618312793971953e-10
7.664158891481317884e-10
7.665795920322257945e-10
7.665316764739309603e-10
7.666948189464902943e-10
7.666450182329602104e-10
7.668075624594301106e-10
7.667559638876030281e-10
7.669178726243978919e-10
7.668645614224965258e-10
7.670257981797152284e-10
7.669708580371420701e-10
7.671313874877446417e-10
7.670749002199171636e-10
7.672346877212436118e-10
7.671767336908798350e-10
7.673357449923951366e-10
7.672764030859107556e-10
7.674346054127813709e-10
7.673739521133864179e-10
7.675313133001378452e-10
7.674694242011996033e-10
7.676259122749780308e-10
7.675628614711950096e-10
7.677184454007335544e-10
7.676543051093518071e-10
7.678089548905246689e-10
7.677437961853184138e-10
7.678974820929409146e-10
7.678313744249710751e-10
7.679840676565910214e-10
7.679170790091515611e-10
7.680687514628399935e-10
7.680009484639833272e-10
7.681515865863580951e-10
7.680830203524069719e-10
7.682325840371103580e-10
7.681633318327514191e-10
7.683117947963876729e-10
7.682419190696761670e-10
7.683892558348422293e-10
7.683188175748754020e-10
7.684650037878361037e-10
7.683940623905179136e-10
7.685390735709741786e-10
7.684676874515857614e-10
7.686115004729393349e-10
7.685397266824243929e-10
7.686823185980251994e-10
7.686102128692495600e-10
7.687515613648259648e-10
7.686791780767829942e-10
7.688192618779231744e-10
7.687466542431491227e-10
7.688854520594611597e-10
7.688126724978252587e-10
7.689501639449257807e-10
7.688772627906556461e-10
7.690134281429441547e-10
7.689404551764388594e-10
7.690752752199517076e-10
7.690022790008710319e-10
7.691357350228022866e-10
7.690627629317058524e-10
7.691948368000177414e-10
7.691219350088075750e-10
7.692526091776726118e-10
7.691798226876296993e-10
7.693090800684270066e-10
7.692364531600198073e-10
7.693642772847385471e-10
7.692918527952434759e-10
7.694182276467819898e-10
7.693460475180955654e-10
7.694709575110125722e-10
7.693990629142820995e-10
7.695224931324502344e-10
7.694509236594672223e-10
7.695728594775070053e-10
7.695016543770190652e-10
7.696220818442670427e-10
7.695512788565552653e-10
7.696701844794634994e-10
7.695998205910766245e-10
7.697171912057385781e-10
7.696473026993064316e-10
7.697631256425091293e-10
7.696937476184116820e-10
7.698080107806324489e-10
7.697391772797715140e-10
7.698518685821110388e-10
7.697836134993680972e-10
