# 0.0J_-1.0g_0.10472theta_1.0472phi_10Chi_0.01delta_500N
4.576093853266454367e-14
2.169610128793766341e-15
1.542823781728643131e-15
1.643016514012587794e-15
1.564165649761534771e-15
1.646567046189550566e-15
1.565274908769557632e-15
1.645322453821862894e-15
1.566252174731759448e-15
1.644056231285267628e-15
1.543408969395655194e-15
1.642777401111384830e-15
1.568362538625404395e-15
1.641485792126425200e-15
1.569503204619748709e-15
1.640181195912266895e-15
1.570516203354552530e-15
1.638863397992306151e-15
1.571491334984560590e-15
1.637532175612608483e-15
1.572439597362668626e-15
1.636187295185106371e-15
1.573364115208592809e-15
1.634828508956852991e-15
1.574266363569313484e-15
1.633455550592511389e-15
1.575147317466606785e-15
1.632068129184268376e-15
1.576007756473598634e-15
1.630665920929796896e-15
1.576848365356447858e-15
1.629248557264687980e-15
1.577669772696344223e-15
1.627815607460773590e-15
1.578472567375075909e-15
1.626366552332232624e-15
1.579257306177600161e-15
1.624900743184442050e-15
1.580024517501586163e-15
1.623417335349269296e-15
1.580774703237576258e-15
1.621915176038190666e-15
1.581508339716161573e-15
1.620392605829302463e-15
1.582225878072354705e-15
1.618847086732470287e-15
1.582927743956160789e-15
1.617274455592969324e-15
1.583614335659110561e-15
1.615667291231441433e-15
1.584286015943996596e-15
1.614010928725961043e-15
1.584943065359185443e-15
1.612272203547793911e-15
1.585585097695147908e-15
1.610360528638552398e-15
1.586157114093898832e-15
1.607947053053739498e-15
1.586830430696589731e-15
1.603217488808132645e-15
1.587433200369925925e-15
1.598588572741355218e-15
1.588022509683652635e-15
1.603490081928431358e-15
1.588598928959607456e-15
1.602787100324387974e-15
1.589162719008566591e-15
1.601310699007775934e-15
1.589714088449130821e-15
1.599662628891224211e-15
1.590253221416878562e-15
1.597952309970702535e-15
1.590780283813888794e-15
1.596208649721210841e-15
1.591295425708210407e-15
1.594441294664141379e-15
1.591798782766204044e-15
1.592654028532861125e-15
1.592290477381494946e-15
1.590848556895787835e-15
1.592770619689729895e-15
1.590467395796533034e-15
1.593239308533085297e-15
1.591468524984706425e-15
1.593696632388517247e-15
1.592496283500679546e-15
1.594142670271636382e-15
1.593550130851041097e-15
1.594577492611266293e-15
1.594629477615856979e-15
1.595001162095694460e-15
1.595733656686462076e-15
1.595413734487634194e-15
1.596861905041629305e-15
1.595815259402382871e-15
1.598013350930140071e-15
1.596205781049389840e-15
1.599187004053348578e-15
1.596585338932507336e-15
1.600381747620897140e-15
1.596953968506023585e-15
1.601596331783599817e-15
1.597311701787781670e-15
1.602829368270219304e-15
1.597658567921968278e-15
1.604079326228212400e-15
1.597994593693885681e-15
1.605344529361170522e-15
1.598319803994788807e-15
1.606623154504676887e-15
1.598634222235307717e-15
1.607913231805995221e-15
1.598937870702996841e-15
1.609212646677478487e-15
1.599230770869601622e-15
1.610519143684770022e-15
1.599512943643792397e-15
1.611830332510880307e-15
1.599784409564775508e-15
1.613143696106527248e-15
1.600045188944442691e-15
1.614456601097646139e-15
1.600295301952804512e-15
1.615766310471756273e-15
1.600534768644367508e-15
1.617069998509836095e-15
1.600763608928324910e-15
1.618364767868700632e-15
1.600981842481868326e-15
1.619647668652372374e-15
1.601189488607019538e-15
1.620915719241779143e-15
1.601386566026005117e-15
1.622165928581604853e-15
1.601573092617601555e-15
1.623395319542532231e-15
1.601749085099030060e-15
1.624600952864442534e-15
1.601914558639563417e-15
1.625779950936580999e-15
1.602069526421189231e-15
1.626929519750657515e-15
1.602213999136072004e-15
1.628046962176605538e-15
1.602347984417585830e-15
1.629129625003951973e-15
1.602471486214713575e-15
1.630172629260230048e-15
1.602584504098013363e-15
1.631180207284990610e-15
1.602687032506183445e-15
1.632147305758066534e-15
1.602779059922521982e-15
1.633069666743815478e-15
1.602860567985452846e-15
1.633947194290964884e-15
1.602931530533756223e-15
1.634778590835876393e-15
1.602991912582838966e-15
1.635562710360904063e-15
1.603041669224005029e-15
1.636298620871052753e-15
1.603080744461905032e-15
1.636985611643547129e-15
1.603109069969067878e-15
1.637623190464371444e-15
1.603126563763861772e-15
1.638211076587940570e-15
1.603133128818750715e-15
1.638749190767562452e-15
1.603128651577148236e-15
1.639237642949846964e-15
1.603113000384281741e-15
1.639676718055737570e-15
1.603086023836539529e-15
1.640066860215403418e-15
1.603047549028565456e-15
1.640408655801446206e-15
1.602997379703258033e-15
1.640702815595993390e-15
1.602935294301087214e-15
1.640950156389319879e-15
1.602861043887547155e-15
1.641151582294159729e-15
1.602774349964448421e-15
1.641308065992645365e-15
1.602674902141448887e-15
1.641420630137308184e-15
1.602562355687218073e-15
1.641490329044045256e-15
1.602436328903218809e-15
1.641518230831293360e-15
1.602296400335196940e-15
1.641505400034229034e-15
1.602142105809263070e-15
1.641452880804292556e-15
1.601972935260934816e-15
1.641361680680994436e-15
1.601788329339183493e-15
1.641232754923963220e-15
1.601587675772281497e-15
1.641066991419466462e-15
1.601370305461775874e-15
1.640865196098151232e-15
1.601135488284217122e-15
1.640628078881966912e-15
1.600882428586381816e-15
1.640356240092811637e-15
1.600610260273090375e-15
1.640050157386099201e-15
1.600318041591530128e-15
1.639710173257476412e-15
1.600004749398620664e-15
1.639336483203297672e-15
1.599669273029555178e-15
1.638929124792026830e-15
1.599310407644531816e-15
1.638487967933570671e-15
1.598926847007459613e-15
1.638012706803656970e-15
1.598517175742665709e-15
1.637502854047866939e-15
1.598079860855632017e-15
1.636957738162840664e-15
1.597613242702694012e-15
1.636376505057211758e-15
1.597115525198912484e-15
1.635758125275302124e-15
1.596584765328029202e-15
1.635101408493078877e-15
1.596018861913547053e-15
1.634405027349947587e-15
1.595415543625432564e-15
1.633667552862910752e-15
1.594772356348379285e-15
1.632887503964490343e-15
1.594086649860417617e-15
1.632063413684816142e-15
1.593355564023408275e-15
1.631193914427579326e-15
1.592576014637468187e-15
1.630277844143882718e-15
1.591744679041756707e-15
1.629314374370139773e-15
1.590857982175990320e-15
1.628303159396755774e-15
1.589912083345413016e-15
1.627244503863081405e-15
1.588902864278629025e-15
1.626139542987023313e-15
1.587825919573570147e-15
1.624990426657241678e-15
1.586676550808365894e-15
1.623800495062513271e-15
1.585449765363794644e-15
1.622574430342986118e-15
1.584140282502724222e-15
1.621318366711127048e-15
1.582742548584326482e-15
1.620039941243437864e-15
1.581250765006144504e-15
1.618748268962456651e-15
1.579658932414108736e-15
1.617453830771756019e-15
1.577960914961397624e-15
1.616168269587750862e-15
1.576150531425972865e-15
1.614904097588596104e-15
1.574221677650512159e-15
1.613674329856229369e-15
1.572168487026974292e-15
1.612492062273656993e-15
1.569985536769041399e-15
1.611370023800412932e-15
1.571654423471905825e-15
1.610320129898850165e-15
1.574117446871194923e-15
1.609353065848131625e-15
1.576718434021618611e-15
1.608477923717636821e-15
1.579457977096184667e-15
1.607701909184091149e-15
1.582334389132722392e-15
1.607030129693077079e-15
1.585343210686733843e-15
1.606465464713778661e-15
1.588476720831444334e-15
1.606008516315203012e-15
1.591723498236093525e-15
1.605657640483017732e-15
1.595068088085948971e-15
1.605409045243939225e-15
1.598490839303496281e-15
1.605256951097899663e-15
1.601967977408592366e-15
1.605193809827060649e-15
1.605471969427925639e-15
1.605210571881954303e-15
1.608972213396143413e-15
1.605296994592643886e-15
1.612436047440761229e-15
1.605441981663238622e-15
1.615830028443398820e-15
1.605633942944735029e-15
1.619121382664779353e-15
1.605861161987315170e-15
1.622279494474472794e-15
1.606112150350429357e-15
1.625277281973550865e-15
1.606375976438076093e-15
1.628092317628018687e-15
1.606642550013784699e-15
1.630707588515061708e-15
1.606902849399841348e-15
1.633111841563407032e-15
1.607149083795698970e-15
1.635299519682520025e-15
1.607374785607561393e-15
1.637270343089906848e-15
1.607574835410579348e-15
1.639028627019659224e-15
1.607745426509589648e-15
1.640582439865568321e-15
1.607883978534802572e-15
1.641942702073422992e-15
1.607989015873024577e-15
1.643122309924640456e-15
1.608060020739119615e-15
1.644135342134443020e-15
1.608097276381166601e-15
1.644996387447780926e-15
1.608101709006992470e-15
1.645720004466316711e-15
1.608074737973520318e-15
1.646320314466601286e-15
1.608018139710126538e-15
1.646810713474990566e-15
1.607933928707831205e-15
1.647203686762331188e-15
1.607824257112670070e-15
1.647510705442162744e-15
1.607691332845783427e-15
1.647742186828528135e-15
1.607537355187316569e-15
1.647907501155495100e-15
1.607364465943622138e-15
1.648015010497322386e-15
1.607174714101353304e-15
1.648072128715407845e-15
1.606970031697707114e-15
1.648085393110463922e-15
1.606752218795265551e-15
1.648060541966100224e-15
1.606522935697583571e-15
1.648002592919010060e-15
1.606283700558844908e-15
1.647915919098019309e-15
1.606035891227938629e-15
1.647804321207476931e-15
1.605780749819827814e-15
1.647671094259768040e-15
1.605519389245703052e-15
1.647519088445343066e-15
1.605252801108758095e-15
1.647350764009809463e-15
1.604981864170145701e-15
1.647168240282238677e-15
1.604707353050027035e-15
1.646973339110475521e-15
1.604429946971493693e-15
1.646767623234481734e-15
1.604150238097621696e-15
1.646552429908252380e-15
1.603868739557972045e-15
1.646328900369281638e-15
1.603585893016352299e-15
1.646098005629910393e-15
1.603302075729573730e-15
1.645860568752155939e-15
1.603017606858648985e-15
1.645617284494179628e-15
1.602732753705438046e-15
1.645368736258845874e-15
1.602447736760052859e-15
1.645115410834679362e-15
1.602162734695759508e-15
1.644857711295498428e-15
1.601877889079537467e-15
1.644595968296227562e-15
1.601593307678921990e-15
1.644330449734887275e-15
1.601309069238807949e-15
1.644061369276336758e-15
1.601025225792437972e-15
1.643788893945453932e-15
1.600741805613884185e-15
1.643513150392112761e-15
1.600458816427160404e-15
1.643234230757068142e-15
1.600176247517448604e-15
1.642952197496194932e-15
1.599894071838413624e-15
1.642667087803211961e-15
1.599612248189429882e-15
1.642378917244138758e-15
1.599330722479125128e-15
1.642087683153272330e-15
1.599049429807535614e-15
1.641793367352034135e-15
1.598768295907389874e-15
1.641495938743964515e-15
1.598487238147325031e-15
1.641195355383441199e-15
1.598206167044858507e-15
1.640891566196543866e-15
1.597924986754955416e-15
1.640584512816737616e-15
1.597643597087897492e-15
1.640274130859920286e-15
1.597361894051619430e-15
1.639960351015268782e-15
1.597079769906434738e-15
1.639643100155593731e-15
1.596797114718207801e-15
1.639322302185943589e-15
1.596513817924243957e-15
1.638997878851426406e-15
1.596229767260844933e-15
1.638669750368315121e-15
1.595944849989443236e-15
1.638337836034843423e-15
1.595658954839356927e-15
1.638002054606029273e-15
1.595371969910042412e-15
1.637662324943546004e-15
1.595083786206499237e-15
1.637318566243917696e-15
1.594794295623184577e-15
1.636970698307251349e-15
1.594503393251765467e-15
1.636618642358635342e-15
1.594210975947616743e-15
1.636262320652999991e-15
1.593916945883793247e-15
1.635901657075236776e-15
1.593621206457387222e-15
1.635536577154558966e-15
1.593323666249564307e-15
1.635167008761254728e-15
1.593024238238414853e-15
1.634792881686686536e-15
1.592722838996340016e-15
1.634414128201111285e-15
1.592419392335903383e-15
1.634030683302204807e-15
1.592113825555306261e-15
1.633642484353510741e-15
1.591806069962737211e-15
1.633249471910006748e-15
1.591496063245002255e-15
1.632851589307953240e-15
1.591183749837318805e-15
1.632448782964349909e-15
1.590869080674154141e-15
1.632041002344129967e-15
1.590552008173180975e-15
1.631628200396170066e-15
1.590232500855618211e-15
1.631210333531764661e-15
1.589910522528509964e-15
1.630787361605720359e-15
1.589586051718708197e-15
1.630359247514696151e-15
1.589259068938529555e-15
1.629925958709857806e-15
1.588929564184006071e-15
1.629487465586743343e-15
1.588597531725557962e-15
1.629043742818441116e-15
1.588262972453758506e-15
1.628594768334901818e-15
1.587925899292242967e-15
1.628140524510903251e-15
1.587586326440876234e-15
1.627680997253165494e-15
1.587244276163754578e-15
1.627216177077704752e-15
1.586899779612296806e-15
1.626746057001615604e-15
1.586552869951772979e-15
1.626270635731291790e-15
1.586203588660362291e-15
1.625789914928847263e-15
1.585851986201600978e-15
1.625303901101159392e-15
1.585498118818868120e-15
1.624812604674366100e-15
1.585142047028251499e-15
1.624316039824228634e-15
1.584783838807107402e-15
1.623814225534678366e-15
1.584423566951591754e-15
1.623307182129353367e-15
1.584061311811390406e-15
1.622794938296272043e-15
1.583697156885557224e-15
1.622277524343500545e-15
1.583331188663918134e-15
1.621754974831785535e-15
1.582963511002864027e-15
1.621227329215107465e-15
1.582594221047214207e-15
1.620694631724692580e-15
1.582223425047477865e-15
1.620156927471298916e-15
1.581851225461164765e-15
1.619614267616467349e-15
1.581477746436956509e-15
1.619066708216332540e-15
1.581103105666691227e-15
1.618514310139924951e-15
1.580727412850269253e-15
1.617957137877612420e-15
1.580350810981420259e-15
1.617395258633228153e-15
1.579973419660307116e-15
1.616828744661055375e-15
1.579595361700162408e-15
1.616257671296004774e-15
1.579216795779381594e-15
1.615682117639513078e-15
1.578837855612986560e-15
1.615102167806895843e-15
1.578458671343221525e-15
1.614517909915415607e-15
1.578079406081627013e-15
1.613929435800193366e-15
1.577700185090117246e-15
1.613336841003735255e-15
1.577321171005771372e-15
1.612740224634816576e-15
1.576942511283915382e-15
1.612139691827335800e-15
1.576564355922256622e-15
1.611535347586772926e-15
1.576186834383904226e-15
1.610927304204445630e-15
1.575810130684099623e-15
1.610315673009976383e-15
1.575434403259786489e-15
1.609700576448854874e-15
1.575059796963772624e-15
1.609082131742823810e-15
1.574686466388417873e-15
1.608460465707249916e-15
1.574314551333160440e-15
1.607835703672490172e-15
1.573944221818729784e-15
1.607207982720459710e-15
1.573575623639942881e-15
1.606577429897931295e-15
1.573208919679410060e-15
1.605944184240255217e-15
1.572844264032473889e-15
1.605308391333612493e-15
1.572481834113697349e-15
1.604670196195191389e-15
1.572121755497932626e-15
1.604029742636710385e-15
1.571764217460027584e-15
1.603387171416954053e-15
1.571409355747589819e-15
1.602742645212759537e-15
1.571057311131829646e-15
1.602096315219819457e-15
1.570708236455632924e-15
1.601448332306648145e-15
1.570362271822470568e-15
1.600798860028028531e-15
1.570019563698844638e-15
1.600148052386639440e-15
1.569680236498861413e-15
1.599496068584325578e-15
1.569344410363394467e-15
1.598843070329001543e-15
1.569012274159915215e-15
1.598189226358789227e-15
1.568683973419423456e-15
1.597534692383707398e-15
1.568359601071234437e-15
1.596879621763364542e-15
1.568039377784504903e-15
1.596224204599959922e-15
1.567723384212287227e-15
1.595568594389720704e-15
1.567411710012594214e-15
1.594912943249617815e-15
1.567104500812247419e-15
1.594257419216923089e-15
1.566801975697190514e-15
1.593602201325169075e-15
1.566504091868800605e-15
1.592947448305066323e-15
1.566211084212259736e-15
1.592293313976191941e-15
1.565922995316472522e-15
1.591639966769616141e-15
1.565640046122717221e-15
1.590987562776413793e-15
1.565362157298246324e-15
1.590336235949755605e-15
1.565431743166961543e-15
1.589686160261284836e-15
1.565707151506362119e-15
1.589037488964945408e-15
1.565976941731302395e-15
1.588390369991009839e-15
1.566241119851384701e-15
1.587744936138701921e-15
1.566499486758012823e-15
1.587101345774100379e-15
1.566751888157604828e-15
1.586459793229494571e-15
1.566998469675115428e-15
1.585820336748475427e-15
1.567239039556953014e-15
1.585183138614834877e-15
1.567473465067662153e-15
1.584548380272022095e-15
1.567701558095165507e-15
1.583916190922690374e-15
1.567923665627614755e-15
1.583286604411998816e-15
1.568139238850406823e-15
1.582659843418867148e-15
1.568348469033777736e-15
1.582035949433615132e-15
1.568550967580384178e-15
1.581415122264671806e-15
1.568747014919004738e-15
1.580797348738067546e-15
1.568936406332773268e-15
1.580182798699951174e-15
1.569118822850484156e-15
1.579571611589890043e-15
1.569294323075206130e-15
1.578963859090589728e-15
1.569463089346479328e-15
1.578359702446299603e-15
1.569624895680022318e-15
1.577759062766325945e-15
1.569780179186229636e-15
1.577162105756584454e-15
1.569928071377894079e-15
1.576568930521083346e-15
1.570068697559372165e-15
1.575979584886823603e-15
1.570202402828039442e-15
1.575394134616486388e-15
1.570328678996444940e-15
1.574812729735635895e-15
1.570447950469996113e-15
1.574235462059006782e-15
1.570560527122221147e-15
1.573662180299523009e-15
1.570666458033732232e-15
1.573093046424429504e-15
1.570764859126498876e-15
1.572528104219154396e-15
1.570855808135789167e-15
1.571967517293225787e-15
1.570940164359423856e-15
1.571411169695937918e-15
1.571016464191932779e-15
1.570859093799968634e-15
1.571085202606537176e-15
1.570311435733193366e-15
1.571146862916110001e-15
1.569768315843322850e-15
1.571201005117966445e-15
1.569229490150215834e-15
1.571247792494258321e-15
1.568695303063610241e-15
1.571287717633460825e-15
1.568165796508170082e-15
1.571321469454880739e-15
1.567640599571441511e-15
1.571348129681977555e-15
1.567119849151634468e-15
1.571367562783502979e-15
1.566603724343703202e-15
1.571379455341775571e-15
1.566092302536773888e-15
1.571384042338045642e-15
1.566315110027354020e-15
1.571382547908508308e-15
1.566805466203535048e-15
1.571374213213518933e-15
1.567291183149857359e-15
1.571359180925623460e-15
1.567772989323389157e-15
1.571336801858596322e-15
1.568250412048156958e-15
1.571306333980761888e-15
1.568723412747927106e-15
1.571269739093145854e-15
1.569192192144031214e-15
1.571225991575796818e-15
1.569656509502852548e-15
1.571174318044029503e-15
1.570116247108336129e-15
1.571115740045737520e-15
1.570572032008220195e-15
1.571051323113495664e-15
1.571023568413901655e-15
1.570978890205111076e-15
1.571470677179279281e-15
1.570900602130090536e-15
1.571913343559894310e-15
1.570815293380818434e-15
1.572352160303184890e-15
1.570721639475515683e-15
1.572786165993212921e-15
1.570621916049587639e-15
1.573216175781681927e-15
1.570516347381712866e-15
1.573641311276191788e-15
1.570405038276969536e-15
1.574061967408528446e-15
1.570288987268478305e-15
1.574478857399666858e-15
1.570164337796729701e-15
1.574890856015385748e-15
1.570034445823403727e-15
1.575299471656522976e-15
1.569897844836676924e-15
1.575703922723038223e-15
1.569752638732112417e-15
1.576103460601821670e-15
1.569603295214622136e-15
1.576498800555946270e-15
1.569445715563475530e-15
1.576889774393636851e-15
1.569287285918760068e-15
1.577276955450565222e-15
1.569122625527707384e-15
1.577660276914639798e-15
1.568951840826777750e-15
1.578039355768127292e-15
1.568774203856699435e-15
1.578413755201680040e-15
1.568596316650668529e-15
1.578784068121156024e-15
1.568405360485696558e-15
1.579149749532979038e-15
1.568211972983896683e-15
1.579510693641218029e-15
1.568009522649682708e-15
1.579864746936996807e-15
1.567822750046175778e-15
1.580216480958474787e-15
1.567625369649570868e-15
1.580562275950433398e-15
1.567430209662146329e-15
1.580903578248768685e-15
1.567234799233624738e-15
1.581239685775300081e-15
1.567037639323530031e-15
1.581573356679219975e-15
1.566841034940020388e-15
1.581900466262626155e-15
1.566662388575388266e-15
1.582223889173076942e-15
1.566724492959575893e-15
1.582542176652423859e-15
1.566789321455939129e-15
1.582857378504274686e-15
1.566857079605106996e-15
1.583166408075792437e-15
1.566927648032717013e-15
1.583469685918403037e-15
1.567002691804444903e-15
1.583765802454463658e-15
1.567080748153843298e-15
1.584055327011726457e-15
1.567162147930843303e-15
1.584335302393860423e-15
1.567245773754394496e-15
1.584607318260415583e-15
1.567332491290989523e-15
1.584873189330614714e-15
1.567423277184335276e-15
1.585129885160029116e-15
1.567517276434708208e-15
1.585378106470159722e-15
1.567614815694442111e-15
1.585616845908671614e-15
1.567717446439308699e-15
1.585842486069884019e-15
1.567821525739815278e-15
1.586068213591355024e-15
1.567928778114579091e-15
1.586277310912809593e-15
1.568039155159621359e-15
1.586484529237469564e-15
1.568151549705039749e-15
1.586685888823098517e-15
1.568265378897622287e-15
1.586875969548322698e-15
1.568380079120124310e-15
1.587055735864627224e-15
1.568498049528799875e-15
1.587212342506169269e-15
1.568614746456343921e-15
1.587360227116589520e-15
1.568731716712506427e-15
1.587492458103029570e-15
1.568846131143990258e-15
1.587604484750227688e-15
1.568963541016945553e-15
1.587702334651096601e-15
1.569071591190069629e-15
1.587779893486814857e-15
1.569183632239243336e-15
1.587834348176096999e-15
1.569288425066980004e-15
1.587857623970526228e-15
1.569377843098789078e-15
1.587856387230641264e-15
1.569450615162031419e-15
1.587828486595278387e-15
1.569514273283166668e-15
1.587770590399848798e-15
1.569555496077719317e-15
1.587663418680801538e-15
1.569599786538190752e-15
1.587517785198072928e-15
1.569738041629695419e-15
1.587319800132051136e-15
1.569793557417327540e-15
1.587063447260269477e-15
1.569962622463202100e-15
1.586773866347978339e-15
1.570169604374789182e-15
1.586444754363866442e-15
1.570289139114360731e-15
1.586046003567536607e-15
1.570536533037967747e-15
1.585629153822676025e-15
1.570825568946060666e-15
1.585170944252724003e-15
1.571082684182363215e-15
1.584698802420628674e-15
1.571498140945685207e-15
1.584202495455567696e-15
1.574130348891865726e-15
1.584075699339573027e-15
1.573555524293190185e-15
1.584593825073343238e-15
1.577162141095234151e-15
1.585101794387268989e-15
1.577525349364343837e-15
1.585568395468055176e-15
1.578018384725537982e-15
1.586006272363924048e-15
1.577959714036180552e-15
1.586414374589398370e-15
1.578048398471504458e-15
1.586813919969161383e-15
1.578213111998305263e-15
1.587168998546676718e-15
1.578315910359355452e-15
1.587524259646608686e-15
1.578569129429950069e-15
1.587844800328615694e-15
1.578969643895412469e-15
1.588111163216548069e-15
1.580084923655839522e-15
1.588375892261700046e-15
1.581072839114501813e-15
1.588597369150450150e-15
1.581924796630089751e-15
1.588804325109743087e-15
1.582657019715773128e-15
1.589012599677646076e-15
1.583288891784359920e-15
1.589185765496918342e-15
1.583859497966038074e-15
1.589348487477801411e-15
1.584378693701576128e-15
1.589516875985617223e-15
1.584900923774428270e-15
1.589665004150916631e-15
1.585381054078162138e-15
1.589770218245228571e-15
1.585840715116634286e-15
1.589898860788102680e-15
1.586258012982493388e-15
1.589998282147111470e-15
1.586616803235866923e-15
1.590108363050863361e-15
1.586950877677441758e-15
1.590229911611340719e-15
1.587288993300629119e-15
1.590320091545282625e-15
1.587581910273241208e-15
1.590437223258732504e-15
1.587851451549002236e-15
1.590490004698840846e-15
1.588075852116093069e-15
1.590594097557800360e-15
1.588106378392154298e-15
1.590715450812677377e-15
1.588335131017218565e-15
1.590775115189100686e-15
1.588291082163686924e-15
1.590846144506759107e-15
1.588578437634168432e-15
1.590904743780807000e-15
1.588749315010939879e-15
1.590974363991234748e-15
1.588602755088289821e-15
1.591005592085452605e-15
1.588453787506023066e-15
1.591095567992915761e-15
1.588350563175762668e-15
1.591113214546273187e-15
1.588288646075301493e-15
1.591188690835780543e-15
1.588203155993371592e-15
1.591197680301245789e-15
1.588401074315253291e-15
1.591252573135448268e-15
1.588339108220899999e-15
1.591314318043073175e-15
1.588014969088481119e-15
1.591253469556456979e-15
1.587927204042186841e-15
1.591414627934159178e-15
1.587830952397762674e-15
1.591442971479340540e-15
1.587685555245142846e-15
1.591498259743561282e-15
1.587738323554302489e-15
1.591542461432948650e-15
1.587328021495068575e-15
1.591612739304268209e-15
1.587604298854513240e-15
1.591570867544677322e-15
1.587340797164547084e-15
1.591603703127665651e-15
1.592413577745890825e-15
1.591823775732368219e-15
1.643082005459457344e-15
1.591870056029971666e-15
1.648064677462805749e-15
1.591641841050390609e-15
1.648065277354570769e-15
1.591269510071319149e-15
1.648065865822022380e-15
1.590977801854876130e-15
1.648066443028900497e-15
1.591263869427818517e-15
1.632503140908591283e-15
1.591183374706126176e-15
1.648067564308330526e-15
1.591305443092942615e-15
1.648068108700789990e-15
1.591283785418126654e-15
1.648068642472484950e-15
1.591114550164138193e-15
1.648069165779570223e-15
1.591130718756632299e-15
1.648069678776675760e-15
1.591475545866299230e-15
1.648070181616908617e-15
1.648069230155636653e-15
1.648070674451853347e-15
1.648069126374331712e-15
1.648071157431569437e-15
1.648069030828421642e-15
1.648071630704597030e-15
1.648068943302750152e-15
1.648072094417949822e-15
1.648068863586150221e-15
1.648072548717123937e-15
1.648068791471385133e-15
1.648072993746098520e-15
1.648068726755097983e-15
1.648073429647334950e-15
1.648068669237757055e-15
1.648073856561784130e-15
1.648068618723598037e-15
1.648074274628881961e-15
1.648068575020570965e-15
1.648074683986563333e-15
1.648068537940290727e-15
1.648075084771257600e-15
1.648068507297983223e-15
1.648075477117894687e-15
