# -0.25J_-0.75g_0.2618theta_0.2618phi_10Chi_0.01delta_500N
-5.774174220154920656e-01
6.876935184520849287e-01
-4.307398163547514480e-01
-8.705455801708426866e-02
-3.819471308642831409e-02
-3.371510442027447763e-02
2.122561083494460543e-02
-5.977847865953413165e-02
3.558689646053003058e-02
-9.155692698492161677e-03
5.756367752983850838e-01
-9.179180950936759453e-01
4.153342087991246934e-01
4.807513515582739205e-01
-6.052197566499237347e+00
1.503254592011917801e-01
-3.386784012003272615e+00
-1.091666421702758960e+01
9.262507275172309207e+00
-1.645165361313875696e+00
5.596057605298000448e-01
-8.893277812321522813e-01
1.301407459465638405e+00
-1.112417565506697592e+01
3.452408364069280644e+00
-9.343127982222545924e+00
4.929789009032356617e+00
-3.763326014319965385e+00
1.702544257660834059e-01
-4.889623348022530402e-01
-8.215848361067044914e-02
-1.399818492255881841e+00
1.151128655144880142e+01
-2.779763338501245471e+02
9.093204702871400968e+01
-2.374911474877485205e+02
-2.056578245639318538e+02
1.726667944714703751e+01
-5.266612178434459679e+01
1.948923438208110156e+03
-4.514703656769814000e-02
-4.593763198189546593e+00
-3.040132255504429004e+00
3.726980734812531892e+01
-2.107640872056848877e+02
3.820529458159838043e+01
-1.328111360434485562e+02
-5.396095712220645737e+02
3.524178262033166789e+02
9.170680848307042652e+02
3.207142234054027874e-02
1.688293843630598312e+00
-8.906222131452121715e+00
2.188154733873897158e+02
-6.962772334874244962e+01
2.570893781412738690e+02
1.093901494164661727e+02
-9.574427530941362363e+01
6.602958796568211142e+01
-1.161184659069897180e+03
-3.235896439441673933e-02
-1.239725219396690559e+00
4.808436219957829216e+00
2.061628623432485199e+02
1.636718241532352014e+00
1.607885578321157993e+02
1.233023013252953888e+03
-3.222713027147829479e+01
2.182564293636756361e+02
-6.853398030102791381e+03
4.878429821262258298e-02
1.146057337065325754e+01
5.360654834419379400e-01
-9.066020103921653117e+01
6.590373948759673794e+02
-2.054858449179362196e+02
1.731701712004145008e+02
2.584154498080329631e+03
-1.397945479781275708e+03
-6.463082191783831149e+03
3.429916797695552189e-02
8.764720888592540504e+00
1.590011711705515030e+00
-2.671313580278548727e+01
4.115241116149172740e+02
-6.846107750336888387e+01
9.032810281970006372e+01
1.486212742251183499e+03
-1.274694291246845978e+03
-3.912099713795289517e+03
-2.269440483652611622e-03
-2.607651196521565962e-01
2.703319142211652037e-01
2.424330714082124359e+03
3.535898326520331807e+02
1.620396241931005989e+03
9.741709581232173150e+03
6.193999761121565825e+03
-2.410650100870012920e+03
-1.308957912307353545e+05
-5.774201554049949170e-01
2.919499652598187694e-02
8.109278297334984176e-01
7.660502097493473994e-02
-5.629625550805714834e-02
-3.371311661611677002e-02
4.113032308760217887e-02
4.825220093396632298e-02
3.558486283691014024e-02
1.256536394167114164e-02
1.968240529138603756e-01
-6.405897989078735977e-01
-7.292150135310605519e-01
-2.727101726316532027e-01
-1.155921411598890280e+01
-8.165918673347828616e+00
-4.883643622578385468e+00
4.065343010041014615e+00
-4.483721281005946580e+00
-1.039247408558332975e+00
-7.783148539791652221e-01
2.552229795358438857e-01
1.578713272997332995e+00
-5.617296342650715424e+00
2.698830452299504135e+00
4.541207092045575600e+00
-1.004684783032561057e+01
-5.259120319724354786e+00
-8.106808368959137923e+00
-2.321519117247988984e+00
8.017769027500448731e-02
3.654492394981692094e-01
5.613107222400014251e+00
-1.719814762242606605e+02
2.369173031617572889e+01
8.555804827796677614e+01
-5.074569195384902400e+02
-4.423863947977223177e+01
-2.790478856810025263e+02
1.138107153685390131e+03
-4.857870721635335065e-02
-1.049196841647402501e+01
-4.805436994978035337e+00
-2.997959526831618149e+01
-3.167300647461261747e+02
-2.247319438228441868e+02
-1.942355908388644252e+02
-2.365614658133471551e+02
-2.218491151712093767e+02
9.239804702510955394e+02
3.206951702285999739e-02
6.868348335727799459e+00
5.915097013226445100e+00
-4.898587507947591035e+01
2.242964189978487468e+02
2.570685661628736511e+02
2.944515699864111369e+01
1.403368583032377614e+02
6.603772440404711119e+01
-1.373423901170485237e+02
-2.604698177360344549e-02
7.133589582646874483e+00
-6.620922954665491744e+00
5.093624814819013977e+02
2.656142711130877956e+02
9.721764606205042014e+01
2.329778584643232080e+03
4.734128757074620353e+02
1.109849770058250670e+03
-7.245497741295434025e+03
-5.241205797567439345e-02
2.791098833397909901e-02
-7.840339955826295615e+00
1.740894715850652403e+02
3.549091456685874846e+02
2.396542122293840293e+02
6.863051265110863142e+02
1.489053967211302506e+03
8.879714133934055553e+02
-7.816775693432489788e+03
3.429630121603220033e-02
-5.759101363778081684e+00
6.795383873309034151e+00
-3.430790871931765764e+02
-2.289006597167442578e+02
-6.833613229918763921e+01
-1.342203387895604237e+03
-6.701532353990810407e+02
-1.275117829661735414e+03
5.195252088341680974e+03
1.027284869975280887e-02
-1.496885865802502380e+00
1.807589768944351638e+00
1.590002112529815349e+03
-1.713441322284829766e+02
-6.411761873387487185e+02
8.898532745511154644e+03
3.253586484743681922e+03
4.682970587949590481e+03
-9.619473751010693377e+04
-5.774312920699061769e-01
-7.168717084711494492e-01
-3.801827279477861810e-01
1.045022255052235546e-02
9.448766555149830382e-02
-3.371144601030502674e-02
-6.235836925054602520e-02
1.152666949419420619e-02
3.558532896038753279e-02
-3.418561131195507231e-03
-7.724432150863916879e-01
-1.770394861845103307e+00
-3.970704001038924957e-01
-4.665163707329482712e+00
-8.153000367454975361e+00
8.015459136151214636e+00
8.835143779848893431e+00
-2.130701451925089529e+00
-4.778738680298786790e+00
2.354169460302338590e-01
2.187073209370964111e-01
-7.690808261707586524e-02
4.488650998181922258e-01
-9.023506227513227174e+00
-1.693608364780132547e+00
4.801761272486436916e+00
-3.854452971504291003e+00
8.463784672064955217e+00
7.936433420750400813e+00
-9.198693851190298254e-01
1.981260095908264716e-03
-5.625184078932121245e+00
7.033589009325619479e+00
-2.832597407375252487e+02
-3.447655123380658893e+01
1.519831571681248477e+02
-4.099325227840440107e+02
2.488908411120020503e+02
3.316663606409874774e+02
1.598390532955593699e+03
9.372345956778103948e-02
-9.071553034583608621e+00
1.185367376496337277e+00
-8.814068686974287914e+01
-2.055525468339043869e+02
1.865705746870530675e+02
9.781962314305994255e+01
-3.350026892967464960e+02
-1.305365168003580720e+02
1.655556541000540165e+03
3.206815987660820155e-02
-8.556485113664804132e+00
2.991137023509233384e+00
-1.698726534096273042e+02
-1.547040314625211010e+02
2.571933433120900645e+02
-1.391034418724426871e+02
-4.476989221333844426e+01
6.610815048614992406e+01
1.358891425256061666e+03
5.840766362646938881e-02
-6.951653014477958692e+00
-8.157633591930705919e+00
5.863872430538956451e+02
-1.290305616822589911e+02
-2.581397270132642916e+02
2.223667477369590870e+03
-7.289254266188146403e+02
-1.328888663285870734e+03
-8.545407727446061472e+03
3.627806651925137484e-03
-1.509433256061233575e+00
6.249180612863833417e+00
-2.217228572163828062e+02
2.777703144141369194e+02
-3.425030130807630968e+01
-5.193556213457011381e+02
1.595866868862643287e+03
5.094222957137399135e+02
-6.898464585707466540e+03
3.429700248919144434e-02
-3.005472452936857053e+00
-8.385321202960234643e+00
3.696970927844869266e+02
-1.826763181266549623e+02
-6.839909762950867389e+01
1.252296086254482589e+03
-8.169631360705066072e+02
-1.276337343328906627e+03
-1.375575126852762423e+03
-8.117046188967401779e-03
4.708940899817191661e-01
2.121222764847503939e+00
1.550007757249923770e+03
7.718214174986222815e+02
-9.503533462719586851e+02
6.889859863746721203e+03
5.197409062616383380e+03
-2.405273045807965445e+03
-1.265190209137124621e+05
