# -0.95J_-0.05g_0.36652theta_0.0phi_10Chi_0.01delta_500N
-9.998311676300029038e-01
2.789613367560605502e-08
-1.884578740562687163e-02
-5.588435732312230911e-07
-7.600458220171190781e-04
1.598625744812013608e-04
1.154405466186394089e-06
1.006810630118361905e-06
-4.724268391553591013e-07
-1.040798903876264937e-05
-2.081409827240563136e-06
-5.021732810549039527e+00
9.181624799646207369e-05
2.589645255488778162e+02
1.145983586220276662e-04
1.627273192958349560e-02
-7.535722003036767980e+00
6.562115593721828510e+00
-7.229159568987578055e+00
1.276198029904606767e-04
-1.875003052007487292e-02
2.322364422011900705e-05
-1.317168982126982330e-02
-1.806138664387728745e-03
5.209161629540776106e-01
-4.390129136870760118e-01
7.041092490707974438e-02
1.177651353632352543e-01
-7.662524027852711007e-03
-1.133706691148582379e+01
-3.953507619370753529e-08
2.676139318246709422e+02
-4.904818426705837356e-03
-2.762963364461240781e+04
-1.631522590156986863e-01
-1.698892883468959836e+00
-1.025238898873641301e+05
1.954614266528862645e+05
-6.768720317421571817e+05
3.426830053659987829e+00
8.235863330373719367e-06
-6.093502716024075958e-04
-1.399979291871882747e+00
2.422998396439100810e-01
9.304896760527527988e+01
-5.292147187774160244e+01
4.598995593669361170e+01
5.825027136820649787e+01
2.935876616533512973e+01
-4.911630426870098745e+03
3.760739622668113607e-04
1.749906915140738654e-03
-6.696778768464772824e-02
3.259544563415480933e+00
-7.724698627605574686e+00
-3.600611167033164151e+01
7.927016129370042563e+01
-3.136077002763478916e+01
3.251171557111295556e+02
-5.774736377137988939e+02
2.132690114907409731e-06
-4.507106736493057042e+00
1.262545534003992886e-01
-1.769762665620776243e+05
-1.492449576402328830e+02
8.547099644605478943e+02
-2.414070288895230740e+06
4.251855488282479346e+06
-1.682974171994968131e+07
2.085115143130930301e+04
2.083621037315370082e-06
5.231563052378186640e+00
1.330729172024883999e-01
2.349198888866678462e+05
-1.427783873121061617e+02
8.640849054584779196e+02
2.962502598352268804e+06
-6.134125279249010608e+06
2.266868708908239380e+07
2.807292422696028370e+04
1.693180482927955960e-07
-7.948610318689234511e+00
1.579449678769952181e-02
-6.743010168966312194e+05
-2.014869061340714040e+01
3.133120635596082337e+01
-9.259342404129059985e+06
1.791283938597232848e+07
-6.912940888221791387e+07
-1.327606046957910257e+04
-5.400778461252628987e-06
2.153638198835894238e-04
-1.317551796433311218e+01
-6.560827656624067572e+01
1.489258376888687280e+03
-2.356164235389073383e+03
-7.349008030186546966e+04
-1.008087418213810015e+05
-3.127444286903962347e+04
-3.052180283916347544e+05
-3.544191706740017016e-04
5.462711299623851206e-04
2.894285308507680773e-02
2.096360077848620325e-05
-9.438278684057708201e-01
-2.601496272790488895e-01
-4.516753482313031289e-04
-2.802948271445713114e-04
-1.225511420323180724e-05
-2.490395595108764850e-04
6.299237544949664967e-06
-2.678211312879955699e+02
4.887169203702072806e-03
-5.048149981615172699e+00
-1.438105430920948447e-01
-4.003306845955727222e-02
1.651446684104748985e-01
-1.198489305615021011e-01
4.046168264386983127e-02
2.090438002072497032e-04
1.181271221877142237e-02
5.995345395677389956e-04
-1.350024365428405204e+00
-1.705103050111183508e-04
3.504637945929823672e+01
-2.418437135437489971e+01
2.879292407953516708e+00
4.245521536090639536e+00
7.958408172760238486e-01
-3.198839216648792103e+02
4.524781661505402258e-06
-5.022502338912391728e+00
-2.438469486859635364e-04
-3.528247393066086701e+00
-9.112168650007378135e-02
7.099861291116519313e-01
-1.777403800015445938e+02
-9.149685263007000913e+00
-1.337458234953967064e+02
5.654531653293749294e+00
9.263958749550542660e-01
1.556832560719717366e-03
-1.310143122522250110e+02
-4.210428209196714205e-02
6.982602904576144283e+03
-2.553978401892429247e+03
2.582525583900147467e+03
3.736571623764549713e+03
6.904922212874805609e+02
-2.790631076051452546e+05
-3.733813621360166923e-01
-6.272031016321154891e-04
2.355640601821660596e+01
3.770330099667008883e-02
-2.174650467988260061e+03
-2.641522622541307555e+03
1.666429353309096768e+03
2.405255548682295284e+03
4.403363562256471937e+02
1.235331608792438601e+04
-1.633077211130608253e-04
-7.205889815208322549e-04
7.889686386977276200e+00
-2.627787067329660431e+02
-7.734504434128506546e+03
4.592722897884821577e+04
-6.483725123231918551e+06
-9.308578933752464131e+06
-1.713490313964039087e+06
3.563839622345441603e+05
-1.412638590103163351e-04
-7.375988793534474230e-03
8.289218391126903285e+00
2.679493632775520950e+02
-7.645693063834702116e+03
4.515629745485775493e+04
-6.345994499711836688e+06
-9.172209194624075666e+06
-1.664665751261589350e+06
3.530355833216143656e+05
-5.744085160461983779e-06
1.004888976468474859e-01
9.517899957145321554e-01
-8.458349685564694909e+00
-6.480491118656086655e+02
3.703710801967494717e+03
-5.150682306276161107e+05
-7.464916879218674731e+05
-1.455745213707316143e+05
3.054691448528008186e+04
-1.366264189038017031e-02
-1.462506584298558349e-04
-8.313260364764450969e+02
6.836940754553889887e-02
8.522037981764660799e+04
-1.409373490656715294e+05
-3.968636939341804013e+06
-5.715931144143985584e+06
-1.044773122172050760e+06
-1.626938467894587852e+07
-1.874715769737039447e-02
1.991260576664917081e-06
9.667674926691808279e-01
-4.877388855292391330e-07
3.678524510532575620e-02
-2.769008683625166431e-02
-1.576847600741506218e-04
-1.165298092637639878e-04
-9.693673069399829696e-06
1.582599622607763160e-03
2.121912590232142612e-06
-9.493697062251595098e-02
-4.862728971122571436e-04
7.752821919264608397e+00
8.305396151937739779e-02
-5.221447611741344419e-01
2.131217701545934631e+02
-1.350018881302277975e+02
-7.160488221329654834e+01
-3.763306570928562356e-03
9.990576488569090641e-01
-2.286773991876131604e-04
-1.031471222897476281e+02
5.810519895935399755e-03
7.030990918054342274e+02
-2.563132802270675256e+03
-1.279257292392233758e+01
-9.437679310168920921e+00
-7.810522456631612265e-01
1.198973583215259282e+02
7.538761056688449065e-08
3.164228280653498260e+00
1.191860186731046045e-02
-3.616259078887736109e+02
-6.088298570671947907e+00
3.911981771621712056e+01
-1.066060293736463973e+04
1.226445103209543959e+03
-7.210339569972216850e+03
-2.385421102324967251e+02
-2.496283093470303555e-02
-2.760660939503453183e-03
-1.024417770873957352e+03
2.361338938415720456e-01
2.458189733599837200e+04
-9.908261625168089813e+04
3.211113926167615864e+04
4.660608786850714387e+04
8.590536644817711931e+03
-2.010621316526548704e+06
-3.036346890767558163e-02
-1.183978677181385039e-02
-2.548134629211140691e+03
1.284656376423666035e+00
6.456177396865389892e+04
-2.646986420027969289e+05
1.582238904625716968e+05
2.287846839028797112e+05
4.203993642674198054e+04
-6.404828929104635492e+06
-3.274141011480684294e-04
1.762859802114908518e+02
-3.205689479310420609e+01
-2.476406185663471842e+04
-3.728074078285403666e+05
2.444960609527655412e+06
-3.460968409026474953e+08
-4.962022062651362419e+08
-9.131840753511112928e+07
-2.236478932381285727e+07
-3.207466774713630883e-04
-1.710169916931106968e+02
-3.133786564088098459e+01
2.462471728076872023e+04
-3.664683638862583321e+05
2.402173503515810240e+06
-3.381311400610033274e+08
-4.893463623327248096e+08
-8.881694752120283246e+07
-2.190460646290143579e+07
-2.607847460008762009e-05
-1.061050725432790358e+02
-2.526949516507984939e+00
7.183769356077453267e+03
-2.996080490953544722e+04
1.957746577530975628e+05
-2.703600771007719636e+07
-4.003379198418418318e+07
-7.955968553412706591e+06
-1.747077341247134609e+06
1.051973606301478958e-03
-9.381100296834729568e-02
9.880719089946850886e+01
1.686248295429512822e+01
1.309103137431786628e+06
-6.689778825430116616e+06
-2.157079588600850701e+08
-3.106884385714345574e+08
-5.679482492697510123e+07
-6.824841711358412504e+08
