# -0.7J_-0.29999999999999993g_0.94248theta_0phi_10Chi_0.01delta_500N
5.507277066326106418e-02
1.678838377197099715e-04
1.555280349182949729e-05
1.398273225622968790e-06
4.865598770114605290e-07
8.878280228330877157e-07
2.988146396327015898e-07
8.093523142536413237e-07
2.440902333691344260e-07
7.650998681182989901e-07
2.137316068222923039e-07
7.258870906122855769e-07
1.918980019753306381e-07
6.888582628534323713e-07
1.743781701158133419e-07
6.542703844852802747e-07
1.597135764718581995e-07
6.225387698668238681e-07
1.472755351780264554e-07
5.939399076427640336e-07
1.367377822905937306e-07
5.686843043894279268e-07
1.279106521937993860e-07
5.470405353858426604e-07
1.206750574257142680e-07
5.294553151152147745e-07
1.149476342696439263e-07
5.166616654486695672e-07
1.106607229782135997e-07
5.097569803445550929e-07
1.077566850998499765e-07
5.101754086950871463e-07
1.061932349103580355e-07
5.194265284871153517e-07
1.059496877052175382e-07
5.385787570619977693e-07
1.070282814424995647e-07
5.677414150503341633e-07
1.094507318694434625e-07
6.059121043773441382e-07
1.132559030461132254e-07
6.512593303993997263e-07
1.185051989346994858e-07
7.014770654416463664e-07
1.253010366914333552e-07
7.537036324987335541e-07
1.338239342214008002e-07
8.037009056466550522e-07
1.443982508036021541e-07
8.443594153410648775e-07
1.576066180553310578e-07
8.637352707904230072e-07
1.744913791399441322e-07
8.442396841394972868e-07
1.969157669865132665e-07
7.711885408932155758e-07
2.282188513651135808e-07
6.549538368861884385e-07
2.743715650418559746e-07
5.317815459947493596e-07
3.457013146424503837e-07
4.296768496437537467e-07
4.569430329194125490e-07
3.542902953020210218e-07
6.087853309312346273e-07
3.004208618802666416e-07
7.129931415300798815e-07
2.616935893738465198e-07
6.322894694424352577e-07
2.333780519454639859e-07
4.678149038582355959e-07
2.121979152051819141e-07
3.460334330100302413e-07
1.959384860248098399e-07
2.698239533714505854e-07
1.831503223028200480e-07
2.195729449901484402e-07
1.728703418492026800e-07
1.834103700598030057e-07
1.644424338264102560e-07
1.556384074082039984e-07
1.574114622628997180e-07
1.335472401416329566e-07
1.514592661673087191e-07
1.157233168100826882e-07
1.463638996947306832e-07
1.012993434840731879e-07
1.419723586838425976e-07
8.965050339741235776e-08
1.381818755040443022e-07
8.028079136712802017e-08
1.349269003272165921e-07
7.278199413694789077e-08
1.321698613866903368e-07
6.681751348962119141e-08
1.298943864558475448e-07
6.211289651486353910e-08
1.281000965894730381e-07
5.844790292348484094e-08
1.267985819013524404e-07
5.564877092036524522e-08
1.260100664420307371e-07
5.358041203491271913e-08
1.257604661757338781e-07
5.213879816439425512e-08
1.260784937513580223e-07
5.124388391462426854e-08
1.269926434125987547e-07
5.083352778326572143e-08
1.285279113789573981e-07
5.085869794590292596e-08
1.307023147269993811e-07
5.127987622016310002e-08
1.335231985592760300e-07
5.206469506021638822e-08
1.369841389159936072e-07
5.318690577409209919e-08
1.410624214260200264e-07
5.462518092862387790e-08
1.457175206428453196e-07
5.636273576633662601e-08
1.508912152063435093e-07
5.838663311430882086e-08
1.565093696088161050e-07
6.068692329329023158e-08
1.624849721757852172e-07
6.325564988820784554e-08
1.687205707264319142e-07
6.608551589130489892e-08
1.751077305760814362e-07
6.916850406053403301e-08
1.815199605725507699e-07
7.249403871208325382e-08
1.877952811344848855e-07
7.604669587567666141e-08
1.937068959838789731e-07
7.980327415124997961e-08
1.989248831508634123e-07
8.372908497034062402e-08
2.029804212937714611e-07
8.777344774822951337e-08
2.052564864588981627e-07
9.186468171217948195e-08
2.050405551195069950e-07
9.590546394720750674e-08
2.016712554954362462e-07
9.977030636788670897e-08
1.947709047264119219e-07
1.033079234886156139e-07
1.844780948651611359e-07
1.063518334278905928e-07
1.715357219927058078e-07
1.087415623739082234e-07
1.571393842493348204e-07
1.103531857404234664e-07
1.426072694356555650e-07
1.111319335998220147e-07
1.290525573021923632e-07
1.111144312458526099e-07
1.172061927758723254e-07
1.104288904928798168e-07
1.074104341937317938e-07
1.092703207458774350e-07
9.971302930410943195e-08
1.078598295271762493e-07
9.398326728102103839e-08
1.064038241012639812e-07
9.000537732674034751e-08
1.050662064515582426e-07
8.753791449613310298e-08
1.039580516713663971e-07
8.634501756427904789e-08
1.031415017165829659e-07
8.621013769763681937e-08
1.026414270614531398e-07
8.694140913818823606e-08
1.024591857575607517e-07
8.837418339181299312e-08
1.025850742960838530e-07
9.037252569085282570e-08
1.030079742854342908e-07
9.282922187783664828e-08
1.037217249598194989e-07
9.566362630990805592e-08
1.047281884498367422e-07
9.881762939204780604e-08
1.060372760883027683e-07
1.022507830368313092e-07
1.076645968206007103e-07
1.059356306900089316e-07
1.096278013600352057e-07
1.098538456390901496e-07
1.119428916497992876e-07
1.139933364430968131e-07
1.146215634357320605e-07
1.183462214749102778e-07
1.176700939463487919e-07
1.229074859957954271e-07
1.210896414184010588e-07
1.276741378016275373e-07
1.248773926002736478e-07
1.326447128871853746e-07
1.290279203669692787e-07
1.378190405005108795e-07
1.335343522183121968e-07
1.431981242980450689e-07
1.383890734470192650e-07
1.487841017682850748e-07
1.435843570160640544e-07
1.545804207246839482e-07
1.491127980218432873e-07
1.605918906955679824e-07
1.549677497708986922e-07
1.668247698547390106e-07
1.611437489791829672e-07
1.732868127370552629e-07
1.676368498875994353e-07
1.799872542836076780e-07
1.744448152563701538e-07
1.869367643800430825e-07
1.815671264453030157e-07
1.941471380366177594e-07
1.890047843471819451e-07
2.016311402370458685e-07
1.967601640976494346e-07
2.094021903780006410e-07
2.048367460684261288e-07
2.174740172061729689e-07
2.132388931902221629e-07
2.258603284640950271e-07
2.219716572273392992e-07
2.345745118401768449e-07
2.310406071505614178e-07
2.436293874047485710e-07
2.404516788107274323e-07
2.530370228436361780e-07
2.502110505879078991e-07
2.628086146089569836e-07
2.603250478944352752e-07
2.729544319426853591e-07
2.708000759194542348e-07
2.834838388092063555e-07
2.816426660066600700e-07
2.944053004550418731e-07
2.928591897723847934e-07
3.057264092759157106e-07
3.044560758328684561e-07
3.174540924241358610e-07
3.164397831839576628e-07
3.295947340047252748e-07
3.288168017474077824e-07
3.421541357061735861e-07
3.415935393319364923e-07
3.551377310906161840e-07
3.547764715783857687e-07
3.685506785921745762e-07
3.683720956927560456e-07
3.823979212423337029e-07
3.823869321505722953e-07
3.966842447859357382e-07
3.968275244519658804e-07
4.114143268896460882e-07
4.117004371904329227e-07
4.265927862309958953e-07
4.270122528808012656e-07
4.422242331187823962e-07
4.427695678886748914e-07
4.583133144917558136e-07
4.589789877831674331e-07
4.748647455975142585e-07
4.756471223595311713e-07
4.918833268097176282e-07
4.927805804877313473e-07
5.093739489995977579e-07
5.103859650016017728e-07
5.273416416916569088e-07
5.284699502907226160e-07
5.457914623132124304e-07
5.470390315211162014e-07
5.647284890263529684e-07
5.660997600313060695e-07
5.841579229562186610e-07
5.856586616020537917e-07
6.040850202898449789e-07
6.057222312152980339e-07
6.245150820587587653e-07
6.262969288252914280e-07
6.454534441731690026e-07
6.473891753255802484e-07
6.669054677660453232e-07
6.690053487250064089e-07
6.888765300551579095e-07
6.911517805863062964e-07
7.113720157076087835e-07
7.138347526605873500e-07
7.343973088485285830e-07
7.370604938156233232e-07
7.579577856392982800e-07
7.608351772078425127e-07
7.820588074627140514e-07
7.851649177753730269e-07
8.067057147037420965e-07
8.100557701258778282e-07
8.319038209712211243e-07
8.355137269674960789e-07
8.576584078461580252e-07
8.615447182247587491e-07
8.839747199933423371e-07
8.881546102231558220e-07
9.108579999087259954e-07
9.153493333231822082e-07
9.383133936331256445e-07
9.431344625427549841e-07
9.663459729673925908e-07
9.715156091343761787e-07
9.949607903479626872e-07
1.000498323813278840e-06
1.024162842022935713e-06
1.030088080884238715e-06
1.053957065014171063e-06
1.060290275747519088e-06
1.084348334325130351e-06
1.091110222723816804e-06
1.115341460387126438e-06
1.122553153235214544e-06
1.146941186778662869e-06
1.154624214149924711e-06
1.179152188048194126e-06
1.187328466319892765e-06
1.211979067812168205e-06
1.220670883220418472e-06
1.245426357007488376e-06
1.254656349765727079e-06
1.279498512262189405e-06
1.289289661126881473e-06
1.314199914463246297e-06
1.324575521708727315e-06
1.349534867430365279e-06
1.360518544189619623e-06
1.385507596711501678e-06
1.397123248635562261e-06
1.422122248521359294e-06
1.434394061695863966e-06
1.459382888726687912e-06
1.472335315862099717e-06
1.497293501982008577e-06
1.510951248804033308e-06
1.535857990936335688e-06
1.550246002780236992e-06
1.575080175504608383e-06
1.590223624066751462e-06
1.614963792218653662e-06
1.630888062524257304e-06
1.655512493667996622e-06
1.672243171138875776e-06
1.696729847962104862e-06
1.714292705658675847e-06
1.738619338287708314e-06
1.757040324318345289e-06
1.781184362520567404e-06
1.800489587506585400e-06
1.824428232837873323e-06
1.844643957594488579e-06
1.868354175446262354e-06
1.889506798738061274e-06
1.912965330286532568e-06
1.935081376756753743e-06
1.958264764228371978e-06
1.981370869879447934e-06
2.004255457015898080e-06
2.028378360120983611e-06
2.050940265406818042e-06
2.076106795924051212e-06
2.098321982612686249e-06
2.124559049317865583e-06
2.146403314795351504e-06
2.173737893881397247e-06
2.195186881063928032e-06
2.223646004823947693e-06
2.244675213387276652e-06
2.274285959094500472e-06
2.294870756639283768e-06
2.325660235555352798e-06
2.345775868602706477e-06
2.377771215111298650e-06
2.397392820021525557e-06
2.430621180928203514e-06
2.449723794658657207e-06
2.484212318634843438e-06
2.502770889446297166e-06
2.538546716619293716e-06
2.556536114526897196e-06
2.593626366263927172e-06
2.611021393471923203e-06
2.649453162217607350e-06
2.666228563407188585e-06
2.706028902818279599e-06
2.722159375195810381e-06
2.763355290299024551e-06
2.778815493647752095e-06
2.821433931286574697e-06
2.836198497785639152e-06
2.880266337073042135e-06
2.894309880999048490e-06
2.939853924112538648e-06
2.953151051402173306e-06
3.000198014408236298e-06
3.012723332066660974e-06
3.061299835950510046e-06
3.073027961325978245e-06
3.123160523213919931e-06
3.134066093124296070e-06
3.185781117622834402e-06
3.195838797304907283e-06
3.249162568047814914e-06
3.258347060000671095e-06
3.313305731340169530e-06
3.321591783991923057e-06
3.378211372880756578e-06
3.385573789083971810e-06
3.443880167087361200e-06
3.450293812543112680e-06
3.510312698043137043e-06
3.515752509476889993e-06
3.577509460051395482e-06
3.581950453301207793e-06
3.645470858242518696e-06
3.648888136123127747e-06
3.714197209201665296e-06
3.716565969331695378e-06
3.783688741573830101e-06
3.784984283952010003e-06
3.853945596750006464e-06
3.854143331207837143e-06
3.924967829506408587e-06
3.924043283008921403e-06
3.996755408647855295e-06
3.994684232490451167e-06
4.069308217794679321e-06
4.066066194515410123e-06
4.142626055923851333e-06
4.138189106271098519e-06
4.216708638258387400e-06
4.211052827762850038e-06
4.291555596865378822e-06
4.284657142478745135e-06
4.367166481451935431e-06
4.359001757902001598e-06
4.443540760104884220e-06
4.434086306154991481e-06
4.520677820000424561e-06
4.509910344575977374e-06
4.598576968307920823e-06
4.586473356388155772e-06
4.677237432774758300e-06
4.663774751279223274e-06
4.756658362727242231e-06
4.741813866108640627e-06
4.836838829723692390e-06
4.820589965508751680e-06
4.917777828414046847e-06
4.900102242577954486e-06
4.999474277386327409e-06
4.980349819551193955e-06
5.081927019926340077e-06
5.061331748518781959e-06
5.165134824942143747e-06
5.143047012077980817e-06
5.249096387763608655e-06
5.225494524025720395e-06
5.333810330983493834e-06
5.308673130151727564e-06
5.419275205326374171e-06
5.392581608889710736e-06
5.505489490565047047e-06
5.477218672082378844e-06
5.592451596325586328e-06
5.562582965675460329e-06
5.680159862989161408e-06
5.648673070559914774e-06
5.768612562648032469e-06
5.735487503206037016e-06
5.857807899887230607e-06
5.823024716539162160e-06
5.947744012764340319e-06
5.911283100598869816e-06
6.038418973669685182e-06
6.000260983401049337e-06
6.129830790296378779e-06
6.089956631689971910e-06
6.221977406427308097e-06
6.180368251665352289e-06
6.314856703050188025e-06
6.271493989909063832e-06
6.408466499085882632e-06
6.363331934010920510e-06
6.502804552383889113e-06
6.455880113493330262e-06
6.597868560699115852e-06
6.549136500607397541e-06
6.693656162588883536e-06
6.643099011048747474e-06
6.790164938297233485e-06
6.737765504875142064e-06
6.887392410756377242e-06
6.833133787279717082e-06
6.985336046490456168e-06
6.929201609368941177e-06
7.083993256565100102e-06
7.025966669107386256e-06
7.183361397523374202e-06
7.123426611933801656e-06
7.283437772333617288e-06
7.221579031850013957e-06
7.384219631297736443e-06
7.320421472017262743e-06
7.485704173034611420e-06
7.419951425714895364e-06
7.587888545391607971e-06
7.520166337099453295e-06
7.690769846425105728e-06
7.621063602133163395e-06
7.794345125281086363e-06
7.722640569295355801e-06
7.898611383176601671e-06
7.824894540508005815e-06
8.003565574307098325e-06
7.927822771912062472e-06
8.109204606822910494e-06
8.031422474751266432e-06
8.215525343746689693e-06
8.135690816105665266e-06
8.322524603887992002e-06
8.240624919879709577e-06
8.430199162775061736e-06
8.346221867450644865e-06
8.538545753593789495e-06
8.452478698646544890e-06
8.647561068144049627e-06
8.559392412521153702e-06
8.757241757663366928e-06
8.666959968099584641e-06
8.867584433886720874e-06
8.775178285361576519e-06
8.978585669827271137e-06
8.884044245910171917e-06
9.090242000735998480e-06
8.993554693859421266e-06
9.202549925077125876e-06
9.103706436683658740e-06
9.315505905279191094e-06
9.214496245944309039e-06
9.429106368796211267e-06
9.325920858127867248e-06
9.543347708892953586e-06
9.437976975535593448e-06
9.658226285580325644e-06
9.550661266981369605e-06
9.773738426465523765e-06
9.663970368588083339e-06
9.889880427646162686e-06
9.777900884664005477e-06
1.000664855460685484e-05
9.892449388452934293e-06
1.012403904303703253e-05
1.000761242288292350e-05
1.024204831365346026e-05
1.012338650136761101e-05
1.036067236937331008e-05
1.023976822680011445e-05
1.047990732502187507e-05
1.035675396479489634e-05
1.059974930568588318e-05
1.047434012066458171e-05
1.072019441088486242e-05
1.059252309747382605e-05
1.084123871543953937e-05
1.071129927264718246e-05
1.096287827027623253e-05
1.083066499872850064e-05
1.108510910335087372e-05
1.095061660401080762e-05
1.120792722029597866e-05
1.107115039340166718e-05
1.133132860529288254e-05
1.119226264905128182e-05
1.145530922189444787e-05
1.131394963116238844e-05
1.157986501379206465e-05
1.143620757868819314e-05
1.170499190552769001e-05
1.155903271007450762e-05
1.183068580340691413e-05
1.168242122381187575e-05
1.195694259610809894e-05
1.180636929937532778e-05
1.208375815556446124e-05
1.193087309776982390e-05
1.221112833765188381e-05
1.205592876223794510e-05
1.233904898289443287e-05
1.218153241896658639e-05
1.246751591730357120e-05
1.230768017774039352e-05
1.259652495295927699e-05
1.243436813267082630e-05
1.272607188887656019e-05
1.256159236273491392e-05
1.285615251157279506e-05
1.268934893255715608e-05
1.298676259591961166e-05
1.281763389301305947e-05
1.311789790566644693e-05
1.294644328184371938e-05
1.324955419422864111e-05
1.307577312427042855e-05
1.338172720539709035e-05
1.320561943372108244e-05
1.351441267387386638e-05
1.333597821236975787e-05
1.364760632599285853e-05
1.346684545174877055e-05
1.378130388047340267e-05
1.359821713333893334e-05
1.391550104886841756e-05
1.373008922930746433e-05
1.405019353632642619e-05
1.386245770285184148e-05
1.418537704217618974e-05
1.399531850899435006e-05
1.432104726053308494e-05
1.412866759509500683e-05
1.445719988097175668e-05
1.426250090131884778e-05
1.459383058902123918e-05
1.439681436136693283e-05
1.473093506678447258e-05
1.453160390290682150e-05
1.486850899355793291e-05
1.466686544815599059e-05
1.500654804639802441e-05
1.480259491442565134e-05
1.514504790064016501e-05
1.493878821461081392e-05
1.528400423048310186e-05
1.507544125775336101e-05
1.542341270951499502e-05
1.521254994958271067e-05
1.556326901130262376e-05
1.535011019299197926e-05
1.570356880982196217e-05
1.548811788840618160e-05
1.584430778010817196e-05
1.562656893460864207e-05
1.598548159860163230e-05
1.576545922884642646e-05
1.612708594383983367e-05
1.590478466754971859e-05
1.626911649683604897e-05
1.604454114674149629e-05
1.641156894150191489e-05
1.618472456248562874e-05
1.655443896532277805e-05
1.632533081133280884e-05
1.669772225958909425e-05
1.646635579080743452e-05
1.684141452011984877e-05
1.660779539975522091e-05
1.698551144744872752e-05
1.674964553899586968e-05
1.713000874743908999e-05
1.689190211146171484e-05
1.727490213170378589e-05
1.703456102278627166e-05
1.742018731797617936e-05
1.717761818178027263e-05
1.756586003048366332e-05
1.732106950062619024e-05
1.771191600060499435e-05
1.746491089544142581e-05
1.785835096691050302e-05
1.760913828664063290e-05
1.800516067588628336e-05
1.775374759926307862e-05
1.815234088207278777e-05
1.789873476341733932e-05
1.829988734859414805e-05
1.804409571460931916e-05
1.844779584756081085e-05
1.818982639412294400e-05
1.859606216026636104e-05
1.833592274936431428e-05
1.874468207765970861e-05
1.848238073419647613e-05
1.889365140070730040e-05
1.862919630935691039e-05
1.904296594062419737e-05
1.877636544271742941e-05
1.919262151938659736e-05
1.892388410959411658e-05
1.934261396987085687e-05
1.907174829317725650e-05
1.949293913630809706e-05
1.921995398478532294e-05
1.964359287449718170e-05
1.936849718411060481e-05
1.979457105221056116e-05
1.951737389965689859e-05
1.994586954936605067e-05
1.966658014890024808e-05
2.009748425841854241e-05
1.981611195876679973e-05
2.024941108465798156e-05
1.996596536560801165e-05
2.040164594635663820e-05
2.011613641590854622e-05
2.055418477519724518e-05
2.026662116611921817e-05
2.070702351637722727e-05
2.041741568321425761e-05
2.086015812904619022e-05
2.056851604486709307e-05
2.101358458633672234e-05
2.071991833968965524e-05
2.116729887579751966e-05
2.087161866751643455e-05
2.132129699955600272e-05
2.102361313959307139e-05
2.147557497453958530e-05
2.117589787886232794e-05
2.163012883267606887e-05
2.132846902019257704e-05
2.178495462117651090e-05
2.148132271056609421e-05
2.194004840267952883e-05
2.163445510936597141e-05
2.209540625555728220e-05
2.178786238857512918e-05
2.225102427389438159e-05
2.194154073284652881e-05
2.240689856801161243e-05
2.209548634002230877e-05
2.256302526433915450e-05
2.224969542091467074e-05
2.271940050578200214e-05
2.240416419990561627e-05
2.287602045179336132e-05
2.255888891485020883e-05
2.303288127867408598e-05
2.271386581744220065e-05
2.318997917956776519e-05
2.286909117323131897e-05
2.334731036481434930e-05
2.302456126199676014e-05
2.350487106177325891e-05
2.318027237771805511e-05
2.366265751548280347e-05
2.333622082880965003e-05
2.382066598828766290e-05
2.349240293838639358e-05
2.397889276025943949e-05
2.364881504424051458e-05
2.413733412935659806e-05
2.380545349916246786e-05
2.429598641129249140e-05
2.396231467089936196e-05
2.445484593996226832e-05
2.411939494256516359e-05
2.461390906737972222e-05
2.427669071245356771e-05
2.477317216380694136e-05
2.443419839444910331e-05
2.493263161790553134e-05
2.459191441791974656e-05
2.509228383682148442e-05
2.474983522815004942e-05
2.525212524634078625e-05
2.490795728608968603e-05
2.541215229075848150e-05
2.506627706872074316e-05
2.557236143331397766e-05
2.522479106914453430e-05
2.573274915598988826e-05
2.538349579662029889e-05
2.589331195975204814e-05
2.554238777663306664e-05
2.605404636445275517e-05
2.570146355120377657e-05
2.621494890920056110e-05
2.586071967868330574e-05
2.637601615209622433e-05
2.602015273412009846e-05
2.653724467051461598e-05
2.617975930911604874e-05
2.669863106107370158e-05
2.633953601220408725e-05
2.686017193973245129e-05
2.649947946847865132e-05
2.702186394182182097e-05
2.665958632028010789e-05
2.718370372200266141e-05
2.681985322668960003e-05
2.734568795454406356e-05
2.698027686392374393e-05
2.750781333309632994e-05
2.714085392539810558e-05
2.767007657097831874e-05
2.730158112157766553e-05
2.783247440093618169e-05
2.746245518031489012e-05
2.799500357543223964e-05
2.762347284670820579e-05
2.815766086651089715e-05
2.778463088323383808e-05
2.832044306591986993e-05
2.794592606980726896e-05
2.848334698504021646e-05
2.810735520382144815e-05
2.864636945492680928e-05
2.826891510012379113e-05
2.880950732639281126e-05
2.843060259117131827e-05
2.897275746995998862e-05
2.859241452706206285e-05
2.913611677586466732e-05
2.875434777536401104e-05
2.929958215406014874e-05
2.891639922160288445e-05
2.946315053423869532e-05
2.907856576870897680e-05
2.962681886584112910e-05
2.924084433752233795e-05
2.979058411808451615e-05
2.940323186658782916e-05
2.995444327978541793e-05
2.956572531227419221e-05
3.011839335960617115e-05
2.972832164870982399e-05
3.028243138580739496e-05
2.989101786785587205e-05
3.044655440639369752e-05
3.005381097954231142e-05
3.061075948909220882e-05
3.021669801138236378e-05
3.077504372116675178e-05
3.037967600898748802e-05
3.093940420961932433e-05
3.054274203578467178e-05
3.110383808098937631e-05
3.070589317300526083e-05
3.126834248143462992e-05
3.086912651987539917e-05
3.143291457671030376e-05
3.103243919346680214e-05
3.159755155204169868e-05
3.119582832880516646e-05
3.176225061215698820e-05
3.135929107874800103e-05
3.192700898127006091e-05
3.152282461404086987e-05
3.209182390298401304e-05
3.168642612337389938e-05
3.225669264034183479e-05
3.185009281326735438e-05
3.242161247570960798e-05
3.201382190814596693e-05
3.258658071078278080e-05
3.217761065016400710e-05
3.275159466643793709e-05
3.234145629960580754e-05
3.291665168286487923e-05
3.250535613430071449e-05
3.308174911935997246e-05
3.266930745003990928e-05
3.324688435445509715e-05
3.283330756036795690e-05
3.341205478556015350e-05
3.299735379666382301e-05
3.357725782928487303e-05
3.316144350797995804e-05
3.374249092113533688e-05
3.332557406117327554e-05
3.390775151552584779e-05
3.348974284075652166e-05
3.407303708575324806e-05
3.365394724898991053e-05
3.423834512389198239e-05
3.381818470572868545e-05
3.440367314069920301e-05
3.398245264853756319e-05
3.456901866579518772e-05
3.414674853242487409e-05
3.473437924721704166e-05
3.431106983014540004e-05
3.489975245167578193e-05
3.447541403194626461e-05
3.506513586435953457e-05
3.463977864547104887e-05
3.523052708881559369e-05
3.480416119592427850e-05
3.539592374702425569e-05
3.496855922586730232e-05
3.556132347923107278e-05
3.513297029534425629e-05
3.572672394394810664e-05
3.529739198165442171e-05
3.589212281775239552e-05
3.546182187949910753e-05
3.605751779541677685e-05
3.562625760075623110e-05
3.622290658961203652e-05
3.579069677455029672e-05
3.638828693110774380e-05
3.595513704720554451e-05
3.655365656835757109e-05
3.611957608221950266e-05
3.671901326767354560e-05
3.628401156011165315e-05
3.688435481323346251e-05
3.644844117844065021e-05
3.704967900660573340e-05
3.661286265189633523e-05
3.721498366714678702e-05
3.677727371183205259e-05
3.738026663157879961e-05
3.694167210678068921e-05
3.754552575407302945e-05
3.710605560197332951e-05
3.771075890612473372e-05
3.727042197956441025e-05
3.787596397651218574e-05
3.743476903820915276e-05
3.804113887120020128e-05
3.759909459349787401e-05
3.820628151312850228e-05
3.776339647751455369e-05
3.837138984240471841e-05
3.792767253890898786e-05
3.853646181595185870e-05
3.809192064302267838e-05
3.870149540770125214e-05
3.825613867140474340e-05
3.886648860811476008e-05
3.842032452227395694e-05
3.903143942454036068e-05
3.858447611005811197e-05
3.919634588087771995e-05
3.874859136537632087e-05
3.936120601741864463e-05
3.891266823538459130e-05
3.952601789111265756e-05
3.907670468305127421e-05
3.969077957505679237e-05
3.924069868778330580e-05
3.985548915873887498e-05
3.940464824481494790e-05
4.002014474774524301e-05
3.956855136546509621e-05
4.018474446382339907e-05
3.973240607692161898e-05
4.034928644465623923e-05
3.989621042239638435e-05
4.051376884392772184e-05
4.005996246067798628e-05
4.067818983109135639e-05
4.022366026646189769e-05
4.084254759137439812e-05
4.038730193003251461e-05
4.100684032567412365e-05
4.055088555734094092e-05
4.117106625044948540e-05
4.071440926983283735e-05
4.133522359761104467e-05
4.087787120445861977e-05
4.149931061455941342e-05
4.104126951362488016e-05
4.166332556399252377e-05
4.120460236501857646e-05
4.182726672369992772e-05
4.136786794159421862e-05
4.199113238680411350e-05
4.153106444158914234e-05
4.215492086132548296e-05
4.169419007838079416e-05
4.231863047028466639e-05
4.185724308035778594e-05
4.248225955171543806e-05
4.202022169097353578e-05
4.264580645818965952e-05
4.218312416861762741e-05
4.280926955722111777e-05
4.234594878661960491e-05
4.297264723072773390e-05
4.250869383294768647e-05
4.313593787525649435e-05
4.267135761044988420e-05
4.329913990187367551e-05
4.283393843657910463e-05
4.346225173586906650e-05
4.299643464342966603e-05
