# -0.6J_-0.4g_0.57596theta_0.57596phi_10Chi_0.01delta_500N
6.759918304218935636e-02
6.764663921966884534e-04
3.393253296164986949e-06
1.030995444849895863e-06
4.297245057966342711e-07
3.670288969818882063e-07
3.594979104901504366e-07
2.529757868603462864e-07
3.124720666252950956e-07
2.020808760548370933e-07
2.736320770338499374e-07
1.753498112713688103e-07
2.410309910611225095e-07
1.591648546109662505e-07
2.136671971973986759e-07
1.480401779092670794e-07
1.907947309650124430e-07
1.395406351586369805e-07
1.720951679111665006e-07
1.325551290567197113e-07
1.577776661688895332e-07
1.266203295265811734e-07
1.480231346618126607e-07
1.216315151699423124e-07
1.425848941037694921e-07
1.177195128004207122e-07
1.413123114108079138e-07
1.151930378311355217e-07
1.442762084783309149e-07
1.144821240734047939e-07
1.515495612266986270e-07
1.160448334872997958e-07
1.630819897807232813e-07
1.202466226164567981e-07
1.786790449531359029e-07
1.272733174636041237e-07
1.979582278212589070e-07
1.371320409913317327e-07
2.201851207644590085e-07
1.497239776850942971e-07
2.439968118556772232e-07
1.649200881592032293e-07
2.671625037475631074e-07
1.825717165402784871e-07
2.866900801532687132e-07
2.023963017891958051e-07
2.995510746920352722e-07
2.236687341261806756e-07
3.037968366105243725e-07
2.446579226190175552e-07
2.992445750608324213e-07
2.619265216671845025e-07
2.871860390095534703e-07
2.702646933179618911e-07
2.695181286944167539e-07
2.648595445549207620e-07
2.480458926929282480e-07
2.455934132879262554e-07
2.242708968162393592e-07
2.183726175233473066e-07
1.995081457014818351e-07
1.905180563163198786e-07
1.750288877551843329e-07
1.662851405780922984e-07
1.520290436648780502e-07
1.466863991862526840e-07
1.314468433075015591e-07
1.311798712699133974e-07
1.138024785977520665e-07
1.188702542837355629e-07
9.918647275787835259e-08
1.089718489757937037e-07
8.738405004787856999e-08
1.009006845437929054e-07
7.802449348527920385e-08
9.424652304305095276e-08
7.069879217826373821e-08
8.872558240296670222e-08
6.502697335315607900e-08
8.414203999973786927e-08
6.068342976672221577e-08
8.036188470835092085e-08
5.739853712360772774e-08
7.729630845676596946e-08
5.495298047776900277e-08
7.489105800698743024e-08
5.317277187882890199e-08
7.311876934743330446e-08
5.192465897545983813e-08
7.197245046627815976e-08
5.110968358519257116e-08
7.146059321046714660e-08
5.065470233609459052e-08
7.160607510504507568e-08
5.050338024258584975e-08
7.244837196686298659e-08
5.060819666546283420e-08
7.404561745268831524e-08
5.092421178226866022e-08
7.647426991697676911e-08
5.140480832618301875e-08
7.982600505041546176e-08
5.199948649662849043e-08
8.420124047920270702e-08
5.265377741950627017e-08
8.969707901870062910e-08
5.331126762137817786e-08
9.638492888863727602e-08
5.391752829343331122e-08
1.042696449651500761e-07
5.442540472158021005e-08
1.132184230136145071e-07
5.480066462321400113e-08
1.228469432862733595e-07
5.502663891535816917e-08
1.323618399436638184e-07
5.510656224510201078e-08
1.404063707395117353e-07
5.506280596075350841e-08
1.450777281679291421e-07
5.493331605523883123e-08
1.444445417095835047e-07
5.476669947038138053e-08
1.377251761239351086e-07
5.461643697746042796e-08
1.263254649177596196e-07
5.453533618798025466e-08
1.133038350719291151e-07
5.457132522830202158e-08
1.015281300079305604e-07
5.476556733994250523e-08
9.247732353313198199e-08
5.515243063366376748e-08
8.637466795296010890e-08
5.576010603492078454e-08
8.281624587265743486e-08
5.661114814245388595e-08
8.123077478847625797e-08
5.772298669111498257e-08
8.108755004221125171e-08
5.910830851670847566e-08
8.196279964387425503e-08
6.077535818594910475e-08
8.354821577474003563e-08
6.272820803260246133e-08
8.563809272282041463e-08
6.496703224568420818e-08
8.810840343930080354e-08
6.748842092344845151e-08
9.089317206410093279e-08
7.028577773741102508e-08
9.396100738946555295e-08
7.334986232388003507e-08
9.729362439383206848e-08
7.666955904426718526e-08
1.008674008604712120e-07
8.023296080997816915e-08
1.046385718506837457e-07
8.402882732954445339e-08
1.085331511338331396e-07
8.804839199293168334e-08
1.124445722671558935e-07
9.228735060498995750e-08
1.162448996622964087e-07
9.674770349711992614e-08
1.198162587747364106e-07
1.014390111838028006e-07
1.231016345016131581e-07
1.063786430667749469e-07
1.261551266426553196e-07
1.115907934072558233e-07
1.291552258895890370e-07
1.171043724208481217e-07
1.323592543238767016e-07
1.229502460572362048e-07
1.360224529938013078e-07
1.291585870919395330e-07
1.403324493155443928e-07
1.357568348006659627e-07
1.453884684147189329e-07
1.427686338941192887e-07
1.512169633834846591e-07
1.502134541893780404e-07
1.578000931038522116e-07
1.581068543148296534e-07
1.651005102310464871e-07
1.664611292859468241e-07
1.730772193381134591e-07
1.752860849906340814e-07
1.816936031143340174e-07
1.845897686079811311e-07
1.909204157468833598e-07
1.943790682633287574e-07
2.007361750326240608e-07
2.046601362597794707e-07
2.111263605908843769e-07
2.154386925989799000e-07
2.220821984850656131e-07
2.267202511418079716e-07
2.335994369487142427e-07
2.385103048909601559e-07
2.456772897640880132e-07
2.508145079717700346e-07
2.583175797373808849e-07
2.636388520518895709e-07
2.715240684102836205e-07
2.769898195465739754e-07
2.853019447901073615e-07
2.908744932200701740e-07
2.996574706771284666e-07
3.053006111518786789e-07
3.145977525859706922e-07
3.202765701033003316e-07
3.301305684112133213e-07
3.358113916178122832e-07
3.462642261256103891e-07
3.519146658493474258e-07
3.630074554122624221e-07
3.685964807161585696e-07
3.803693261545039456e-07
3.858673419592393916e-07
3.983591864217525674e-07
4.037380922248775610e-07
4.169866134960574598e-07
4.222198361898258726e-07
4.362613728978273599e-07
4.413238751285919478e-07
4.561933823120724514e-07
4.610616514754425918e-07
4.767926790064259627e-07
4.814447025289591700e-07
4.980693903111888635e-07
5.024846219840543611e-07
5.200337070604996251e-07
5.241930281569172043e-07
5.426958613405130978e-07
5.465815378149498059e-07
5.660661015740229295e-07
5.696617400191086852e-07
5.901546806739410333e-07
5.934451846917255490e-07
6.149718310329452721e-07
6.179433522603875328e-07
6.405277496825810963e-07
6.431676475432945515e-07
6.668325938587852967e-07
6.691293893610560167e-07
6.938964658381295998e-07
6.958397975336831875e-07
7.217294032452096290e-07
7.233099832990067870e-07
7.503413705067810573e-07
7.515509410694567566e-07
7.797422511246427832e-07
7.805735413100151586e-07
8.099418407515922554e-07
8.103885243563797806e-07
8.409498409168004289e-07
8.410064950391139988e-07
8.727758533899053615e-07
8.724379180307048521e-07
9.054293750714412846e-07
9.046931137923636406e-07
9.389197933738410978e-07
9.377822550644292944e-07
9.732563820147760920e-07
9.717153638136514676e-07
1.008448297185898874e-06
1.006502308574660954e-06
1.044504574039842932e-06
1.042152802133458985e-06
1.081434123446453640e-06
1.078676399522518090e-06
1.119245729041165151e-06
1.116082496241318231e-06
1.157948044438635550e-06
1.154380326734008162e-06
1.197549590711523844e-06
1.193578963038548809e-06
1.238058754007511849e-06
1.233687313603610685e-06
1.279483783373491903e-06
1.274714122277830441e-06
1.321832788705674081e-06
1.316667967388979745e-06
1.365113738877056592e-06
1.359557260994226355e-06
1.409334459981693143e-06
1.403390248187343328e-06
1.454502633720248768e-06
1.448175006531156075e-06
1.500625795905136182e-06
1.493919445567045701e-06
1.547711335092308121e-06
1.540631306409560095e-06
1.595766491313786033e-06
1.588318161414724083e-06
1.644798354927688559e-06
1.636987413926171800e-06
1.694813865577527880e-06
1.686646298077649095e-06
1.745819811230141447e-06
1.737301878680051316e-06
1.797822827351606631e-06
1.788961051140830451e-06
1.850829396126449780e-06
1.841630541484265264e-06
1.904845845833607398e-06
1.895316906395821891e-06
1.959878350233706231e-06
1.950026533338242671e-06
2.015932928130978882e-06
2.005765640731193787e-06
2.073015442930989370e-06
2.062540278174588678e-06
2.131131602360133303e-06
2.120356326729834321e-06
2.190286958208204441e-06
2.179219499249326620e-06
2.250486906192002917e-06
2.239135340775623155e-06
2.311736685851053196e-06
2.300109228970101990e-06
2.374041380563994160e-06
2.362146374609636811e-06
2.437405917591133625e-06
2.425251822109422926e-06
2.501835068243034999e-06
2.489430450135774686e-06
2.567333448048737179e-06
2.554686972218547671e-06
2.633905517042304950e-06
2.621025937444031549e-06
2.701555580117430014e-06
2.688451731178971387e-06
2.770287787388900598e-06
2.756968575843410680e-06
2.840106134666653619e-06
2.826580531720994408e-06
2.911014463987214155e-06
2.897291497837200750e-06
2.983016464155062163e-06
2.969105212830024881e-06
3.056115671400481034e-06
3.042025255914288716e-06
3.130315470036000085e-06
3.116055047841754871e-06
3.205619093213163861e-06
3.191197851941418650e-06
3.282029623676953043e-06
3.267456775146954775e-06
3.359549994618854621e-06
3.344834769111666851e-06
3.438182990533828420e-06
3.423334631317245450e-06
3.517931248151225110e-06
3.502959006225897244e-06
3.598797257381453096e-06
3.583710386499617167e-06
3.680783362342433373e-06
3.665591114185627966e-06
3.763891762372776291e-06
3.748603381976738122e-06
3.848124513112107282e-06
3.832749234511713183e-06
3.933483527649602879e-06
3.918030569655200993e-06
4.019970577624735866e-06
4.004449139821714068e-06
4.107587294431321175e-06
4.092006553379260175e-06
4.196335170431146814e-06
4.180704275968785460e-06
4.286215560186584679e-06
4.270543631951533526e-06
4.377229681721682006e-06
4.361525805809825320e-06
4.469378617851255170e-06
4.453651843600936983e-06
4.562663317451483996e-06
4.546922654426023532e-06
4.657084596824661409e-06
4.641339011882557603e-06
4.752643141104025530e-06
4.736901555594260682e-06
4.849339505566321083e-06
4.833610792714000444e-06
4.947174117109785489e-06
4.931467099444063274e-06
5.046147275622593277e-06
5.030470722589877812e-06
5.146259155481494534e-06
5.130621781103043863e-06
5.247509806946811252e-06
5.231920267665545738e-06
5.349899157704465895e-06
5.334366050239235561e-06
5.453427014295998321e-06
5.437958873685348399e-06
5.558093063655961077e-06
5.542698361336520027e-06
5.663896874599914034e-06
5.648584016596764407e-06
5.770837899369697085e-06
5.755615224596613332e-06
5.878915475144139670e-06
5.863791253737371839e-06
5.988128825589923037e-06
5.973111257404127151e-06
6.098477062426884431e-06
6.083574275483338641e-06
6.209959186926126992e-06
6.195179236104338424e-06
6.322574091562001668e-06
6.307924957194167899e-06
6.436320561475050854e-06
6.421810148149715658e-06
6.551197276119978747e-06
6.536833411492123603e-06
6.667202810816773662e-06
6.652993244434101984e-06
6.784335638300448827e-06
6.770288040601036819e-06
6.902594130329172545e-06
6.888716091632424267e-06
7.021976559234695943e-06
7.008275588800523483e-06
7.142481099547666046e-06
7.128964624698434838e-06
7.264105829523787716e-06
7.250781194817596293e-06
7.386848732721917188e-06
7.373723199195075287e-06
7.510707699652659232e-06
7.497788444064595190e-06
7.635680529239028885e-06
7.622974643460924977e-06
7.761764930465893112e-06
7.749279420810065847e-06
7.888958523929839501e-06
7.876700310587427483e-06
8.017258843395212210e-06
8.005234759907657228e-06
8.146663337308545047e-06
8.134880130107854774e-06
8.277169370442535526e-06
8.265633698366079335e-06
8.408774225362352075e-06
8.397492659271140554e-06
8.541475104004289995e-06
8.530454126412098187e-06
8.675269129176119230e-06
8.664515133936963659e-06
8.810153346126241693e-06
8.799672638126007859e-06
8.946124724035180769e-06
8.935923518961680806e-06
9.083180157495513888e-06
9.073264581610846459e-06
9.221316468117475993e-06
9.211692558068734755e-06
9.360530405878249145e-06
9.351204108568040210e-06
9.500818650727732006e-06
9.491795823159129646e-06
9.642177814003674401e-06
9.633464223217051020e-06
9.784604439900256259e-06
9.776205762928562445e-06
9.928095006931287908e-06
9.920016830747766781e-06
1.007264592938460461e-05
1.006489375091153320e-05
1.021825355873946606e-05
1.021083278486481815e-05
1.036491418509330212e-05
1.035783013273405717e-05
1.051262403856876156e-05
1.050588193475629240e-05
1.066137929074403559e-05
1.065498427269987046e-05
1.081117605599443616e-05
1.080513317127524362e-05
1.096201039288200761e-05
1.095632459955407009e-05
1.111387830556687848e-05
1.110855447233191055e-05
1.126677574507623197e-05
1.126181865151834298e-05
1.142069861073207323e-05
1.141611294749045867e-05
1.157564275140746895e-05
1.157143312044461156e-05
1.173160396687155776e-05
1.172777488172557902e-05
1.188857800909171095e-05
1.188513389514624422e-05
1.204656058353616407e-05
1.204350577830918775e-05
1.220554735039689200e-05
1.220288610389512978e-05
1.236553392590066681e-05
1.236327040091817869e-05
1.252651588355758777e-05
1.252465415601240803e-05
1.268848875535496580e-05
1.268703281470673598e-05
1.285144803298295808e-05
1.285040178260274836e-05
1.301538916913557687e-05
1.301475642666048115e-05
1.318030757855101018e-05
1.318009207633387315e-05
1.334619863930564596e-05
1.334640402485408197e-05
1.351305769394369720e-05
1.351368753034249033e-05
1.368088005059694733e-05
1.368193781698915596e-05
1.384966098418604112e-05
1.385115007622488322e-05
1.401939573751514603e-05
1.402131946783687565e-05
1.419007952232053159e-05
1.419244112108923687e-05
1.436170752050517916e-05
1.436451013584547387e-05
1.453427488508598503e-05
1.453752158365553170e-05
1.470777674129600269e-05
1.471147050883290089e-05
1.488220818767540094e-05
1.488635192950147898e-05
1.505756429709128307e-05
1.506216083868257811e-05
1.523384011773997592e-05
1.523889220526828615e-05
1.541103067417645773e-05
1.541654097512310247e-05
1.558913096832617636e-05
1.559510207200013625e-05
1.576813598042002790e-05
1.577457039861709072e-05
1.594804067001720659e-05
1.595494083756241900e-05
1.612883997689242271e-05
1.613620825229834327e-05
1.631052882206057185e-05
1.631836748811240479e-05
1.649310210863466752e-05
1.650141337300784121e-05
1.667655472275164137e-05
1.668534071863263943e-05
1.686088153449562263e-05
1.687014432127075048e-05
1.704607739877846956e-05
1.705581896262333514e-05
1.723213715616118470e-05
1.724235941070671708e-05
1.741905563376928306e-05
1.742976042075443569e-05
1.760682764610217276e-05
1.761801673605132285e-05
1.779544799590831964e-05
1.780712308877252967e-05
1.798491147492161703e-05
1.799707420077159919e-05
1.817521286473142749e-05
1.818786478440280325e-05
1.836634693757228186e-05
1.837948954339077424e-05
1.855830845703673192e-05
1.857194317344625743e-05
1.875109217891901902e-05
1.876522036323882326e-05
1.894469285192659525e-05
1.895931579494838405e-05
1.913910521837290153e-05
1.915422414516663018e-05
1.933432401500663998e-05
1.934994008553220652e-05
1.953034397363422118e-05
1.954645828347248296e-05
1.972715982186713180e-05
1.974377340291825364e-05
1.992476628375911007e-05
1.994188010495909314e-05
2.012315808054297297e-05
2.014077304856302280e-05
2.032232993124841153e-05
2.034044689120565627e-05
2.052227655334419435e-05
2.054089628952403780e-05
2.072299266346294650e-05
2.074211589998763806e-05
2.092447297787132401e-05
2.094410037948679802e-05
2.112671221324663126e-05
2.114684438591472876e-05
2.132970508714309904e-05
2.135034257892909904e-05
2.153344631867684967e-05
2.155458962030928677e-05
2.173793062904847220e-05
2.175958017471111579e-05
2.194315274215568817e-05
2.196530891022469489e-05
2.214910738512226268e-05
2.217177049878727178e-05
2.235578928882779641e-05
2.237895961687225716e-05
2.256319318842731254e-05
2.258687094596385791e-05
2.277131382396453913e-05
2.279549917310079096e-05
2.298014594078392963e-05
2.300483899136917512e-05
2.318968429007802916e-05
2.321488510038901260e-05
2.339992362938010545e-05
2.342563220682280861e-05
2.361085872300562922e-05
2.363707502487292193e-05
2.382248434254734119e-05
2.384920827668106640e-05
2.403479526734101856e-05
2.406202669287718141e-05
2.424778628496179232e-05
2.427552501298456443e-05
2.446145219151093898e-05
2.448969798577912814e-05
2.467578779219973026e-05
2.470454036985688539e-05
2.489078790169744844e-05
2.492004693395166455e-05
2.510644734452428426e-05
2.513621245740213628e-05
2.532276095554012577e-05
2.535303173044248481e-05
2.553972358024159922e-05
2.557049955476820900e-05
2.575733007513158890e-05
2.578861074372288290e-05
2.597557530822067724e-05
2.600736012280524732e-05
2.619445415922578419e-05
2.622674252997745186e-05
2.641396152005582543e-05
2.644675281593474684e-05
2.663409229506876657e-05
2.666738584467019676e-05
2.685484140142527289e-05
2.688863649355584977e-05
2.707620376952276636e-05
2.711049965380933426e-05
2.729817434311897044e-05
2.733297023076205657e-05
2.752074807976213506e-05
2.755604314422107042e-05
2.774391995116367015e-05
2.777971332869971722e-05
2.796768494330977099e-05
2.800397573369507677e-05
2.819203805689242926e-05
2.822882532410015042e-05
2.841697430755889782e-05
2.845425708031548991e-05
2.864248872612991343e-05
2.868026599861837829e-05
2.886857635890420517e-05
2.890684709137536073e-05
2.909523226790180630e-05
2.913399538731186182e-05
2.932245153118564896e-05
2.936170593180564188e-05
2.955022924293309106e-05
2.958997378699050086e-05
2.977856051385582771e-05
2.981879403212822407e-05
3.000744047128607182e-05
3.004816176374568295e-05
3.023686425949292085e-05
3.027807209584796209e-05
3.046682703985128228e-05
3.050852016019606406e-05
3.069732399102777367e-05
3.073950110647257893e-05
3.092835030922295374e-05
3.097101010241213746e-05
3.115990120837663295e-05
3.120304233408311057e-05
3.139197192025114705e-05
3.143559300603805256e-05
3.162455769474565713e-05
3.166865734142695275e-05
3.185765380002294702e-05
3.190223058231225051e-05
3.209125552263568544e-05
3.213630798969577761e-05
3.232535816767771286e-05
3.237088484367821052e-05
3.255995705902966071e-05
3.260595644371580944e-05
3.279504753950142912e-05
3.284151810864466384e-05
3.303062497082280856e-05
3.307756517697112305e-05
3.326668473400483085e-05
3.331409300676908846e-05
3.350322222930583369e-05
3.355109697613272893e-05
3.374023287643270207e-05
3.378857248291625869e-05
3.397771211462331510e-05
3.402651494525311433e-05
3.421565540284513121e-05
3.426491980132316984e-05
3.445405821980176785e-05
3.450378250962072424e-05
3.469291606411715329e-05
3.474309854912693043e-05
3.493222445440942849e-05
3.498286341925223081e-05
3.517197892937950614e-05
3.522307263999215711e-05
3.541217504793334154e-05
3.546372175206623706e-05
3.565280838923197529e-05
3.570480631688785353e-05
3.589387455283349603e-05
3.594632191680112920e-05
3.613536915870265597e-05
3.618826415494914850e-05
3.637728784730367179e-05
3.643062865559599958e-05
3.661962627976433898e-05
3.667341106392503817e-05
3.686238013777526883e-05
3.691660704627409165e-05
3.710554512380604439e-05
3.716021229017495115e-05
3.734911696104155755e-05
3.740422250433058298e-05
3.759309139355574564e-05
3.764863341875223274e-05
3.783746418627253300e-05
3.789344078473395335e-05
3.808223112501594830e-05
3.813864037496235345e-05
3.832738801661688451e-05
3.838422798347020028e-05
3.857293068889019517e-05
3.863019942572100781e-05
3.881885499073219124e-05
3.887655053863681940e-05
3.906515679202567857e-05
3.912327718064899590e-05
3.931183198383403007e-05
3.937037523164601134e-05
3.955887647836887650e-05
3.961784059308571523e-05
3.980628620888680908e-05
3.986566918792349746e-05
4.005405712990783271e-05
4.011385696071081514e-05
4.030218521714190447e-05
4.036239987750666068e-05
4.055066646740296997e-05
4.061129392606103598e-05
4.079949689881137709e-05
4.086053511551420824e-05
4.104867255062083053e-05
4.111011947674612802e-05
4.129818948341576408e-05
4.136004306213938872e-05
4.154804377883731528e-05
4.161030194566781276e-05
4.179823153994838980e-05
4.186089222282719129e-05
4.204874889078745811e-05
4.211181001078980341e-05
4.229959197679338651e-05
4.236305144812373651e-05
4.255075696446812149e-05
4.261461269495584185e-05
4.280224004167182313e-05
4.286648993300991886e-05
4.305403741718299754e-05
4.311867936540207869e-05
4.330614532113720563e-05
4.337117721680014908e-05
4.355856000472496382e-05
4.362397973327309221e-05
4.381127774022355176e-05
4.387708318224268318e-05
4.406429482105553216e-05
4.413048385264255565e-05
4.431760756162670322e-05
4.438417805468323498e-05
4.457121229749587117e-05
4.463816211993129845e-05
4.482510538509496342e-05
4.489243240125508392e-05
4.507928320191892661e-05
4.514698527271025899e-05
4.533374214629263670e-05
4.540181712961258457e-05
4.558847863755390549e-05
4.565692438846884443e-05
4.584348911584658099e-05
4.591230348691299919e-05
4.609877004214482676e-05
4.616795088360406131e-05
4.635431789821924060e-05
4.642386305829548400e-05
4.661012918654000819e-05
4.668003651169756242e-05
4.686620043027873945e-05
4.693646776553336494e-05
4.712252817326657091e-05
4.719315336235133562e-05
4.737910897991665879e-05
4.745008986551293425e-05
4.763593943520912219e-05
4.770727385924183206e-05
4.789301614464756650e-05
4.796470194847811359e-05
4.815033573410482863e-05
4.822237075874999531e-05
4.840789484985438492e-05
4.848027693631868853e-05
4.866569015858267721e-05
4.873841714791144852e-05
4.892371834714020709e-05
4.899678808081299984e-05
4.918197612272857434e-05
4.925538644263433702e-05
4.944046021260154887e-05
4.951420896145408419e-05
4.969916736414555235e-05
4.977325238567660012e-05
4.995809434482378794e-05
5.003251348383106877e-05
5.021723794193906431e-05
5.029198904476670992e-05
5.047659496290834947e-05
5.055167587722552894e-05
5.073616223487033028e-05
5.081157081022326480e-05
5.099593660472863822e-05
5.107167069254453810e-05
5.125591493920983384e-05
5.133197239301028308e-05
5.151609412457824812e-05
5.159247280020980739e-05
5.177647106665269944e-05
5.185316882238794018e-05
5.203704269091319942e-05
5.211405738766429171e-05
5.229780594210593742e-05
5.237513544360285889e-05
5.255875778448317384e-05
5.263639995731422496e-05
5.281989520146898056e-05
5.289784791541442754e-05
5.308121519577583332e-05
5.315947632393238807e-05
5.334271478931718443e-05
5.342128220806368277e-05
5.360439102290652204e-05
5.368326261231994565e-05
5.386624095653306930e-05
5.394541460031527396e-05
5.412826166895938262e-05
5.420773525476225724e-05
5.439045025792355547e-05
5.447022167732274372e-05
5.465280383985792883e-05
5.473287098860517719e-05
5.491531954988743781e-05
5.499568032796714354e-05
5.517799454176243180e-05
5.525864685355503212e-05
5.544082598775095216e-05
5.552176774217052314e-05
5.570381107857735284e-05
5.578504018920109022e-05
5.596694702339557483e-05
5.604846140854044030e-05
5.623023104952873429e-05
5.631202863244979677e-05
5.649366040261456155e-05
5.657573911151110260e-05
5.675723234646486815e-05
5.683959011457266109e-05
5.702094416275808745e-05
5.710357892866429038e-05
5.728479315128000136e-05
5.736770285890256405e-05
5.754877662971276820e-05
5.763195922827187018e-05
5.781289193352457122e-05
5.789634537781100242e-05
5.807713641578079121e-05
5.816085866634000212e-05
5.834150744738698306e-05
5.842549647030599152e-05
5.860600241665320258e-05
5.869025618395079139e-05
5.887061872942739055e-05
5.895513521898920441e-05
5.913535380890809707e-05
5.922013100460604034e-05
5.940020509561291773e-05
5.948524098742239736e-05
5.966517004730240978e-05
5.975046263136831576e-05
5.993024613882288272e-05
6.001579341748254610e-05
6.019543086210215645e-05
6.028123084403904172e-05
6.046072172597905686e-05
6.054677242629252364e-05
6.072611625630065525e-05
6.081241569649922264e-05
6.099161199551573315e-05
6.107815820374391520e-05
6.125720650295182312e-05
6.134399751386377178e-05
6.152289735448101691e-05
6.160993120950936357e-05
6.178868214249954866e-05
6.187595688972902003e-05
6.205455847590535864e-05
6.214207217031971734e-05
6.232052397993454135e-05
6.240827468328111487e-05
6.258657629613582614e-05
6.267456207712016178e-05
6.285271308214445329e-05
6.294093201650417942e-05
6.311893201185602581e-05
6.320738218230169511e-05
6.338523077510932610e-05
6.347391027149042045e-05
6.365160707765663592e-05
6.374051399694287748e-05
6.391805864121840729e-05
6.400719108750196754e-05
6.418458320313161507e-05
6.427393928783746359e-05
6.445117851655528100e-05
6.454075635830112013e-05
6.471784235011034244e-05
6.480764007489283251e-05
6.498457248797979199e-05
6.507458822923003539e-05
6.525136672988552972e-05
6.534159862833734036e-05
6.551822289073541477e-05
6.560866909458293393e-05
6.578513880081010047e-05
6.587579746567345470e-05
6.605211230543147174e-05
6.614298159457233939e-05
6.631914126510439099e-05
6.641021934931190345e-05
6.658622355532574301e-05
6.667750861286835971e-05
6.685335706649542199e-05
6.694484728333533136e-05
6.712053970389257390e-05
6.721223327353471823e-05
6.738776938739926049e-05
6.747966451122254614e-05
6.765504405166925602e-05
6.774713893861784039e-05
6.792236164607500263e-05
6.801465451274370222e-05
6.818972013420901293e-05
6.828220920501894406e-05
6.845711749421711304e-05
6.854980100134973168e-05
6.872455171858070767e-05
6.881742790199943936e-05
6.899202081402676433e-05
6.908508792152180872e-05
6.925952280142492242e-05
6.935277908856713413e-05
6.952705571571833479e-05
6.962049944593481931e-05
6.979461760591510247e-05
6.988824705037889867e-05
7.006220653477591607e-05
7.015601997275670843e-05
7.032982057911139819e-05
7.042381629758978482e-05
7.059745782930467502e-05
7.069163412321876944e-05
7.086511638953900459e-05
