# -0.5J_-0.5g_0.0theta_1.0472phi_30Chi_0.01delta_500N
5.083739636105586435e-01
4.693871989356076895e-05
1.843178568555427202e-07
4.988918809390070566e-09
3.517048419978565436e-10
2.261256883453498614e-10
2.208540548214237645e-10
2.134461717199553256e-10
2.027071769836538602e-10
2.032986865825812012e-10
1.842468806634110964e-10
1.932005910860523497e-10
1.671340679919316462e-10
1.824359665385896560e-10
1.524169114272846780e-10
1.706789193888922976e-10
1.405652591398625630e-10
1.583575811190124484e-10
1.317902131102979219e-10
1.465677627790606776e-10
1.262627711495349604e-10
1.365838554002364745e-10
1.241414851917433045e-10
1.293618592297146736e-10
1.254779963483425799e-10
1.252843060483087665e-10
1.300957456069927474e-10
1.241415164111155047e-10
1.373826055050905630e-10
1.252590171808123085e-10
1.457811102114502871e-10
1.276552327369665007e-10
1.520382437117656780e-10
1.301744431620539495e-10
1.516760866472478290e-10
1.316144063199010082e-10
1.429325208469381560e-10
1.308625636273582178e-10
1.298926502195922268e-10
1.271647392407119936e-10
1.180086026109404743e-10
1.206332051313681557e-10
1.094864605113568249e-10
1.124790281792180922e-10
1.039704438307787136e-10
1.043221990030262444e-10
1.002870685424030047e-10
9.716343692318692639e-11
9.720747300716699141e-11
9.104141141299919211e-11
9.369542615950569600e-11
8.541443365301027592e-11
8.910111544032607478e-11
7.972070512807313380e-11
8.332328540564097701e-11
7.372926101551549802e-11
7.676664644668356618e-11
6.757548271203231853e-11
7.006352737115854066e-11
6.158024154936102987e-11
6.376241088534292868e-11
5.604603631291239200e-11
5.818082585834738634e-11
5.115438336263871017e-11
5.342079914519464190e-11
4.696327301005595816e-11
4.945574486124560508e-11
4.345044017225249586e-11
4.620774313826192479e-11
4.055707704730456513e-11
4.359292689007922987e-11
3.821597926918448538e-11
4.154435984965299855e-11
3.636648852465492435e-11
4.002004543817017331e-11
3.495965386422545169e-11
3.900457588826318220e-11
3.396022693448741188e-11
3.850811787365298614e-11
3.334688287602817037e-11
3.856010598800655025e-11
3.311489305532415590e-11
3.920079066797370432e-11
3.327896022359755114e-11
4.046869221177863647e-11
3.387807555589598753e-11
4.238357351089766969e-11
3.498019815293119010e-11
4.491833192071657849e-11
3.668503991297355334e-11
4.795153810195545414e-11
3.911258898116013728e-11
5.119279406885501532e-11
4.235620480573141445e-11
5.410438179258390773e-11
4.637181711974401539e-11
5.597451440784238637e-11
5.081107499779318265e-11
5.641882433105682625e-11
5.491677872601012672e-11
5.591642299486892986e-11
5.765691011992016452e-11
5.528327210523772114e-11
5.802427999638932353e-11
5.477950287814134947e-11
5.529203390652704154e-11
5.398672875630643085e-11
4.958036536175031794e-11
5.205957133593964741e-11
4.254595606685351532e-11
4.847128845747441115e-11
3.627146058054828341e-11
4.382831817825057560e-11
3.159440240820048050e-11
3.937089397504148701e-11
2.831513192973656123e-11
3.588510406433402639e-11
2.599283580818552180e-11
3.345564978503579483e-11
2.426694504380939613e-11
3.177278757225330939e-11
2.288321460904791522e-11
3.040727062357203292e-11
2.166111350915596121e-11
2.896081614841282497e-11
2.047585589888422909e-11
2.717156076894724666e-11
1.926119968237469823e-11
2.498755899808833273e-11
1.801176371789888114e-11
2.255557193995950613e-11
1.676911212863438063e-11
2.011267940841958503e-11
1.559397312697584997e-11
1.786198295784383657e-11
1.454048883578658796e-11
1.591689660731816080e-11
1.364175928285190474e-11
1.431008074156565609e-11
1.291026883098887307e-11
1.302737272741610774e-11
1.234335906292453055e-11
1.203604179809159487e-11
1.193034548606206017e-11
1.130017703420770477e-11
1.165659158833622368e-11
1.078715442301654394e-11
1.150652612093699509e-11
1.046869949382996543e-11
1.146371442385733678e-11
1.032029599257008529e-11
1.151030853888906568e-11
1.032003415261636740e-11
1.162573757973875164e-11
1.044709052907318594e-11
1.178648454699711009e-11
1.068046769661345544e-11
1.196741165512494485e-11
1.099796349376957680e-11
1.214593349188590398e-11
1.137551138339122533e-11
1.230788001008351570e-11
1.178626654272597610e-11
1.245298939725888651e-11
1.220211912725597196e-11
1.259640201654068589e-11
1.259581619605087716e-11
1.276405052471102581e-11
1.294498844100657095e-11
1.298422691667916377e-11
1.323855162217665738e-11
1.327860368811150992e-11
1.348117077952545146e-11
1.365637673425241839e-11
1.369585764154764557e-11
1.411146999103223837e-11
1.391903759771514848e-11
1.462202672955327362e-11
1.418724696425991563e-11
1.515193613833757929e-11
1.451884227815886550e-11
1.565542217645054723e-11
1.489397159476768026e-11
1.608594925630947734e-11
1.524152229978422580e-11
1.640838728009685930e-11
1.544720927922553054e-11
1.660670887138241181e-11
1.540213782566371429e-11
1.667654187712015662e-11
1.507959671669870639e-11
1.660543749757182519e-11
1.456394137488766240e-11
1.637412003920408064e-11
1.398084745732260616e-11
1.600871876866189271e-11
1.341223835193984846e-11
1.561509977603040799e-11
1.287857297099661812e-11
1.531416384260981780e-11
1.236060418245106731e-11
1.515475721296776574e-11
1.181779100032175594e-11
1.510118453232910080e-11
1.120180195548092671e-11
1.506631520968240920e-11
1.047272408973630355e-11
1.494468277144410411e-11
9.620435593113352274e-12
1.463860735132614142e-11
8.679270013479736507e-12
1.408373821727402979e-11
7.715550828455173654e-12
1.326928657441226953e-11
6.798734900648806113e-12
1.224295639043759513e-11
5.976800830867919715e-12
1.109555889498153501e-11
5.270768081104544318e-12
9.931453359576599905e-12
4.682345611304847635e-12
8.842218754480557827e-12
4.202658543876852625e-12
7.891540611463350505e-12
3.819905624163850381e-12
7.110150098035107992e-12
3.522221830305589515e-12
6.500565689322143959e-12
3.298447322746542732e-12
6.047455962839337774e-12
3.138879957270244310e-12
5.726736160859939243e-12
3.035353259897396818e-12
5.512843033503265936e-12
2.980737519854597180e-12
5.381717447786154040e-12
2.969185064119887999e-12
5.312879881803112016e-12
2.996118263051339473e-12
5.290055196454505010e-12
3.057921391941580583e-12
5.300623888197373748e-12
3.151518142151228123e-12
5.336129541842336262e-12
3.274368011385123280e-12
5.392466015970985624e-12
3.423921400662497571e-12
5.470173170287357898e-12
3.597549789433213616e-12
5.573713225757554795e-12
3.792154803577274731e-12
5.710267552131424579e-12
4.004111796389857679e-12
5.887748343283513233e-12
4.229259566203726078e-12
6.113087557271430488e-12
4.462890802759862908e-12
6.389683996310137299e-12
4.698859744660285694e-12
6.714725039322956192e-12
4.930834070872893237e-12
7.074278718373445707e-12
5.150635409424825342e-12
7.437185403899892752e-12
5.348843489679969528e-12
7.750563889793652555e-12
5.515345404175590456e-12
7.949547850231831664e-12
5.641940884042253972e-12
7.992384788865310327e-12
5.726281337771733755e-12
7.900929673683867751e-12
5.776414699036918528e-12
7.755610500907801838e-12
5.810542914351400719e-12
7.639965776031773108e-12
5.850986149242615267e-12
7.599543632176236727e-12
5.917043206811257022e-12
7.641067746732747842e-12
6.019783020559202276e-12
7.750240589994478892e-12
6.162701099365905287e-12
7.905914066918674136e-12
6.344303542706553424e-12
8.087480110975272125e-12
6.561225194480862696e-12
8.278082933500613931e-12
6.809738101821258783e-12
8.464393023085536692e-12
7.086595089648162309e-12
8.635048289159969197e-12
7.389443281206892643e-12
8.777398470771455201e-12
7.716443470054475911e-12
8.880309614522475915e-12
8.065932507435294258e-12
8.946066522745839612e-12
8.436170942660319930e-12
9.003259765612923400e-12
8.824566775622869007e-12
9.098738666420727554e-12
9.226519521515071800e-12
9.266466431556208243e-12
9.634158386172885738e-12
9.506942455567583551e-12
1.003492883310565517e-11
9.794485174742458692e-12
1.041100355208788505e-11
1.009763163872134772e-11
1.074114861382397702e-11
1.039505165434593178e-11
1.100456446060435272e-11
1.068290573503268152e-11
1.118735951096321255e-11
1.097196697010845858e-11
1.128944351070421716e-11
1.127909342902347730e-11
1.132753394113124347e-11
1.161708330570552583e-11
1.133171595618492132e-11
1.198964624509158433e-11
1.133765021671605232e-11
1.239203360249431438e-11
1.137737870947039345e-11
1.281419929886224989e-11
1.147368475627903226e-11
1.324508858356624733e-11
1.163830437581776891e-11
1.367345854608338154e-11
1.187468760345965867e-11
1.408742129315901207e-11
1.218103550523339745e-11
1.447585959241146672e-11
1.255415360206043889e-11
1.483237832403604469e-11
1.299119407039399544e-11
1.516145974295638276e-11
1.349003605602914973e-11
1.548239533030451547e-11
1.404940999861606343e-11
1.582461745204664337e-11
1.466826109131224862e-11
1.621890668360985774e-11
1.534570567039326070e-11
1.668824595101685033e-11
1.608073526366249743e-11
1.724514887791625477e-11
1.687259956434801839e-11
1.789224307055871448e-11
1.772048744996134213e-11
1.862707409257018181e-11
1.862351550677375580e-11
1.944475325933825699e-11
1.958137747651675487e-11
2.034005735166712129e-11
2.059350431972983473e-11
2.130825131716958497e-11
2.165987107861396188e-11
2.234574472463176323e-11
2.278032083667506757e-11
2.344977026923464919e-11
2.395498774812730248e-11
2.461874494534382517e-11
2.518416017555427452e-11
2.585124402833991289e-11
2.646811920792356637e-11
2.714654820740619620e-11
2.780754598027175279e-11
2.850389593059979405e-11
2.920298410240034927e-11
2.992281701241304972e-11
3.065536317356605349e-11
3.140270010737807699e-11
3.216546157666192081e-11
3.294364849804637471e-11
3.373407331976714656e-11
3.454548576552197273e-11
3.536237026436939168e-11
3.620861919468475185e-11
3.705116683441104842e-11
3.793347164760314488e-11
3.880153377195791599e-11
3.972081252259847103e-11
4.061438694078956040e-11
4.157146864090903102e-11
4.249076406879371810e-11
4.348605640500244073e-11
4.443157691198453301e-11
4.546559853937901349e-11
4.643772300338783520e-11
4.751085362510723957e-11
4.851012344599747422e-11
4.962271405336599847e-11
5.064976013036839301e-11
5.180211741431366167e-11
5.285745890266804744e-11
5.404982135521728539e-11
5.513398398923917550e-11
5.636655604095102763e-11
5.748020914309383454e-11
5.875320666299569759e-11
5.989699100224953968e-11
6.121057167469258196e-11
6.238495414504096239e-11
6.373931109014644116e-11
6.494497051093583900e-11
6.634016477784523903e-11
6.757758318783937380e-11
6.901388349609441379e-11
7.028341249151752529e-11
7.176083481719867147e-11
7.306309349743074777e-11
7.458192533572486999e-11
7.591731354431152072e-11
7.747753202393470094e-11
7.884648792758732283e-11
8.044816146276021820e-11
8.185123819284054932e-11
8.349432756249842715e-11
8.493185270188444444e-11
8.661647312681027121e-11
8.808880886410555424e-11
8.981500498578835060e-11
9.132246636545074979e-11
9.309019392848727051e-11
9.463305264695109310e-11
9.644242465144634549e-11
9.802108951222801715e-11
9.987192415309921390e-11
1.014865771776153342e-10
1.033788555068480969e-10
1.050298053041558835e-10
1.069634210528095905e-10
1.086508966359716694e-10
1.106258654358713800e-10
1.123499163125029241e-10
1.143661341041980477e-10
1.161271189066484947e-10
1.181843522741929030e-10
1.199822315956376994e-10
1.220804417445173740e-10
1.239153547343205837e-10
1.260543532646279179e-10
1.279265638959971324e-10
1.301061511430957431e-10
1.320154684165905885e-10
1.342355244349142674e-10
1.361821325530590885e-10
1.384424048923396785e-10
1.404262750612371905e-10
1.427266092358058071e-10
1.447477009553369017e-10
1.470877312178099886e-10
1.491461361955966162e-10
1.515256524675969961e-10
1.536212137359793787e-10
1.560400410078599762e-10
1.581726631772850203e-10
1.606305504160080643e-10
1.628001992226521679e-10
1.652967143942312978e-10
1.675032637112684329e-10
1.700382307109352806e-10
1.722815638475161267e-10
1.748546284951245995e-10
1.771345275975246906e-10
1.797454218420847911e-10
1.820617433689913067e-10
1.847101239263707619e-10
1.870627683336976289e-10
1.897482788271623809e-10
1.921369391986686905e-10
1.948593070047010035e-10
1.972839053769010349e-10
2.000426847641138939e-10
2.025028370195202231e-10
2.052978504336926217e-10
2.077934597812808261e-10
2.106241715731624446e-10
2.131550160368548859e-10
2.160211619153956369e-10
2.185870032091848779e-10
2.214881651263645529e-10
2.240887176316557188e-10
2.270245969692818394e-10
2.296596149180358128e-10
2.326298787274791596e-10
2.352990815518401400e-10
2.383033386105463996e-10
2.410065618543812081e-10
2.440443474156272645e-10
2.467812510107613401e-10
2.498524103414919036e-10
2.526227446198563061e-10
2.557268247693312523e-10
2.585303382425843753e-10
2.616670182410413712e-10
2.645034618060913509e-10
2.676723890680886169e-10
2.705414902541118465e-10
2.737423408106369064e-10
2.766438738891479632e-10
2.798763099274464599e-10
2.828100403724682637e-10
2.860736870410332665e-10
2.890393872391243759e-10
2.923339920246538508e-10
2.953313638294676066e-10
2.986566285563411276e-10
3.016854749055088574e-10
3.050410671513515530e-10
3.081011832734184177e-10
3.114868458909386437e-10
3.145780099173542549e-10
3.179933969357557979e-10
3.211154320815015094e-10
3.245603401172570693e-10
3.277130161352316042e-10
3.311870908392479201e-10
3.343702450252947280e-10
3.378733447008600099e-10
3.410867999306398420e-10
3.446186211550348887e-10
3.478621686543970961e-10
3.514225012346049937e-10
3.546960446251257128e-10
3.582846529455824696e-10
3.615879776657707438e-10
3.652046440844948018e-10
3.685376985985874961e-10
3.721822286834906236e-10
3.755448362979161314e-10
3.792170049266488867e-10
3.826090693763931151e-10
3.863086825957743903e-10
3.897301087968819097e-10
3.934569650509148571e-10
3.969076599440110353e-10
4.006615952795372731e-10
4.041414642762077347e-10
4.079223175949415244e-10
4.114313183831759022e-10
4.152388848103448578e-10
4.187769148913928754e-10
4.226110322632956502e-10
4.261780866394651191e-10
4.300385740512615325e-10
4.336345341757081802e-10
4.375212521359634485e-10
4.411461183074562269e-10
4.450589147443012953e-10
4.487126571649173475e-10
4.526512508763290672e-10
4.563338872307953243e-10
4.602981135156718312e-10
4.640095795018453383e-10
4.679992640004312983e-10
4.717395381883925518e-10
4.757544765895338560e-10
4.795236087597302156e-10
4.835634933350275888e-10
4.873614406834946503e-10
4.914260056273086676e-10
4.952527753487285686e-10
4.993418289387282445e-10
5.031974344057081894e-10
5.073105979824262119e-10
5.111950138092849604e-10
5.153318064098997766e-10
5.192451204853714024e-10
5.234052306156752907e-10
5.273473442824785199e-10
5.315302651056649464e-10
5.355012000955115794e-10
5.397063947365346608e-10
5.437061849802057137e-10
5.479329632549373486e-10
5.519615655636999788e-10
5.562092753689846557e-10
5.602667389266524273e-10
5.645344773962106025e-10
5.686207475222906743e-10
5.729075178967227435e-10
5.770225443707157352e-10
5.813272994394757043e-10
5.854710726702791785e-10
5.897924802395694674e-10
5.939649188609986434e-10
5.983013610909794195e-10
6.025024649215786847e-10
6.068522621645800460e-10
6.110819669982050983e-10
6.154430478901116905e-10
6.197012523799352371e-10
6.240711997391786481e-10
6.283578565100678888e-10
6.327338348321368966e-10
6.370488837424632506e-10
6.414276268636923016e-10
6.457708787067352954e-10
6.501486250668151518e-10
6.545200464638808901e-10
6.588922278976528449e-10
6.632917013453798144e-10
6.676531206243094048e-10
6.720805132342265815e-10
6.764250765223232348e-10
6.808803187425653299e-10
6.852007667045664017e-10
6.896837421113854967e-10
6.939717819969807811e-10
6.984824184960142931e-10
7.027281716203834661e-10
7.072664891141705829e-10
7.114585448508041971e-10
7.160245110516433149e-10
7.201494600806765933e-10
7.247431070432616364e-10
7.287855018951160050e-10
7.334069914583906460e-10
7.373488256398979058e-10
7.419984093635188174e-10
7.458189844941118906e-10
7.504969772349244634e-10
7.541726128545728283e-10
7.588794694289151111e-10
7.623833623784445108e-10
7.671196841843881048e-10
7.704216441987978219e-10
7.751881720455876735e-10
7.782549266581426753e-10
7.830524629183041594e-10
7.858479069052974288e-10
7.906773825618261429e-10
7.931632153795122540e-10
7.980255322238502880e-10
8.001623584153722959e-10
8.050583790016145382e-10
8.068074345926970705e-10
8.117377925255316228e-10
8.130629384767278241e-10
8.180278392372238882e-10
8.188984522786943597e-10
8.238973943186238208e-10
8.242913359907255992e-10
8.293229819068729188e-10
8.292297663922985444e-10
8.342916251015129713e-10
8.337153168967651669e-10
8.388035581586696688e-10
8.377650005845861698e-10
8.428743754230876372e-10
8.414119102586862834e-10
8.465357121600462765e-10
8.447047770087344582e-10
8.498351174111693309e-10
8.477056481488744489e-10
8.528336889900101336e-10
8.504865325460369826e-10
8.556028947686924816e-10
8.531247997764581893e-10
8.582201839753265594e-10
8.556986965300196731e-10
8.607642899907031267e-10
8.582826934222065088e-10
8.633106520590535393e-10
8.609440584503515876e-10
8.659277882865148057e-10
8.637402659049470662e-10
8.686746835365717515e-10
8.667177679753332521e-10
8.715992623954788451e-10
8.699114794034032458e-10
8.747380219022514247e-10
8.733457901216325150e-10
8.781166548805361482e-10
8.770353800131938395e-10
8.817510561957764557e-10
8.809868791505748803e-10
8.856487832888566542e-10
8.852003561271771346e-10
8.898107001227273059e-10
8.896708409748713418e-10
8.942323828663119060e-10
8.943897279520417205e-10
8.989056733738679857e-10
8.993458818642154485e-10
9.038196616490034963e-10
9.045266352711396518e-10
9.089617594466055356e-10
9.099183508994097014e-10
9.143184212469332027e-10
9.155072553849893466e-10
9.198758829501492517e-10
9.212796066893816176e-10
9.256202085222726062e-10
9.272220533682048647e-10
9.315380169816648257e-10
9.333218579281274799e-10
9.376163580057426432e-10
9.395668560873208951e-10
9.438429509831554735e-10
9.459456414172445688e-10
9.502062238991799817e-10
9.524475481635254491e-10
9.566952406459011972e-10
9.590624804842187915e-10
9.632997956160512291e-10
9.657810388016016450e-10
9.700103121159652083e-10
9.725943928495288105e-10
9.768177537484184215e-10
9.794941619753743233e-10
9.837136149554457590e-10
9.864724671872410325e-10
9.906897719463328486e-10
9.935216739679662624e-10
9.977384595045887874e-10
1.000634348414863275e-09
1.004852060334664428e-09
1.007803353810778076e-09
1.012023247821193433e-09
1.015021528635458323e-09
1.019244705900520988e-09
1.022281748714660020e-09
1.026509106658432038e-09
1.029576757779335538e-09
1.033809014212404557e-09
1.036899106070494809e-09
1.041136737896771014e-09
1.044241074219007742e-09
1.048484389002209246e-09
1.051594518990580909e-09
1.055843580404301864e-09
1.058950887848346458e-09
1.063205435668357101e-09
1.066300955449676622e-09
1.070560496852337914e-09
1.073634847379157265e-09
1.077898524296604190e-09
1.080941838514424689e-09
1.085208442388433869e-09
1.088210301094096908e-09
1.092478239713631677e-09
1.095427569299018757e-09
1.099694766282550760e-09
1.102579795919926945e-09
1.106843636695815832e-09
1.109651815749871804e-09
1.113909142591004951e-09
1.116627117474692751e-09
1.120874076025542591e-09
1.123487647527251392e-09
1.127719613819202520e-09
1.130213689011359797e-09
1.134425309663120329e-09
1.136783893414704797e-09
1.140968840891102900e-09
1.143175192402755214e-09
1.147326099235800097e-09
1.149362763768698709e-09
1.153471160004753338e-09
1.155320083280812800e-09
1.159376308458714659e-09
1.161019090008358317e-09
1.165012233428030742e-09
1.166430346992846282e-09
1.170348100032120468e-09
1.171523359705317506e-09
1.175352105898515685e-09
1.176267006333927906e-09
1.179991740807276034e-09
1.180630042532962960e-09
1.184234483166042744e-09
1.184581854096755322e-09
1.188048500832718778e-09
1.188093193582219300e-09
1.191403547788260423e-09
1.191137133375896877e-09
1.194271964458926498e-09
1.193690132790786619e-09
1.196629818489928291e-09
1.195733067863161686e-09
1.198458009784563334e-09
1.197252356012188265e-09
1.199743488803109639e-09
1.198240943966103811e-09
1.200480285793473936e-09
1.198699192637085415e-09
1.200670432537884422e-09
1.198635539887541791e-09
1.200324582664297446e-09
1.198066863221229749e-09
1.199462351518374425e-09
1.197018269596347043e-09
1.198112088130514446e-09
1.195523030126191652e-09
1.196310565401436864e-09
1.193621580531542608e-09
1.194101936487731355e-09
1.191360422802591849e-09
1.191536419564284865e-09
1.188790740192820117e-09
1.188668763749223887e-09
1.185966764941702123e-09
1.185556492748424080e-09
1.182944134284688706e-09
1.182258105387711697e-09
1.179778199484196928e-09
1.178831276183123611e-09
1.176522544129867880e-09
1.175331362215037658e-09
1.173227630648852343e-09
1.171810053114653600e-09
1.169939816460086585e-09
1.168314354125429728e-09
1.166700538152103782e-09
1.164885803929510955e-09
1.163545859907286229e-09
1.161560293890878432e-09
1.160506386498799450e-09
1.158367757493150728e-09
1.157607117931173197e-09
1.155332286029184038e-09
1.154867790098986887e-09
1.152472596235649153e-09
1.152303242272230195e-09
1.149802377778898825e-09
1.149923882167756468e-09
1.147330854185921092e-09
1.147736192754466973e-09
1.145063339333497529e-09
1.145743285486093792e-09
1.143001847125675432e-09
1.143945422798905223e-09
1.141145611404304547e-09
1.142340554935466158e-09
1.139491643612344705e-09
1.140924772634430019e-09
1.138035286850628352e-09
1.139692754513578292e-09
1.136770450549350635e-09
1.138638102677510358e-09
1.135690274339300776e-09
1.137753698986358263e-09
1.134787098234078035e-09
1.137031978763612603e-09
1.134053018824770777e-09
1.136465129176605315e-09
1.133479923647638152e-09
1.136045302105645502e-09
1.133059794126685488e-09
1.135764795725522776e-09
1.132784751807917747e-09
1.135616074695161242e-09
1.132647189287837720e-09
1.135591946088692609e-09
1.132639836123924955e-09
1.135685587101612729e-09
1.132755822613192922e-09
1.135890587878449063e-09
1.132988671704876011e-09
1.136200898827542560e-09
1.133332427058513816e-09
1.136611096049751635e-09
1.133781572795576358e-09
1.137116126856320167e-09
1.134330942258225200e-09
1.137711325912033008e-09
1.134975871238979194e-09
1.138392533840426223e-09
1.135712106196709664e-09
1.139155942866923560e-09
1.136535748004722258e-09
1.139998213630496206e-09
1.137443251666205992e-09
1.140916283246417964e-09
1.138431411450525974e-09
1.141907429106727002e-09
1.139497287621460108e-09
1.142969236247389850e-09
1.140638220199310444e-09
1.144099527437273677e-09
1.141851778668662741e-09
1.145296370875824546e-09
1.143135735933117188e-09
1.146558002179228626e-09
1.144488009465141367e-09
1.147882865758574680e-09
1.145906707703032196e-09
1.149269511573423455e-09
1.147390007560273123e-09
1.150716595646966250e-09
1.148936246576629912e-09
1.152222843629711969e-09
1.150543756391404145e-09
1.153787087691775730e-09
1.152210979942408912e-09
1.155408177998766585e-09
1.153936399658213457e-09
1.157084945925446468e-09
1.155718512401895095e-09
1.158816293323770884e-09
1.157555810184139948e-09
1.160601100628741476e-09
1.159446853994505627e-09
1.162438186051350953e-09
1.161390134466817099e-09
1.164326318440752754e-09
1.163384112446603461e-09
1.166264337358487595e-09
1.165427301244560382e-09
1.168250893156403973e-09
1.167518089492862482e-09
1.170284682072983662e-09
1.169654902798351288e-09
1.172364323818362161e-09
1.171836181204085356e-09
1.174488371832580930e-09
1.174060218887773077e-09
1.176655296487722359e-09
1.176325342915148605e-09
1.178863502633514438e-09
1.178629802570048127e-09
1.181111369975767300e-09
1.180971821515059200e-09
1.183397178193906056e-09
1.183349598010849136e-09
1.185719146692947890e-09
1.185761258433420501e-09
1.188075468001922875e-09
1.188204932980681780e-09
1.190464177340592256e-09
1.190678703054137833e-09
1.192883313804844889e-09
1.193180566230432964e-09
1.195330864635214873e-09
1.195708423330855314e-09
1.197804684351075800e-09
1.198260387308748062e-09
1.200302694525678292e-09
1.200834252968472447e-09
1.202822574336967572e-09
1.203427887950602708e-09
1.205362049461955091e-09
1.206039041650621922e-09
1.207918713708162740e-09
1.208665485532972499e-09
1.210490068429061517e-09
1.211304833409818762e-09
1.213073502712677306e-09
1.213954862057811196e-09
1.215666542466512891e-09
1.216613102736023700e-09
1.218266362147559073e-09
1.219277042650859298e-09
1.220870101801830338e-09
1.221944072347915934e-09
1.223474825400835391e-09
1.224611606452754343e-09
1.226077426717648375e-09
1.227276824219769897e-09
1.228674687464478903e-09
1.229936955031501287e-09
1.231263216170093192e-09
1.232589034977175112e-09
1.233839476692109395e-09
1.235229982573299946e-09
1.236399689202267488e-09
1.237856614559015561e-09
1.238939887096799320e-09
1.240465556679188542e-09
1.241455836484581709e-09
1.243053291039916099e-09
1.243943049198712713e-09
1.245616115374392955e-09
1.246396694339786020e-09
1.248150107441303873e-09
1.248811615204330579e-09
1.250651101006094565e-09
1.251182162193795193e-09
1.253114611258059913e-09
1.253502241055014809e-09
1.255535806931675609e-09
1.255765518212347300e-09
1.257909844167040170e-09
1.257964698919728296e-09
1.260230952793798169e-09
1.260091848780799583e-09
1.262493580627240382e-09
1.262138705338238565e-09
1.264691066401595294e-09
1.264095626704727487e-09
1.266816330209938402e-09
1.265952214892715502e-09
1.268861805392857621e-09
1.267697053291381608e-09
1.270819097761633840e-09
1.269317474010637123e-09
