# -0.8J_-0.2g_0.83776theta_1.0472phi_10Chi_0.01delta_500N
-2.125332134123781302e-01
5.558811219751326194e-01
2.420145900501292566e-02
2.970385471693776647e-01
-6.978342652154075065e-02
7.487286820620042693e-01
-4.403800184134351592e-02
2.511194760387935321e-01
-8.006639055548593342e-01
1.128727785486642182e-01
4.920426620477192925e-01
-1.326881389713311821e+00
-3.264930483932803468e-02
1.571188581539795237e-01
-1.441432376374376934e-01
4.765856407576941622e-01
-4.878856261185385984e-02
9.123535302262061886e-02
-4.454478412615664462e-01
6.804759871033462526e-02
4.186405177233022690e-02
-1.651978409639084655e-01
-2.884643630576836371e-01
-1.153119806609376602e-01
5.183605236178696202e-02
-3.079050435585169776e+00
-1.841372272139891464e-01
2.106458447086598351e+00
-2.542477002635643135e+00
-3.960130890704935958e-01
-3.708948072945715546e-02
2.406368797902012566e-02
2.884237814184678617e-01
3.112163701123030091e+00
-9.993751515281739106e-01
1.026365925625342790e+01
-1.446174841732885241e+00
-7.482695701616465245e-01
-2.006307977859850489e+00
-1.012207214552440782e+00
3.631251313435741868e-02
-8.395711321268747862e-02
3.039114590975662833e-01
9.173132414167097792e-01
-5.036911751113243296e-01
1.152101526947824439e+01
1.323340720365921361e-02
-2.680590176707232875e+00
-4.461783161386588259e-01
-1.816845894297505026e+01
1.162537164167646575e-01
3.958956608350298889e-02
4.542477270389513322e+00
1.456308762427867975e+01
-7.206828345240186451e+00
1.742603965299875597e+02
-3.079130741025240425e+00
-3.348653461964112665e+01
-2.248143949885417925e+01
-2.769049465401602674e+02
-1.469978508835435016e-01
-7.581256732974163415e-02
1.445224788837563314e-02
2.194119389680814436e+01
-5.929788191421133448e+00
1.991106944080640062e+01
-2.212778298605309857e+01
2.086054775804538863e+01
-3.159943646423005603e+01
1.354143837385875031e+02
3.797386847502871587e-01
1.878464587561130550e-01
4.276250046517170444e-01
-4.126724065888264903e+01
2.001101329217425828e+01
-2.726222062325044817e+02
2.781912958047323414e+01
-7.320641209097871638e+01
2.693047290158340275e+02
7.329206463632316400e+02
6.106352451263972192e-01
3.197098153209060878e-01
4.609143007944790371e-01
-7.362006908627522250e+01
3.341069126246583210e+01
-4.753329502350024995e+02
5.406535369926494639e+01
-1.484103781995040094e+02
5.377926243827266717e+02
1.470931255662730109e+03
3.909599369852851947e-01
2.097376779724954565e-01
-4.593341510298141195e-01
-3.019543939683149603e+01
1.040466186193818210e+01
2.517762662170853218e+02
-2.351507913144686057e+01
-7.584847905841390059e+01
8.346254970622510427e+00
-1.015731121658675875e+03
-9.660000391292335176e-02
-2.835732163872437331e-02
-2.740905375298396396e-01
4.873562281427080145e-01
-3.098030934155404648e-01
-1.220801533958951052e-01
1.119218273209934500e+00
-1.062756050314390271e-01
-1.193262557989759921e-02
-9.499515745466858424e-03
8.282501175175256518e-04
-2.212160455141616577e-02
4.290585610938782990e-01
1.316264096237933501e+00
1.690376500632054246e-02
-2.605366479499722221e-01
-5.197503125131466284e-01
-2.719380536790470815e-02
2.495367515378221768e-01
-3.488885681170897923e-01
-4.502365858002717602e-01
-3.551266201980503301e-02
-4.400269173937736866e+00
7.639650858543719503e-01
2.147466370571688432e-01
1.036103702009116140e-01
-1.342298860205619837e+00
-6.770410872477874986e-02
3.783570550048234726e-01
-2.582553814208286003e-01
-1.093864344040549330e+00
-5.913373841601843317e-01
1.434538409114987978e+00
5.062007702006210508e+01
-1.179234483098817421e+01
-1.027671430522535978e+01
-1.132956184208730299e+01
1.066919098163253388e+01
1.153622397466579130e+01
1.630930767359180038e+02
-2.693202283048788948e-01
-1.031935168590517871e-01
2.768186970407492953e-01
6.395067041564611365e+00
-3.108258529223429267e+00
-1.480242290231231106e+00
3.855955572935245712e+00
1.031461677697300905e+00
8.793938528725616655e-01
9.039503239762680664e+00
5.665365544128594250e-02
4.620494167638086042e-02
-3.733573967213761335e-01
-2.921295661859739212e+00
-7.008885186686560909e-01
8.875423432213270791e-01
5.128011380742530712e+00
1.648903905492724808e+00
-1.355603496653050799e+00
5.621291275100869234e-01
3.627500461697524825e-01
-2.451787176638241250e-01
-4.239475507467340143e-01
2.206873242336957333e+02
-2.355173756115814498e+01
-3.793327339717610158e+01
-3.335269345771169469e+02
8.642485139187733978e+01
1.030442062109915469e+02
1.127317809835540174e+03
2.387456231925812362e-03
-1.017394182472286246e-01
-2.202789124867443604e-02
-2.354946512441500417e+01
3.012555117011329031e+01
3.183216431056355766e+00
1.778887974155053087e+01
-7.554006585144720987e+01
-3.670416284513888172e+01
-3.909320093964064995e+02
2.302692327706558004e-02
1.391274630505043861e-03
-8.539430654457420833e-02
4.628682645181209665e+01
-1.491789531424308279e+01
-9.111787106456542773e+00
-1.053028532754812403e+02
5.453900665572754036e+01
5.178674151982820462e+01
3.985359236902919520e+02
2.445447880919704997e-01
-9.012649764312321565e-01
-2.512289543181528417e-01
-2.205177845052728003e+01
1.878759039524952641e+02
3.143838254620884598e+01
-6.093296335761341425e+02
-1.801158810424882688e+02
9.091443950709810906e+01
-1.925817839500026139e+03
-1.179006870365363557e+00
-4.130802682207820875e-01
1.305861229307899718e-01
-1.078112691852288613e-01
-3.758901120591864875e-01
-4.752207780980843843e-02
-1.551431933460483692e-01
-1.468307319031851854e-01
-6.196806869111193966e-02
-1.509395591617275663e-02
-4.741826249116529168e-01
-2.759853444865843497e-01
4.253267174683142415e-02
1.232746270320571047e-01
1.293128983170105384e+00
1.768786424250771983e-01
3.318637901156591963e-01
4.636344852515090764e-01
1.653063073729533206e-01
7.099839672132898793e-02
5.754487874457812208e-02
-6.309842251590182249e-03
-2.998125483397517596e-02
1.836103372701471947e-01
1.608018644818777876e+00
-8.741837228906357282e-01
-9.393118879657433307e-02
-3.604965305437806578e+00
-1.996882104536410907e+00
5.825987587239281895e-01
1.631512749381277272e-01
-2.995846464206761706e-01
-8.033812108537695396e-02
2.109366131344376782e+00
1.517047870215429661e+01
1.040341401478954264e+00
1.260409593153841490e+00
-1.620129471992382619e+01
-8.755610818323599887e+00
-2.835073670894123765e+01
-3.762249556210156554e-01
1.452689711005795470e+00
3.309874997713742606e-01
-6.183961849581829817e+00
-4.992752678432920987e+01
-1.905502667072146883e+00
-7.313259273317840758e+00
2.941975256920675363e+01
1.677181832837332465e+01
7.344241047397144939e+01
2.467697554672800692e-02
-8.639809946487390924e-02
1.293427900957976606e-01
-2.449482495897442602e-01
-5.643246797589021035e+00
9.184791255693752987e+00
1.185247849066062509e+00
2.160404927228433891e+01
7.900227742663759045e+00
-7.882476732346708204e+00
-3.358531708026636642e-02
7.325611082960939435e-02
-1.513514402950251470e-01
9.044182396723934758e+00
5.669663553462351757e+01
-4.976926796710805512e+00
-7.699313030002308267e+00
-1.593447038004217404e+02
-8.030955513384323297e+01
-1.251889812331124574e+02
-6.282699956716264467e-02
1.917494455488638339e-01
-1.099769478883613871e+00
3.720165119351627681e+01
2.820920012072874101e+02
-7.965264007900444199e+01
-4.226599532640339163e+01
-9.355529674702939928e+02
-4.247851507099798027e+02
-3.314297631944555178e+02
2.727003619804875545e-02
-1.074282075006456338e-01
2.584068174295668374e-01
-2.631198405679895913e+01
-1.664680622083842820e+02
-3.738737137561779278e+00
2.863186560038264616e+01
5.637050070072023118e+02
2.916508470230704120e+02
3.763265907415803895e+02
7.703944297708976291e-03
-3.832761447632818900e-03
8.969453653699580586e-01
1.182911362505093544e+00
-4.804986278907946051e+00
1.500714764447403979e+02
5.357804025805697279e+01
5.911994466959778265e+02
2.281469377795677929e+02
-1.141036525655102196e+03
