# -0.7J_-0.3g_0.36652theta_0.0phi_10Chi_0.01delta_500N
-1.601990211662430996e-01
8.810979499600997134e-01
-1.989844350353358882e-01
1.946638118635560244e-01
1.512160027390554995e-01
2.116190330856067003e-01
-1.395549305176866164e-02
4.506291449656956577e-03
8.715902151372345585e-02
2.816226694903896724e-02
9.245354122634941163e-01
-1.097583511182967086e+01
-7.664763167008491251e+00
9.186420457234573123e-01
7.453872138465607478e+00
2.670138043787818560e+01
-1.262068582322480648e+00
4.820134725504270357e-01
9.931354817058586804e+00
4.866249807474068767e+00
-1.711891163806634475e-01
-1.067251063950931211e+01
-3.386774323802981712e+02
-2.179769808862371008e+02
4.090934273609506988e+01
-3.230969185209142580e+01
-5.797775079062019898e+01
-3.118435950614454555e+01
-1.297163524083554194e+02
-9.650518275516854771e+01
1.176463690036332610e-01
2.870483257236946528e+00
-2.238662278862084634e+02
-1.808408005618136656e+02
6.025687672571820030e+00
-1.448552732689297500e+02
-5.235893595770911446e+01
6.193626939518534158e+01
1.174497618081871764e+02
1.214038853098598025e+02
1.251123611126029045e-01
8.386593326114825331e+00
1.668679097576626802e+01
-6.416434978875916961e+00
-4.057905204596797688e+01
-8.621040346545791522e+01
-3.080500976124372059e+01
-1.494521777043167390e+02
1.529630121734918760e+02
1.035548987582184992e+02
2.321641349584458724e-01
2.646631206756993393e+01
-6.146477056052696497e+01
-1.327245609648286688e+02
-7.175508622070573495e+01
-3.596845146746967430e+02
-7.663431195971490695e+01
4.923773059889995096e+01
7.002643742164273135e+02
6.584723783276621134e+02
-1.300473786931907738e-02
-1.050734990419225356e+00
-5.745660385443120788e+01
-5.539842798804385637e+01
-1.743255694987223947e+01
-9.263225877008314058e+01
-1.216317034928701020e+02
-4.690897161440646812e+01
4.753166478846479777e+02
3.844083230736526389e+02
3.631688368759164367e-03
4.107151379956354709e-01
-1.406677755487849524e+01
2.858233068218885720e+01
-6.296856159161894340e+01
4.506403500516789506e+01
-5.414148861441079674e+01
-9.858138889990477765e+02
-2.303916995850425167e+02
-3.640197241049946797e+02
8.220647139081811716e-02
9.399777943077239684e+00
-1.175904880390227447e+02
1.015048306849672457e+02
1.753210464124059911e+02
7.964560989427308186e+02
4.185656046198306512e+02
-2.788121527082504372e+02
-5.797709192977338716e+03
-5.416428022553114715e+03
2.317936128743733337e-02
4.448340417986015538e+00
-8.406158853776435080e+01
9.907237584766477312e+01
1.291460913984651881e+02
6.701379560596894862e+02
1.143406620848337951e+02
-4.442799901253637813e+02
-4.298013358148991756e+03
-4.450300633840313822e+03
-9.868277305368728936e-01
-1.612270752750998015e-01
1.771217947330554904e-02
-1.423493169959082726e-02
-1.234373196149904893e-02
-2.078037007780728085e-02
7.037210891118528050e-04
1.510026029396201869e-03
-4.726649452276783167e-03
-2.540516722176473178e-03
-1.616880341240534147e-01
-1.495417575999089532e-01
-4.429150164892399211e-01
4.582446901652929006e-01
1.515352542860803897e-01
3.417621663368906049e-01
1.016481733882765193e+00
-1.543712397230896816e+00
-1.695553869933075886e+00
3.936494775437727522e+00
9.158577280937003906e-03
-7.166423262349278511e-01
-1.886488164800666567e+01
5.232560011824311630e+00
-2.534516675908454886e+01
3.061983657441348150e+00
8.365282235957617729e+01
-1.805282793940540103e+02
4.521413671645874821e+00
7.610821453375361045e+01
2.983628259839038194e-03
9.345210619254872286e-01
7.366676206120176040e+00
-1.794563676046752221e+01
2.929845538049309184e+01
-1.011704114531049647e+01
6.888914852431302904e+01
1.890908635322816735e+02
4.300144377802995166e+01
-2.982999551662228654e+01
-5.745569175555735597e-03
3.551818131168705817e-01
-2.779130645547600054e+01
2.390100971229174220e+01
-1.051084270070844155e+02
1.545433349876306117e+01
-5.722359355270381087e+01
-6.117355607929800954e+02
6.353431052951835056e+01
-5.683562707935664804e+01
-2.729425712441508126e-02
1.281405371101702190e-02
1.456547468498745834e+00
-5.972676960532777635e+00
1.805893903738436634e+01
-7.961625777027086848e+00
5.197560691104562380e+01
1.077277843921182807e+02
8.110205691689307272e+00
4.036709824746552755e+01
-2.816213944112373052e-04
6.673421316659912117e-01
3.240741680207759146e+01
3.513069135437470436e+01
-4.838645914479232601e+01
2.296422544522551945e+01
-7.327036058921012227e+02
-3.654452209813532590e+02
-7.461175284012865916e+01
-3.208726307465494187e+02
1.320635906017369489e-04
-1.656378712142424270e+00
-2.014805085561103226e+02
1.637495273167357084e+02
-6.477991360959554186e+02
1.097176265064294967e+02
-3.928488984829368178e+02
-8.280729391479026162e+03
3.845437021078866451e+02
-3.357522867231280657e+02
-2.901175433612352382e-03
-2.107765300132691255e+00
1.969336544087193719e+00
2.094627660080426423e+01
4.550282502434139786e+01
2.882545238053022985e+01
-4.475111301612150072e+01
2.330085364728188040e+02
-4.901583874244842036e+02
3.122734237552510308e+02
-4.385070617750960222e-03
4.512546832892202708e+00
6.208921898536854656e+01
-1.476514152624028631e+00
-4.648966910987424228e+01
1.415273622610728133e+01
-1.203950620924149462e+03
-4.481259493587861016e+02
1.556647179818120321e+02
-1.994135951897295172e+03
-2.536762274328887776e-02
2.260625866360288228e-01
3.895453192754115279e-01
-7.377768802821129679e-01
-2.901456314834328643e-01
3.314379206123781452e-01
4.623705065202661502e-02
-1.673477088769925692e-03
-8.261048429002035287e-02
1.077547744325091789e-01
1.032848178293152563e-01
-1.384625453451993060e+00
-3.116898286510140004e+00
3.487902740172171612e+00
1.325996054593632234e+00
2.111271462036634183e+00
3.924093122183025528e+00
-8.395449960585946170e-02
-5.661295387294845050e+00
3.523051053785493547e+00
3.459268314018233426e-01
-6.688888976234601103e+00
-1.212191890170023783e+02
3.722398071687771903e+01
-1.487873412766497552e+02
1.710013413269769700e+01
3.755509767048281446e+02
1.338076766466532064e+01
-5.729004446549564733e+01
7.536849558156026774e+01
-6.804858816334020677e-01
1.035566141184720834e+01
5.573567752103406292e+01
-1.320071377318965062e+02
1.759799660316824088e+02
-5.720180597216279494e+01
2.056402029400628919e+02
-3.512772377909945476e+01
3.106459111865498244e+02
-3.588457408669918891e+02
-2.880105842743431177e-01
4.356602014773772069e+00
-1.671194093743025348e+02
1.424542871651770497e+02
-6.512645582057815545e+02
9.298854790902331047e+01
-1.406307073498745694e+02
1.253705241093261691e+02
2.335972861207283131e+02
-2.634138610408417094e+02
3.835139783663456536e-01
-2.876087093105653469e+00
-1.829798280258839061e+00
-1.928529351034717365e+01
1.179665554504643268e+02
-5.929503023412498663e+01
2.155304010885794810e+02
-3.005848608327491434e+01
-7.932041932591575417e+00
2.083190598013511021e+02
1.080347577496287431e-01
5.599736829759564216e+00
3.726005368678829655e+02
2.629409016807820763e+02
-1.633306420689854122e+02
1.578677195984994341e+02
-5.750228079456874184e+03
2.772490520242137677e+02
-8.417199153796668725e+02
1.379672063711325514e+01
-7.914786850345719230e-03
-4.712933736891997683e-01
1.702784365421040036e+01
-3.424887134515822140e+01
1.253155320953458443e+02
-1.838740318789782791e+01
2.743125084959780793e+02
-1.249435106825687853e+02
-7.879296303594918527e+01
6.799970377828337575e+01
-2.124955237240165884e-01
-1.283300514958005856e+01
-1.109661299231857612e+01
2.051650097366513705e+02
1.334308841608958289e+02
2.594152250930144987e+02
-5.941642590284884591e+02
-7.872349045209902840e+01
-3.184811579311060541e+03
1.888282093389204420e+03
3.007005580931341737e-01
1.668912306058520301e+01
3.037947076542626235e+01
-2.528413127863783814e+02
-1.697821967344095526e+02
-1.571069948083221561e+02
-1.125009079080400397e+03
1.461686952003846898e+02
2.836543943212600425e+03
-3.872604285606042140e+03
