# -0.1J_-0.9g_1.0472theta_1.0472phi_10Chi_0.01delta_500N
-5.773570819357488615e-01
-1.304283038887187572e-02
8.092687209499761503e-01
-5.468034839888492871e-02
1.012590955697636975e-03
-1.671212956341450520e-02
3.159693598212089116e-02
-1.475974967301021262e-02
2.286363216136191173e-02
-5.725405336898943889e-03
4.708232311555673455e-01
-2.908856179765675898e-01
-7.247162640718881610e-01
-1.542363635088410012e+00
1.283300412708727123e+01
5.018738067516051338e+00
5.560466082305148383e+00
-1.652582808234922140e+01
1.477726102428306731e+01
-2.795915860991875057e+00
-6.650335605841738440e-01
-6.280789061686093966e-01
1.556577123959337783e+00
1.450732194987394053e+01
1.080551294438249421e+01
1.483787541538884547e+01
-1.250676650273017998e+01
2.270797181220840510e+00
-4.973673358299230962e+00
1.478626726846223427e+00
5.558476941992786247e-02
-8.326569214535929575e+00
1.288214272265592086e+01
6.989773653451145492e+02
1.309758204759198463e+02
4.815656851757511276e+02
1.677658593519977785e+03
1.815322220898579189e+03
-5.764036890250035867e+02
9.952239104639715151e+03
-3.784296908064405714e-03
-1.650653633932331843e+01
5.469800692205591952e-01
5.252710499510651943e+01
8.358775308782730917e+02
4.625609209007824347e+02
1.936178308939156977e+03
-1.602044634173743361e+03
1.005704512618168451e+03
6.249813147266449050e+03
1.717931104618443047e-02
-1.306515866107493551e+01
9.195935556885373785e+00
4.586278311511149468e+02
4.897101223102577023e+02
7.565371566121699516e+02
1.806631283152863716e+03
8.467425310247894288e+01
2.490380114917867331e+02
8.256191064332613678e+03
-2.329825567929459315e-02
7.650291618724889275e+00
-7.741471859654270204e+00
2.255651896994554590e+03
1.247147633323682157e+03
1.708408160700917506e+03
2.885158822767570382e+04
1.048603766806911699e+04
1.581820869331708934e+02
7.868148926753060368e+04
2.743086031427028476e-02
1.005472462232298270e+01
1.628118363595084261e+01
1.081642253069241633e+03
-2.226780384007447992e+03
-6.745316783038909989e+02
-9.663780770351799219e+03
1.618614059495868241e+04
-5.145386086405055721e+03
-4.549474210409633088e+04
-2.350695718637253046e-02
-9.154789418321447769e+00
-1.301815249075518288e+01
-6.321418964704002974e+02
9.868342516267226756e+02
2.502658039636918659e+02
2.263690264965806819e+03
-4.645677398150670342e+03
3.246633845322476645e+03
-2.648112997903048381e+03
6.129359766507532815e-03
1.725574945964905238e+00
3.098493814157145199e+00
8.483304313769383953e+03
5.907581674062183083e+03
7.027982810763769521e+03
6.836131378102941380e+04
-1.383585400149667839e+04
-3.141586467525648914e+03
7.685389134586009895e+05
-5.773988857914528205e-01
7.073261450898395974e-01
-3.933562368789739749e-01
2.821460035732075225e-02
4.683790086938354608e-02
-1.670457683100955507e-02
-3.023295672676908161e-03
3.474037473484480054e-02
2.286010050822785689e-02
1.228199721957863848e-03
3.404796273094363168e-01
-1.198189071461714938e+00
-1.043509849390864413e-01
-7.764425298848010470e+00
1.809955617825836072e+01
-1.535922691495705728e+01
-9.476858781630802753e+00
3.827741221636846713e+00
-3.080820697937567409e+00
9.414806315333733577e-01
7.402500081016500921e-01
-1.248337904023172795e+00
6.491738365517710774e-01
9.242229386699685634e+00
4.581424245071028523e+00
-3.068854480700732967e+00
7.839327939506878451e+00
1.730845538344582835e+01
1.528453323613219439e+01
-2.726690145492218775e-01
-3.106696539090073733e-02
-1.002082926375514327e-01
1.176092224550127519e+01
7.222595947731632577e+02
-6.601411939438507659e+01
1.599430092282321141e+02
1.569917512445943203e+03
1.874719008129056419e+03
1.159038856445308738e+03
-4.315174762523687377e+02
-4.624230762751332935e-02
-1.762930741442380267e+01
-7.679256180281902822e+00
-1.443827433047330828e+02
8.126649813227147661e+02
-6.481927178811083650e+02
1.868460316078362894e+03
-1.707518109260207439e+03
-2.286218552332521803e+00
1.376978736333732013e+04
1.718158145718769181e-02
1.449578874477550983e+01
6.718798072328909576e+00
1.947454837557981762e+02
-6.416580454627377321e+02
7.562325456516103941e+02
-9.672484210742868527e+02
1.514922599982159227e+03
2.477582896818823599e+02
-1.087675029623572482e+04
-1.210505364060322255e-02
-2.591712415843804962e+00
1.596718223404657344e+01
2.163948050023443557e+03
1.132310876618485509e+03
-2.689022714543519896e+02
1.971295877493206717e+04
4.470622187187122108e+03
4.379378049939870834e+03
3.142049048282169315e+04
-3.389206607385975706e-02
-1.365339953968734754e+01
6.038857943584983623e+00
1.191832875446141770e+03
-2.311836367201285157e+03
1.808497375599418092e+03
-1.556694264645492876e+04
2.516906150880228961e+04
2.692394113481757813e+03
-1.470779555434794456e+05
-2.350452945167382998e-02
-6.694728141027769475e+00
1.443634224538146427e+01
1.169762773618957453e+03
5.487580182498671633e+01
2.495123484685074402e+02
2.890810769880561111e+03
4.270083802943471710e+03
3.244141686114845015e+03
-5.612857546219552205e+02
-2.163709645105424580e-03
-8.874816718501383761e-01
-2.009048342486345062e-01
-1.183278559499195580e+03
1.463885059809583981e+04
-1.133631738355892594e+04
8.477873597565588716e+04
-1.237116659660757432e+05
1.046446135459434288e+02
1.063250172916277545e+06
-5.773340758603875411e-01
-6.943622166589047406e-01
-4.159004315792343975e-01
2.646362693163130386e-02
-4.786136581467535789e-02
-1.671004324077897396e-02
-2.858328702833111759e-02
-1.997988664201021461e-02
2.285982846182866776e-02
4.528258307306949268e-03
-8.113591680263882999e-01
-1.282085012025783621e+00
-1.200320665149849919e+00
-9.212837029387531018e+00
1.007888382468997079e+01
1.033836716677437195e+01
1.566558997378178475e+01
6.670652063166632395e+00
-1.169332045258641628e+01
-2.463924713777989162e+00
-7.527300475022155601e-02
-1.525269085575578776e-01
5.655764838046067888e-01
1.726359560497869339e+01
3.133416671712300872e+00
-1.176838871637164452e+01
1.069025096462513247e+01
-7.833985526919349240e+00
-1.030917354372268235e+01
-2.609518462506780434e+00
-2.451550131636906146e-02
-3.240593040145064663e+00
1.944436298303080335e+01
8.811590134900604880e+02
5.259959268636922758e+01
-6.415789287860028480e+02
1.683650758496701201e+03
1.935753958522955600e+03
-5.814504884829975708e+02
-2.065617821500156424e+03
5.003297982116425291e-02
-9.945888837429395224e+00
-4.536927854639150937e+00
-2.571595725813621769e+01
6.538691636628626611e+02
1.856237199951995649e+02
1.810136435396754450e+03
-1.603321711774879986e+03
-1.002300557004898792e+03
1.205440057571905982e+03
1.718698173139835902e-02
-1.432595968553260768e+00
-1.591673596506186783e+01
-6.533664849286052458e+02
1.524913733716824709e+02
7.567371865809329847e+02
-8.358601991758708891e+02
-1.601375877409252098e+03
2.476848364347791573e+02
3.105515587358224820e+03
3.540358598527237888e-02
-1.799853032616037041e+01
-4.754535344511838346e+00
2.310361018600525767e+03
1.110192474217242079e+03
-1.441212745950433373e+03
1.915196950549161920e+04
1.533469479777058041e+04
-4.521427020019768861e+03
-3.597930218124788371e+04
6.456806720937947192e-03
7.071078206115751996e+00
-9.374532422117372477e+00
1.208519364461417581e+03
-2.174477211850141884e+03
-1.134346135909155009e+03
-4.782428736695690532e+03
2.583105298275807581e+04
2.451142046799915079e+03
-6.019166105494654767e+04
-2.351167262706277752e-02
1.584918330221383265e+01
-1.420814290568960914e+00
-5.384489449722275367e+02
-1.040348374641111377e+03
2.504811141067740721e+02
-5.151163835797799948e+03
3.636165816739910497e+02
3.244325133178071610e+03
3.374067211519700322e+03
-4.008512451241506500e-03
3.277079159974312539e+00
-7.719116891335215946e-01
-4.353852903116986454e+03
2.125899639828368436e+03
4.907261953380825616e+03
-2.000527619412702552e+04
-8.984690659263022826e+04
3.189141855321768162e+03
6.427914545552891213e+05
