# -1.0J_0.0g_0.15708theta_0.0phi_10Chi_0.01delta_500N
-1.000000001658913673e+00
-2.945073642159720100e-16
3.830288618621677394e-16
4.856572239786841638e-16
-3.071674870430366887e-13
-2.661358337129001650e-13
1.198840372561407204e-15
1.480177053443853201e-16
-4.333421702474493175e-15
6.574269316281787110e-16
5.112782547562123654e-12
-1.736093508025828123e+04
-3.563045268286753608e-01
-1.690886663458679093e-02
-5.026555554083694265e-06
2.113014699263209551e-05
4.663220824098131788e-03
-4.278614803060427213e-03
1.134137633111506269e-02
4.946334104400134301e-04
-6.295469383471716331e-16
-7.414038282952579995e-02
-2.758082843276844869e+04
3.962783853081805282e+05
1.324391941518691965e+03
-5.895520026209240314e+04
-1.268604125750406459e+07
-3.874754790688091516e+08
-1.082528457836507261e+08
1.527930881669551320e+07
-2.091250505983981182e-16
2.171242480889766860e-02
2.554894411454616580e+06
-3.670845047412786633e+07
-1.226726221607219049e+05
5.461204544307913631e+06
1.175145830453807831e+09
3.589300931171275330e+10
1.002778400170270538e+10
-1.415367815917397738e+09
3.062542485499702711e-13
-1.473439761019935421e-06
2.232866281406208600e+03
-3.208062671714370663e+04
-1.073205052950937528e+02
4.772700073725136463e+03
1.026990847097261460e+06
3.136784163828302920e+07
8.763549505429005250e+06
-1.236938220741894795e+06
2.759462548123911553e-13
1.217719285545279341e-06
1.082644477468339375e+02
-1.554439900796483471e+03
-5.323908927442739802e+00
2.312266589775906027e+02
4.975598394228271354e+04
1.519723247061446309e+06
4.245834908624317613e+05
-5.992967357378088491e+04
-8.182163915112671525e-16
2.450236991543461545e-04
-1.154476520545200910e+05
1.658739612730071647e+06
5.542541187875754076e+03
-2.467749923720837105e+05
-5.310114393412850052e+07
-1.621892226830791712e+09
-4.531240299230965972e+08
6.395600769278693199e+07
6.841688620814895615e-18
3.923470490308162209e-03
-1.084250058519267105e+07
1.557838911527150273e+08
5.206014503507235204e+05
-2.317634389905759320e+07
-4.987102032739637375e+09
-1.523233075901029663e+11
-4.255606472908914948e+10
6.006559765760206223e+09
-1.640440011208037221e-15
-4.612214238132679488e-04
2.438096507781050168e+06
-3.503030075971190631e+07
-1.170600088961506408e+05
5.211546289162928239e+06
1.121423138167632580e+09
3.425213279874816895e+10
9.569356219752475739e+09
-1.350663220538712502e+09
-1.765108750931529831e-16
-1.014104799769183218e-03
1.119871914932738990e+07
-1.609021456977058947e+08
-5.375217430350965587e+05
2.393789329551004991e+07
5.150956155489156723e+09
1.573279779554472961e+11
4.395426778549279785e+10
-6.203910578549743652e+09
-1.128924536653380031e-13
2.558130342361172761e-12
6.579747783665939299e-07
-2.414392864244696289e-05
1.701426784430622329e-05
4.240031574133114045e-01
5.911953428790321131e-04
5.968467830275085532e-04
-6.470080715870472725e-03
-3.864211043707890814e-01
-4.435461504805929580e-13
-4.591958372992126919e-02
2.223742295735181415e+03
-1.596638106198707590e+02
-1.579486232817247204e+00
8.268424153803641730e+01
1.593680568154083994e+04
1.148690191864577173e+03
-5.126946859556570416e+03
-9.845254186098296714e+02
-2.052167983541140737e-07
1.071269365441275477e+04
-5.220085135491921902e+08
-9.481042460466910852e+05
-6.244602330623208218e+03
3.241656204675951158e+05
6.242956819599211961e+07
4.481510046163112856e+06
-1.995762427773295715e+07
-3.946432097485827282e+06
2.446384198123670464e-07
-2.683866165769395593e+02
-8.965392759101634845e+06
-3.721108899219512194e+07
-6.157304929075753316e+05
2.888653695966064557e+07
6.387837884309273720e+09
2.430336246276098251e+09
-1.630717143297986746e+09
-2.920791211656321526e+09
-1.226585534258972356e-05
-3.704231398405142817e-01
-1.234804902139653859e+04
-1.194502384975195600e+05
4.811648960022846495e+02
4.639430412580139190e+07
1.378465529517224990e+07
2.730437963499599136e+06
-4.616702081627933076e+05
2.431239359155340493e+08
-4.089212282078544813e-01
6.834228535184270470e+01
2.278191277263742872e+06
1.616710491816981463e+06
6.273142229157188535e+07
1.536534918399503662e+12
-1.065482655892482185e+10
-1.044432561718666434e+09
5.475539190827147484e+09
3.007003971441718750e+11
2.527014969228147129e-03
1.291825829359363524e+04
4.306081204362964630e+08
2.407973672583092004e+07
1.363887963573775999e+07
-8.515452063977556229e+09
-1.491459848974691467e+11
-1.182730891583690338e+11
-2.841832692128463984e+08
-1.538856509082403320e+12
-3.333542896994335302e-05
-1.391766968533896076e+01
-4.489569118177407072e+05
1.730697846857645214e+08
1.541582453121018829e+06
-4.521624525437800586e+07
-1.570635990490401840e+10
1.307290119140095450e+07
9.813727656173227310e+09
3.024455289656611938e+11
-7.421020220932043020e-03
-8.870432904356065364e+02
-2.958839120326516405e+07
2.454257732588646698e+10
2.146578883809181750e+08
-1.612305870880256844e+10
-2.153336332593530518e+12
4.963716773551373291e+10
9.082500950838833008e+11
1.137835666746102930e+13
6.009994287691546207e-03
8.233150960351395042e+00
2.751104321785432985e+05
-1.347099006209641457e+09
-4.386119082621810026e+06
4.562100011969317436e+09
-1.285690560902437973e+10
-9.032016449566955566e+10
6.896211033874871826e+11
4.739835849179187500e+13
-1.107079070434516645e-13
-3.182054446334568735e-12
-5.735360356792875268e-10
3.191121249505787907e-05
3.595004098285640159e-01
-1.386398958730237231e-05
1.687744392836140490e-04
-1.155984884797197406e-03
3.659264215894660055e-02
-7.879520362901942104e-03
-2.043141698416591210e-12
2.162453001967822031e-02
9.800272241020657304e+00
-1.023691237366673704e+04
-4.841620092441655920e+00
2.160426183386581300e+01
4.785164673222363490e+03
-4.069099567851033498e+03
1.078232520636170193e+04
5.936508129271300049e+02
8.573125370689465586e-10
-3.239432457286154365e-01
-2.731106593513444295e+03
7.116515175616864115e+06
5.999300360747567538e+03
9.687637045929006490e+03
2.106415507306027226e+06
-1.671247832400596701e+06
1.444533609827614855e+06
9.084502687720777467e+05
-1.888764089345725911e-05
1.674200029012706000e+04
2.029289424242625758e+07
-4.803278142826910400e+10
1.267691045062185824e+07
-5.815292775429607928e+07
-1.262961432125319481e+10
1.008918241057161522e+10
-2.744378972076327515e+10
-1.289387559499000788e+09
-3.606201344825371025e-01
-9.656196829721299668e-01
2.843174949466389080e+04
-1.027196812560018748e+08
1.174349742218951172e+12
-4.662312744187302887e+07
2.333307675660679638e+08
3.437100566662867069e+08
-1.481450269784443855e+10
3.291925254023255348e+09
1.131421766848143167e-05
1.793934877309293130e+00
5.009954799999817624e+03
-1.575364895456483401e+07
-3.494237422263465822e+07
-2.872208712525721057e+04
-6.574370198573393747e+06
4.919298769016806968e+06
-3.670533309654837474e+06
-3.030756642353293486e+06
1.095443293841786984e-04
3.510290345708007749e+02
1.657715110659567581e+05
-8.471265119413613081e+08
9.712287610658910871e+07
-2.550723583293747623e+06
-5.566699148162494898e+08
3.256741085291665196e+08
1.900580300089620829e+09
-7.383319034548916817e+08
1.416597409263474494e-01
2.196283856823167298e+03
-2.353647342040047050e+08
3.304112180072406006e+11
7.376513201477453613e+10
-4.574407176277723312e+08
-1.026717099727816772e+11
3.167913452192979736e+11
-8.996626169611707031e+12
1.895050803217007080e+12
4.932628362981459659e-03
1.050264902040850545e+00
-3.640629920544646215e+06
-4.435277881581743240e+09
2.556998889214646339e+09
-4.926694099622670561e+07
-1.084396489480857468e+10
1.528632617311726761e+10
-2.751561759437457275e+11
5.345024538275434875e+10
-2.663442399004657957e-01
4.297122341716372489e+02
4.841210527867446542e+08
1.276879257489142456e+11
-1.379711546739712830e+11
4.303360096483401299e+09
9.424029216340440674e+11
-3.321151463813086548e+11
-1.005538551564621289e+13
2.743040481354164551e+12
