# -0.65J_-0.35g_0.68068theta_0.68068phi_10Chi_0.01delta_500N
-9.445018119213615115e-01
5.087899105171210801e-01
3.122884259715686395e-01
2.454891600987834654e-01
-8.755347439163430057e-02
-1.991427687933730872e-01
-2.691444957842450969e-01
-2.424178634635273666e-01
2.774760712075347024e-01
-1.098341039971671360e-02
5.958819389562868274e-01
-6.935529793469275006e-01
-1.126668470990756787e-01
1.514258491275923546e-01
-6.057380203326545587e-01
-9.664529727097342926e-01
-5.443163689799428440e-01
-8.144728488767951635e-01
9.206274030808234698e-01
-2.142402211625774044e-01
1.701305576916628259e-01
8.923099253690011667e-02
-2.184174849573969068e-01
-1.352400205187383464e-01
1.725961451808776470e+00
2.947471941499731352e-01
2.999325233063483420e-01
-3.066288453009833326e-01
1.468872692361195664e+00
6.530144133806120577e-01
2.937665605733443264e-01
3.127681096408856387e-01
-2.337761725594678097e-01
-1.494173442149303366e+00
3.177082913793306762e+00
3.896253972296051860e+00
9.340019781591361037e-01
9.965508412372130476e-01
7.960342374813569322e-01
-4.729691095060284844e+00
-2.183165883048281408e-01
-1.228852577706975202e+00
9.385501148023316365e-01
2.221889869967115239e+00
-1.435606670136399465e+01
-7.125243400183931541e+00
-3.876912176008632915e+00
2.217237864563903926e+00
-8.768722336279630269e+00
6.991957469874498621e+00
-1.698994073122539472e-01
-9.236259221305884726e-01
3.167149958748792238e-01
2.202480068585735751e+00
-5.270024524251971876e+00
-7.450544748630653302e+00
-2.506182933784570910e+00
-2.154579047967087657e+00
-4.011169903974516338e-01
9.122053601854434035e+00
-1.343621202962826111e-01
-3.736020500623579155e-01
8.078315095508567176e-03
-1.794081430572393776e+00
4.714568446734475948e+00
2.055787120031776105e+00
-4.876820403660904191e+00
-6.488731032548626487e+00
1.595717449767134610e+01
-1.117324665987261589e+01
-1.771591816627990368e-01
-4.674134984534139559e-01
-4.577814760708009412e-01
8.186628885464606320e-01
1.838532404450415569e+01
-1.798678188795544086e+00
4.278051044943043668e-01
-2.605799693386740756e+01
3.536388937208373306e+01
-5.063485645788331269e+00
1.808917571078774156e-01
6.297031936079791059e-01
8.276810047514994162e-01
7.928998855546609548e-01
-2.641963504509766025e+01
4.209552287761976763e-01
5.233482023099798042e+00
3.614670854556555213e+01
-6.377990242339544835e+01
1.274248861753988571e+01
2.271127254031360745e-02
-1.270199109695300255e-01
5.764348757854360628e-01
-4.103910516256511265e+00
8.430787622716022778e-01
1.831998790501697627e+01
9.421353061292441211e-01
5.011722779575194409e+00
-3.537224587422765243e+00
-7.128929735667156820e+01
-3.902563547581832104e-01
-6.787991828565694830e-01
2.403690105717677106e-01
-4.102616474834601124e-01
3.143783701152232449e-03
7.366787220199699782e-02
-3.696782678012056622e-01
6.541556669571467753e-01
3.002124573535217555e-01
-1.349072349959380690e-02
-5.565756013268199354e-01
-1.159970049170439221e+00
3.475014768335564774e-01
6.228171352086996349e-01
7.025120701557774350e-01
-4.953773231992502080e-01
5.261161156093923097e-01
-3.572976222022636317e-01
-6.763130887085175846e-01
-1.136397376014374044e-01
2.898533273595663151e-01
7.342711042089866691e-01
-7.429610097916987677e-01
3.486348359387022033e-01
7.537515245821985177e-01
-1.495317259102120877e+00
-6.299222563305849620e-01
1.386519114928610685e+00
-1.075458090770897435e-01
-4.412176876184634722e-01
-8.832120047397483409e-02
3.436752231805463575e-02
6.585092267965374502e-01
-3.978093766204922055e+00
-3.298398713495466872e+00
4.220206868198333794e+00
-2.740800453377088886e+00
3.364811452841699468e-01
1.954890403156911427e+00
2.616703548589791595e+00
2.915600772291485621e-01
3.267455660782254134e-01
1.194561834095364761e+00
-2.977099698322685395e+00
-6.866417074892968486e+00
1.049929096502565251e+01
5.346109795952391774e-01
-3.139616295234558763e+00
2.763986141586660228e+00
-6.790601257642082444e+00
-1.953142049158475002e-01
-2.226178723853152602e-02
-1.804118479874130321e+00
4.682098046466342645e+00
9.262742828354452840e+00
-1.525851369134530700e+01
1.415094577276590382e+00
3.300056178597968071e+00
-4.730105232083861466e+00
1.197485386246814620e+01
-3.076872695670909152e-01
3.705913731318081772e-01
-1.784408017056208218e-01
-1.198818640716313944e+01
-5.534225640738790197e+00
6.339714761796409803e+00
-2.192136235484092310e+01
1.455829101622986421e+01
7.636749660842204079e+00
9.499069504705976996e+00
5.141211101039380171e-01
-4.639513007044047121e-01
6.524401975670739429e-01
1.251615778459283490e+01
1.104679949550721219e+01
-1.245278063281805458e+01
2.257049083865060268e+01
-3.046705280119734738e+01
-1.681573938332793716e+01
1.436034135111455257e+01
2.117850968749273033e-01
-3.770252907973270506e-01
-2.312633799339909244e-02
8.091157150321464542e+00
5.548224686254378035e+00
-6.132877933267696591e+00
1.493960156849426468e+01
-1.853707671986821026e+01
-1.279308460014489768e+01
3.313645649169605356e+00
6.711034934010998154e-02
-1.892938249541241402e-01
-3.788430145347013722e-01
1.984392521712269541e+00
-5.237215269523822769e+00
1.762025468550270091e+01
-4.686786249061283272e+00
1.902266357724206935e+00
5.660633148883802868e+00
-8.284894184911667026e+01
-4.063311450563990568e-01
-3.641626592969209042e-02
-5.971559599085529690e-01
-3.874473771690774559e-01
-3.089187179279825890e-01
-2.893325764653230103e-01
7.698947048378127489e-01
7.690320470934050578e-02
2.355349470841889836e-01
-9.784419257137408343e-02
-1.714212818704085317e-01
-3.376810203681782085e-01
-7.976092919153016103e-01
1.321740155224932600e+00
-3.972778330299803207e-01
5.707844956101717493e-01
-5.861851973024269358e-02
4.319508125908633756e-01
3.665614288925190256e-01
8.353293675785332661e-01
-6.632604351782174223e-01
-3.268918533719774033e-01
-1.768332533453145894e+00
-4.814360024349608191e-01
4.492472666980505402e-01
4.408806586523316695e-01
-1.198853844807498792e+00
-8.454391292953701287e-01
-7.338383726166735066e-01
-3.889474035756280146e-01
-6.712824892403178589e-01
1.110500780553145272e+00
7.369431708693480187e-01
-1.276091269630660285e+01
1.917607558260347733e-01
-6.635092854191870337e+00
-8.224856892199582381e-01
-3.334371996376306768e+00
-4.318847685010204884e+00
2.161041245206475381e+01
-2.276707420875359045e-01
-8.319942231576198111e-02
-1.340876863856524208e-02
5.249304048509878529e-01
-2.941437084882605468e+00
-1.593414720922130545e+00
3.378833264217989907e+00
2.840617559030410799e+00
5.871478011256706792e-02
7.188232945467207813e+00
-2.123431777320231584e-01
4.471977598751122329e-01
6.474235832749619668e-01
-4.018937030112867959e+00
-6.704420479062920268e-01
-3.288697842674054073e+00
1.007752561142712278e+00
-9.838707479979522663e-01
-6.264633742275537154e-01
7.291183226933367401e+00
4.703803822768021781e-01
1.448810520603129592e-01
-8.436097921538671107e-01
-1.813709200283102874e+01
9.553048143065661080e+00
-2.545271491448715562e+00
-3.841443906778759043e+01
-2.168779777256016317e+01
-2.069751505780204326e+01
4.566664347131251134e+01
8.413153492497679742e-02
2.519924764457001087e-01
-3.732007008920197877e-01
-7.433222526835331578e+00
8.149240461710450134e+00
3.900959328989390684e-01
-1.662150888644574209e+01
-1.526648686856321824e+01
-2.680770235029994897e+00
-8.237342835444950495e+00
1.830712150468868094e-01
1.599995654425283020e-01
-4.923526716249332913e-01
-1.100757419140564863e+01
3.054441068764230938e+00
-2.277744274273292735e+00
-2.509266433104557237e+01
-1.009374048215631170e+01
-2.244469777934866173e+01
3.796003890116887902e+01
1.371306923472978903e-02
8.742140109577761775e-01
-3.250658264986296953e-01
1.155174939915175081e+01
2.038177186063919422e+01
2.454342418184866759e+01
-8.261797894325630054e+00
-1.742761150559697825e+01
1.286030518599141992e+01
-2.486408632579061191e+02
