# -0.4J_-0.6g_0.68068theta_1.0472phi_10Chi_0.01delta_500N
8.962828766066216479e-02
4.234909719044284643e-04
1.376005393931991807e-05
8.682435343940552444e-07
5.511397981046048159e-07
2.460698120910619566e-07
3.488713089680884674e-07
1.737304497570811142e-07
2.989234790614476344e-07
1.464792668077930703e-07
2.768715408690186319e-07
1.333599679758971621e-07
2.632469852505252936e-07
1.251672711943204775e-07
2.527946931740240369e-07
1.189678509015472156e-07
2.436956052748254881e-07
1.137836329750646740e-07
2.353186656359270252e-07
1.093280469970214183e-07
2.274842341613603613e-07
1.055793630251599244e-07
2.202258652573924440e-07
1.026137323412625621e-07
2.137248846078016393e-07
1.005229694034187372e-07
2.083221434844561467e-07
9.936269331464585902e-08
2.045470705091743225e-07
9.911532853383167212e-08
2.031211709204040172e-07
9.966307985984921005e-08
2.048833179950110399e-07
1.007703730304450093e-07
2.106082075947635718e-07
1.020793841486137177e-07
2.208050082813716132e-07
1.031270967423857308e-07
2.356510272087905665e-07
1.033971014569885076e-07
2.550861727532568449e-07
1.024153002695247429e-07
2.789393275613522680e-07
9.987682367851402989e-08
3.069765227654341835e-07
9.575674592270664895e-08
3.388455006336157186e-07
9.034002909235359004e-08
3.739114355029593317e-07
8.414048382066612465e-08
4.109520772549507505e-07
7.774796432569472061e-08
4.476635926899861368e-07
7.168391832351760571e-08
4.799941855315867994e-07
6.632297881781229975e-08
5.016217326630617825e-07
6.188621662967684682e-08
5.045692128534996448e-07
5.847845923964179382e-08
4.824148943316816461e-07
5.613929200083739571e-08
4.355405571460535767e-07
5.488902670157440555e-08
3.732229277585368304e-07
5.476259427066584627e-08
3.085210489220019300e-07
5.583310213781425286e-08
2.511300893800492356e-07
5.823114534320836372e-08
2.050014291948542831e-07
6.216392597151327238e-08
1.700827234711018080e-07
6.793417559522693073e-08
1.445902638747877031e-07
7.595352103725640262e-08
1.263286697532660389e-07
8.673303853153010715e-08
1.132431174318107439e-07
1.008079445531806284e-07
1.036319295926536851e-07
1.185030634019934882e-07
9.621620010438986607e-08
1.393569692796914059e-07
9.011795174685874890e-08
1.608714799877642178e-07
8.478368226424030352e-08
1.761956049797449753e-07
7.989490095868923696e-08
1.727765631089317082e-07
7.529664699210126474e-08
1.433306341864778211e-07
7.094744794009239423e-08
1.032994304542007340e-07
6.685224089319196048e-08
7.150625533767823789e-08
6.302210117488258059e-08
5.113179066511841096e-08
5.947801640713775165e-08
3.867423469553047824e-08
5.624851636191473946e-08
3.092325754139325544e-08
5.336467225452941338e-08
2.593357931410758425e-08
5.085785516016468704e-08
2.261600238054794090e-08
4.875903893111186514e-08
2.035829966424003314e-08
4.709727784220658041e-08
1.880672229635932012e-08
4.589599735112996294e-08
1.775024030582200383e-08
4.516715512156612541e-08
1.705915695198031042e-08
4.490479275081110026e-08
1.665175139310390043e-08
4.508094864720683225e-08
1.647564959949739404e-08
4.564601840279664784e-08
1.649716004965151640e-08
4.653297818711546438e-08
1.669506860229404346e-08
4.766285035329089751e-08
1.705699383525791499e-08
4.894912583252508001e-08
1.757723572412077512e-08
5.030058605225253801e-08
1.825551058150504981e-08
5.162337147377391052e-08
1.909623369906884389e-08
5.282363507370742056e-08
2.010816801108498229e-08
5.381185265738083257e-08
2.130434738549110808e-08
5.450907366202233211e-08
2.270221117941613478e-08
5.485432614841856958e-08
2.432393249076817793e-08
5.481147124534632399e-08
2.619693172463560849e-08
5.437334580187369738e-08
2.835449615320996584e-08
5.356156258695700583e-08
3.083644290711144663e-08
5.242164651147394071e-08
3.368969097460244171e-08
5.101481121284761368e-08
3.696840535047901027e-08
4.940868111480331541e-08
4.073313895019225197e-08
4.766934052149901232e-08
4.504778290822366361e-08
4.585610253804395383e-08
4.997210271154529437e-08
4.401923205812515427e-08
5.554578582834519104e-08
4.219990958003593470e-08
6.175680681513984010e-08
4.043138893242788190e-08
6.848271529481964122e-08
3.874045497732028017e-08
7.539146253382181393e-08
3.714866371572116079e-08
8.180388888733730261e-08
3.567327096603622369e-08
8.659569428400790230e-08
3.432792825625771980e-08
8.839953538894547716e-08
3.312326818089572212e-08
8.646091349333795318e-08
3.206718180486778611e-08
8.178812953255237362e-08
3.116450370336765453e-08
7.704081670708160002e-08
3.041671433780228658e-08
7.481141402684873449e-08
2.982255373479960098e-08
7.648392017475500642e-08
2.937902953129872671e-08
8.268781298424354832e-08
2.908201374624667015e-08
9.423446763668010545e-08
2.892642548012671982e-08
1.128238381653526629e-07
2.890619228725999679e-08
1.416030100438998224e-07
2.901404809245818545e-08
1.854641345351661185e-07
2.924140064963147425e-08
2.494655264123484961e-07
2.957941837805611338e-08
3.292826549415516466e-07
3.002163722476262366e-08
3.810316882501119417e-07
3.055607831756870336e-08
3.167434089393716522e-07
3.119693525766102397e-08
1.924867522639024805e-07
3.197746831494532506e-08
1.164657104388665625e-07
3.287320191326303623e-08
8.018778281259623361e-08
3.386691676601316172e-08
6.261365664645917525e-08
3.495021831272085369e-08
5.374834619349574032e-08
3.611714192835620369e-08
4.926723336574344519e-08
3.736224626897910385e-08
4.717672491736944242e-08
3.868006651691509174e-08
4.648185905810987178e-08
4.006492021989348145e-08
4.665158220695295824e-08
4.151082033947196123e-08
4.738698585340055509e-08
4.301145097629295266e-08
4.851228087306610237e-08
4.456019074672804447e-08
4.991996257618266866e-08
4.615020623167534222e-08
5.154179804665020162e-08
4.777462418225734508e-08
5.333281404880566002e-08
4.942679545368855548e-08
5.526215183807720896e-08
5.110065351204209785e-08
5.730769405274049433e-08
5.279114959007109376e-08
5.945281211527292822e-08
5.449472783919348686e-08
6.168438465661373518e-08
5.620980935803575824e-08
6.399162396401915954e-08
5.793719914908293236e-08
6.636537291887055116e-08
5.968033312770505905e-08
6.879764987165550911e-08
6.144531600034607925e-08
7.128159764341084229e-08
6.324070738265856841e-08
7.381146104690120992e-08
6.507705523269838217e-08
7.638270000194075112e-08
6.696623689861035972e-08
7.899215909117620595e-08
6.892069814719174939e-08
8.163825056043989200e-08
7.095269710653660077e-08
8.432111075750067117e-08
7.307364976839775059e-08
8.704269449108165380e-08
7.529364332917276717e-08
8.980677939933043757e-08
7.762114455043338601e-08
9.261886373751730107e-08
8.006289429573459822e-08
9.548595540861203663e-08
8.262395442939282206e-08
9.841626561121753980e-08
8.530786658271392280e-08
1.014188467802026833e-07
8.811687335705990646e-08
1.045031509812240436e-07
9.105210689576448750e-08
1.076786525909692914e-07
9.411388516220973227e-08
1.109544890378684236e-07
9.730190702035584302e-08
1.143391547333735584e-07
1.006154453449190995e-07
1.178402769415069361e-07
1.040535192614464621e-07
1.214644927036923074e-07
1.076150392977963598e-07
1.252173249398957761e-07
1.112988966148853597e-07
1.291031991585669718e-07
1.151040781646241765e-07
1.331255169914476592e-07
1.190297073686138464e-07
1.372867319120036639e-07
1.230750752814139013e-07
1.415884708327481283e-07
1.272396544471453928e-07
1.460316759486983473e-07
1.315231007148026583e-07
1.506167622116620075e-07
1.359252477420162313e-07
1.553438620595552772e-07
1.404460970323347617e-07
1.602127606950078540e-07
1.450858053001767375e-07
1.652228611804594383e-07
1.498446735018347093e-07
1.703736886934800822e-07
1.547231327728624850e-07
1.756648176482892158e-07
1.597217304050282912e-07
1.810959124654965854e-07
1.648411158624764825e-07
1.866667584287937623e-07
1.700820284955464047e-07
1.923772761589655829e-07
1.754452850422818948e-07
1.982275264440424322e-07
1.809317686144906666e-07
2.042177069420757365e-07
1.865424190385450697e-07
2.103481434895233304e-07
1.922782245788484608e-07
2.166192782552080276e-07
1.981402149326073705e-07
2.230316563889062354e-07
2.041294553326593493e-07
2.295859123509997863e-07
2.102470415784042895e-07
2.362827566873862293e-07
2.164940957830939043e-07
2.431229637280952517e-07
2.228717627242263211e-07
2.501073604500018834e-07
2.293812066407226284e-07
2.572368165994018957e-07
2.360236084228607151e-07
2.645122360720877338e-07
2.428001630995096285e-07
2.719345494718290736e-07
2.497120775789751777e-07
2.795047077469545848e-07
2.567605686109224338e-07
2.872236767702076885e-07
2.639468609197385193e-07
2.950924327632327601e-07
2.712721854810736378e-07
3.031119583967946235e-07
2.787377779273263264e-07
3.112832395012344090e-07
2.863448770497872381e-07
3.196072622636330312e-07
2.940947233844697785e-07
3.280850108189696067e-07
3.019885578638926347e-07
3.367174651878366792e-07
3.100276205419826867e-07
3.455055994839404142e-07
3.182131493568684040e-07
3.544503803440622449e-07
3.265463789571672541e-07
3.635527655627978806e-07
3.350285395656806278e-07
3.728137029056108839e-07
3.436608558824436090e-07
3.822341290996150432e-07
3.524445460467818129e-07
3.918149690208741592e-07
3.613808206145833705e-07
4.015571350713376843e-07
3.704708815945733224e-07
4.114615267085466965e-07
3.797159215074368864e-07
4.215290300986682923e-07
3.891171224927897087e-07
4.317605178376821988e-07
3.986756554379935721e-07
4.421568487116744199e-07
4.083926791523239960e-07
4.527188674828514090e-07
4.182693395699434136e-07
4.634474048525368520e-07
4.283067691414888410e-07
4.743432812883798725e-07
4.385060876719144115e-07
4.854073026944353665e-07
4.488684029049093805e-07
4.966402473832449554e-07
4.593947958128357550e-07
5.080428809697477520e-07
4.700863366282906519e-07
5.196159580679932856e-07
4.809440788162113640e-07
5.313602178144108575e-07
4.919690582847021747e-07
5.432763834547944755e-07
5.031622929413468000e-07
5.553651621588365206e-07
5.145247821615001853e-07
5.676272448800711658e-07
5.260575060846555889e-07
5.800633062936476310e-07
5.377614253470754560e-07
5.926740048578136567e-07
5.496374807466833735e-07
6.054599990893733244e-07
5.616865926365982205e-07
6.184219045204439622e-07
5.739096602700636631e-07
6.315603276556336705e-07
5.863075619356584352e-07
6.448758593379443894e-07
5.988811544200129638e-07
6.583690727905209808e-07
6.116312726850445004e-07
6.720405237422470498e-07
6.245587295701648998e-07
6.858907505677558914e-07
6.376643155146745724e-07
6.999202742791498967e-07
6.509487982960680546e-07
7.141295984732441638e-07
6.644129227968190508e-07
7.285192092298067130e-07
6.780574107755107555e-07
7.430895749544629916e-07
6.918829606573300879e-07
7.578411462849675491e-07
7.058902473595604825e-07
7.727743559503250938e-07
7.200799221096316942e-07
7.878896186486122371e-07
7.344526122778148037e-07
8.031873309303606441e-07
7.490089284167800576e-07
8.186678742900735550e-07
7.637494516510089962e-07
8.343316103335014329e-07
7.786747285679946407e-07
8.501788759212467470e-07
7.937852898049418948e-07
8.662099938463094751e-07
8.090816415949211209e-07
8.824252681843676081e-07
8.245642656930885003e-07
8.988249841596487417e-07
8.402336193043815007e-07
9.154094080529697207e-07
8.560901350369783333e-07
9.321787870716647780e-07
8.721342208612917114e-07
9.491333492513934512e-07
8.883662600716077872e-07
9.662733033413443253e-07
9.047866112853172572e-07
9.835988386992754743e-07
9.213956084037678292e-07
1.001110125180411479e-06
9.381935606385281727e-07
1.018807313042181019e-06
9.551807525016673686e-07
1.036690532833418506e-06
9.723574438357039827e-07
1.054759895306453496e-06
9.897238698183048754e-07
1.073015491312440713e-06
1.007280241022467210e-06
1.091457391720337114e-06
1.025026743436693823e-06
1.110085647322631562e-06
1.042963538523342787e-06
1.128900288749607525e-06
1.061090763266107837e-06
1.147901326398549113e-06
1.079408530248655009e-06
1.167088750364645853e-06
1.097916927709052336e-06
1.186462530349299464e-06
1.116616019626029571e-06
1.206022615621289090e-06
1.135505845800519083e-06
1.225768934949985509e-06
1.154586421942856837e-06
1.245701396555954495e-06
1.173857739784952216e-06
1.265819888053836308e-06
1.193319767150250618e-06
1.286124276441766041e-06
1.212972448102743483e-06
1.306614408031821626e-06
1.232815703029691655e-06
1.327290108469945199e-06
1.252849428786843674e-06
1.348151182674772292e-06
1.273073498796102061e-06
1.369197414855671937e-06
1.293487763205810751e-06
1.390428568499537824e-06
1.314092049015694784e-06
1.411844386380226787e-06
1.334886160209365691e-06
1.433444590578922115e-06
1.355869877920626460e-06
1.455228882483874780e-06
1.377042960568272596e-06
1.477196942841313507e-06
1.398405144031913925e-06
1.499348431786679747e-06
1.419956141788081355e-06
1.521682988892784470e-06
1.441695645104676415e-06
1.544200233217982310e-06
1.463623323199204848e-06
1.566899763383483231e-06
1.485738823408058897e-06
1.589781157625559614e-06
1.508041771381971428e-06
1.612843973912500330e-06
1.530531771251677576e-06
1.636087749988883247e-06
1.553208405847448318e-06
1.659512003499042777e-06
1.576071236845875994e-06
1.683116232115573453e-06
1.599119805017566427e-06
1.706899913614164658e-06
1.622353630388234221e-06
1.730862506015645506e-06
1.645772212461613027e-06
1.755003447741942247e-06
1.669375030426698466e-06
1.779322157737269617e-06
1.693161543365928068e-06
1.803818035604193982e-06
1.717131190471712542e-06
1.828490461801995320e-06
1.741283391264324206e-06
1.853338797796865649e-06
1.765617545824203813e-06
1.878362386227458858e-06
1.790133034995276416e-06
1.903560551109059324e-06
1.814829220630364972e-06
1.928932598025124429e-06
1.839705445827563572e-06
1.954477814323835810e-06
1.864761035145235577e-06
1.980195469319052838e-06
1.889995294864074600e-06
2.006084814539409553e-06
1.915407513199557099e-06
2.032145083918464241e-06
1.940996960567159405e-06
2.058375494057137348e-06
1.966762889817049160e-06
2.084775244439443569e-06
1.992704536487333563e-06
2.111343517703762199e-06
2.018821119051769493e-06
2.138079479887246797e-06
2.045111839166192921e-06
2.164982280687593090e-06
2.071575881936292709e-06
2.192051053734962388e-06
2.098212416164521137e-06
2.219284916874788519e-06
2.125020594608833667e-06
2.246682972425358009e-06
2.151999554249871090e-06
2.274244307502737845e-06
2.179148416549240621e-06
2.301967994288524292e-06
2.206466287712676331e-06
2.329853090345298282e-06
2.233952258947108144e-06
2.357898638888249829e-06
2.261605406759302778e-06
2.386103669164160471e-06
2.289424793182515369e-06
2.414467196685514709e-06
2.317409466071812584e-06
2.442988223624563026e-06
2.345558459374208372e-06
2.471665739078714671e-06
2.373870793384644946e-06
2.500498719442317788e-06
2.402345475045674728e-06
2.529486128719389487e-06
2.430981498192119045e-06
2.558626918862639502e-06
2.459777843838393136e-06
2.587920030123823357e-06
2.488733480459908287e-06
2.617364391380521743e-06
2.517847364263172849e-06
2.646958920502812184e-06
2.547118439458363206e-06
2.676702524677416695e-06
2.576545638530709319e-06
2.706594100798821356e-06
2.606127882549862923e-06
2.736632535765817045e-06
2.635864081397974698e-06
2.766816706891605685e-06
2.665753134083793572e-06
2.797145482226557066e-06
2.695793929008565183e-06
2.827617720921968839e-06
2.725985344227566007e-06
2.858232273612737366e-06
2.756326247763081610e-06
2.888987982734616027e-06
2.786815497827198334e-06
2.919883682914269662e-06
2.817451943165563151e-06
2.950918201315845294e-06
2.848234423260032906e-06
2.982090358010236994e-06
2.879161768661938582e-06
3.013398966310133575e-06
2.910232801239409604e-06
3.044842833153824465e-06
2.941446334447489261e-06
3.076420759446956326e-06
2.972801173603180696e-06
3.108131540411641496e-06
3.004296116175685295e-06
3.139973965949893566e-06
3.035929952027786743e-06
3.171946820991584708e-06
3.067701463697990923e-06
3.204048885830642363e-06
3.099609426680479200e-06
3.236278936470088539e-06
3.131652609655207039e-06
3.268635744992773428e-06
3.163829774803393283e-06
3.301118079845497782e-06
3.196139678031070784e-06
3.333724706231844347e-06
3.228581069234829438e-06
3.366454386387120951e-06
3.261152692589450361e-06
3.399305879948559637e-06
3.293853286763286885e-06
3.432277944243049520e-06
3.326681585217174443e-06
3.465369334638367049e-06
3.359636316435239419e-06
3.498578804820376007e-06
3.392716204174110219e-06
3.531905107120207963e-06
3.425919967731076043e-06
3.565346992790882479e-06
3.459246322177995882e-06
3.598903212351458717e-06
3.492693978599868310e-06
3.632572515811907437e-06
3.526261644360944674e-06
3.666353653026102241e-06
3.559948064202565252e-06
3.700245424163414871e-06
3.593751901125502877e-06
3.734246544037929745e-06
3.627671850366843371e-06
3.768355751453495400e-06
3.661706606756180253e-06
3.802571798174917598e-06
3.695854862525057518e-06
3.836893437101695909e-06
3.730115307596005649e-06
3.871319422488807507e-06
3.764486629800193517e-06
3.905848510195598482e-06
3.798967515082589493e-06
3.940479457894467772e-06
3.833556647732081250e-06
3.975211025301696345e-06
3.868252710585227414e-06
4.010041974409437669e-06
3.903054385273315481e-06
4.044971069633406370e-06
3.937960352385905239e-06
4.079997078084038898e-06
3.972969291721998604e-06
4.115118769700782968e-06
4.008079882458967638e-06
4.150334917456181687e-06
4.043290803402602057e-06
4.185644297511448090e-06
4.078600733109896826e-06
4.221045689420513683e-06
4.114008350150593062e-06
4.256537876235516236e-06
4.149512333287110702e-06
4.292119644702740522e-06
4.185111361635337377e-06
4.327789785375126319e-06
4.220804114868447413e-06
4.363547092763103801e-06
4.256589273399134191e-06
4.399390365442862981e-06
4.292465518561722230e-06
4.435318406196394517e-06
4.328431532776073993e-06
4.471330022109185648e-06
4.364485999707615585e-06
4.507424024672988154e-06
4.400627604490968701e-06
4.543599229879517148e-06
4.436855033817929393e-06
4.579854458321980672e-06
4.473166976158981587e-06
4.616188535273385361e-06
4.509562121893212456e-06
4.652600290749531122e-06
4.546039163468955606e-06
4.689088559575975869e-06
4.582596795558106079e-06
4.725652181458840703e-06
4.619233715193669187e-06
4.762290001027787511e-06
4.655948621928344562e-06
4.799000867904950513e-06
4.692740217967747496e-06
4.835783636702041946e-06
4.729607208283283705e-06
4.872637167107202590e-06
4.766548300816354575e-06
4.909560323872847690e-06
4.803562206536413647e-06
4.946551976858996931e-06
4.840647639586052345e-06
4.983611001032910208e-06
4.877803317414565220e-06
5.020736276503347571e-06
4.915027960913294797e-06
5.057926688486992837e-06
4.952320294519510856e-06
5.095181127381080738e-06
4.989679046290249673e-06
5.132498488687552745e-06
5.027102948078186021e-06
5.169877673023072381e-06
5.064590735595240257e-06
5.207317586120307633e-06
5.102141148545694631e-06
5.244817138841591896e-06
5.139752930689830875e-06
5.282375247075778235e-06
5.177424829976900822e-06
5.319990831771595535e-06
5.215155598607662000e-06
5.357662818904372821e-06
5.252943993158351914e-06
5.395390139451028907e-06
5.290788774648287211e-06
5.433171729319673799e-06
5.328688708613939245e-06
5.471006529337502052e-06
5.366642565215539106e-06
5.508893485227711971e-06
5.404649119302846340e-06
5.546831547548417589e-06
5.442707150491464922e-06
5.584819671619515849e-06
5.480815443238544289e-06
5.622856817538003498e-06
5.518972786905282742e-06
5.660941950090740316e-06
5.557177975847015334e-06
5.699074038692510680e-06
5.595429809444772619e-06
5.737252057380461945e-06
5.633727092176779557e-06
5.775474984721821897e-06
5.672068633701098817e-06
5.813741803789654982e-06
5.710453248877994993e-06
5.852051502072492353e-06
5.748879757850616185e-06
5.890403071480729513e-06
5.787346986091760380e-06
5.928795508201903116e-06
5.825853764430916982e-06
5.967227812762370206e-06
5.864398929118477836e-06
6.005698989850368123e-06
5.902981321891616066e-06
6.044208048360248251e-06
5.941599789957379293e-06
6.082754001274835852e-06
5.980253186093971908e-06
6.121335865653076936e-06
6.018940368655122374e-06
6.159952662547732917e-06
6.057660201614661723e-06
6.198603416967948530e-06
6.096411554588137294e-06
6.237287157828522186e-06
6.135193302867664753e-06
6.276002917864179458e-06
6.174004327500592041e-06
6.314749733658267168e-06
6.212843515209907077e-06
6.353526645510514608e-06
6.251709758522478546e-06
6.392332697441126397e-06
6.290601955741008099e-06
6.431166937119061666e-06
6.329519010974075452e-06
6.470028415829962846e-06
6.368459834190755928e-06
6.508916188438999722e-06
6.407423341158875132e-06
6.547829313326079883e-06
6.446408453555320602e-06
6.586766852391201970e-06
6.485414098910503547e-06
6.625727870930399228e-06
6.524439210669192758e-06
6.664711437723438762e-06
6.563482728166024337e-06
6.703716624886602124e-06
6.602543596659588006e-06
6.742742507901920656e-06
6.641620767356357475e-06
6.781788165570214290e-06
6.680713197375361547e-06
6.820852679987628735e-06
6.719819849805686646e-06
6.859935136481814933e-06
6.758939693655165251e-06
6.899034623685311758e-06
6.798071703918345209e-06
6.938150233380888810e-06
6.837214861531840091e-06
6.977281060597217944e-06
6.876368153419653919e-06
7.016426203498363415e-06
6.915530572444283653e-06
7.055584763451296341e-06
6.954701117454790850e-06
7.094755844930709369e-06
6.993878793244920118e-06
7.133938555571813937e-06
7.033062610608642458e-06
7.173132006135162994e-06
7.072251586300725878e-06
7.212335310471651598e-06
7.111444743007432289e-06
7.251547585543344611e-06
7.150641109404221624e-06
7.290767951444035035e-06
7.189839720123379933e-06
7.329995531335754655e-06
7.229039615736431592e-06
7.369229451487715535e-06
7.268239842791751800e-06
7.408468841280561277e-06
7.307439453748055858e-06
7.447712833158000587e-06
7.346637507017747772e-06
7.486960562705887972e-06
7.385833066969358018e-06
7.526211168616049499e-06
7.425025203847875009e-06
7.565463792674957120e-06
7.464212993870712234e-06
7.604717579802968319e-06
7.503395519113368974e-06
7.643971678054496368e-06
7.542571867594978088e-06
7.683225238653804240e-06
7.581741133226208408e-06
7.722477415950587055e-06
7.620902415779927749e-06
7.761727367476376846e-06
7.660054820926045610e-06
7.800974253987829333e-06
7.699197460212423594e-06
7.840217239386093162e-06
7.738329451006922260e-06
7.879455490833973196e-06
7.777449916601306655e-06
7.918688178761695422e-06
7.816557986048827745e-06
7.957914476806406777e-06
7.855652794285808915e-06
7.997133561935740309e-06
7.894733482052870206e-06
8.036344614402576850e-06
7.933799195904150817e-06
8.075546817802295964e-06
7.972849088210361805e-06
8.114739359068860966e-06
8.011882317092792056e-06
8.153921567156463893e-06
8.050898046506285331e-06
8.193092592651437560e-06
8.089895617547198447e-06
8.232251536119883432e-06
8.128874050108702171e-06
8.271397597794197343e-06
8.167832514337613738e-06
8.310529981424816359e-06
8.206770197171855494e-06
8.349647894242554611e-06
8.245686291281221740e-06
8.388750547067257293e-06
8.284579995010661407e-06
8.427837154249495996e-06
8.323450512477175231e-06
8.466906933758649973e-06
8.362297053434487000e-06
8.505959107210138244e-06
8.401118833351699030e-06
8.544992899861230174e-06
8.439915073360625350e-06
8.584007540688521880e-06
8.478685000256452390e-06
8.623002262376176029e-06
8.517427846515345405e-06
8.661976301370941708e-06
8.556142850212562415e-06
8.700928897918217697e-06
8.594829255064777049e-06
8.739859296085525451e-06
8.633486310438052519e-06
8.778766743765316162e-06
8.672113271304841139e-06
8.817650492763129952e-06
8.710709398231150088e-06
8.856509798793758812e-06
8.749273957376309317e-06
8.895343921506291670e-06
8.787806220485807349e-06
8.934152124549625619e-06
8.826305464891562327e-06
8.972933675540734362e-06
8.864770973476668504e-06
9.011687846189656400e-06
8.903202034672907659e-06
9.050413912229999361e-06
8.941597942464828410e-06
9.089111153502897912e-06
8.979957996374274306e-06
9.127778853999018115e-06
9.018281501485210367e-06
9.166416301858874225e-06
9.056567768321796078e-06
9.205022789369078024e-06
9.094816112985308263e-06
9.243597613109273627e-06
9.133025857055492242e-06
9.282140073824913132e-06
9.171196327595215430e-06
9.320649476586902006e-06
9.209326857122601646e-06
9.359125130728952524e-06
9.247416783701975347e-06
9.397566349899744059e-06
9.285465450805407316e-06
9.435972452163921597e-06
9.323472207358164757e-06
9.474342759864508789e-06
9.361436407770161629e-06
9.512676599824184998e-06
9.399357411845400654e-06
9.550973303244019125e-06
9.437234584858889000e-06
9.589232205777156393e-06
9.475067297460854093e-06
9.627452647567307523e-06
9.512854925753528852e-06
9.665633973227998123e-06
9.550596851216312940e-06
9.703775531876788815e-06
9.588292460723347001e-06
9.741876677187994571e-06
9.625941146566480808e-06
9.779936767366338596e-06
9.663542306369411226e-06
9.817955165226891910e-06
9.701095343169947746e-06
9.855931238121566138e-06
9.738599665321319594e-06
9.893864358027250672e-06
9.776054686558940563e-06
9.931753901573232824e-06
9.813459825977303646e-06
9.969599250009518793e-06
9.850814507942001421e-06
1.000739978922601388e-05
9.888118162209425356e-06
1.004515490979988349e-05
9.925370223835315052e-06
1.008286400698854816e-05
9.962570133169237281e-06
1.012052648075488788e-05
9.999717335872578659e-06
1.015814173575535484e-05
1.003681128291263675e-05
1.019570918139137138e-05
1.007385143051907408e-05
1.023322823175515713e-05
1.011083724020509232e-05
1.027069830571998380e-05
1.014776817875647669e-05
1.030811882689382382e-05
1.018464371822209231e-05
1.034548922363456814e-05
