# -0.1J_-0.9g_0.31416theta_0.31416phi_10Chi_0.01delta_500N
-5.773565928061235031e-01
5.414563818239062076e-01
-6.104373287870507037e-01
-1.987507448739638666e-02
2.383188780355116609e-02
-6.191183557729643995e-03
1.964333232506338886e-02
-1.047517504957516492e-02
-1.220399766864663053e-02
1.144692787062219540e-03
6.805563456455475668e-01
-1.515623765228371056e+00
8.305530043563080778e-01
-3.264716169592429384e+00
3.348376810553704530e+01
-1.194757786143845202e+01
1.978901782288103917e+01
-2.761369837065879196e+01
-8.457902685672776144e+00
8.553484195700724602e-01
-4.310438845666543228e-01
1.997252311128736857e-01
-6.738221310035602540e-01
1.797302259601683616e+01
1.452884073629363115e+01
-1.458827642741561270e+01
-3.020188623661323746e+01
-8.461749578308795705e+00
2.758145154798031840e+01
-2.264053792937915421e+00
-1.028519052513716080e-02
1.338825798980443693e+01
1.739014694900586377e+01
-1.976093718680623169e+03
-1.295568981681514970e+03
1.104181873061486385e+03
5.905952735197125548e+03
8.345360559227653994e+02
-3.606985773954362685e+03
-3.087084616340020875e+04
-2.835319148212437843e-02
-3.308552171401174036e+01
1.445357179529235703e+00
-2.978089673756083471e+02
2.522163641666283183e+03
3.435672448933996748e+03
2.966424260018584960e+02
-2.069742723736526841e+03
-3.364711130245043478e+02
-5.721191250728879822e+04
-1.761954299318877620e-02
-8.171363903897651326e+00
3.470935434278762699e+01
-5.812390942941625326e+03
-2.828748771727005987e+03
-2.310717239375609552e+03
2.971105574558374428e+04
2.463431910448353392e+03
-1.386456177018207381e+04
-2.670637322651961003e+05
7.576590839699940891e-03
1.503256913739948608e+01
6.472842597099560891e+00
-2.019204456569318836e+03
2.412036239641509837e+03
2.110520327126096890e+04
3.039364631222406842e+03
-1.779602155632972654e+03
-1.315243154760845073e+03
-2.887098478010710096e+05
-9.943620835169721811e-03
-2.780584908347595530e+01
-5.003613705746338125e-01
1.291638545491778416e+02
2.167034547798783024e+03
1.850932429920654158e+03
-1.588052621127378416e+03
-2.429542346225121491e+03
7.106585260145823213e+02
-2.450673912033780653e+04
-1.161065262799631896e-02
-5.460976410790013835e-01
2.772889961839379325e+01
-3.682090477621649370e+03
-9.706454216569482014e+02
1.808199980240253126e+03
1.437202973510135598e+04
7.322297352393317169e+02
-1.157253017957552765e+04
-1.453217649083639553e+05
-8.233692314640757813e-04
-1.849178504322673486e-02
1.728600343859639565e+00
4.366556388412839624e+03
5.421417353202594677e+04
3.700240903078511474e+05
-4.505291297381772893e+04
-2.870298874078575318e+04
3.284776256308484881e+04
-7.797448902356121689e+06
-5.773563383976639818e-01
-7.993826354453892336e-01
-1.636961812735787947e-01
-1.070147852399428931e-02
-2.912827971725718418e-02
-1.391591658348499856e-02
-1.518334458760530435e-02
-1.047514106951891177e-02
-1.220401305202510611e-02
-1.618938011488853376e-03
-7.135733690669544549e-01
-1.330397227992061948e+00
-3.066670314275198317e-01
-4.996445857822417125e+00
1.697319887990854070e+01
3.455002728347972862e+01
1.225716014322138925e+01
6.478722663963359274e+00
2.811517268171586537e+01
3.123416927017772071e+00
-3.738570678475213738e-01
-9.374951601519750932e-01
-8.590500476804221464e-01
3.448359464197741175e+01
1.279710555287852181e+01
-7.056482068643816774e+00
1.629611549018745720e+01
2.814504369972869924e+01
-6.465970628540209653e+00
-5.005175795122198679e-01
-1.941200914058937438e-02
1.122739279330589035e+01
3.433311077620121665e+01
-2.817689820567517472e+03
-7.835845972703527877e+02
1.127513845021303496e+03
3.442667746957412419e+03
-2.209686683581373927e+03
1.511869326554508234e+03
-2.778766814010808957e+04
2.308384178766818493e-02
-1.614255142755128958e+01
3.606236259427167745e+00
-8.097427278287074159e+02
1.680565031312536576e+03
5.898094536006658927e+03
3.200495558606299369e+02
3.121124097918041684e+02
3.292255405646199961e+03
-4.380972573288787680e+04
1.537139942889287347e-02
-1.872727916140078719e+01
-8.938167481112213153e+00
-3.611287154234747049e+03
-7.529275580486230410e+02
8.782184095249508573e+02
2.290995990650359818e+04
-2.773803849473550599e+03
5.777107907712399538e+03
-3.025831902814407367e+05
1.147070731754095026e-02
-2.861502405152640094e+01
1.702861316059135888e+01
-4.094973723600385256e+03
4.614682862895850121e+03
2.791411465053362917e+04
6.223397153322808663e+03
-1.240950333260760090e+03
1.266755248302755535e+04
-2.846042532028785790e+05
-9.943608578046964075e-03
1.346958461293885279e+01
2.433075453362616258e+01
-1.941272337180096656e+03
-9.715749617471280999e+02
4.517834892202807282e+02
2.394208708275311437e+03
-2.429521661904409484e+03
7.105793617445432346e+02
-9.551444002255680971e+03
-1.161065346122070081e-02
2.428695492639224440e+01
-1.339151640703952140e+01
2.681868228637193170e+03
-2.702916908129992862e+03
-1.336030198809772446e+04
-5.630773383750499306e+03
7.324833421103010096e+02
-1.157158483164490644e+04
1.680085497199560341e+05
-5.483938862096474336e-04
1.182350635719124243e+00
-6.561637937451949565e-01
2.475057143658500718e+04
6.696358364151231945e+04
4.018913495124130277e+05
-1.401885538925490109e+05
3.450150613942048221e+04
1.281357651662746066e+05
-6.599368819335396402e+06
-5.773562508586214115e-01
2.579260547411132420e-01
7.741338959900663230e-01
3.057657644244059572e-02
5.296386520423565503e-03
2.010709936633003209e-02
-4.460029831781606169e-03
-1.047513920233469377e-02
-1.220400822801411857e-02
4.749607057695407570e-04
3.301672237665471271e-02
-4.381481328160688471e-01
4.223551684596881239e-01
-1.842916115803232202e+01
2.672818744218254139e+01
4.778482525052626606e+00
-2.424525201664769369e+01
2.113498847894310728e+01
-1.965727887184156941e+01
4.715771056334490119e-01
8.049012718875401262e-01
-2.084731401000212703e-01
-1.751299109466564419e+00
2.472859015335527744e+01
-6.356040992207042661e-01
2.944577470925759144e+01
-1.347573093954785683e+01
-1.968324092733764630e+01
-2.111549397755914370e+01
5.828221113129835596e-01
2.969719850437588932e-02
-2.365209406281792770e+00
2.399026478372844196e+01
-1.953517669406473033e+03
-3.107315023813906123e+02
-1.016668502093897132e+03
4.653977339262452006e+03
1.375148836461663450e+03
2.095150462531134508e+03
-4.105213121220916946e+04
5.269356570513158630e-03
-2.648538867680520781e+01
1.719885278856684963e+01
-1.282621326909761137e+03
2.544727957846444042e+03
4.687031408188567184e+03
-1.824897666337670216e+03
1.757648437597392785e+03
-2.955722111612117260e+03
-4.824737315283592034e+04
2.248174969460669213e-03
2.435048756941581871e+01
3.743943327158256729e+00
-2.914033604749679853e+03
-3.697113398462345231e+03
-6.605405293995300781e+03
2.355124083271862764e+04
3.102322434129849853e+02
8.086973150939554216e+03
-2.896709694849645020e+05
-1.904731100658009491e-02
-1.593275613296754933e+01
-2.604925723099171364e+01
-1.149640641994277303e+03
5.310977846887951273e+03
2.727000650982201114e+04
-1.265750038172477616e+03
3.020684014961176672e+03
-1.135183877433648013e+04
-3.203510527295286884e+05
-9.943587060808426262e-03
1.433628803706766774e+01
-2.383037104670197692e+01
1.812086788273324828e+03
-1.195450387878959191e+03
-2.302660350024977561e+03
-8.060713450723443430e+02
-2.429563828103417109e+03
7.107990723548222149e+02
3.441896355199901882e+04
-1.161065849012082873e-02
-2.374088376624420249e+01
-1.433738050057663571e+01
1.000278428617469444e+03
3.673645462830929318e+03
1.155241069255502225e+04
-8.742167471718732486e+03
7.321340461926085936e+02
-1.157277503305807659e+04
-2.340479932744417965e+04
1.369211816055794072e-03
2.644083945073555597e+00
1.572350295963044875e+00
2.538629654418642531e+04
4.282375159593586432e+04
3.027148713650676655e+05
-1.189462559354660189e+05
-5.704297617743836781e+03
-1.599815235193915432e+05
-6.547192619392440654e+06
