# -0.35J_-0.65g_0.62832theta_1.0472phi_10Chi_0.01delta_500N
-5.790049147205678093e-01
-1.782656316623963400e-01
-7.526028214053287480e-01
-2.364723836303331828e-01
5.094906467106539993e-02
8.274259110838796949e-02
-8.007459090932239620e-02
-1.994716420572287818e-01
-1.182534099137561162e-01
4.007899711904141377e-02
1.554512488348900878e-01
-4.307548344229208959e-01
7.315780562149679644e-01
-1.363215319640715961e+00
-3.045721570280420121e+00
2.526846924596368726e+00
-2.042857522911428525e+00
-6.487870607003028978e-01
1.102375038609042512e+00
7.962395786202596248e-01
7.611227686686879990e-01
1.677365354864694402e-01
1.481222810790935762e+00
-1.395401486552083847e+00
1.219179606764605905e+00
1.104393513358627121e+00
4.678241986193961699e-01
-3.150733347374186089e+00
-2.535969324942887404e+00
4.389603757943690288e-01
-2.513917539886966757e-01
-6.159116739880390323e-01
1.724105824711450019e+00
-1.633469893467725598e+01
3.271633745462647180e+00
1.481501662612148884e+01
8.723567593652830965e+00
-3.029967477265853049e+01
-1.531204138417319527e+01
-6.802253310783505924e+01
8.410086988693753207e-02
2.832310565451250373e+00
-1.815209163063499886e+00
1.098836359919744687e+01
2.986391640699728001e+01
-2.253003191912317860e+01
7.521204028823005316e+00
-5.233235995306649180e+00
-1.717227066417823522e+01
7.942763722663424630e+01
-8.898625543297596086e-02
-1.852361351556824021e+00
2.185151614854149660e+00
-1.366537676419591563e+01
-1.677621570670780216e+01
2.660801444972942420e+01
-6.518825610624352507e+00
-3.263707875586775664e+00
6.337384208431309673e+00
-5.260252668987576641e+01
1.001133046347265215e-01
6.489201979070094994e-01
-1.378079731474510794e+00
-3.102276332975149487e+00
-2.778021118913428289e+00
2.602482212945034235e+00
2.447787102807223647e+01
1.170136473816206113e+01
2.312247447736085348e+01
-1.080263729307549454e+02
1.551839686874021684e-01
-1.958375826803322894e+00
-2.305951919588674404e+00
1.460727072638647073e+01
-6.340133777140356131e+01
2.012658235491101877e+01
-2.638709868795178792e+01
1.085956727384115084e+02
7.963405970969958503e+01
-8.486423273683490720e+01
1.059948373831029605e-01
-1.680860743903840770e+00
-1.681844723844922118e+00
1.266154372430258235e+01
-4.540024701709335631e+01
8.593336218680185823e+00
-1.221637982374408260e+01
9.393010209138117261e+01
9.117128124696021985e+01
3.656579735398242548e+01
-6.843298723112914428e-02
7.724512319993636078e-01
7.845633362756683216e-01
5.398007161812951438e+01
-1.089254849700515138e+01
-4.570093891625297999e+01
-5.496213244987127666e+01
2.048153977149293326e+02
8.966487770225671738e+01
8.184856694039118565e+02
-5.808253395950543352e-01
-5.617054169653631357e-01
5.303369449564846461e-01
1.620222188080760184e-01
1.787646928624048448e-01
8.241364353455947478e-02
-1.327142629571689547e-01
1.683905495047793577e-01
-1.181950354431614419e-01
-7.090432132920349018e-02
-7.359863562193144082e-01
-1.456104771201353953e+00
7.576720535781844568e-01
-5.325216800354031221e-01
-1.868118617325474462e+00
-2.215483820689334582e+00
2.336781519046189803e+00
-2.054844847517188100e+00
1.640873077134920033e+00
8.502298338467766392e-01
-2.460675979512567391e-01
1.381460477795481423e-01
4.498486130015952322e-01
-2.577676355620010185e+00
2.047746051822086688e+00
1.639340866312426481e+00
1.876380029215441780e+00
1.233936077537638010e+00
2.219559191628574624e+00
4.216239019497627361e-01
5.254302499674745608e-02
1.687647146670965270e+00
1.511813196622784128e+00
-2.323990378200175400e+01
1.497139611532797687e+01
1.212002703694010997e+01
2.254975546593029989e+01
-1.767144063449742064e-01
2.258657896141778565e+01
-1.285362971239266550e+01
-2.590428389368521489e-01
3.048567494855488391e+00
4.967047794204351718e-01
-7.215027178735531344e-01
2.292894249789157257e+01
2.395976301444278533e+01
-2.233355848901731733e+01
8.961948273016238531e+00
-4.444236856127582236e+00
4.465854306558714626e+01
-8.851292490749293473e-02
2.810983960495617495e+00
5.221318870222069197e-01
-7.753716748621334531e+00
2.018714547393699377e+01
2.660671976394405647e+01
3.456478941236036384e-01
7.561333585104970112e+00
6.420261257739766414e+00
1.943692156060267706e+01
8.399837680018032438e-02
-1.298968840441518668e-01
2.399494103239670828e+00
-5.353608257684143723e+01
1.439640363227023734e+01
1.597501685299158680e+01
9.461746454625304636e+01
-1.337273630996734575e+01
5.735420907865619711e+01
-9.321755603834417059e+01
-1.634085078214104481e-01
1.820712856637993093e+00
-1.528729528307540386e+00
3.196754304359604504e+01
-1.273488162221229203e+01
-1.207924882755474982e+01
-5.306058989897710632e+01
3.797792342034992430e+01
-6.024913482328566516e+01
2.480421583838348099e+01
1.055912615151660405e-01
-6.161724357384469331e-01
2.295193030506272880e+00
-4.579995074886083728e+01
1.172575897602065353e+01
8.654678172037760575e+00
8.847056798958864476e+01
-3.628073718868116515e+01
9.119638527144184081e+01
-1.130725351528459299e+02
2.955531116096356964e-02
1.867556030311159909e-01
8.569053747955180933e-01
1.687697435352236930e+00
-3.598223161294654915e+01
-1.336319300161159696e+01
7.788196246104217835e+01
8.166756638474062413e+01
-2.620958457021647803e+01
6.837789144958816223e+01
-5.793668827449268699e-01
7.411501032269037781e-01
2.207284879039397296e-01
7.313107956772547935e-02
-2.301490524732602294e-01
8.259642671897464428e-02
2.121591154107028143e-01
3.121572965772579158e-02
-1.188772519411895739e-01
3.853966078681587970e-02
5.820121554878604497e-01
-9.739696702588458432e-01
-1.446724930804559606e-01
-1.966645072839688702e+00
-1.740891923965832921e+00
-3.127431740415950734e-01
1.355681373992354555e+00
2.435334579849997017e+00
-2.739907369866128484e+00
8.208500457153447005e-01
-5.140070989448436434e-01
1.042546873465516999e+00
9.371086011697113971e-01
-2.696145778717962127e+00
6.067639008210475859e-01
-2.753412793963956773e+00
-2.620481077314945839e+00
2.575779824197230727e-01
3.170990677122417223e-01
1.944111133078007536e-01
1.981046531090372431e-01
7.182434690244973163e-01
3.608488854893000752e+00
-2.986861839334751778e+01
3.097832167087364308e+00
-2.705004496590543539e+01
-1.036766634853516500e+01
-3.128914782800454208e+00
-7.449853014805469797e+00
-5.640392927217268237e+01
1.756503001350766535e-01
9.454501714741169183e-01
-4.753764027158067229e-01
1.112075311453140003e+01
1.633742794599670134e+01
-1.493751328550625868e+00
-1.947186115036255671e+01
-2.420900585525972204e+01
2.182809134684336527e+01
2.253686746681849939e+01
-8.923446563722350899e-02
-9.625104127355095240e-01
-2.708939342621681678e+00
2.146240870264933420e+01
-3.433265203568706792e+00
2.685260801093267347e+01
6.392965885582830410e+00
-4.030391025412124684e+00
6.360570578801806541e+00
1.962398034369494582e+01
-1.843835952649445775e-01
-2.996645699732379153e+00
-1.629760765364006436e-01
-4.332025997286874031e+01
-3.781328690592780362e+01
-1.887415055068229819e+01
8.198444265292938837e+01
6.004853402407042751e+01
-8.115801411702797452e+01
-1.808940007549230131e+02
8.505960450495153244e-03
-7.373727238709592013e-01
1.351553925732170036e+00
-2.048364355416417837e+01
-2.321113037651956645e+01
-7.955310577560775975e+00
2.142097966919394736e+01
5.136661505923034809e+01
-1.973721619014125750e+01
-3.309458530105023755e+01
1.063610761217355233e-01
2.291054656484091456e+00
-6.118659795875291962e-01
3.332059827254096973e+01
3.353652840374674327e+01
8.979929650782935369e+00
-7.594437892882531571e+01
-5.707185904349045558e+01
9.132447305760271661e+01
1.008748619036675080e+02
4.061456306518055476e-02
3.863488598360063642e-01
5.200373258693523626e-01
6.319624321980896298e+01
-7.875229490565962465e+01
8.962639404826317957e+01
1.223517511900357420e+02
2.865150258509112291e+02
-6.077684408086910395e+01
7.656141494883507903e+02
