# -0.9J_-0.1g_0.7854theta_1.0472phi_10Chi_0.01delta_500N
6.506649207229042720e-02
3.385357365885528443e-04
5.497757895509733791e-06
5.991290284743607512e-07
4.852157043825637345e-07
3.444434499755062429e-07
4.645891581725173405e-07
3.308855130396330382e-07
4.738894611336565255e-07
3.170793837640236287e-07
4.819515216930885302e-07
3.025267041072026120e-07
4.821477124130183189e-07
2.876575242435690235e-07
4.723550357402738325e-07
2.728334003988113685e-07
4.536036688037885304e-07
2.583314741409732926e-07
4.287259804708036006e-07
2.443640371149118568e-07
4.009886472673230769e-07
2.310942395823588794e-07
3.731273123903416839e-07
2.186486726246562154e-07
3.469329962316427182e-07
2.071293265942982403e-07
3.232891077830022542e-07
1.966246796672775233e-07
3.024315777170947500e-07
1.872213250206103436e-07
2.842322341049904242e-07
1.790165015680932557e-07
2.684100339974692478e-07
1.721291815459982720e-07
2.546579241470205330e-07
1.666982454683337712e-07
2.427072966808417139e-07
1.628481461634791095e-07
2.323550148459940775e-07
1.606283089911881938e-07
2.234701329270925734e-07
1.599859904444381651e-07
2.159890176957428025e-07
1.608058098009326889e-07
2.099027645783727190e-07
1.629650497387521955e-07
2.052410070588133392e-07
1.663576365720566343e-07
2.020582136378411146e-07
1.708885234124756698e-07
2.004263683160992053e-07
1.764562635917180824e-07
2.004320149131685408e-07
1.829382382311021232e-07
2.021724399225467250e-07
1.901868941445074408e-07
2.057472014361550892e-07
1.980374139429789411e-07
2.112440823846075009e-07
2.063209879047780065e-07
2.187204218005552247e-07
2.148772569005377169e-07
2.281812204485292780e-07
2.235625789940120954e-07
2.395547436685039164e-07
2.322534908119494110e-07
2.526652468371508375e-07
2.408457735029096744e-07
2.672019942858872160e-07
2.492497042093811680e-07
2.826851486767686052e-07
2.573822731829747131e-07
2.984335043962881344e-07
2.651576723014622014e-07
3.135470416676727264e-07
2.724780872173226719e-07
3.269276142229510927e-07
2.792274273909201874e-07
3.373677079064688816e-07
2.852707218162473571e-07
3.437273402626283958e-07
2.904611381640755431e-07
3.451797837080979759e-07
2.946547793376038072e-07
3.414456667944173038e-07
2.977308359690124858e-07
3.328984411086967528e-07
2.996121760641013619e-07
3.204671674179946697e-07
3.002802838547472539e-07
3.053745400671757929e-07
2.997795661123241547e-07
2.888379478993385569e-07
2.982093197205891257e-07
2.718555301620196002e-07
2.957057429992321731e-07
2.551223542128358613e-07
2.924193824254204999e-07
2.390499692116613110e-07
2.884940627209268167e-07
2.238364870150249217e-07
2.840517392341245265e-07
2.095442170269922731e-07
2.791850292430937120e-07
1.961625535217197008e-07
2.739567647778634032e-07
1.836500592187020630e-07
2.684045322480143406e-07
1.719582082076535917e-07
2.625479000417835901e-07
1.610421070167090597e-07
2.563960710293101271e-07
1.508633933850354643e-07
2.499548392653998958e-07
1.413892327959528545e-07
2.432325050312032869e-07
1.325898479035034946e-07
2.362436054542584798e-07
1.244365615842234923e-07
2.290110087698098411e-07
1.169001506871692124e-07
2.215664494178704443e-07
1.099500397838815301e-07
2.139498500342211553e-07
1.035541581861225790e-07
2.062077490714301614e-07
9.767921375050727200e-08
1.983911820876721895e-07
9.229119567904590064e-08
1.905533488570442588e-07
8.735596424356503200e-08
1.827472507278993734e-07
8.283979027147278759e-08
1.750235943466521006e-07
7.870982618480689136e-08
1.674290667536945862e-07
7.493450972844355153e-08
1.600050507632521030e-07
7.148384472056125018e-08
1.527867722067930591e-07
6.832955090689833676e-08
1.458029105961358489e-07
6.544523394931462364e-08
1.390756308156461698e-07
6.280641635039005495e-08
1.326209261360600701e-07
6.039053934265457577e-08
1.264491275037670819e-07
5.817693063408890032e-08
1.205655277945734180e-07
5.614674702503007028e-08
1.149710648143592318e-07
5.428289943366081283e-08
1.096630128113692714e-07
5.256996604735539787e-08
1.046356498103527632e-07
5.099409903015358711e-08
9.988088093178044085e-08
4.954291867739956738e-08
9.538879703459269274e-08
4.820540359060702349e-08
9.114817680089161477e-08
4.697180898134072510e-08
8.714695000723698005e-08
4.583354445099778814e-08
8.337245292192738756e-08
4.478304951057975811e-08
7.981175261853175489e-08
4.381368044929632671e-08
7.645194145093383130e-08
4.291956946668424528e-08
7.328029496125081334e-08
4.209547605818553230e-08
7.028440403617134324e-08
4.133663183186585586e-08
6.745227417881211154e-08
4.063859035055601931e-08
6.477239629753587347e-08
3.999709930574309280e-08
6.223379394860065817e-08
3.940801261292865293e-08
5.982605184178679133e-08
3.886725234662535135e-08
5.753932935175437881e-08
3.837081742543621211e-08
5.536436240420233727e-08
3.791482298894572921e-08
5.329245690920524313e-08
3.749555005227272842e-08
5.131547673250603881e-08
3.710948723417249350e-08
4.942582724204230152e-08
3.675335415686582856e-08
4.761643718482408929e-08
3.642410496724986765e-08
4.588073922345275605e-08
3.611891531807626725e-08
4.421265021215328621e-08
3.583515840757284559e-08
4.260655289004515633e-08
3.557037553972499072e-08
4.105728025079548220e-08
3.532224548454941834e-08
3.956010397589087304e-08
3.508855549358019799e-08
3.811072724072931655e-08
3.486717562070695144e-08
3.670528219010275493e-08
3.465603722449403692e-08
3.534033059883938650e-08
3.445311587471355165e-08
3.401286594848567815e-08
3.425641870539601540e-08
3.272031641262432408e-08
3.406397601911935883e-08
3.146054031083089481e-08
3.387383653919896288e-08
3.023182308526082983e-08
3.368406823236193696e-08
2.903286421013986685e-08
3.349275895552912929e-08
2.786275777815270912e-08
3.329802396961058122e-08
2.672096492897145691e-08
3.309801444226313997e-08
2.560727933780248185e-08
3.289092868723700875e-08
2.452178592141340225e-08
3.267502533894900638e-08
2.346481417873129288e-08
3.244863891345605867e-08
2.243688771806626641e-08
3.221019509038294960e-08
2.143867156501888143e-08
3.195822707448293258e-08
2.047091906553148395e-08
3.169139139914411759e-08
1.953441991736016650e-08
3.140848284037517617e-08
1.862995039826912073e-08
3.110844753157696979e-08
1.775822853843325076e-08
3.079039376808082357e-08
1.691987432863631776e-08
3.045360008629188596e-08
1.611537634375698575e-08
3.009752022984550219e-08
1.534506577016878725e-08
2.972178469327531171e-08
1.460909810003052147e-08
2.932620003275536783e-08
1.390744256806926220e-08
2.891074369327051114e-08
1.323987891176627451e-08
2.847555833784150744e-08
1.260600103211631878e-08
2.802094384849159583e-08
1.200522517380180492e-08
2.754734886523349511e-08
1.143680550962745686e-08
2.705536250262701758e-08
1.089985021299413414e-08
2.654570695685333695e-08
1.039334182587114792e-08
2.601923154420903404e-08
9.916159412373174838e-09
2.547690837645669377e-08
9.467099125119749534e-09
2.491982947661907598e-08
9.044896414504644459e-09
2.434920482958386079e-08
8.648246099607009582e-09
2.376636048038649878e-08
8.275821123712953717e-09
2.317273546313991059e-08
7.926289507858704456e-09
2.256987623091119009e-08
7.598328906126642478e-09
2.195942768321668138e-08
7.290639549568437359e-09
2.134311971910115350e-08
7.001954754728338156e-09
2.072274892540252210e-08
6.731049452912316889e-09
2.010015560720329851e-08
6.476746866806920614e-09
1.947719678437211921e-08
6.237923434933907444e-09
1.885571647014506731e-08
6.013512180430807700e-09
1.823751490138172594e-08
5.802504728401183487e-09
1.762431854552450057e-08
5.603952162844571944e-09
1.701775275742028028e-08
5.416964906049492959e-09
1.641931862653692877e-08
5.240711800766155720e-09
1.583037520437764226e-08
5.074418560116489090e-09
1.525212772928445606e-08
4.917365348700824458e-09
1.468562194314917870e-08
4.768885830171492630e-09
1.413174410871649337e-08
4.628362339685424880e-09
1.359122586302934611e-08
4.495224510542515652e-09
1.306465282641717425e-08
4.368946067360789227e-09
1.255247575516486193e-08
4.249041859108799387e-09
1.205502301202621032e-08
4.135065046141107673e-09
1.157251334304299417e-08
4.026604419697324248e-09
1.110506823930663282e-08
3.923281746875238652e-09
1.065272354276258643e-08
3.824749292667046181e-09
1.021544028187986146e-08
3.730687508625969395e-09
9.793114978021098765e-09
3.640802917185313095e-09
9.385589730642169972e-09
3.554825950455104193e-09
8.992662152372392572e-09
3.472509346662316959e-09
8.614095025132075439e-09
3.393626291511057366e-09
8.249625287604553690e-09
3.317968905567907728e-09
7.898971890318760266e-09
3.245346738194851319e-09
7.561842180143016022e-09
3.175585477521625765e-09
7.237936657773954752e-09
3.108525698427621154e-09
6.926952186019283864e-09
3.044021714008583802e-09
6.628583874278105697e-09
2.981940071812682606e-09
6.342525950181827087e-09
2.922160108272178563e-09
6.068471940755271519e-09
2.864570763305852793e-09
5.806114440802399368e-09
2.809071157388789223e-09
5.555144694513480319e-09
2.755569624773178920e-09
5.315252156818779096e-09
2.703982528010681812e-09
5.086124147321306993e-09
2.654234081758346330e-09
4.867445654813292472e-09
2.606255430989185347e-09
4.658899329674689949e-09
2.559984115712354205e-09
4.460165666831624726e-09
2.515363585246259560e-09
4.270923370139253262e-09
2.472342698380254420e-09
4.090849873712012530e-09
2.430875269162838220e-09
3.919621991549424399e-09
2.390919676679750449e-09
3.756916668273666350e-09
2.352438491701397910e-09
3.602411793892214914e-09
2.315398060710515192e-09
3.455787059504088937e-09
2.279768366774907014e-09
3.316724820982919350e-09
2.245522582328923119e-09
3.184910952052410265e-09
2.212636826227830240e-09
3.060035667341348099e-09
2.181089897281728513e-09
2.941794297786841211e-09
2.150863039474269285e-09
2.829888008226557091e-09
2.121939681160075352e-09
2.724024453684081337e-09
2.094305178983562958e-09
2.623918357650801174e-09
2.067946574864878209e-09
2.529292025886869019e-09
2.042852335490809676e-09
2.439875782839235284e-09
2.019012087768215468e-09
2.355408337980547603e-09
1.996416339952629279e-09
2.275637080998464108e-09
1.975056189169415319e-09
2.200318313325817612e-09
1.954923010660390887e-09
2.129217415793686806e-09
1.936008128934422172e-09
2.062108956646565073e-09
1.918302465295466850e-09
1.998776746767270422e-09
1.901796167335112636e-09
1.939013841549310167e-09
1.886478214024907803e-09
1.882622498548688691e-09
1.872336002742754035e-09
1.829414090227984433e-09
1.859354915642941300e-09
1.779208978462846862e-09
1.847517875545102295e-09
1.731836355751110482e-09
1.836804889501441467e-09
1.687134051795329545e-09
1.827192592952405647e-09
1.644948317590930096e-09
1.818653799560559568e-09
1.605133583187585408e-09
1.811157067445125660e-09
1.567552197629327773e-09
1.804666297188232765e-09
1.532074152053745887e-09
1.799140369575739113e-09
1.498576792503113860e-09
1.794532844370741542e-09
1.466944521651669968e-09
1.790791731164008382e-09
1.437068495732680498e-09
1.787859352181339864e-09
1.408846318926523357e-09
1.785672311542657566e-09
1.382181736806783163e-09
1.784161587191259447e-09
1.356984330679459656e-09
1.783252759115001438e-09
1.333169218457090710e-09
1.782866384504082054e-09
1.310656758764125723e-09
1.782918527014586209e-09
1.289372263346439199e-09
1.783321425210612632e-09
1.269245718300705803e-09
1.783984402403789375e-09
1.250211512875432913e-09
1.784814736996197813e-09
1.232208181719672084e-09
1.785718846790495752e-09
1.215178155186527457e-09
1.786603486912172254e-09
1.199067520414487789e-09
1.787377009136133310e-09
1.183825796056598761e-09
1.787950703664373955e-09
1.169405716080821937e-09
1.788240106608009924e-09
1.155763027853134820e-09
1.788166269888720394e-09
1.142856295258003277e-09
1.787656940761080014e-09
1.130646714732444467e-09
1.786647612844798960e-09
1.119097505518873796e-09
1.785082410234109055e-09
1.108175514685355560e-09
1.782914775735032765e-09
1.097848413323476497e-09
1.780107941814061153e-09
1.088086310313010743e-09
1.776635168911364521e-09
1.078861185494420473e-09
1.772479753530643828e-09
1.070146759163792895e-09
1.767634807457269078e-09
1.061918372170587240e-09
1.762102829893250830e-09
1.054152874060610281e-09
1.755895091649106511e-09
1.046828515854526681e-09
1.749030865548480649e-09
1.039924853914363372e-09
1.741536526766398387e-09
1.033422653775166032e-09
1.733444598829455041e-09
1.027303806751569890e-09
1.724792686035440356e-09
1.021551245384424246e-09
1.715622452596192453e-09
1.016148869072911048e-09
1.705978590561661283e-09
1.011081473943090075e-09
1.695907802798962173e-09
1.006334683857160713e-09
1.685457909813501879e-09
1.001894891369970335e-09
1.674676976366227043e-09
9.977491973551161986e-10
1.663612556507783285e-09
9.938853581665547690e-10
1.652311032560860282e-09
9.902917360976431074e-10
1.640817052148804111e-09
9.869572574185544592e-10
1.629173067086680942e-09
9.838713670203284852e-10
1.617418968612427628e-09
9.810239889032126671e-10
1.605591804752644988e-09
9.784054877788559684e-10
1.593725591839541980e-09
9.760066377517515785e-10
1.581851190751467736e-09
9.738185889129618170e-10
1.569996250576204296e-09
9.718328431912549232e-10
1.558185205711677470e-09
9.700412212898524543e-10
1.546439321016857012e-09
9.684358522241670077e-10
1.534776778259160015e-09
9.670091323716051969e-10
1.523213008003618538e-09
9.657537185334967927e-10
1.511759773862574225e-09
9.646625067056310670e-10
1.500427366541741728e-09
9.637286123362605414e-10
1.489223014781166724e-09
9.629453533030871121e-10
1.478150718549183532e-09
9.623062403619245638e-10
1.467213919924099180e-09
9.618049612322312064e-10
1.456412950682344232e-09
9.614353686052150755e-10
1.445746578306137966e-09
9.611914702270705908e-10
1.435211885108253614e-09
9.610673961270914336e-10
1.424804423577559586e-09
9.610574768087251317e-10
1.414518359943507210e-09
9.611560990856227797e-10
1.404346612620996020e-09
9.613577932183179744e-10
1.394280979057082437e-09
9.616572044063023077e-10
1.384312252889783639e-09
9.620490721720722657e-10
1.374430335517894392e-09
9.625282399748725296e-10
1.364624336108813448e-09
9.630896639496089252e-10
1.354882664239327150e-09
9.637283677645050185e-10
1.345193126543781806e-09
9.644394483764349794e-10
1.335542987991225387e-09
9.652181087865429569e-10
1.325919057466509832e-09
9.660596203445399927e-10
1.316307767751014790e-09
9.669593338734076889e-10
1.306695238284784068e-09
9.679126710031179207e-10
1.297067337433506185e-09
9.689151177028244947e-10
1.287409743872747424e-09
9.699622326863974963e-10
1.277708004352522339e-09
9.710496418901336741e-10
1.267947498688571085e-09
9.721730365920595735e-10
1.258113856228735461e-09
9.733281510844323541e-10
1.248192480336218203e-09
9.745108526838489574e-10
1.238168954409715099e-09
9.757169996311691526e-10
1.228029028452812192e-09
9.769425389445180371e-10
1.217758626908920389e-09
9.781834804196769287e-10
1.207344021552423425e-09
9.794358976017742926e-10
1.196771849729519554e-09
9.806959258391437932e-10
1.186029055163698337e-09
9.819597647058577547e-10
1.175103310107100726e-09
9.832236773658879004e-10
1.163982663865975011e-09
9.844839910088219127e-10
1.152655896244392567e-09
9.857370958318950605e-10
1.141112700766996021e-09
9.869794462679371293e-10
1.129343315345263877e-09
9.882075624790045959e-10
1.117339463592074889e-09
9.894180274765291983e-10
1.105093486682147743e-09
9.906074899122460019e-10
1.092599321964818447e-09
9.917726619130942618e-10
1.079851401790078382e-09
9.929103191298326883e-10
1.066846842762241109e-09
9.940173002812436973e-10
1.053583487687525640e-09
9.950905061306828980e-10
1.040061121799442139e-09
9.961268974583078593e-10
1.026281272923039117e-09
9.971234940187035660e-10
1.012247497064203992e-09
9.980773724940378482e-10
9.979653026647815433e-10
9.989856651122869807e-10
9.834423650692308366e-10
9.998455576559790970e-10
9.686885504655250941e-10
1.000654343391161701e-09
9.537160795639697336e-10
1.001409170517690968e-09
9.385394325239920144e-10
1.002107476152261960e-09
9.231754786502506590e-10
1.002746580150377653e-09
9.076434491715995487e-10
1.003323864218643701e-09
8.919649112779505603e-10
1.003836704995670147e-09
8.761637100527389530e-10
1.004282624617409920e-09
8.602658761167433504e-10
1.004659070545160740e-09
8.442994998797848242e-10
1.004963340300577790e-09
8.282945696271328599e-10
1.005193045381955961e-09
8.122827722763944750e-10
1.005345572650438224e-09
7.962972598047110593e-10
1.005418327197184556e-09
7.803723815983530517e-10
1.005408692010457207e-09
7.645433848984905792e-10
1.005314006817809085e-09
7.488460876271727614e-10
1.005131555490009616e-09
7.333165270530887869e-10
1.004858553860708278e-09
7.179905922270337291e-10
1.004492134710177017e-09
7.029036420602778851e-10
1.004029332146871602e-09
6.880901196016796194e-10
1.003467064373247840e-09
6.735831689127324220e-10
1.002802115000996859e-09
6.594142602001677346e-10
1.002031130625553861e-09
6.456128342298367618e-10
1.001150522584662145e-09
6.322059705577047826e-10
1.000156558280134515e-09
6.192180893361511926e-10
9.990452533947543149e-10
6.066706920865101635e-10
9.978123616534621399e-10
5.945821471720850604e-10
9.964533414745083752e-10
5.829675264975880007e-10
9.949633173345615902e-10
5.718384957347722113e-10
9.933370386245186362e-10
5.612032630936410471e-10
9.915688334489079319e-10
5.510665798915100992e-10
9.896525576898423535e-10
5.414298470777728463e-10
9.875815382654953655e-10
5.322910727402528511e-10
9.853485087667738936e-10
5.236451103198763042e-10
9.829456644198918524e-10
5.154838370919720134e-10
9.803640201672923501e-10
5.077964582157693432e-10
9.775944283080403326e-10
5.005697506868478522e-10
9.746264077191287743e-10
4.937883484284189772e-10
9.714485860557237857e-10
4.874350411240472092e-10
9.680484889533241958e-10
4.814910803485551041e-10
9.644124306903612699e-10
4.759364826955816943e-10
9.605253984941976965e-10
4.707503244204649099e-10
9.563709332496384731e-10
4.659110193904644530e-10
9.519310064907613087e-10
4.613965778778819882e-10
9.471858976780000539e-10
4.571848402662361134e-10
9.421140761565558911e-10
4.532536842188920937e-10
9.366920915497737523e-10
4.495812040194377721e-10
9.308944902832720563e-10
4.461458608739479244e-10
9.246937206855380980e-10
4.429266060376647462e-10
9.180601327273350329e-10
4.399029760467751118e-10
9.109620060138506307e-10
4.370551642432245114e-10
9.033655766051445884e-10
4.343640682797020081e-10
8.952352837162529005e-10
4.318113187094067705e-10
8.865340442034295837e-10
4.293792885346416981e-10
8.772236690679386840e-10
4.270510923126060017e-10
8.672654417219488074e-10
4.248105591815160200e-10
8.566209129105700283e-10
4.226422065764411219e-10
8.452529737828269613e-10
4.205312099190307098e-10
8.331269567206870252e-10
4.184633558684242254e-10
8.202121996321430436e-10
4.164249955329703205e-10
8.064837127696590548e-10
4.144029942578741712e-10
7.919240593881329322e-10
4.123846802592403061e-10
7.765253760639562856e-10
4.103577927429163282e-10
7.602913116256006843e-10
4.083104165001347930e-10
7.432390577529781969e-10
4.062309961375925855e-10
7.254009004169412923e-10
4.041081956043491538e-10
7.068254356561132109e-10
4.019309238073117582e-10
6.875781286525788868e-10
3.996882827216230818e-10
6.677410991141226005e-10
3.973695411305814264e-10
6.474120276335543337e-10
3.949641152833615007e-10
6.267021539788047966e-10
3.924615476141289777e-10
6.057334288398618340e-10
3.898515250800954574e-10
5.846349683102749309e-10
3.871238862100898499e-10
5.635390450894849006e-10
3.842686511760844038e-10
5.425768988318551731e-10
3.812760680650412430e-10
5.218746699713798587e-10
3.781366770682518228e-10
5.015497420729288527e-10
3.748413966355388649e-10
4.817077173551782529e-10
3.713816515810483339e-10
4.624401798350807445e-10
3.677494231324764192e-10
4.438233082661923000e-10
3.639375198809495833e-10
4.259173234301410015e-10
3.599396803413669659e-10
4.087666796181937699e-10
3.557507806116210128e-10
3.924008751935152639e-10
3.513670903132457090e-10
3.768357215373283247e-10
3.467864407609316772e-10
3.620749218853035056e-10
3.420085025070187713e-10
3.481118059590357632e-10
3.370350042252237468e-10
3.349310860760655845e-10
3.318699497328402014e-10
3.225105793367227491e-10
3.265198027140488288e-10
3.108228744221926331e-10
3.209936302090114120e-10
2.998366214991589900e-10
3.153031270591160538e-10
2.895179247321623911e-10
3.094627247125708409e-10
2.798312653001646686e-10
3.034894388141072837e-10
2.707405580500232428e-10
2.974027610312124320e-10
2.622096154492573092e-10
2.912242672637079368e-10
2.542028997484373721e-10
2.849774452297041007e-10
2.466858463140493522e-10
2.786870825081418114e-10
2.396252663054560073e-10
2.723788733280492936e-10
2.329893815828026758e-10
2.660788433581196888e-10
2.267481342433209555e-10
2.598127680340728109e-10
2.208732227521877923e-10
2.536056586743132196e-10
2.153380840966662476e-10
2.474812266491694106e-10
2.101179307568783266e-10
2.414614385655101186e-10
2.051896870406328159e-10
2.355661417425386931e-10
2.005320084632088908e-10
2.298127608643262399e-10
1.961250754346683992e-10
2.242162078199032489e-10
1.919506037505647525e-10
2.187886502201916121e-10
1.879917483899183514e-10
2.135396104860617593e-10
1.842330046568230971e-10
2.084760227011191188e-10
1.806601179880012313e-10
2.036023794201209070e-10
1.772599952136490626e-10
1.989209283069874976e-10
1.740206184827326972e-10
1.944319032391570316e-10
1.709309603563515886e-10
1.901337536294387786e-10
1.679809071932256798e-10
1.860235277023282406e-10
1.651611797337388173e-10
1.820968770058322406e-10
1.624633353938814549e-10
1.783485531046888006e-10
1.598794448311618428e-10
1.747725101504223251e-10
1.574024901393353140e-10
1.713621372732824858e-10
1.550258184642026796e-10
1.681104342428026420e-10
1.527433999505607384e-10
1.650101746887902630e-10
1.505496992150500025e-10
1.620540259530185545e-10
1.484395996086601108e-10
1.592347130244692456e-10
1.464084084660782768e-10
1.565450385380558209e-10
1.444517952053438244e-10
1.539779225544449961e-10
1.425657642748303862e-10
1.515265936563616221e-10
1.407466248660018222e-10
1.491845179278319871e-10
1.389909635403638226e-10
1.469454548850892718e-10
1.372956222855368794e-10
1.448034767761720517e-10
1.356576692543816826e-10
1.427529740692253973e-10
1.340743851820463229e-10
1.407886591591375758e-10
1.325432436649163463e-10
1.389055613809774746e-10
1.310618887396485559e-10
1.370990220801680067e-10
1.296281269492439718e-10
1.353646819541520539e-10
1.282399096080516088e-10
1.336984682302488080e-10
1.268953204464421548e-10
1.320965783475960439e-10
1.255925666649778074e-10
1.305555054421231479e-10
1.243299657746465766e-10
1.290719268689058647e-10
1.231059388924844245e-10
1.276427904864036612e-10
1.219189990273765259e-10
1.262652164710571267e-10
1.207677401012917825e-10
1.249365901514485950e-10
1.196508604881938297e-10
1.236544392696312217e-10
1.185671030857733292e-10
1.224164351657864005e-10
1.175152917878662956e-10
1.212204603791289311e-10
1.164943054220847276e-10
1.200645240924696912e-10
1.155030910634584363e-10
1.189467705595535600e-10
1.145406400680503724e-10
1.178654697127953027e-10
1.136059957248645786e-10
1.168190062737312270e-10
1.126982730609077003e-10
1.158058709349217719e-10
1.118166434382980253e-10
1.148246529883677096e-10
1.109601352367226036e-10
1.138740300859388732e-10
1.101280786458619638e-10
1.129527646520032114e-10
1.093197162146141113e-10
1.120596946455057744e-10
1.085343100232694233e-10
1.111937280901902675e-10
1.077711617480255393e-10
1.103538373684483692e-10
1.070296114320744642e-10
1.095390563930554329e-10
1.063090256590074061e-10
1.087484722218254475e-10
1.056087961323388044e-10
1.079812263156879700e-10
1.049283368652005627e-10
1.072365065908695827e-10
1.042670849067015455e-10
1.065135411006715620e-10
1.036244985129949772e-10
1.058116054356254770e-10
1.030000559773321620e-10
1.051299826016865302e-10
1.023932534073734158e-10
1.044680334294577218e-10
1.018036053540027936e-10
1.038251364203066268e-10
1.012306312427807068e-10
1.032006718961099310e-10
1.006739020792684113e-10
1.025940780767140805e-10
1.001329683207774508e-10
1.020048129149777653e-10
9.960739336986157752e-11
1.014323581710547434e-10
9.909679355898171237e-11
1.008762228347905401e-10
9.860075923713044411e-11
1.003359184531889884e-10
9.811890505611518386e-11
9.981098535871216745e-11
9.765085774113271360e-11
9.930098400461985048e-11
9.719625608024004281e-11
9.880548273110273976e-11
9.675474874923674329e-11
9.832406102204324004e-11
9.632599431641733438e-11
9.785637315673580320e-11
9.590966112244237586e-11
9.740201074880416837e-11
9.550542690235261307e-11
9.696060610856440000e-11
9.511299229853676306e-11
9.653180496679537074e-11
9.473202454241901840e-11
9.611526362579947190e-11
9.436223717831658147e-11
9.571064897922863345e-11
9.400333210033519503e-11
9.531763845917465970e-11
9.365505922247057513e-11
9.493591838931338864e-11
9.331710640888007220e-11
9.456518406045170478e-11
9.298922866979020489e-11
9.420513943942785698e-11
9.267114266125803193e-11
9.385549595283505065e-11
9.236260428817291901e-11
9.351598112097702949e-11
9.206335452374412666e-11
9.318630410506244795e-11
9.177313771140062522e-11
9.286620521416110431e-11
9.149173532637897288e-11
9.255542280787418654e-11
9.121889788617782145e-11
9.225370251045895529e-11
9.095439270124184295e-11
9.196079355624651822e-11
9.069799156592359497e-11
9.167644893090730851e-11
9.044947056958580304e-11
9.140042787980994996e-11
9.020860890243563274e-11
9.113249398558929058e-11
