# 0.0J_-1.0g_0.83776theta_1.0472phi_10Chi_0.01delta_500N
-5.772987278974514025e-01
-6.456606808084960347e-01
-4.884382047840509222e-01
-2.710326510435254188e-02
-2.414940666687249299e-02
3.530557422112184755e-03
3.968865193521230531e-03
-2.255048107707656544e-03
-9.085459399472637905e-05
3.135823920318434239e-04
4.246090147480431343e-01
1.032676833213240281e+07
-2.463393227463835105e+07
2.004520458615379035e+08
4.601567291641406715e+06
3.646016219511825591e+07
-7.774142529279260896e+06
-4.061899048560587317e+07
-4.423958198476906121e+07
-4.327478563269979507e+07
6.964900908302759097e-01
1.078606044566882541e+06
4.470035288650202006e+07
-1.768991606115715578e+07
-8.798361589715436697e+08
2.520715712243883610e+08
-1.796733567130021155e+08
-2.598732719219490886e+08
6.408707017874704301e+07
1.600715818537374437e+08
4.108101634890006307e-03
-1.941175627083083689e+08
3.782087175651314855e+08
-3.145018246565415859e+09
4.274958562342152119e+09
1.516245297430510521e+10
4.385805301235829353e+09
-3.004288041769941807e+09
-7.541938459383953810e+08
-1.222189748607309580e+09
3.619729290436637936e-02
-1.216334343419972509e+08
-6.126711491140080690e+08
-1.505808932918578088e+08
5.993737999041182518e+09
2.206183772280250549e+10
-5.479425632939375305e+10
4.265921243621567535e+10
4.853572793827010989e+08
-4.070102102586752892e+09
-2.448398942704680878e-03
-2.646044140029132739e+07
4.128053152162207663e+07
2.468612856191904449e+10
-3.848904172322053528e+10
-9.164473986798826599e+10
1.201858866901096680e+12
1.315614869889062256e+12
3.373635311321374023e+12
-4.407983682280516602e+12
1.316781308380395379e-03
9.692366409041639417e+05
4.502463823529365659e+07
4.392932296120985985e+09
2.036139150626612244e+11
-1.793084804944204346e+12
2.218906995916387500e+13
3.428056988395863672e+13
-1.240050470687951367e+13
-1.907865950167473145e+12
0.000000000000000000e+00
1.042406414426459819e+08
-3.757026380748447776e+08
6.830984986553754807e+09
8.461392041719712317e+07
2.625425169620172852e+12
-3.550539346859449707e+12
-1.216180922105987500e+14
1.154097367418941500e+15
-5.735552834902051250e+14
0.000000000000000000e+00
-5.988939759639100730e+07
4.936506758450936675e+08
-4.566641573910216093e+08
-5.405246959186506271e+09
-1.793710165573432861e+12
-1.798427010332256641e+13
-1.580815308817446875e+14
-8.525480231057053750e+14
-1.141436018223924500e+15
-2.601054990760695920e-04
7.243155605172310956e+06
3.253532241049489379e+07
-9.024829026214169264e+08
-5.371942775396126556e+10
-4.170628111097292480e+12
9.296879375493804688e+13
1.662880004449475000e+14
-9.437876642503850000e+13
3.160650675634507812e+13
-5.773718580675459844e-01
7.454228025352400699e-01
-3.082045751979331505e-01
-7.684014673036283771e-02
-1.210915989336541765e-02
4.072046035723611741e-03
1.723211266031720408e-03
-7.597331318593632298e-04
7.394700536350940260e-05
-2.721511521204382572e-06
-8.149237986311778092e-01
1.032194692696669698e+07
-2.462426365835106000e+07
2.005800022542858720e+08
5.093759235090813600e+06
3.464150030755381286e+07
5.310859078943888098e+07
7.509845530015037954e+07
9.376016785240995884e+07
1.336066974534839839e+08
1.824313361268304137e-02
1.042568122116717044e+06
4.487951651874041557e+07
-1.838648990190761536e+07
-8.773802611597234011e+08
2.395008825109174252e+08
1.605834581955701113e+08
2.635946634839788675e+08
1.624470955530958772e+08
9.365998903625978529e+07
-4.667194219192222909e-02
-1.941087841708514094e+08
3.784387946764597893e+08
-3.141994960904081345e+09
4.281127998727645874e+09
1.506144699357507896e+10
5.821614354297185898e+09
-3.219552408247124553e+08
9.006611072275090218e+08
2.689129430417049885e+09
5.346265955378648807e-03
-1.211471915619818121e+08
-6.156296292256662846e+08
-1.458811481083521545e+08
5.966275720645766258e+09
2.237231061114682770e+10
-6.057508095452194977e+10
3.326240145910952759e+10
-1.058337576649567962e+09
-7.621273728361909866e+09
5.386876494894632297e-04
-2.551850829353509471e+07
4.039458882674005628e+07
2.463113436417019272e+10
-3.859369573738863373e+10
-9.048932648353411865e+10
1.181046551273395020e+12
1.275575039099391113e+12
3.335921086197622559e+12
-4.469560509476512695e+12
9.519466276898192391e-04
1.546600908457613178e+07
-1.202788793618918583e+07
4.512391869945014000e+09
2.028363484817171936e+11
-1.788081256049829834e+12
2.210298503601353516e+13
3.415221212257857422e+13
-1.245156593582580469e+13
-1.919661944228336426e+12
-2.145306588048623286e-06
8.247842757107393444e+07
-9.059600935911689699e+07
3.805667017819991112e+09
-7.735869776766157150e+09
2.533610569205777344e+12
-2.540536771411064941e+12
-1.200206045980161250e+14
1.157258126865849500e+15
-5.736610119073316250e+14
-4.726925439446626480e-05
1.908010298781972528e+08
-4.620404666736167073e+08
2.380187509776518345e+09
-1.160717251895843506e+10
-1.724393514347743652e+12
-1.903410803134784375e+13
-1.593461630762500000e+14
-8.519257605149581250e+14
-1.138940012822199250e+15
-2.629796167074292010e-04
3.519917881592261791e+07
-1.604993423594748676e+08
-7.346180308586798906e+08
-5.301536038694584656e+10
-4.151192068199130371e+12
9.295759421665837500e+13
1.663403617192368750e+14
-9.398228708982464062e+13
3.180491719926539062e+13
-5.773802181228706587e-01
-9.984369942629899020e-02
7.965684289160913645e-01
1.039370325797402544e-01
3.625568155013012689e-02
-7.599093674726932653e-03
-5.691922032720043122e-03
3.014674668238292998e-03
1.817493505313596259e-05
-3.119262923056472111e-04
3.903629127856641512e-01
1.033490475531722233e+07
-2.465535680636036023e+07
2.004501910670394003e+08
4.841654242108899169e+06
3.933039672856590897e+07
-1.303218537739904970e+07
-5.069367414104950428e+07
-5.112960046490610391e+07
-8.741911738001082838e+07
-7.146346591540433391e-01
1.075506659786182921e+06
4.491214594965016097e+07
-1.797431788398090750e+07
-8.800519890288232565e+08
2.358883019616430700e+08
4.307325238944453746e+07
2.496920218992622569e+07
-2.365232297625265419e+08
-2.478895527855327129e+08
4.256374458903029734e-02
-1.940017203245327771e+08
3.779312729929440022e+08
-3.141186631812897682e+09
4.270306636694127560e+09
1.516764867255423546e+10
3.969371231854851246e+09
-3.659061755189824104e+09
-3.609983927129711509e+08
-7.583299984688680172e+08
-4.153837263680900532e-02
-1.216778742957227975e+08
-6.147975256719862223e+08
-1.525082825312456489e+08
6.006684060407321930e+09
2.230837436266415024e+10
-5.761824400819454193e+10
3.856008620459484100e+10
2.790232777343779564e+09
-2.497660047139101982e+09
1.909373539913624242e-03
-2.615481937900666893e+07
4.257815170926087350e+07
2.465651507392944336e+10
-3.860722691023545074e+10
-9.085383458260792542e+10
1.181704097037626221e+12
1.278135311004555664e+12
3.354631328351283691e+12
-4.445618421576908203e+12
-2.268528181956394520e-03
-8.671722608212471008e+06
1.750088083800620586e+07
4.192305680855928421e+09
2.047689134363588257e+11
-1.792268710096587402e+12
2.226112135858672266e+13
3.444577267335313672e+13
-1.227817604431642383e+13
-1.600460657814881348e+12
2.146054923601870001e-06
-1.865625453529531062e+08
4.675345425593768358e+08
-1.040256835425105095e+10
1.898452876369209671e+10
2.750631571628385742e+12
-2.972456596131310547e+12
-1.205806075510069531e+14
1.150795454576052500e+15
-5.755156917166011250e+14
4.727053929938343691e-05
-1.307061744845617265e+08
-2.943361968968384340e+07
-2.122918768330805779e+09
6.202865875496226311e+09
-1.765754502946433105e+12
-1.762657320868491016e+13
-1.569074925739442812e+14
-8.507059464208538750e+14
-1.137496547872962000e+15
5.230450142038438072e-04
-4.381397546413666010e+07
1.128307100803696811e+08
-2.611681844492567539e+09
-4.521762326013107300e+10
-4.178199227525300781e+12
9.371156768660131250e+13
1.676426271948874688e+14
-9.406982520787189062e+13
3.257868596667305078e+13
