# -0.2J_-0.8g_0.41888theta_1.0472phi_10Chi_0.01delta_500N
-5.780661436961878064e-01
7.661404865453683710e-01
2.495775519325396652e-01
-1.878846651418590932e-02
1.323124386319072809e-01
4.784318469983215444e-02
-6.606797814091419641e-02
-6.597294076289919595e-02
-5.165081995902432582e-02
1.810485956829422163e-02
8.009314339457161980e-01
-1.714578809747212107e+00
-2.132812985838748177e-01
-2.253937003993051746e-01
4.926313403773739275e+00
4.235032785304060354e+00
-6.416205665046947004e+00
-3.428933329515036821e+00
-4.766480224051340642e+00
1.297937594678228335e+00
1.658974359478345914e-02
-5.240762293213081513e-01
4.157861366183245311e-01
6.353908385458541197e+00
3.983515654109281545e+00
4.825754074227387669e+00
4.123371791727643121e+00
-2.962094202762595163e+00
4.175240577650896512e+00
-1.127549052113582917e+00
-3.033837739035173328e-02
-4.185620684435884087e+00
5.698284894268105916e+00
1.320189798270074846e+02
6.472476173152436729e+01
9.072730306254749166e+01
1.324792355747047168e+02
6.377437295506806691e+01
1.293958081751012799e+02
5.718154190951266855e+02
-1.320900136727403973e-01
-5.249533304817533441e+00
9.744410258748196219e-01
-8.158456539790709172e+00
9.308100495116168815e+01
7.567963430444831374e+01
-1.948222798897208179e+02
1.133885467620300247e+01
-8.645844734215107508e+01
3.652879373704680432e+01
-4.611308507200099355e-02
-5.457357956203287230e+00
3.203409140181728176e+00
6.517648953831645997e+01
8.670452245771500088e+01
1.243114421065125725e+02
6.700748365764056302e+00
3.011703592178450606e+01
3.196619992939621469e+01
2.333395428648860559e+02
5.029076776084619865e-02
3.330287080390907928e+00
6.220368290384139520e+00
3.025747759301625024e+02
-5.749975419693082301e+01
8.721437290008289267e+01
9.573749336762781468e+02
2.544832486896493720e+02
5.256341286180354473e+02
2.235361927549951361e+03
6.889511453570941468e-02
4.616475541529215576e+00
9.383670295352584123e-01
1.278033722939999564e+02
5.224946927029829880e+01
9.388924514772314467e+01
1.329113425921295573e+02
4.519077998613939258e+02
3.015197656463376461e+02
2.499892613507792248e+03
5.037312874015596048e-02
3.135002318263774068e+00
5.213309392516483065e+00
2.070687149147036905e+02
-4.716472521129581708e+01
3.468804986390615142e+01
6.291839765423003428e+02
2.404807659497633949e+02
5.841875708231484623e+02
1.354591446059898317e+03
1.941707452829238498e-02
9.749218163898242251e-01
1.935108026590333541e+00
-3.267414646832492622e+02
2.565114609059853024e+02
1.401715645684672893e+02
-2.033291712344852613e+03
-1.142364358073030644e+03
-1.231620851048751319e+03
-1.575257174761532042e+04
-5.768939129659692577e-01
-5.997192728994241717e-01
5.392883478066783365e-01
-1.053486271285259401e-01
-8.266071014632929426e-02
4.798644412569152279e-02
9.035909505972139488e-02
-2.438094530446646355e-02
-5.175803128664169944e-02
6.107349209823683366e-03
-3.863756454564797327e-01
-6.066912328274512989e-01
1.190157453666237236e-01
-3.648439418343752294e+00
4.360174326537269884e+00
2.049940128848036558e+00
-2.660012341322507634e+00
6.301629942580675880e+00
5.992172456061746644e+00
-1.070794854541497892e-02
-7.026183715266076657e-01
-8.583713897502918133e-01
1.528579929361705059e+00
6.915713302426473419e+00
5.599822388920400185e-01
-6.095480782588603041e+00
-5.609832931781882692e+00
8.041162173204572383e-01
2.047718381804334520e+00
-6.083571134192596874e-01
1.298256701833836735e-01
-1.361483820089464392e-01
7.605414326714902806e+00
1.275880071937426123e+02
5.397121856712549182e+00
-1.113165892882874743e+02
-1.170084627277326206e+01
1.104178786946313835e+02
9.483653189613789891e+00
8.312786145249862102e+02
3.997237042180712407e-02
-3.339671303200520303e+00
-3.087657760477627189e+00
-6.762639814192455390e+01
9.754399900071852869e+01
4.083194445019925212e+01
-1.486000522880303549e+02
1.563473983524221183e+02
1.553890030511782072e+02
-1.948874916428391373e+02
-4.630068743193109515e-02
-2.467611544771072113e-02
-6.341662742013745913e+00
-1.079239286506702769e+02
1.278684167531376659e+01
1.246026256215420176e+02
-3.074922070973278565e+01
-1.053641030621384544e+01
3.184502820666754275e+01
-5.044215785824112004e+02
-8.495388965334291220e-02
6.218140540828823504e+00
-2.941482899237104931e+00
1.479668817954698739e+02
-2.188083340616272494e+02
-1.266242002036858594e+02
7.543223493918645772e+02
-2.338134782145278052e+02
-5.281462203547597483e+02
2.375785169435609077e+03
9.203617400441449839e-03
-4.546738153542417393e+00
-1.971405509209928075e+00
-3.518017074343524087e+01
2.081650575187332493e+02
2.995332723204494840e+01
-3.621763546922924206e+02
6.517904692225455392e+02
3.015482029872129601e+02
1.588856191807510186e+03
5.051759268035520278e-02
-6.074776364461741629e+00
1.076403026306795296e-01
-6.351796273495958900e+01
2.028452548764615813e+02
3.495283598868964958e+01
-5.195971691340886309e+02
4.174979869011374376e+02
5.845891117181562322e+02
2.176308141053906695e+02
-1.058186798210727919e-02
1.648590729063250881e+00
4.603736565743702380e-01
-6.637665676617075405e+02
2.971010345195659852e+01
4.411723853856298092e+02
-1.320534226969971314e+03
-2.324432821809925372e+03
3.298448713904521696e+02
-2.650444490991586281e+04
-5.775936207054254146e-01
-1.677339719417570152e-01
-7.884339868026890574e-01
1.241120233694342767e-01
-5.007136054390795565e-02
4.781291444539671753e-02
-2.438654119652242797e-02
9.025707203815920565e-02
-5.160640543621960313e-02
-2.376788925663506427e-02
-4.156632746040887505e-01
-8.744154510792386814e-01
-1.011200064159312850e+00
-2.434769975037796907e+00
7.614418062628663719e+00
-6.275322951188487153e+00
3.891482115291807986e+00
-1.826466106389794675e+00
-1.224327870843341159e+00
1.474601611213608443e-01
6.852185995093604820e-01
2.728349843563901977e-01
1.257339585534119841e+00
3.663212689438225311e+00
1.779839692876186819e+00
1.262365188965188345e+00
2.513464020798659604e+00
7.361904412613648141e+00
-6.228092318218391377e+00
-1.988387767202232537e+00
-9.931503112861819749e-02
-5.018962541009824863e-01
3.133065149840300823e+00
7.824768630515207235e+01
3.877191490316451450e+01
2.045314541540953712e+01
9.992372084296859214e+01
2.124600472876536230e+02
-1.390084233132029681e+02
4.803772503215330971e+02
9.237341026936408961e-02
-7.813107328612322711e+00
-2.716030782214407857e+00
-3.420246362508384408e+01
1.468888015236786373e+02
-1.165432328027763305e+02
-4.661048029911904678e+01
4.282629657586200977e+01
-6.872315407588534697e+01
-2.747309973410897896e+02
-4.603265653808542163e-02
5.486984588392302520e+00
3.131825740562871108e+00
4.278199020384080598e+01
-9.970075780828355505e+01
1.241012001630657409e+02
2.431280780357030480e+01
-1.963386274195176995e+01
3.176410117974689840e+01
2.392757686581548455e+02
3.462217462312718735e-02
-3.166091580794581084e+00
-8.766775529137489364e-01
8.507668983970162913e+01
-3.861206527547032863e+00
3.922253391362462338e+01
4.284122646661083422e+02
1.870804256868837285e+02
3.040967460669908307e-01
1.426826675169591681e+03
-7.799203518802813595e-02
-2.473944977385538646e+00
7.436716165491564112e+00
1.808325148840615668e+02
2.707889273131019081e+02
-1.239662207763248176e+02
5.785179477946170579e+01
9.734714680761861700e+02
-6.008751609627125845e+02
1.940222458703587108e+03
5.037567505335797252e-02
2.942779812951062279e+00
-5.332193908952153727e+00
-1.437611482165274595e+02
-1.558297974086029853e+02
3.460822501687212593e+01
-1.078056526201060308e+02
-6.560603846873718794e+02
5.820099580558096477e+02
-1.500071468471071739e+03
-9.205370485680083870e-03
1.784056936368800736e-02
6.490845819086835666e-01
-7.074167117386493828e+02
4.333166935974984426e+02
-5.834030195126425724e+02
-2.716146519207263282e+03
-2.484031458278256650e+03
9.736353597769943917e+02
-2.155625061051697776e+04
