# 0.0J_-1.0g_0.41888theta_1.0472phi_30Chi_0.01delta_500N
-5.773578250611905993e-01
4.544472370340069123e-01
6.758497023576117702e-01
5.142807465186698124e-02
2.646347969887065041e-02
4.196882549269840418e-03
-1.753698337605642661e-05
-1.433469782224262591e-05
1.607205787282183827e-05
4.608378947005862750e-05
1.422854825092205097e-05
1.169765328648234053e-04
3.555688659435865523e-05
-6.093144897404631228e-05
3.085743309077826650e-05
8.952206676053731213e-06
-4.818387727771867955e-05
1.666897467713132603e-05
3.237977275796994817e-05
-3.378914226050520620e-05
-2.998222681109385783e-05
2.493687189083667749e-06
-2.031429101366890103e-05
-1.936490118060693757e-05
-7.351334056493124907e-05
8.047755779280758436e-06
-9.104913651777836632e-06
2.611358791847710460e-05
3.493953202280122892e-06
1.079111300854490357e-05
8.087507769457650264e-01
-8.991826385967694223e+07
9.732688554464088380e+07
1.332091181717007756e+08
-1.191966349660426617e+09
-3.623464058140237629e+07
7.190736607498188317e+07
6.334591938678128719e+08
7.177553167650641501e+07
3.014305240731520653e+08
-3.652293701775370836e+08
-4.174226784844832420e+08
5.392302237959109545e+08
4.654235680334030390e+08
1.256311932953477055e+08
-5.035559982724004984e+08
1.395461192241841853e+08
-3.247519619692488313e+08
1.320059868384462595e+08
3.831435395766457915e+07
-7.864188077830074355e+06
-3.680181731085367203e+08
-2.972105241808114648e+08
-2.593877049969194829e+08
3.429543808687195927e+07
-3.049901220081999302e+08
4.719318073024169207e+08
1.512884140563080609e+08
-3.173786623949320912e+08
-1.453853552056977451e+08
3.511744683969209718e-02
5.951989878996834904e+07
-3.080209433282778263e+08
3.404902585281739235e+09
4.046982739331733584e+08
-1.180104411081511259e+09
1.201911362940502912e+08
3.600758418847411275e+08
6.003893474909598827e+08
1.839014037501959562e+09
-1.988511006770601511e+09
2.563781068058155537e+09
1.027701676799781680e+09
6.882855157872244120e+08
-1.905413713094656706e+09
1.357556933497204065e+09
-6.782093818580180407e+08
-5.380222057941563129e+08
-5.190286195602233708e+07
1.610519925628281534e+08
6.472274196019157171e+08
-4.911959010395927429e+08
1.433904244471315295e+07
1.729332947444126010e+07
-1.902823945757108554e+07
4.202980938864377737e+08
-7.828891746501805782e+08
-6.720861260392963886e+07
8.846058181775978804e+08
-8.023943871919475794e+08
-9.366121402139201968e-03
6.184777892835986614e+08
2.722922099903978825e+09
-3.434883252649488068e+10
8.572658932634953260e+08
-9.096530512317453003e+10
1.589986084719093084e+09
-1.441071310030659866e+10
2.476784616361912918e+10
1.031322854444332886e+10
-2.217854712102493668e+10
4.642126163512924194e+10
-2.702601038934753036e+10
-9.523752859863286972e+09
3.368541699288754272e+10
1.323151263395614052e+10
7.422892305512200356e+09
1.594177370929150772e+10
-2.887209580663382339e+10
7.765313674804033041e+08
3.692550267179127502e+10
-5.730939619959309387e+10
1.026693274092528915e+10
1.437118156957914233e+08
2.376276760535635757e+10
-1.772397682716800308e+10
1.517190422615562057e+10
2.895585552059162140e+09
-5.980180853694837189e+10
5.149050682741960144e+10
-3.490424732463575513e-02
-2.226433381547625065e+09
7.876542098113132715e+08
-6.010102914177392960e+09
-2.469164959347979355e+10
3.492817183254574585e+11
1.716573725135645676e+10
-8.956443293909152222e+10
8.132570811082954102e+11
-2.421005721568336182e+11
5.689772665878581238e+10
6.406720112445635223e+10
3.505262995055440521e+10
-2.354983942774804688e+10
-1.757247749305337830e+11
1.819386074385541687e+11
-5.090277278726634521e+11
-3.900861671629720306e+10
-3.501835894027228394e+11
5.020513820360993042e+11
-1.346500451201107635e+11
5.322300035853229980e+11
3.908368895308061523e+11
1.331188510099130630e+10
2.925252827294007568e+11
-1.314955042267446442e+11
-8.797854966235620117e+10
-2.686182133949556274e+11
-4.887008861343378296e+11
-1.190042958731518707e+11
-1.043823143093521207e-02
1.986229976672859117e+07
1.406422608141406775e+09
6.950196770357264709e+10
2.326741470287341690e+10
-8.154793859422000732e+11
1.485707477844873352e+11
-8.106404174521197319e+09
-1.375194765584978027e+12
-2.960623003959249023e+12
9.960348230497590332e+11
-4.991135561782131836e+12
6.550785072555870361e+11
2.707009889556832031e+12
-4.572813841482894531e+12
8.428559896647139893e+11
1.667772831774883789e+12
8.923982125042712402e+11
-3.561998488990326660e+12
1.626049946099786682e+11
3.291871569442782227e+12
-2.267941530596551758e+12
-1.146894758176964111e+12
-9.471580386262265015e+10
4.231953058329748047e+12
1.518296362437355469e+12
-3.520007885745116699e+12
-7.665261162896818848e+11
2.977918990459672363e+12
5.997393698881046875e+12
2.558716697799239340e-03
-4.364281183945404291e+08
-1.059073307202312201e+08
-1.333375428663728714e+10
1.318560915817740021e+11
-4.883401734526508789e+11
-2.143102121599351318e+12
3.878993839912165527e+12
-4.361613691676059570e+11
-4.187738779390214539e+10
-1.226019404723186523e+13
-9.277966881758353516e+12
-1.891962929014785938e+13
-2.454261598555180664e+12
-1.018988461222861572e+12
5.406556810127947266e+12
-4.648553169710662109e+12
-1.498640012121945117e+13
-3.012075622603747559e+12
-1.104727973587560156e+13
9.283150805813394531e+12
2.611738210409190430e+12
-3.894671866414223633e+12
-7.021514655191490234e+12
-8.329992160997776367e+12
1.823812819801909375e+13
3.777106045090869141e+12
-2.341622603097348145e+12
3.160716598967805176e+12
-3.615535380194818359e+12
-1.394625680416562310e-05
2.506243207867494226e+08
2.941920710643145442e+08
-1.220417668101382017e+09
-1.227997901753294754e+10
-1.609134273820102051e+12
-7.757147827463862500e+14
-4.036007004947010938e+13
-1.546100574061503125e+13
-2.021665605091932031e+13
-1.408612877543550000e+13
2.564118487484635938e+13
4.484842451935369531e+13
2.801192713054403516e+13
-3.275186823499912891e+13
-7.546800917336273438e+13
-8.310786466882028125e+13
2.157398369456687500e+13
7.794347399857785938e+13
9.904299209798439453e+12
3.003500824079671875e+13
4.599213412806318359e+12
-8.453987078065300781e+12
-4.845183230347475000e+13
7.387988895172867188e+13
-7.323047651999164062e+13
1.058226138801264453e+13
1.451368119511073486e+12
2.315882002949453516e+13
1.266310849200023633e+13
-8.435423360098508858e-06
-5.141248099712677300e+07
-4.961379955527890921e+08
-1.443150774370324516e+10
-8.921820988058351517e+09
-5.053449504226785156e+12
4.182064808622867676e+12
9.813810576424332500e+14
-1.740589344789503750e+14
6.472236810100744531e+13
2.956280057386373750e+14
1.087161099143598281e+14
-5.148633584649438281e+13
-2.799940630047362812e+14
6.237037221737452344e+13
4.129214758589125781e+13
-3.099951006025272500e+14
4.303535179961446875e+14
-1.211641159701753594e+14
-1.119459088657101875e+14
1.278871332430491094e+14
5.329439488584416016e+12
1.352790471882531406e+14
-3.884270292891067505e+11
1.364543082301015312e+14
4.516598970337650781e+13
-6.383713054445846094e+13
2.605565137346721484e+13
4.175421947942804688e+13
-3.951614385635345312e+13
8.124215999806317116e-06
7.145843645474511385e+08
-6.579065579745260477e+08
-2.695288800919810104e+10
-2.020991246049564362e+10
-1.605839808878889893e+12
-6.054716337764343750e+13
-1.955008509192696250e+14
2.180934154356092500e+14
1.036188293505256500e+15
1.004889560874924000e+15
-2.321609074312460547e+13
1.132769421808152812e+14
1.237590695217584688e+14
1.466317378345228711e+13
-1.858531566674642812e+14
2.346663432610261875e+14
-1.486518797445220625e+14
-8.483671939959025000e+13
1.979447985708545312e+13
3.495754095192790625e+14
2.888276836730919141e+13
5.794304447944808594e+13
6.300764158079577344e+13
-9.977742651340771875e+13
4.033435403686566250e+14
-1.251690701045725312e+14
-2.239187759823067812e+14
-1.669815752300862500e+14
-7.634402365582517188e+13
-8.386453958342070169e-06
-3.722195265409644842e+08
1.034396448710011005e+09
2.764773015109542465e+10
3.529234646183685780e+09
5.119156098541717773e+12
4.131379452587703906e+13
-8.450827314073029688e+13
-2.637840395531982812e+14
1.171508886081416750e+15
-4.598159833954122500e+14
-6.837009182484026250e+14
-5.814401713946476250e+14
-4.895587598626101875e+14
-2.334475368175371562e+14
6.493507209449379688e+13
-3.485836842952797500e+14
9.159046212627156250e+13
5.659151903062014062e+13
1.343903662601233125e+14
-6.109554704714331250e+14
1.453294497826201562e+14
1.226844377894976406e+14
4.529986755519651367e+12
2.619525781364801562e+14
-6.161275752771912500e+14
-2.048691106415877812e+14
-9.806780465910603125e+13
2.840011486191855078e+13
3.604295698888545625e+14
1.947366081566903517e-05
-6.518538583318821192e+08
-1.503540117393687069e+08
-8.625967892254035950e+09
-7.583093132353989601e+09
-4.720482531770198242e+12
4.414591876390142578e+12
-1.086605677167521406e+14
7.810692284822562500e+14
-4.943787537167841406e+13
-1.728053522640793750e+14
-2.025852783318735312e+14
-2.857621176629240625e+14
-2.611419895735842500e+14
-8.223039806993241250e+14
-9.678655925351483750e+14
1.862522936033867188e+13
8.750896092088802500e+14
1.861068708811808750e+14
-1.806565119553166250e+14
9.808458784549171875e+13
-6.121337857368063750e+14
2.476537021392926875e+14
2.344623460656245000e+14
-1.039710408354712109e+13
3.334944854867055625e+14
3.375361994723103750e+14
-1.672739529863830938e+14
1.823963866786146562e+14
-4.606678133782469375e+14
8.846476013167303451e-06
-5.033387449403510094e+08
-3.052731533841562867e+08
1.833792220376868439e+10
2.192891734910433960e+10
9.372721491112755859e+12
-1.659749900271405469e+13
-6.083835862426962500e+13
-1.341507443150865938e+14
-1.152963782393712969e+14
7.612180374709270000e+14
1.733239186058376562e+14
-1.263410627608814750e+15
1.090597993352567750e+15
-2.078741610386585625e+14
5.899352502245623750e+14
-4.652170513486469375e+14
1.007187741133465000e+14
9.313467154374910938e+13
-1.402950276242554531e+14
-3.570115279623385625e+14
-6.641268750360092500e+14
-2.226617808396922500e+14
-1.127637367674161094e+14
-1.431824259458623125e+14
-4.064747305840693750e+14
3.180961776081290625e+14
-3.105458298316716016e+13
1.770203042800973438e+14
-4.935101045714746875e+14
2.983256121763940978e-05
1.759893755845403194e+09
1.416897729949476957e+09
2.001958976840043259e+10
-6.162133776259145355e+10
1.526154342152051172e+13
4.610802304930188281e+13
1.019839409750767656e+14
1.159859042552431406e+14
-2.374476147083135000e+14
1.914505221490100000e+13
6.830701159115780000e+14
-6.730751600785471250e+14
-7.021990431118526250e+14
-4.489379330453578125e+13
-2.367496462759185312e+14
3.059892675760862500e+14
-4.315428160704028750e+14
1.183167709964151000e+15
1.264216364734031562e+14
2.445415643001030000e+14
-2.353039513400479375e+14
-2.076939571587831875e+14
5.171498573384734375e+14
3.428279540548446875e+14
-5.070006175606445625e+14
4.285444698422479492e+12
-5.553478672002601562e+13
-2.726337730515805078e+13
4.326004739497253125e+13
-1.206199228078817161e-05
-3.488287400409308076e+08
-8.583955338710523844e+08
7.249241485619971275e+09
2.641805901219998169e+10
1.164287777208419727e+13
2.318116620871379297e+13
-1.222020033929224219e+14
-9.915207371667423438e+13
-2.268769289141182500e+14
6.890455751338232500e+14
6.732117421322960156e+13
2.814527669408860938e+13
-1.700180515056702000e+15
-8.476292568671423750e+14
-5.730427901055717969e+13
5.495999995305814375e+14
-1.085788232034283125e+15
-5.525988704218165000e+14
-1.737007827110598828e+13
-9.301424688153865625e+13
-3.928689709843509375e+14
-7.202816489927641250e+14
-6.107746394353110000e+14
1.307736222818896250e+15
2.993522106403550781e+13
1.832759696781443750e+14
3.676810013945663750e+14
-6.843645292280070312e+13
-8.460682786501956250e+14
-5.902628235962391622e-05
-8.895974352142577171e+08
7.648835425431011617e+07
7.527895982952851295e+09
2.210043343397670746e+09
-1.896079463730073438e+13
-4.733210436424458984e+12
4.925154240809985156e+13
-2.591406932031806641e+12
1.163890704871849531e+14
-9.323870532495137500e+13
1.348035630036000500e+15
-1.177065213808220312e+14
3.423301293474813125e+14
5.299744571276196250e+14
-1.236979500480387500e+15
4.507001609324241406e+13
-1.468207114019783438e+14
-1.430108067120556250e+15
-8.169146662233275000e+14
-5.923927752229287500e+14
9.727952979751006250e+14
-2.612230384533581562e+14
8.754389904398385000e+14
3.363167450315281250e+14
2.084673276890152500e+14
7.288229456820400000e+14
2.420545338214363438e+14
1.070997451609355750e+15
5.120021390617989375e+14
3.595213133390066804e-05
4.094096195555976033e+08
1.666314126862410784e+09
-1.870020164432569122e+10
-2.487499776740323257e+10
-5.761011759518469727e+12
8.674262194467101562e+13
-6.400454958607537500e+13
-1.368557445237158281e+14
-2.382930859616742500e+14
3.598299241131416875e+14
-1.094140770007869531e+14
2.016611253788510625e+14
2.537349872071730938e+14
-4.409272116347151875e+14
-6.628156066182660000e+14
-2.307269245108000500e+15
-1.335238281260847750e+15
-1.769939482879417188e+14
-7.701620766940747500e+14
3.262085014700064375e+14
-4.524465257156983125e+14
7.096075467141800000e+13
1.030107670627769688e+14
1.535842772720219688e+14
3.258127707686245625e+14
6.648357133516792188e+13
-3.259510107120191250e+14
-8.349942295142985000e+14
9.016129804723602500e+14
-4.205982773544516613e-08
4.189741964192690849e+08
3.592691794277477264e+08
1.209909229801383591e+10
-7.986723100751310587e+08
-1.314468303232370703e+13
-1.860788313785168945e+12
7.837045549367246875e+13
2.894481351099097266e+13
1.089633361786157188e+14
-5.226854419451485938e+13
2.965521809248785625e+14
4.189289723220315000e+14
3.771042981231275625e+14
-1.393637572434846250e+15
1.936123170793105500e+15
1.145588746601717500e+15
1.102882304735118500e+15
-1.584035281593814688e+14
-1.529876864112762500e+15
-1.131706037446695750e+15
1.146849670662058250e+15
-1.967379178014814750e+15
-8.480172858916970312e+13
1.435287203242784500e+15
5.506613351958553125e+14
8.333307947974543750e+14
1.029973354752086406e+14
-1.074671509982607875e+15
-4.201977841834137500e+14
6.767472960178277399e-05
4.821611194929834604e+08
-8.967209764138922691e+08
1.413460920152913857e+10
3.379801200507192612e+10
1.913051245789943750e+13
5.827679675726412109e+12
1.485940964104057812e+14
3.517235004942974375e+14
1.727243376921503438e+14
-2.286597684606324688e+14
1.041438274624394375e+14
3.226632738464333750e+14
4.778724018860725625e+14
-3.254839427162506875e+14
-4.651518230563221875e+14
-1.480377611142264375e+14
-1.466367040457055312e+14
-1.767240759627783500e+15
-8.160452488604321250e+14
-1.404301559304264750e+15
-7.566081907403842500e+14
8.696328219655125000e+13
9.333710099906900000e+14
8.238584022147827500e+14
-1.058322647015047625e+15
-1.829456429997435312e+14
-8.712361932074405000e+14
-2.923930829341158984e+13
7.863098529596763750e+14
-2.755693316371475571e-05
8.037645225831551552e+08
-3.275337202443744540e+08
3.355469515262643337e+09
6.000023589607509613e+10
-1.678705266494462500e+13
6.773335274941589355e+11
-1.658208885487884062e+14
7.308557828339117188e+13
-1.518519916010614062e+14
2.924727340879371094e+12
-1.711345523197731562e+14
-3.044816762287465625e+14
-8.088995495216238750e+14
5.471020205754593750e+14
6.131254344314642500e+14
-1.706518201469059000e+15
2.711631904939839688e+14
-6.370624887290827344e+13
-7.659940838053807500e+14
-1.825299418368016750e+15
-2.565747483813938750e+14
-2.534175543571758125e+14
2.556508606895603438e+14
3.886286248857111250e+14
1.857982248404264750e+15
1.467090781573995250e+15
3.121266231648802000e+15
-8.590255381267523750e+14
-2.819544994095495625e+14
-1.369726984644065472e-07
-6.529269085436475277e+08
8.132108128465611935e+08
-1.956310256092177963e+10
-7.642697204137777328e+09
-8.649305197300075684e+11
-6.413694327023332031e+13
2.265466430318725391e+13
-1.514068860030912188e+14
1.257847737312746875e+14
-4.601704978843750000e+13
-4.059123372362392188e+13
-2.418879387047044688e+14
-5.179719460628941250e+14
-9.926183391915122500e+14
1.367316173109153125e+14
1.945960086273092500e+14
-4.775541946191006875e+14
-1.616933252914264000e+15
-1.273975576530661250e+15
2.122937308519500938e+14
4.570499583014451875e+14
1.290744760473241000e+15
-2.279144293064360500e+15
-1.165676044749206250e+15
-1.138743304043441750e+15
3.504591279746028000e+15
-3.363492469853970000e+15
6.705428100176952500e+14
6.459015281459857500e+14
4.192809841767223227e-08
-4.373857731536393762e+08
-3.544635197979435325e+08
-2.890388372707526088e+08
-6.201782973009116364e+10
-5.900398425640529297e+12
5.897261656409439844e+13
1.312049447492474023e+13
-5.510738277557457812e+13
-3.295635156037183750e+14
1.341083386810952188e+14
-6.751673406842632500e+14
-2.618083711212604062e+14
-9.834486199720790625e+13
1.579799844049552812e+14
4.614166920257755625e+14
9.398375799586945000e+14
-1.827350436169417000e+15
2.909519550585910625e+14
-4.580855224866959000e+15
3.813644041419143500e+15
2.202031886834199000e+15
1.097305490422833250e+15
3.444761364311882000e+15
1.063421301315285625e+15
-4.339660002341175000e+15
-1.608049252817923000e+15
1.156596373118064750e+15
-1.102660369144377125e+15
-2.089268464828135000e+15
1.466664021424000295e-07
2.852602546288020611e+08
-1.033225829123041391e+09
2.008994458545253372e+10
-3.046963916261116028e+10
-5.853766193147568359e+12
5.437599845341807031e+13
-1.886314613773750000e+14
2.773934089841099219e+13
2.053168914080132500e+14
2.911705911622206641e+13
1.232053410091264688e+14
1.760137097173875312e+14
1.038964470769420117e+13
3.136541414708676250e+14
6.177579995886492500e+14
-3.551983123412923125e+14
-1.753746181986277250e+15
-1.955224802755037500e+14
3.240700809367849000e+15
3.198306825812899375e+14
-1.021245287468618250e+15
-1.334331472901979750e+15
-1.898470451036253125e+14
1.491692904555526750e+15
9.251745206878313750e+14
2.611449744190359000e+15
-2.248585434335629250e+15
1.742085717033614000e+15
9.055783613487057500e+14
7.635648818996911727e-08
-1.556463759608331025e+08
-1.002531332296946526e+09
-6.009058256454125977e+10
-5.319681652949610901e+10
1.413155195422239062e+13
3.491055963957178906e+13
-1.353426544860308594e+14
-1.178842679737035000e+14
8.111586956734243750e+13
-2.822681025098079375e+14
3.141766287745280625e+14
-1.270782533355837188e+14
-2.233675292685035625e+14
7.284823033055575000e+13
6.148849245590253750e+14
-5.506300661831583125e+14
8.596986670694951250e+14
-1.225249884255652000e+15
1.897317164428084500e+15
4.678798415355017969e+13
-1.473209313861322750e+15
-6.713550188761257500e+14
-1.738291733693662000e+15
1.961753376188962000e+15
-4.936958802098478750e+14
-3.251990397239870000e+14
2.855524389203058500e+15
-9.027939084339752500e+14
-9.134455306086447500e+14
1.430380014232365495e-08
6.747590126336982250e+08
1.217743446209417582e+08
-7.689173520246300697e+09
7.314286303030569458e+10
4.033067020221747589e+10
5.382488125870837500e+13
-4.648539191903700781e+13
-8.974859898274559375e+13
-1.437407823096656875e+14
-1.796742556701479297e+13
2.757621401116194375e+14
4.217189038257080000e+14
-8.381776958673795312e+13
2.402333974804998438e+14
3.108173308325620000e+14
3.212572160757313750e+14
6.543600334860233750e+14
2.224034871898608125e+14
-2.605234442251509500e+15
2.861071187320992500e+15
6.196279090163223750e+14
1.140225231866685156e+14
-3.700801163744861000e+15
-6.107002564471338281e+13
-3.560617880628510500e+15
-1.921489350467569500e+15
-2.801930949627250500e+15
1.853006150958623250e+15
-9.509492169321208750e+14
-7.301476995983694860e-08
5.698098352079168558e+08
-7.030662383879717588e+08
-5.415072946629620552e+09
3.934488821816571045e+10
-4.665337705150882812e+12
-7.194400669882670898e+12
1.028806329309103320e+13
-7.533767711407107812e+13
8.847463654583870850e+11
-1.287436188351049219e+14
-2.012803375047723438e+14
-3.763751117635886250e+14
3.208943233753685625e+14
-1.982304027732745312e+14
-2.817610108814356875e+14
1.482638051674459250e+15
-3.078028264900784500e+15
-1.162083536991323594e+14
-1.203601113182426250e+15
-1.059829865316028125e+15
-2.093358159408237500e+14
5.750354708101485000e+15
-5.254392333594850000e+14
7.749422370892581250e+14
5.367671681854014375e+14
2.917395188986632500e+14
2.547412186896135000e+15
-2.588704863655239062e+13
1.353952586537336562e+14
-8.403950293227873700e-08
9.013542019181332588e+08
-4.816539679111179709e+08
-4.165060851454967499e+09
5.554316829061031342e+09
-9.351429791332619141e+12
7.666172328255161133e+12
-6.941562656981228125e+13
-1.336529880867192031e+14
-1.543105934592665312e+14
2.371865911961575000e+13
-1.555623274812573750e+14
-2.938376277725991875e+14
1.521366352115130625e+14
-5.632872769439326250e+14
1.623317022556175312e+14
4.388980868813017969e+13
9.629233400663775000e+14
-2.744560782859997000e+15
4.028693878117024000e+15
2.721109960939437500e+15
1.067197731058289875e+15
9.894762770270907500e+14
-1.078415573317919000e+15
-1.351414969903138250e+15
-2.821449938794966500e+15
7.649879793797801250e+14
3.520949826131162500e+15
3.418612178679590000e+15
-6.046045022582736250e+14
-5.449206773340911613e-08
4.419079430763038993e+08
-7.847274111420327425e+08
-5.547762519605233192e+09
-2.724042316759677604e+06
-4.042742613503263672e+12
-7.296273784803453125e+13
-2.451286279830220000e+14
-2.604121163480936562e+14
1.993895869322999609e+13
-1.263654026524515000e+14
-1.052339080776357188e+14
-2.934330246793643750e+14
7.523616650448104688e+13
5.866349036145168750e+14
-1.137841539241601750e+15
1.571730098630012109e+13
3.495560971984820625e+14
-1.351710177171871750e+15
-4.246064716613085938e+13
-1.316475313668995750e+15
1.974997585073333438e+14
-4.435974870834355000e+15
3.517715176471913500e+15
-2.460715303340925000e+13
-2.258178658945453000e+15
-2.000932286888089062e+14
-3.525771876199808000e+15
7.245292611685422500e+14
-1.204839076662579000e+15
9.408338562433515728e-09
-2.735648880915777087e+08
-1.293016593338359833e+09
2.458587016256195068e+10
-5.847954067709790802e+10
6.682871142410391602e+12
-5.615610503191585156e+13
-8.604278586868207812e+13
-1.533539312479718438e+14
-1.316765333002282031e+14
-2.689446238217364688e+14
2.411303717793648125e+14
5.343478848400055000e+14
2.882811676320124375e+14
-2.505487323718537500e+14
3.861737809850424219e+13
-1.364099689602532250e+15
9.630205497919493750e+13
5.791736244502143750e+14
-2.614661493665584500e+15
8.726899171236295000e+14
2.075610917321111000e+15
1.620047392666058000e+15
-2.651519471549168500e+15
2.019893205849544250e+15
1.638010661023737812e+14
2.883793355620511500e+15
-1.593701959077737500e+15
-3.773166175515718125e+14
-3.421936421399397500e+14
-1.213309398562906733e-08
-7.983134845549491048e+07
-7.379771201834688187e+08
-2.829480819909064293e+09
-2.615058209338173294e+10
-1.079410206345047070e+13
6.152084716576902344e+13
-2.508065087202933438e+14
-1.042415878171570938e+14
-5.895069390981689062e+13
-1.708427174719838750e+14
4.851724834191795000e+14
-3.242540768880444375e+14
6.118629505087658594e+13
7.186919634699004688e+13
2.489526352631872812e+14
6.691811331341957500e+14
1.766026504240531250e+15
1.279101679597278500e+15
-1.864448399753209000e+15
5.953168988305330000e+14
9.732493382693656250e+14
-2.821154600269651172e+13
-7.546011124812321250e+14
-4.209790594379958125e+14
3.858610800126476250e+14
-8.071729087432411250e+14
-6.826786088401568750e+14
-2.645485739341138500e+15
1.452361936838004250e+15
-5.773490537204993833e-01
3.577363872479230045e-01
-7.255628236081953508e-01
-5.996189754592220339e-02
-9.299424711077457217e-02
1.666148912699828800e-03
1.232843839017901664e-04
-2.281895098845323079e-04
-1.808390973360237677e-03
-3.266584354383057082e-05
-2.106348852329124888e-04
-2.822427164461058235e-04
-2.378952196040867717e-04
4.111640326237009369e-04
-3.989406625131731998e-04
-6.329577631123267656e-04
3.053800678657903056e-04
1.703529862434882691e-04
3.183508349838271023e-06
-5.768291436458738985e-05
4.230542711077048268e-04
-4.812224066153003577e-05
4.892767679887111143e-05
1.256890930060317046e-04
2.845327415790799286e-04
4.592095089842006261e-04
-2.535632150985067668e-05
7.504452366330349733e-06
1.343583545466986440e-04
-2.746179927760328265e-04
-4.322078137891158800e-01
-8.976997104154303670e+07
9.758917477440705895e+07
1.317408347223995924e+08
-1.191600563580538273e+09
-8.782491962494868040e+07
-4.054402932205092907e+07
-2.643286961103448272e+08
-1.313633244180808589e+07
-1.467764169044625759e+08
2.080728713143203855e+08
1.195801367715784311e+08
-3.093336657855191827e+08
-1.899054544634111822e+08
-1.295406419926435053e+08
4.947127831156804562e+08
6.219488168465901166e+07
1.192386212128810138e+08
1.629972427942838073e+08
6.928116740834644437e+07
1.236513642641633898e+08
1.633523004155560434e+08
4.224383000344514847e+08
4.374338550139042735e+08
2.148748590204698145e+08
2.194244976632209420e+08
2.088229822932714224e+08
-1.518065847786337733e+08
3.443131250996072888e+08
1.348440353123668134e+08
6.794194947352749647e-01
5.940813839159779251e+07
-3.080004501095579863e+08
3.405061604174073219e+09
4.047731329230093360e+08
-1.087614712110003233e+09
-2.030227951300124228e+08
-8.829908016455402970e+07
2.164028265640488565e+08
-1.089501466074120283e+09
1.052617480274906516e+09
-1.454951041807588339e+09
-4.946564999056518674e+08
-6.494203894905329943e+08
1.484187711471142292e+09
-5.142333761087129712e+08
1.814115175212973058e+08
-2.884462533606873751e+08
-3.746032101643776298e+08
-1.083572981601744145e+08
-8.683943246643015146e+08
-6.654411487653635740e+08
7.724093673497081995e+08
5.305045491335870624e+08
-3.089337473348777294e+08
-1.977138209302924275e+08
5.195288147321589640e+05
1.997243539892911315e+08
-1.675691435356608331e+08
-2.418985753715537488e+07
7.210894495832245732e-02
6.195072892872145176e+08
2.723647629417419434e+09
-3.435610784757083511e+10
8.690127901701269150e+08
-8.998232994379089355e+10
-3.912886900270195961e+09
1.844301991738536072e+10
3.182798289242532349e+10
-7.818680631897223473e+09
1.307469836570497513e+10
-2.962336431386047363e+10
1.855723102064556122e+10
-2.573864445643960476e+09
-1.008259950655856895e+10
1.146228591895255089e+10
-1.062294785818658447e+10
-2.368950362610884094e+10
1.627754604379802322e+10
-4.476975778788847923e+09
-2.127878891180313873e+10
2.533317379378992844e+10
3.810109074535212994e+09
1.952010885568389511e+10
-1.526187211787059212e+10
-2.150409976747465611e+09
-1.153180514727376938e+10
-6.960425452788846016e+09
3.051687907445097351e+10
-2.082564005622045898e+10
5.524674440569665723e-02
-2.228351129139885902e+09
7.864133766771848202e+08
-5.972370416618698120e+09
-2.468694762811734772e+10
3.463206041581863403e+11
-9.059558920178425598e+10
2.361496463128239441e+11
7.966421541669840088e+11
3.517462101372015381e+10
-5.312033801730521393e+10
-1.313475208147967377e+11
6.185144637766103745e+09
-5.373787860233387756e+10
2.760851892252427979e+11
3.275217906410032349e+11
1.652741358882565002e+11
-1.169905266513809509e+11
-1.202432402360106049e+11
-2.526670217054897461e+11
-1.259793157542790222e+11
-2.903897675725729980e+11
-1.586171144054326477e+11
1.890945905309008026e+10
-1.414246559549501343e+11
-6.742723347808599854e+10
-1.592924031309183960e+11
-3.275391784045001602e+10
1.565595407332714539e+11
1.623654280403890076e+11
8.406935590714965587e-03
3.159929955965715647e+07
1.407123681221742868e+09
6.930585585925148010e+10
2.333144931488490295e+10
-8.070891735908146973e+11
5.783048918099797363e+11
8.112330756555450439e+10
-1.194824914690800537e+12
-4.144392470652770386e+11
-1.515066317184622559e+12
-1.288181700541703613e+12
-1.311093887157790771e+12
1.680431508386483887e+12
-1.119031121996113434e+11
-4.640096225340560303e+11
1.050741363811057739e+12
5.172031807053754272e+11
-1.298046240792268311e+12
1.635273638299713379e+12
1.567508588162016113e+12
1.504508040911096924e+12
2.096658184968483398e+12
8.039107351836049805e+11
1.824597933956304688e+12
-1.383800188694003601e+11
1.892303092175106934e+12
-1.157034014253133301e+12
-6.354568907078056641e+11
-2.582702896634379883e+12
2.384400011890103546e-03
-4.346268209625083208e+08
-1.484937521202727854e+08
-1.290964316074363708e+10
1.327812468407685089e+11
-3.369854933227111816e+11
2.260852492752196350e+11
1.315480459058061523e+12
2.386552921761026367e+12
1.907025772489023743e+11
-7.687441362274515625e+12
-2.570085665921568359e+12
-9.300338477278986328e+12
3.284001499692571777e+12
1.000802692291396289e+13
-6.620405441163494141e+12
-2.279996170086456543e+12
-5.528237068372127686e+11
-2.428199702152003418e+12
5.191863445361980469e+12
8.187265209265226562e+12
4.462874099967317383e+12
-5.473790525160959961e+12
3.740109623500233459e+10
8.882168259952705078e+12
6.387628657359022461e+12
-9.402887439288119141e+12
-8.227616611119184570e+11
-1.439043460223222168e+12
-8.450290571195596680e+12
-1.780421384643537036e-07
-1.401578836332294047e+08
-1.932515610418015420e+08
-2.459057286196650267e+08
6.540510139724843025e+09
-1.020457032391394531e+12
-5.427663603355293750e+13
3.558200488148929688e+13
-6.403374818470219531e+13
1.537453412388117383e+13
-5.814720681450433594e+12
-1.943720148085660547e+13
1.848098624582457031e+13
-3.051135092328588281e+13
1.810354765558814844e+13
9.210744695640790625e+13
4.700239508672400781e+13
2.516530370973738672e+13
-4.920842826963949219e+13
6.937521608472217188e+13
4.268311774288185156e+13
4.037742516024397949e+12
-3.845261057298165039e+12
6.246855916603709375e+13
-4.959257796972034375e+13
3.449702257601528906e+13
6.796224381348279688e+13
-5.972952057529468750e+13
-8.923763169728206250e+13
-2.409012306477586328e+13
-5.160556974533586893e-06
-7.660725521317492425e+07
2.004012535231181085e+08
7.652832702832250595e+09
4.907396996430750847e+09
4.414765513789254883e+12
-3.015295515276916016e+13
1.810325365884197188e+14
4.361971914789875781e+13
-5.997248872072644531e+13
-6.169221802437838867e+12
4.939731196107438281e+13
-1.479349511223470312e+14
1.271448506818297812e+14
-1.543296270625845312e+14
-4.547055280537246094e+13
2.512380960198802188e+14
-5.820104075114073438e+13
-1.137717350797548633e+13
1.317220313851412969e+14
-9.709363302149873047e+12
1.131810076326094375e+14
3.209399727713441016e+13
-1.240831705271503750e+14
-8.798222161534262500e+13
-4.461544158694957812e+13
1.200233367269027734e+13
-1.605222372167213750e+14
-2.632144663758177812e+14
2.132534465767924609e+13
1.714877750346168871e-06
-4.137348691705202460e+08
4.721381925990853906e+08
1.914530987007124329e+10
1.399849408015087891e+10
4.641827514644689453e+12
2.434854216188450000e+13
-3.732158020365242969e+13
1.120799246947080625e+14
6.104770444613939062e+13
1.159254787880002539e+13
-7.639708954604043750e+13
-1.127831609749212305e+13
1.238445231195677812e+14
1.559335545720122812e+14
1.296651982140106641e+13
-9.272753549617385938e+13
-2.638052105068991016e+13
1.569107524679650195e+13
-3.121718448636489453e+13
5.126467561652856250e+13
-2.212616724691142969e+13
-2.426856738003631641e+13
7.211943665853381250e+13
2.637272675083928125e+14
-1.764925642158733594e+13
-2.383139379948532812e+13
1.495613824112978750e+14
1.384741526122888438e+14
-1.114713237726893594e+14
-1.433335979608794247e-05
3.891261858577308655e+08
-5.924661276426110268e+08
-1.841951813172069550e+10
-5.696207775259547234e+09
1.197783506288287109e+12
-8.317692904671289062e+13
7.027639185777126562e+13
2.853924364278646875e+13
7.523672549106796875e+13
-3.033947584055980078e+13
-6.092034827925579688e+13
-1.124675685236803281e+14
-5.910069245535294531e+13
-3.336352908710163281e+13
7.722082772330210938e+13
1.466844860207741250e+14
-1.188718551252056406e+14
-9.450243187600295312e+13
-3.883553213966946875e+13
1.539786242499992812e+14
1.141037857292298438e+14
1.023201298473388594e+14
1.148095399018810625e+14
1.560116305653961719e+13
-6.091326201218677344e+13
1.325284325496519062e+14
5.844454218906835938e+13
3.473598040226739062e+13
6.404638966271829688e+13
-5.939468296497327253e-05
3.157426473324062228e+08
4.893251159444788471e+06
7.786683963640233040e+09
1.449989413269307518e+10
6.221810403020458008e+12
-5.175847729994717969e+13
1.827451233334992812e+14
1.257962582588648438e+14
1.428520161462952148e+13
1.544895184755955664e+13
-5.940684773358636719e+13
-9.647181575597709375e+13
2.031649526906875938e+14
-2.481429617618071875e+14
6.239763590426852344e+13
3.184208795475851875e+14
-1.633643123435183125e+14
-1.652006916825726758e+13
-1.275294663377764219e+14
-7.423711977136371875e+13
8.013088295544714062e+13
2.489006545964977500e+14
1.468018283047088438e+14
8.472625712177365625e+13
-1.649356539634072500e+14
2.971020062642704688e+13
6.425178559504237500e+13
-3.649227251578888281e+13
6.325470273710239062e+13
-9.652179775931962931e-06
3.541822114044482708e+08
3.726257244332511425e+08
-1.014920698004784393e+10
-1.170110303189113426e+10
-2.374449135569622070e+12
-1.160592060212836328e+13
6.434428544221089062e+13
-1.154572756215332617e+13
-1.240342703851484180e+13
3.439326449563773438e+13
4.443725283664607812e+13
-6.159229127924971875e+13
9.359235044783507812e+13
-3.411980244496948438e+13
-4.039074100735982812e+13
1.085453552759060156e+14
-3.941342900229388281e+13
1.172254993423149414e+12
3.247067387298716797e+13
-3.733366332239332031e+13
-2.559953227020284375e+13
-1.360835931525433594e+13
2.060678050222317969e+13
1.414185727368145508e+13
-2.495730886038317578e+13
-3.501642619155850391e+13
-1.208509926593509062e+14
-1.315861364245955469e+14
-5.739018447520318750e+13
-4.874851826896377764e-05
-1.048046460578719497e+09
-8.838150087121961117e+08
-1.339129569029253960e+10
3.475740862962375641e+10
1.594393636569901855e+12
1.935575843151877344e+13
-1.328740783177096484e+13
9.382727639709410938e+13
5.220713073600882812e+13
-1.968271977906421875e+13
2.468358351571579688e+13
-7.661587209194281250e+13
1.090847037873842500e+14
8.284197881707981250e+13
-8.827907602338906250e+13
2.695988604844672656e+13
-4.483622303635850781e+13
2.369928172821835312e+14
-1.106551386266717031e+14
-9.697974906459503125e+13
8.616912362786343750e+13
3.572901821145784375e+13
-4.898235844402808594e+13
3.142764678134536250e+14
9.004997442870609375e+13
-7.561867158091037500e+13
2.839080890691712891e+13
1.337846105845259688e+14
1.222466076070328750e+14
4.338392107307368880e-05
3.723009634874237776e+08
6.419307677357209921e+08
-1.678384986128277540e+09
-1.199567679647460938e+10
-9.119449036249160156e+12
-7.364638285832004688e+13
6.015121469318066406e+13
-9.487984771993520312e+13
-3.874968246325842969e+13
3.029344292270687109e+13
-4.437799664877170312e+13
6.204909551414832812e+13
-2.170083711488002500e+14
-1.721067429771918125e+14
1.203490394269783906e+14
-1.794449627648591406e+13
-1.006033939252907812e+14
-2.958682547162536250e+14
9.236253022268132812e+13
1.131709048774958125e+14
-1.211342728284138594e+14
5.993875903318109375e+12
2.465769359394415625e+14
-4.061701118268388750e+14
-1.220083662205273125e+14
1.007547119747940312e+14
2.767729494590151172e+13
-1.490015036086559180e+13
-3.098699790951258594e+13
6.689030612800831018e-05
6.837692681962770224e+08
-1.185490920168475360e+08
-5.731350585088596344e+09
7.784701083208652496e+09
-1.548357577110287109e+12
4.019873808490874219e+13
-1.486344691282484062e+14
-1.928620212793730859e+13
2.220113753577562891e+13
6.021790496944596875e+13
8.963538515964500000e+13
7.772147611027659375e+13
-1.050202957965157500e+14
-1.183537602687728594e+14
-6.856581700253546875e+13
9.691135675488939062e+13
-2.091049506021635156e+13
-1.079451792531728906e+14
-3.443808597566236250e+14
-2.564513354243751562e+14
-1.008040677872724375e+14
3.280890126652424375e+14
-2.610811138411274688e+14
-6.319487114214452344e+13
-2.108830429272710312e+14
-6.224420880513615625e+13
1.795202261731880000e+14
3.070310602682281250e+14
1.063358702312501719e+14
-2.578210397271301586e-05
1.736431299889790714e+08
-9.921581548607184887e+08
1.013047926727725220e+10
1.683733172461135387e+09
1.043293711724748438e+13
-7.394347907655268750e+13
3.871419639695102344e+13
-1.132433861981739688e+14
-7.182626805384070312e+13
5.345733676969272656e+13
-1.055242098653777656e+14
1.097849642973393125e+14
-2.116450624505830625e+14
-3.827011588256488750e+14
2.437898924760641250e+14
1.370941273047510625e+14
-1.129233265944655078e+13
-4.914505795114628750e+14
5.217002731829866406e+13
1.384677070816722344e+14
-2.371357233333925391e+13
1.061223648794013750e+14
1.305680702405311094e+14
-6.390745156380896250e+14
-3.654640150529421250e+14
4.772902671836535625e+14
2.828040279151662891e+13
-2.815743229531169375e+14
-7.071480556944768750e+13
2.778671305411085268e-07
-1.242045691799997538e+08
-5.693501370363285542e+08
-6.548185054395355225e+09
2.524813602005070686e+09
2.213850386369212402e+12
1.368892906403463281e+13
-8.039495493372815625e+13
6.822387841159532812e+13
-5.407159585511155469e+13
-9.583174804653742188e+13
3.423828877968507031e+13
-4.792956709627115625e+13
-1.271431327782670469e+14
-1.136113533430973594e+14
-1.506987285037571562e+14
-9.213118956248406250e+13
1.219239058694200469e+14
-8.122264860494629688e+13
-4.889600955400854688e+13
-1.637916638096417773e+13
1.654836593108399062e+14
-1.452945355537289375e+14
-3.260893506662139375e+14
-2.940689934406433750e+14
3.216860248827065234e+13
-2.064456911264413750e+14
2.965404939645408125e+14
-6.952112549773897656e+13
1.405698957492123281e+14
-5.714377100470236843e-05
-3.326306802620780468e+08
3.099015100630270243e+08
-1.066768926366592288e+09
-9.193880530418043137e+09
1.282695520137642773e+13
-2.205987061484132812e+12
2.471779196309319922e+13
-2.049152762200590312e+14
-6.298141384431773438e+13
7.916042284282714062e+13
-8.778341296303509375e+13
2.240045962230046875e+14
-2.247064748503101250e+14
7.830089397657945312e+13
3.857888034954097500e+14
-1.405568976830957031e+13
9.563099254981668750e+13
-4.923061105123516250e+14
3.906551888824040000e+14
3.594565274747528125e+14
-1.601758081817054375e+14
1.699431893714644688e+14
-5.750190429669865625e+13
-3.855379568866229375e+14
-2.769184118813436562e+14
5.132355274436761250e+14
-1.884343838560755000e+14
-9.224274953221582812e+13
-3.265267727939912500e+14
3.054148550813338915e-05
-1.664634958274079263e+08
-9.761408569233454764e+07
-3.450997517764249325e+09
-4.695126892900682831e+10
1.027546267556922363e+12
2.574357052139236328e+13
7.742861678803590820e+12
2.381951571434093750e+13
4.791759896412803125e+13
1.342489754301837031e+14
1.414021073260661250e+14
6.725715714451258594e+13
2.075965053981781250e+14
-6.097979916504296094e+13
-9.118835673410207812e+13
-8.632423586072190625e+13
-2.655399470919495625e+14
6.424448301370203750e+14
-1.782448854212017500e+14
-2.135179390389902188e+14
2.719408694428780000e+14
9.197333235670446875e+13
-2.226766610574574062e+14
6.494936121676370000e+14
-2.393104862242208594e+13
2.237603151569323438e+13
8.471111478782034375e+13
1.762148113388552500e+14
4.144465165471823125e+14
-8.045717697783837547e-06
-7.707051973359240592e+07
-4.728347285626493096e+08
-2.036231826591217518e+08
9.611172539629020691e+09
1.035158565165719482e+12
8.778872921879543750e+13
-6.714318321804833594e+13
-6.764887330013507031e+13
-7.706353564107071875e+13
-9.685776786771353125e+13
1.804945442586924688e+14
-9.092761659347167188e+13
7.183828213858201562e+13
2.009383576878416250e+14
-2.051785127635203125e+14
2.687709481271258438e+14
4.084651275483171875e+14
1.961129349022865000e+14
2.987701971314970312e+13
-4.535577979740343750e+14
-2.219617176370768438e+14
-1.135618133354005469e+14
-1.402788277345311562e+14
-1.130784230027265625e+14
4.135170139025007500e+14
-1.741766260978034062e+14
-6.944297503599196250e+14
-2.924457794060156250e+14
-7.171518237499015625e+13
-1.621891016198365911e-05
3.740108272855740786e+07
8.440410478778475523e+07
7.795938497853264809e+09
4.862634117032849884e+10
5.541160844039475586e+12
2.001180067912092188e+13
-5.799018928540698438e+13
4.359806822904677734e+12
1.140334521715950391e+13
1.065903387127965312e+14
-1.786191764404729688e+13
2.236241761172537812e+14
9.126243241741850000e+13
1.092295043444377344e+14
1.432291769112599688e+14
-7.379941065815600000e+13
3.371014791493689941e+12
-1.329674415315657188e+14
-2.680161673096707031e+13
-1.785713389090954062e+14
-1.534661189851693438e+14
1.600278322712071875e+14
-1.638946932390381250e+14
1.526385972447993750e+14
-1.794882370721840000e+14
1.045871026293570117e+13
1.556620032781015312e+14
2.194034772236000312e+14
-1.437435348072706875e+14
8.031803981308938172e-06
-2.502910817973094583e+08
1.119595835967834234e+09
-1.199983690010662460e+10
3.713488033268840790e+10
5.193297157150033203e+12
-2.113115821447450928e+12
1.074533286610552500e+14
-1.141950785223342812e+14
-1.036678335027657500e+14
-8.935562999491678125e+13
2.441834732155208125e+14
-1.218115807142748125e+14
-6.745522547219648438e+13
-2.629349771675031875e+14
-1.153527384889440312e+14
8.365967787044911250e+14
3.442194340470308125e+14
-1.302785937960168594e+14
-1.290089011263662500e+14
-8.590348563792311250e+14
-4.135024876045553125e+14
3.819869609068841250e+14
9.523986057587539062e+13
-6.468481912031965000e+14
2.681299604456924688e+14
-2.242330421426607188e+14
-6.676628319214308750e+14
-1.226542092160771406e+14
1.723477384934171562e+14
-7.151115274705971630e-06
8.795204031145147979e+07
-8.875956150958200917e+06
2.795566788002485275e+10
1.987531912439624786e+10
-3.615091556176729492e+12
-6.114754454976719727e+12
-5.343386240722399219e+13
-8.930998846398120312e+13
-1.520323050471050000e+13
-6.745732283307641602e+12
8.814822628070410938e+13
-4.850700576986995312e+13
-1.927699177106116797e+13
-2.920178975868468750e+14
-6.112101679602622656e+13
1.955259648367100000e+14
1.008553967648929375e+14
1.171956222619157969e+14
-1.873482783171400312e+14
7.608249272083925000e+13
4.543309279603696250e+14
1.462690426468866250e+14
-6.334581466333715000e+14
-1.048051195256756562e+14
-1.746159347046585000e+14
2.086728179438320625e+14
9.730434275186850000e+13
-3.941441109897056875e+14
2.351925301832668125e+14
1.070651426327904957e-05
-7.244239286066930294e+08
3.070688707128977776e+08
4.480249190666521072e+09
-2.159535042974510193e+10
-5.529325639820270508e+12
-1.148956470324492188e+14
2.187740196122332188e+14
-8.247409161809450000e+13
6.981117854365455469e+13
9.337561216031609375e+13
-2.579449625952910938e+14
-6.448553075911779688e+13
7.368325484455989062e+13
-8.056867709676839062e+13
4.968522931909175625e+14
5.784356968754123750e+14
-1.185437928528279531e+14
-6.179216802073016250e+14
7.712518620648221875e+13
4.124233141633972500e+14
-9.953321475855632812e+13
4.533471909727515000e+14
4.276186664871074375e+14
-1.321546446445855938e+14
-5.091791420328152500e+14
8.210569961882371250e+14
-3.897347223208770625e+14
-3.433100427231034375e+14
-5.174632223113109375e+14
-9.306300374518954250e-06
-5.398320648162648678e+08
-5.270641510061568022e+08
-6.315540399321843147e+09
-3.274928627600597382e+10
-2.028066471969929443e+12
-2.296747461801991797e+13
-6.442504691852402344e+13
1.487796346494425000e+14
-2.409408112041841016e+13
-2.206296913115907188e+14
4.183479946407803125e+13
-3.060875309136503125e+14
6.325024838985072656e+13
5.776920241562509375e+13
-2.625688216802789062e+14
7.204603818918964062e+13
3.587261011457633125e+14
2.452032107943857500e+14
6.475762655389917188e+13
1.078429055906821250e+14
6.039771957413020000e+14
-4.812804423623474375e+14
-7.100634787468027500e+14
-1.107169739451987812e+14
3.122737634865838125e+14
-4.268788486522584375e+13
-2.013769617701992188e+13
-7.428690702211683750e+14
1.775438137158996250e+14
-2.545130428343903256e-06
-1.492975894791650176e+08
4.632539205394810438e+08
1.027454694797994232e+10
-5.808919844102537155e+09
6.032804466079416992e+12
6.658104738811245312e+13
-3.771828707494179688e+13
4.140585370252085156e+13
-2.676777251302187109e+13
2.516761560788579688e+14
-9.789723126431526562e+13
3.261746299164962500e+14
-7.748408083264446875e+13
-1.223380800475480000e+14
1.173926839342113281e+14
-4.015103646818307500e+14
-5.694439423610070000e+14
-2.800862034640717812e+14
-2.146508934041147500e+14
1.333978433620573828e+13
-5.459819396208510000e+14
3.943810216666701250e+14
3.940318329240143750e+14
1.470303186654975312e+14
-5.380590549248176875e+14
5.143300187079433594e+13
2.504185550196055312e+14
8.756342019326198750e+14
-2.103659950302226875e+14
-6.837407294335691389e-06
-5.401338156890397072e+08
-2.739105957877312899e+08
9.971167063476258516e+08
8.841311107730685472e+08
1.449869643771121094e+12
2.389543479412457812e+13
2.415841722764241406e+13
9.745145173674670312e+13
-1.083653719056987031e+14
-4.697457867707616406e+13
-7.971336069475798438e+13
-2.590788073153204688e+13
1.447016910716687305e+13
-1.092507914186976250e+14
-7.540142661667862500e+13
-1.883088885955007188e+14
-3.042678546550394141e+13
-1.009663253033232188e+14
4.496425068524446875e+13
2.367181360946617500e+14
6.717189413713567969e+13
-2.160630531459350625e+14
-1.073268864286940469e+14
-1.941029114251497812e+14
-8.876910557203421875e+13
-4.532068352398159375e+13
4.720371814931129883e+12
-2.461439954841413438e+14
-1.556146030278503750e+14
-6.666850397836953278e-06
2.511845487322058380e+08
7.623381606037050486e+08
-8.273179515953212738e+09
1.258656569463603401e+10
-4.573981035933854492e+12
-2.882255610595878516e+13
8.479807459387179688e+13
2.119917491460849062e+14
4.166038854180817969e+13
1.181561995981002656e+14
-1.992935964706636562e+14
-6.614337999878629688e+13
1.432661412979521250e+14
1.353462400912549531e+14
7.026748693137004688e+13
-4.067814011384011250e+14
-4.790298838398242500e+14
-1.515063282752465000e+14
2.254776715747150312e+14
5.157232428662665000e+14
1.255172187822942656e+14
-2.264950441491422812e+14
1.768924537902123125e+14
3.943849725920511250e+14
-3.449897940831381875e+14
2.597995869711724375e+14
3.699264614395563750e+14
1.246546361634260781e+14
-2.627197429702102188e+14
6.034979429762617696e-07
3.722150492975155264e+07
4.098505760703750253e+08
5.727918044768555462e+07
-7.255971752094653130e+09
8.961892599696320312e+12
-1.083468715652167188e+14
1.851770018969259688e+14
-1.624329748399657500e+14
4.532100651848041992e+12
-1.868109650051145938e+14
-9.787101347701214062e+13
-2.578911903125173750e+14
-1.441600777604583750e+14
8.810223781428515625e+13
2.917443655144085625e+14
4.221702922072860625e+14
4.183995423313668750e+14
-2.554718857860938438e+14
6.237489102905155000e+14
6.842438519860595000e+14
5.078033708440765000e+14
-2.036348244811222812e+14
-2.065363998062017500e+14
-4.761780375764893750e+14
1.415607732680325625e+14
6.638971688609956250e+14
-4.501584906454439375e+14
-9.395774475186105000e+14
-1.056418305965976094e+14
-5.773439287016495225e-01
-8.121977381706094734e-01
4.970329465148330683e-02
8.533117323151385644e-03
6.653095594994666573e-02
-5.863147255985793303e-03
-1.057480445367166722e-04
2.425268817739491473e-04
1.792334613744403201e-03
-1.341862635898319334e-05
1.964076866610778294e-04
1.652656698969412474e-04
2.023398514535701409e-04
-3.502345558015762528e-04
3.680861089598308489e-04
6.240107151502805038e-04
-2.571976833996292289e-04
-1.870240588273675009e-04
-3.556405318280719818e-05
9.147339524410991185e-05
-3.930751107784347109e-04
4.562868687095662790e-05
-2.861343047533271289e-05
-1.063249375890355786e-04
-2.110201624164753653e-04
-4.672616747451868724e-04
3.446187089014424165e-05
-3.361865019525789311e-05
-1.378537191854267707e-04
2.638289559536016737e-04
-3.765588501927080167e-01
-8.997824270736747980e+07
9.728409688076823950e+07
1.338697754141433090e+08
-1.193673275724005222e+09
-6.180842369723004848e+07
-3.069595669680997729e+07
-3.701812253538112044e+08
-7.524389496146650612e+07
-1.515656973891924322e+08
1.541924603377266526e+08
2.976343150409569740e+08
-2.357561458079351187e+08
-2.752562906975955963e+08
6.659113825389509089e+06
-8.744531040204773890e+05
-2.012433770441969931e+08
2.030863480709960461e+08
-2.884047720302797556e+08
-1.093196969530143738e+08
-1.133273242100191265e+08
2.057534326517458260e+08
-1.303343745145942867e+08
-1.805355963103385270e+08
-2.510300534321292043e+08
9.093235944534529746e+07
-6.800248948208885193e+08
3.060324618072554003e+06
-2.783977483656919375e+07
5.374454881924116053e+06
-7.145438840175877271e-01
5.964767858055675030e+07
-3.082222099372153282e+08
3.405265034321255207e+09
4.082074562145950794e+08
-1.102014512836912155e+09
1.325937536507174559e+07
-8.855127023400454223e+07
3.701974399656821489e+08
-7.794165674283875227e+08
9.820392786964331865e+08
-1.084366502408198357e+09
-4.913247904558587074e+08
-2.274053028410914540e+08
6.822805648465423584e+08
-4.470004442250320315e+08
3.223740389582198262e+08
6.698989931964821815e+08
3.454551663651717305e+08
1.242567521611988731e+07
4.515534298123884201e+07
1.205712100718704224e+09
-8.285852274612360001e+08
-6.084506471121178865e+08
2.433695653706641197e+08
-4.443197326595537663e+08
7.644581913605268002e+08
-1.834695523171801269e+08
-8.063623414194253683e+08
9.560913632971459627e+08
-6.274341100979761998e-02
6.186872237502923012e+08
2.725416521077371597e+09
-3.436189692929148865e+10
8.394103919424775839e+08
-9.018731366278471375e+10
-2.512883161338892937e+09
9.646824175286685944e+09
3.048520442555054474e+10
-5.593774560945468903e+09
1.216726863537457848e+10
-1.684663874362034225e+10
1.148024410459468651e+10
-5.028867861758280993e+08
-5.307800732271967888e+09
4.389985374584413528e+09
-8.875233194802238464e+09
-3.592662916689469814e+09
5.232056741583266258e+09
8.941292633265054703e+09
-2.797071246147688675e+10
3.534009411952163696e+10
-1.667736446249335289e+10
-2.380744036325167847e+10
-1.342355355497721863e+10
3.395659858229218483e+09
-5.272743839019722939e+09
-2.162882444056052566e+08
2.263447019959768677e+10
-2.110086742477501297e+10
-2.034247760003962679e-02
-2.232756450747684479e+09
7.844583062425566912e+08
-5.951395872837083817e+09
-2.472477560502947235e+10
3.474060074216379395e+11
-5.229499438993133545e+10
2.336648346739129639e+11
7.888119107188569336e+11
-4.889300319497393608e+09
-4.361938730939219666e+10
-1.292880935462411194e+11
-3.071774923331181717e+10
-1.045241713361323547e+11
2.516690165849497681e+11
3.946078112547955322e+11
5.994101852210436249e+10
-9.342044560357986450e+10
-8.280300920186093330e+09
-6.807003184104551697e+10
1.306272791291525116e+11
-1.416915841322623291e+11
-1.788238025919704590e+11
-7.729066768627420425e+09
-5.718417904990245056e+10
-1.021348385516545868e+11
1.156520249747205353e+11
5.511056865379087830e+10
2.305952275433729553e+11
2.187481105162860718e+11
2.031103840238430731e-03
3.938593879259884357e+07
1.411943616377794266e+09
6.929949527620198059e+10
2.340496248825230026e+10
-8.107385505524464111e+11
4.781947698835151978e+11
9.425386625229080200e+10
-1.255704684036993408e+12
-8.703075714544215088e+11
-1.664576200049812744e+12
-1.941210431292142578e+12
-3.892337282087404175e+11
1.925855360766669434e+12
-7.268942554734128418e+11
-2.473843039084135742e+11
9.095631320554869385e+11
1.754255480148003845e+11
-2.010344950177369385e+12
8.130843824503797913e+10
-2.841191707872538452e+11
-6.053590688676892090e+10
2.450587462319032715e+12
2.261734296648533691e+12
9.846093636788151855e+11
1.184578507390026703e+11
2.123268792970335693e+11
-1.095054173134528320e+12
-1.280707579287575684e+12
-3.603444600091763672e+12
-4.943707926953001645e-03
-4.075924708185742497e+08
-9.951695988665191829e+07
-1.320741628467002296e+10
1.328833751866540680e+11
-3.545541264720385132e+11
-2.110489704497003174e+11
1.190463063164466797e+12
2.173981356628809814e+12
2.507307633156135254e+11
-8.258837782386598633e+12
-3.407975324252843262e+12
-8.398218885109785156e+12
2.678141503805414062e+12
7.212050285481305664e+12
-6.027497908094175781e+12
-2.054484275511890381e+12
-7.969152666682048340e+11
-1.991778208851910156e+12
4.178142426300419434e+12
6.419610723094267578e+12
3.251453157937553711e+12
-6.585301139971268555e+12
4.580620886510411133e+12
6.472926082992850586e+12
7.752704215548323242e+12
-9.719853218422726562e+12
-2.028805859944455078e+12
-2.211192820208144531e+12
-6.735767247831244141e+12
1.397196431289536755e-05
-1.090175031301278025e+08
-1.032469246512500048e+08
1.421135982189589977e+09
4.106162543804347515e+09
-1.087692197327849854e+12
-2.100892417808551562e+14
7.399550466428435938e+13
-8.656374875535635938e+13
4.677603667822135156e+13
-5.669659790682921875e+13
-6.965019672229260156e+13
4.057947396558093750e+13
-8.475061819069770508e+12
1.262753897151512969e+14
1.947110754549502188e+14
1.145634943240647812e+14
3.643776933566014160e+12
-1.097040722173830469e+14
-1.367582033733684570e+12
-1.094224212434160938e+14
-9.994497671233859375e+13
8.756409978214095312e+13
1.755999088666563438e+14
4.407023908334000781e+13
1.651773085591624375e+14
-4.340817506177635156e+13
-4.293484598928013281e+13
-8.094918090713028125e+13
-1.174983374959331719e+14
1.361004142211125846e-05
1.327208230204480737e+08
3.010106396013354659e+08
7.087602641889921188e+09
3.241337450618977547e+09
3.121895021239076660e+12
-3.699243634229503125e+13
4.411644780077298125e+14
-2.529502997597495312e+13
-9.340149865447025000e+13
9.153619609634814062e+13
2.317426225171763438e+14
-2.730060587715383750e+14
1.269558683610908594e+14
-1.680892417279529062e+14
-1.780899473752665625e+14
2.095577575071560625e+14
-3.390852973066353125e+14
7.683320147107376562e+13
3.321817633633153750e+14
-1.439727622895852812e+14
1.274657292748167344e+14
4.570946555072207031e+12
-5.080514786778372656e+13
-1.533484465065711133e+13
1.867258607745327881e+12
-1.301717825673351406e+14
-1.528033128909235000e+14
-3.629674654557755469e+13
1.846918465897372500e+14
-9.590927435038864877e-06
-2.993720785565068722e+08
1.994124287933813334e+08
8.408730174225872993e+09
8.521347836131242752e+09
2.836832980476993164e+12
4.247059880250981250e+13
-1.469256579619401562e+14
1.964194679730810000e+14
2.361814160420514688e+14
1.635861544343159062e+14
-1.166881533709656406e+14
-6.507442543094740625e+13
2.388956580529997812e+14
1.417703634829734062e+14
-1.245609458077672070e+13
-1.487934827797044375e+14
1.054593126821009219e+14
3.038165617101194531e+13
-3.353601262988223828e+13
2.957131800845798125e+14
1.570530218365138438e+14
-1.703558526001039375e+14
4.844776920426256836e+12
2.440075673263393125e+14
-1.447591576071155312e+14
2.136693952806268125e+14
4.836452953496912500e+14
9.762011620967034375e+13
-6.617952852217187500e+13
2.262927468622056673e-05
-3.813997169776469003e+06
-4.267416546227722168e+08
-8.425276939169801712e+09
9.648490259120126963e+08
3.567441044283270020e+12
-2.314010405434169062e+14
3.915589847698901855e+12
8.528045647967274414e+12
2.877757897868585000e+14
-1.098572554067368750e+14
-1.433932309896591797e+12
-4.480003904013923750e+14
-1.805101124166809688e+14
1.185697815979094688e+14
-3.885255777297285938e+13
3.223440898879401250e+14
4.238424150700554688e+13
-3.778372653152511875e+14
1.100262144018275781e+14
1.618922222263674062e+14
2.918610996256222500e+14
-1.124298324309626094e+14
-8.201229472529723438e+13
-1.656649933740094375e+14
1.141435599920922344e+14
3.809615165579601875e+14
1.266592425352864531e+14
7.930741529266985938e+13
1.802523196407255938e+14
4.019066690039607877e-05
3.512761769870799184e+08
1.520950005642559230e+08
1.363463119075583458e+09
-8.308370970161965370e+09
5.409846826361574219e+12
-1.231611763879718438e+14
2.064569494263023750e+14
3.035054177157198125e+14
2.951348154630000781e+13
-7.172411924221853125e+13
-1.234051807002840088e+12
-3.433950195422930000e+14
3.594188175030831250e+14
-5.230442330660727500e+14
-2.321505898568034062e+14
4.056865188666541250e+14
8.550976412566221875e+13
-1.597069051415727148e+13
-2.502139270587750000e+14
-2.206707228331427812e+14
2.837622140936115000e+14
6.169753567529031250e+13
-1.028369291236480156e+14
-1.939375369870670312e+14
3.601572843957314844e+13
-4.131715354773429375e+14
6.801494690524570000e+14
-2.894523513499592500e+14
2.710162507917603125e+14
7.709202919697205021e-07
1.520047057245848477e+08
-6.845636657254895568e+07
-8.244169413630988121e+09
-1.029807709228534317e+10
-2.918738930426717285e+12
-2.672849649956851562e+13
4.187715309539996094e+13
-2.265815302688424219e+13
3.320041619435722266e+13
2.695402553574938750e+14
1.346494796599357031e+14
-9.737496587768473438e+13
4.150361015088226250e+14
1.717569869480980664e+13
-1.400868989551180312e+14
-5.801440409885068750e+13
-2.600025263458369688e+14
-1.292629789282186406e+14
1.648812796118660000e+14
-1.390170307480958281e+14
-2.056627484169638750e+14
-1.336350353952296562e+14
-6.460471863024174219e+13
2.687110556938619062e+14
-1.940293857263683438e+14
-2.790023443736764375e+14
2.447325221332821562e+14
-1.486716519445998750e+14
-3.177414259473909375e+14
1.912265213814418334e-05
-6.886745635570536852e+08
-4.942313815928236842e+08
-4.726357371685320854e+09
2.859625980208363342e+10
5.007225815714090820e+12
3.408506059905254297e+13
-1.275231814341034570e+13
1.363389193583055156e+14
7.372078819616190625e+13
1.916496485972073438e+13
9.428382747681204688e+13
-1.604348321799363750e+14
8.767072036003094727e+12
1.608902769324868125e+14
-1.535099523137301953e+13
2.718694282410105938e+14
1.481272901708692627e+12
2.349313499884180938e+14
-1.240680796284262695e+13
-2.359553473650504688e+14
6.622776995043233594e+13
2.843732336831398125e+14
-1.931958958966613438e+14
2.813854556872595625e+14
1.064454735875272812e+14
2.865448403295421250e+14
-3.649327933664006250e+13
3.773836273490213750e+14
2.555368003272277500e+14
-3.134842245444093478e-05
-3.842304155748249590e+07
2.070066668259313405e+08
-6.148151881899976730e+09
-1.260448434330144119e+10
-1.008510864923918945e+13
-1.653621248821822500e+14
1.397418314320089375e+14
-1.017188960867173125e+14
-1.002071255035806094e+14
4.051955566118460938e+13
-5.410972413024200781e+13
-1.290179764765383984e+13
-5.919268129129467500e+14
-5.318549412396235625e+14
3.618519688155200781e+13
-1.911667665013144375e+14
-3.198419688241841250e+14
-3.133370429296686875e+14
8.555318384588867188e+13
2.953203794883437500e+14
-1.431362745660855938e+14
-2.793330924376305938e+14
7.669188037184698750e+14
-1.035821356410412375e+15
-8.177148690324979688e+13
9.269815042139681641e+12
1.993768112127938125e+14
-9.093512958759037500e+13
2.259054128223695625e+14
-7.845314750115561992e-06
1.843608363441796601e+08
2.024196530075532570e+07
-2.837588702560709000e+09
-1.141887553122938156e+10
-2.948438548997419922e+12
-1.028444412094464531e+14
-2.933341805499173750e+14
1.024201720632701562e+14
2.487634235433562012e+11
-6.273971136068138281e+13
3.387357632308200000e+14
-3.366114770213968750e+14
-2.884753440189011250e+14
4.627187970449301250e+14
-4.804727361000556250e+14
4.152504531938818750e+14
-7.930391076810725586e+12
-9.724650435518122500e+14
-4.020687495646853750e+14
-4.813654255968894375e+14
-4.898308038451273125e+14
1.706859232968419062e+14
-1.210509244255818000e+15
-3.579929048599770000e+14
-2.165062591588891250e+14
-6.258992483212640000e+14
-2.843858320966303125e+14
6.384612606121791406e+13
-5.426837355378715000e+14
-1.026756354218375009e-05
-5.717792872254092693e+08
-6.567652016934601068e+08
9.325157090175891876e+09
2.503411450878967285e+10
1.060488315098611328e+13
-1.699184714440047188e+14
-9.379153050010606250e+13
-1.833339697053396562e+14
-1.562496800564688750e+14
1.581010825043619062e+14
-1.415817009080958750e+14
9.563507073478318750e+13
-2.485845725740763750e+14
-7.879797722552398750e+14
1.508480418901636914e+13
-3.563961883726387500e+14
-2.669252560862078438e+14
-8.134892438920950000e+14
3.279671405785426758e+12
1.483379227770356875e+14
-1.510877680966427188e+14
-4.757412711738672500e+14
3.875042574443060000e+14
-1.052094419257473250e+15
-5.138245121948377500e+14
3.131715721864830000e+14
6.000231911305141250e+14
-8.058064354353800000e+14
-2.857409757531213125e+14
-2.455179349101771498e-07
-3.007763192740551829e+08
1.961450023237136900e+08
-6.176339603573158264e+09
-2.733104047780973911e+09
1.129336263149948242e+12
1.553459097560694922e+13
-1.011984746378103438e+14
1.211012385511226250e+14
-1.819919245934003125e+14
-2.120199179774682188e+14
8.431623557319876562e+13
-1.473427219038250625e+14
-3.440203070519927500e+14
-2.862813201119455000e+14
-3.366007777289081250e+14
-3.144012756202743750e+14
2.720821878528836562e+14
-2.746923488210462812e+14
-6.406314970553622070e+12
1.510970655339205938e+14
3.289490807208763125e+14
-7.750920037625932500e+14
-3.867027884440021875e+14
-8.457599052197715000e+14
1.123057640156151875e+14
-3.917470456561879375e+14
3.209985334275119375e+14
-4.569478105666905000e+14
1.481865683867519062e+14
-1.039842095529976849e-05
-1.223116093880441338e+08
6.337005233729263544e+08
-1.091591557918120956e+10
-1.981982277242788315e+10
8.561861779760202148e+12
-8.810213334972851562e+12
1.953555001703542725e+12
-1.824676219635834375e+14
-2.568094081517055312e+14
-1.023203368942662969e+14
8.937457553217176562e+13
1.904869777007316875e+14
-3.106129525633558125e+14
8.011396030890376250e+14
1.146094030121294531e+14
-1.461389655399193359e+13
-5.550422388501153125e+13
-6.879450403154438750e+14
-4.942852973750938281e+13
-2.348387540038983438e+14
-7.257580437840970000e+14
5.816531430930578750e+14
-8.321340818196150000e+14
-8.080507242517740234e+12
-1.140701257289509062e+14
-3.032808596039904375e+14
-8.680612813279585000e+14
7.387867463003075000e+13
-9.255719199192987500e+14
-2.930505177339081876e-06
-6.488711358130314350e+08
4.121649269333371520e+08
-4.784198433451847434e+08
-1.390219098893861389e+10
1.042747181247065735e+11
-1.279983469245054492e+13
3.599953687101386719e+13
2.842453676776344531e+13
-1.205493223841270312e+14
1.977482623260595938e+14
3.328906703403966250e+14
2.422361409218353438e+14
1.182173175759375156e+14
4.435609153200269375e+14
-9.225689680453857812e+13
-3.098442632925202500e+14
-4.269586631540787500e+14
6.367612353682390000e+14
-3.955209468060317969e+13
-1.553308013503010000e+15
-2.409731667946578438e+14
3.133771846031812500e+14
-7.429350187989135000e+14
9.391324807145357500e+14
4.080657240613333125e+14
-1.135436973237318906e+14
2.951949595473380000e+14
7.146395273261223750e+14
3.394432921719508125e+14
8.143503637881614339e-06
7.360859112001516819e+08
-3.347716905995804071e+08
2.002105962380797577e+10
-2.868440343782287121e+09
5.444282074945841797e+12
2.821034854326226875e+14
-1.466924019140135938e+13
-1.288836680200273906e+14
-1.351468320187423125e+14
2.734584533412744375e+14
-1.594100350491490625e+13
4.358913661384550000e+14
3.426686254630305000e+14
1.799410407255479062e+14
4.120132074050851875e+14
4.803559300404253750e+14
-2.004971388162697188e+14
-4.230713360607160938e+13
-6.646512690683032812e+13
-4.744467864004269375e+14
-8.620859486688886250e+14
7.210261523334593750e+14
5.054821766886776875e+14
4.307732956141788125e+14
-4.637320275618431875e+14
1.169336121800273125e+14
-1.015681979677941125e+15
7.907841352267914062e+13
-5.941549058032547500e+14
1.630988421088135177e-05
4.032334093717078567e+08
2.650782445488229990e+08
-7.664774686415062904e+09
1.170992253395571518e+10
-3.183245207014944458e+11
-1.486994386937357188e+14
4.019669370143486719e+13
1.152250703953858750e+14
-5.744430701555380469e+13
-7.636203750078610938e+13
-2.364468024120934766e+13
1.503646264240379375e+14
-8.655083368732465625e+13
7.669184719234488750e+14
1.308253592857466250e+14
7.592007294764926562e+13
-8.453384578282484375e+12
-5.078400753525343125e+14
-6.338380176973052500e+14
-3.497539200312294375e+14
-3.331359449559105625e+14
2.607242934368492188e+14
-5.900107194840408750e+14
1.734839741418641875e+14
-1.860654833695095312e+14
-7.280303074360553750e+14
-1.861387998962584062e+14
1.142235104278294531e+14
-7.293071112892905000e+14
-8.173114776951736346e-06
-3.771614259458613396e+07
-8.498279989800372720e+07
-8.083234495594586372e+09
-5.365499638851572037e+09
2.277119593919032715e+12
-5.811235624218681250e+13
3.724037083049405625e+14
-7.707333350828939062e+13
-1.655383850201403125e+14
1.703064881708471562e+14
1.194123353311124375e+14
1.060108969890586875e+14
-2.840267190967547500e+14
-2.894360968114829375e+14
4.143412355524622500e+14
1.088887863997743500e+15
-2.376630007612124375e+14
-3.631529446658160625e+14
1.173713948005893125e+14
-4.738772841512988750e+14
-1.157670435743716750e+15
8.975548504672408750e+14
9.589554081923940000e+14
-8.968607259948511250e+14
-7.424849316109171875e+13
-1.055948325434744625e+15
-2.793787472868492188e+14
1.384216797391967383e+13
-1.277077755899515312e+14
6.939310230803304705e-06
7.462506403679618239e+07
1.022112359334995389e+09
3.268938822430479813e+10
3.323210287944902039e+10
-3.433108023886787598e+12
-1.053051598829633750e+14
-1.215654908107154219e+14
-7.486782433729337500e+13
-5.706995879776618750e+13
-2.543291781525632500e+14
2.060559092337206250e+14
-2.455005074716476250e+14
9.824293863237684375e+13
1.287827955697871094e+14
-2.119496021468959375e+14
4.668849850298586250e+14
3.630178427303964375e+14
-6.308152430617817188e+13
-3.433355273030230000e+14
-6.486055681125646250e+14
4.531905596514860625e+14
-8.434646582876092188e+13
-1.307088003207856500e+15
1.076190981981791562e+14
2.190624967904552500e+14
4.153150404887615625e+13
-3.071510041880103125e+14
-7.883934889098581250e+14
-2.431620304788262500e+13
-1.071967136234925045e-05
4.367224542476052791e+07
-4.316584820445281863e+08
3.008698130021488190e+09
-5.063845617502017975e+10
9.191391757970379639e+11
-1.087270403659794688e+14
-6.369957907709678906e+13
1.000449373701647812e+14
1.653175197427496250e+14
6.239227239895865625e+13
-7.093640834744003125e+13
-4.784416538743357500e+14
4.054040720901720625e+14
-5.171940976508649219e+13
1.481883504904300625e+14
1.275682978806073500e+15
2.366892515392088750e+14
-1.248431953205551000e+15
-5.030295810674960000e+14
7.212680164938369141e+11
-9.762525870127464062e+13
5.163324689714771875e+14
-6.232899112116276250e+14
-1.712317265732550625e+14
-7.951642009081912500e+14
6.477072490444551250e+14
-2.309536371630385938e+14
-6.817235154575560000e+14
-9.377464552191657500e+14
9.380118287593655046e-06
-2.817921304967447743e+07
1.228209544534206152e+09
1.173225413441779900e+10
-7.796022318079774857e+09
4.264373312733734375e+12
-1.320667378526732812e+13
8.380449173552865625e+13
4.266834626406744531e+13
1.190650286006752148e+13
6.848962765718153906e+13
-1.082983059879557969e+14
-7.948612152863248438e+13
-2.774048816162918438e+14
-3.802237213522355625e+14
1.961278719631759062e+14
1.031853986550333906e+14
2.069312303989854004e+12
-1.823341560294076250e+14
2.679821436383496250e+14
1.884477666115548750e+14
8.549604219429968750e+14
-8.049178465825671250e+14
3.284853717933288750e+14
-7.645018701946410000e+14
-3.505641238916191250e+14
1.461202133316210250e+15
-2.606720517091601562e+14
-7.562966125214630000e+14
5.558281549810141250e+14
2.568477536594440830e-06
-7.506778824044840336e+08
2.068373424986225739e+07
-5.974682550990247726e+09
4.914389758801353574e+08
3.443424972513625977e+12
1.696065642962750781e+13
1.027205483342563594e+14
-8.419246707356706250e+13
1.786071985666972900e+12
-4.276095001262264062e+13
1.247569795367406875e+14
-3.446920502554591250e+14
-3.503003075765118750e+14
2.383179704369511875e+14
-4.332975175405337500e+14
-1.122917202724702812e+14
-7.999341883202361250e+14
-2.005379545001373750e+14
-1.851687005555718750e+14
5.358052413464342500e+14
-2.919768620207496250e+14
6.947734383932860000e+14
3.829087844215062500e+12
2.923503185421732500e+14
-3.663308348888575000e+14
1.644926937977381875e+14
-8.600359156264523750e+14
1.365848549523254000e+15
-1.278120800990400312e+14
6.851692833535934393e-06
1.016018074895606786e+08
1.059874550602482796e+09
4.668306752867936134e+09
-1.932735102230288982e+09
4.015261425977154297e+12
1.840215096281389375e+14
1.679502804931181875e+14
2.500604608732634375e+13
-1.532571741038656250e+14
-2.028605683022322812e+14
-1.133044587256902656e+14
-1.165632095205015469e+14
8.911108944514609375e+13
-7.093789704501426250e+14
-2.901165371983361250e+14
-2.285779731691585938e+14
-7.336809599623848438e+13
1.010006866322822969e+14
-2.567704147151272812e+14
6.257950738835172500e+14
6.759533723553562500e+14
-7.694515861033653750e+14
3.967061329217923125e+14
-2.520053704505746875e+14
-3.355235729529547500e+14
4.424643868705300625e+14
-7.980675323013715000e+14
-5.094190708275556250e+14
1.817465954063334062e+14
6.760160926023403536e-06
2.419885194965313375e+07
5.321592080722342730e+08
-1.620347304773654938e+10
4.602866964965922546e+10
6.094644882284831543e+11
8.608631329885914062e+13
-1.194399434076966797e+13
1.731778010852468750e+14
-1.725527715225822266e+13
3.924775390765953750e+14
1.531643776086130000e+14
-4.261334020288083750e+14
-7.943124293477112500e+13
-1.720871816406909375e+14
-5.069893705493808125e+14
-7.530576914239092500e+14
-7.452084048754513750e+14
-3.777833932875039375e+14
5.338048534668761875e+14
3.057865847367145625e+14
3.671720281750250625e+14
-3.852374306711218125e+14
-2.553911927325292188e+14
-2.452161084049799609e+13
-6.515330131849497500e+14
1.355627370108688250e+15
7.325644130518590000e+14
6.276566990325808750e+14
1.596611735568862188e+14
-7.996474342096514008e-07
4.742595438872934133e+07
3.383762301237582564e+08
3.234447583435286999e+09
3.396011708801134872e+10
1.020669575584933398e+13
8.847340668720312500e+12
1.721956838902335938e+14
-3.800928287897510000e+14
1.390824742842823281e+14
-1.079889588125680312e+14
-1.653924846385998125e+14
7.540464894241193750e+13
-1.006769476847669141e+13
8.931690948423467188e+13
7.743044082489582500e+14
4.936107872451234375e+14
8.060640155581171250e+14
-2.880131630574714062e+13
9.818033293832953750e+14
7.664894914989730000e+14
7.496069199292432500e+14
-4.180440940565708750e+14
1.751858006368162812e+14
-2.413588885404909688e+14
1.744087241555939688e+14
1.285965159357818500e+15
-6.637209621527588750e+14
-1.201835174916475000e+15
1.449662067510595312e+14
