# -0.7J_-0.3g_0.68068theta_0.68068phi_10Chi_0.01delta_500N
-1.656689037854383040e-01
4.835969722580615165e-02
-1.305305964777320471e-01
-8.649854848558593545e-01
5.353160073939900593e-02
2.221606559175554330e-01
4.148462025827266419e-01
-1.170551683554824224e-01
-4.276136753543389318e-02
-1.717405170707079765e-01
1.485868455326264659e-01
-1.134500932181144339e+00
2.029303433331905104e+00
-6.985015004675233508e-01
1.033837085357847130e+00
-2.464397721083362303e-01
-6.926522974927312726e-01
1.612836654135849868e+00
1.234202310653807477e-01
-1.360100145634975721e+00
2.771205836276043333e-01
-1.547276634170874354e+00
3.101934665972426064e+00
1.912877526550318397e-01
-6.387339635004893879e-01
1.028590666402726672e+00
8.677280214636986511e-01
-2.414411595667401933e+00
-5.244027566707466087e-02
1.333486625742956733e+00
-9.470826114299236709e-01
-7.191881924374672330e-01
9.129886224410009854e-01
-1.363256061978912825e+01
1.983554294351688618e+00
2.614464034757971511e+00
-4.691821194173526166e+00
1.304817406155071247e+01
8.989952414437139439e+00
2.812904097651593105e+01
9.007864714844455306e-03
3.848060228709215269e-01
-2.393386251833327649e-01
1.060248316944846225e+00
-4.254316923324934940e+00
2.620043503444140942e+00
2.209484782969690198e+00
-6.607266127460160732e+00
3.947566877842995758e+00
6.898536675868567336e+00
9.584903004815151228e-02
1.334884117351891608e-01
-6.362027565761054770e-01
-2.316451370880709959e+00
2.929634729320612863e+00
-2.864634132800877975e+00
-8.496536954536999531e+00
1.572913800587182109e+01
7.171071419457313745e+00
1.483970010464815026e+01
-2.364599809168891620e-01
2.537680720377894494e-01
4.431041364054516540e-01
2.096718362281044534e+01
-1.139873815550360803e+01
5.863229103595524627e+00
5.527149383665138771e+01
-1.029183531835439425e+02
-4.838681233053446817e+01
-1.197780579801016785e+02
-1.813474372007566615e-01
6.181206390995088729e-01
1.021854525439028327e+00
2.666509344824144634e+01
-2.946946429500450293e+01
1.695785498933379287e+01
8.224141298169720926e+01
-1.697778885371896251e+02
-3.799950936111319066e+01
-9.569413699094212689e+01
-6.022785891404873471e-02
-7.286911666927917142e-02
8.765229071147356832e-02
9.803463223975885654e+00
7.599907643219279585e+00
-2.096734101152821328e+00
2.642738662603391475e+01
-4.031820670054037947e+01
-7.393622959725971100e+01
-9.806053481108659753e+01
-8.909377196026976864e-02
-1.651759159104660313e+00
-1.363303764942781715e+00
1.545219999521160226e+01
5.394940877039628901e+01
-5.361446194795392728e+01
-2.975108207201001065e+01
1.076763062681026781e+02
-8.248142939328332091e+01
-3.803924959202914806e+02
-1.050588448453884771e+00
-7.494365652823727075e-02
7.066990304545180124e-02
1.498785726165022258e-01
-1.992983229326770675e-02
-3.149174253264499894e-03
-5.204346307870394428e-02
2.147383785192998745e-02
-1.650214505251323613e-02
1.241138305491470799e-02
-1.066470280892547751e-01
-4.050658179331049769e-01
-1.947869424238020952e-01
-4.940859850010736326e-02
1.415230563344461734e+00
-2.071274520673375807e+00
7.249391991053409923e-01
-9.868465547465011811e-01
1.894152837722822058e+00
2.139677824162709019e-01
-2.499480560404124599e-02
2.393788685962146556e-01
2.551763286165951161e-01
-4.796671722837462376e-02
-2.552288978892733873e+00
6.674721617188815737e-01
-3.764562103144467736e-02
3.980923364236345074e-01
3.111223623485184220e+00
-1.383576587831977456e+00
1.520708784699062177e-01
-7.135875065589319943e-02
-5.004464871763743793e-03
-2.339350479818003703e-01
8.973836104780076595e-02
-1.489566979730555740e+00
4.858288891084755479e-02
-3.702620394133850912e-01
1.095433842425042048e+00
-1.530139342216686238e+00
-1.664259203569230100e-02
2.113529850336888227e+00
1.781596520102388892e+00
-1.743532946965067332e-01
-3.036347289380904257e+01
1.960407074001557604e+01
-6.276124441256057729e+00
4.458530603175754337e+00
3.108998891817092769e+01
1.174266236688526455e+01
8.209508496630758129e-03
-2.033121230948236491e+00
-1.146834155925657184e+00
-7.482866674739462320e-01
1.866048203511057224e+01
-2.331532354782567396e+01
5.654127944011356988e+00
-6.726320725933535805e+00
-9.641278126896732914e+00
-2.042597797371242052e+01
8.116516370052643745e-03
-3.328794760051868584e-01
-1.834184015987356531e-01
1.675049275820579053e+00
1.185401034310318291e-01
5.569530358528822056e+00
6.936535850956536464e+00
-2.739943091579133960e-01
1.627380244065714976e+01
1.786039704292905128e+01
2.935981257601408267e-02
-5.342934042435919517e-01
2.368744958556700808e-01
-1.145423966883153399e+00
-2.745239993636550224e+01
3.433316259841466600e+00
-4.164589243217149850e+00
-1.524034262588073041e+01
9.570159722621629328e+01
1.529010099406368717e+01
-9.019289031936262441e-03
1.448387949690665977e+00
-2.121085011463496262e+00
3.155349406744408114e+00
9.973820004708203157e+01
3.462893329955721189e+00
-2.215185211185333181e+00
5.185997395123039411e+01
-4.077876113939465199e+02
-4.803087496160467929e+00
8.401850713316184535e-03
1.072014796082916832e-01
1.020497694351844009e+00
-1.636926469023193942e+00
9.924429848784873442e+00
-5.086211055831751082e+01
1.015186816108935552e+01
-8.010133439741492722e+00
-1.599642936120917724e+01
-1.531556787398672554e+02
-3.286853163099560243e-02
2.424560820491664936e-01
1.314029830078634331e-01
-3.889610697882576185e-01
-2.078361495942004922e-01
-3.401380593355664006e-01
-7.033692858143028026e-01
-3.919753060884197948e-01
-1.303907864201816758e-01
2.421990252718569242e-02
1.115818432760948969e-01
-2.756284782728376737e+00
-1.174650437504291878e+00
-3.447497758555254643e-01
-1.306092905572383112e+00
-8.628211904643607877e-01
4.547473454696127765e-03
2.343159991411294663e-01
-6.274155858015405540e-01
2.349127634044935464e-01
-3.797354199928360680e-02
1.640387561419022644e+00
1.529407854318385551e+00
-2.752893437826736678e-02
-1.649295125715610322e+00
-2.234599583018362701e+00
2.137032841629701085e+00
1.304242228468125653e+00
-1.031336343396167088e+00
7.119337306271774635e-01
-6.606769119392924550e-02
-6.343868060886245774e-02
4.588438442846755061e-01
-2.091498278233695718e+00
-3.583105598170064354e+00
-4.270529669591771160e+00
-1.676174805672827173e+00
1.054525353324722303e+00
1.050765651408135937e-01
1.106816483152710751e+00
7.250256476301625286e-02
-1.164776713243191653e+00
2.452603118518218217e+00
-3.546302493503527664e+00
-2.422551274312464997e+01
-2.733944616951408335e+01
7.033650293592912384e+00
1.793396847956032047e+00
-3.472849201876444081e+00
-2.002433859436690966e+01
9.657472432358676917e-03
-5.988165399259104404e-01
3.118277393337598458e+00
-5.791242271743835879e+00
-2.826428774599660088e+01
-3.352813295867414922e+01
1.997809470837668577e+00
2.967354550365248311e+00
-3.267513770827190633e+00
-2.340021182881237749e+01
5.923804938995947955e-01
-4.149359521838624082e-02
9.536330117372380233e-01
2.033379482917121095e+01
2.334850543031557635e+01
3.180541975290883983e+01
6.773214111600618992e+01
1.482699680534703468e+01
-1.449989396926841856e+01
2.003562104275760092e+01
-4.159700186145360856e-01
9.828841570860370747e-03
-5.665735817593247070e-01
-1.140266517142428881e+01
-2.995899235977922359e+01
-3.336259605774826298e+01
-3.739526929533041510e+01
-4.297649155234324780e+01
6.039146807354906166e+00
-7.077633441917325285e+01
-1.487097660099356289e-01
-2.630130490976320679e-01
4.731947293349384465e-01
-6.196961707912973516e+00
9.841963715592800810e+00
8.545717798502879603e+00
-2.994062290522402137e+01
6.437980507938013686e-01
-8.986208090040779695e+00
4.323189775757906261e+01
1.225418500520270432e-01
2.350011322777810774e-01
-5.795335421390556130e-01
2.449811056570090628e-01
-2.913361347874339558e+01
-4.388535174874232325e+01
-1.059643869182344211e+01
-4.388590025553791740e+00
6.386499757868431715e+00
-1.414896991761129357e+02
