# -0.75J_-0.25g_0.73304theta_0.73304phi_10Chi_0.01delta_500N
-1.624204126422895134e-01
1.658642796685574627e-01
-5.106323382906269304e-02
1.019911917448673933e+00
2.305250346148609020e-01
-1.196695266427851290e-01
4.127933983143676211e-01
-1.885503529672986900e-01
8.125015282427908159e-02
-1.341990206087329829e-01
2.570406574604711114e-01
-1.919666181311011854e+00
4.081039565714074668e-01
2.741695951274080167e-01
2.844198894076387929e-01
7.149521015209265098e-03
6.969846230265005008e-04
6.658517535161371896e-03
-7.778560306380948031e-02
-1.073015680220926887e-01
-6.061181130300788422e-02
2.674658447542961337e-01
-1.049976065072550091e-01
5.492885050051771190e-01
2.147595984173427397e-01
1.061524017486596527e+00
-5.403171285825668635e-01
2.041870765519440134e+00
-1.678666970589787644e+00
-9.147204731441820336e-01
1.132243745571535065e+00
4.208368841787833992e-01
1.230043707073484316e-01
-2.006509539024980171e+01
-4.990500203985921424e+00
7.067922436799717323e-01
1.839947104262741107e+00
-1.486026197321157838e+01
1.824642570675960940e+01
-3.082388127357219076e+01
1.524731462332103993e-01
2.877686685840215031e-01
-7.963651691265141025e-03
-1.989077266257188947e+00
-8.448827637114938449e-01
-6.670606544575200525e-01
-1.213516796298291789e+00
-5.688378063874838242e-02
-1.602247314193067984e+00
2.017808531892481660e+00
-5.869318051906558670e-02
-2.227176956891266726e-02
1.705239037096856758e-01
-2.208623271391513487e+00
-1.034918581367704649e+00
-5.140354305448731509e+00
4.395360510729657832e+00
-1.377456552373632093e+01
1.060507608878206298e+01
-2.655492581613208447e+00
1.736785119627027862e-01
1.571207036523244657e-02
-2.636621704087622753e-01
3.177742791813705736e+01
7.292072636259628204e+00
8.927492791768189662e+00
-4.522060280321129255e+01
1.139722439927336808e+02
-1.252216017456664332e+02
1.269955101550945500e+02
-1.776125236253258410e-01
-5.484947181227838725e-03
8.691859730224280600e-01
-4.579550144308443294e+01
-1.712985695606445447e+01
-4.371191752784692142e+01
7.401373809729811626e+01
-2.406967873202511612e+02
1.927969127714642923e+02
-9.679381555758354239e+01
1.374662770872957795e-01
2.344862291004145768e-02
-6.480172665934810228e-01
4.057349993855626735e+01
9.887139229417790887e+00
2.437067761711548641e+01
-7.675649008693353892e+01
2.017171265594009242e+02
-2.208966164665625627e+02
1.401947040331856726e+02
-5.128952916833504072e-02
-1.149370690964221786e-01
-1.043607437059139942e+00
-1.422719560754505075e+01
8.745905544905335782e-01
6.257389393638150921e+01
-2.777197675840566760e+01
1.192961334182592452e+02
-4.476895281723749065e+01
-2.588372069697786060e+02
-1.197209115319671779e+00
-1.861470896737820180e-01
-1.739815430699354071e-02
-1.351780625805450164e-01
-2.014424059757142279e-05
-2.289499573040120264e-02
-3.246888481170024515e-02
7.805610024430167937e-02
5.401706289191759991e-02
7.655008297931866282e-03
-1.474532795962962550e-01
-5.520020867681945526e-02
-3.128544200176226059e-02
6.698675124633970968e-02
-6.235202030151348884e-01
-5.908507202888750587e-02
-1.656891813948332681e-01
-1.163905631606525715e+00
-1.401094953341106342e+00
-8.899475542009741003e-02
-9.054442653552051412e-02
-7.028651934933217993e-02
-3.651371006525435670e-01
-7.945149665203586967e-03
3.726018565380081471e-01
2.916126278638706548e+00
2.659184440011811978e-01
-9.545952729603195408e-01
3.120840125003035426e-01
5.165821111163556578e-01
-1.389666898748989077e-01
7.907878964902153099e-03
5.450689070513730500e-02
-2.402952848574420042e-01
6.520304140725811104e-01
-1.292225427047825503e+00
6.279761291211761742e-01
8.742626207698057650e-01
3.262599471959902464e-02
3.508350485729666790e+00
-1.100076401898585944e-02
-5.873404256489427044e-02
3.567467939752671513e-01
4.650558639245927495e-01
-3.963214222809627874e+00
-7.096197184463015617e+00
-2.579110303372142976e+00
-4.801012866925844946e+00
-7.050609175978934218e+00
1.165459656854165749e+00
-3.793627636898541655e-02
4.315686601080755969e-01
3.120669103230472974e+00
-1.819785245164130538e-01
-5.785249076705472504e+00
-5.555873809995880208e+01
-5.699878697988571830e+00
6.479912672172795096e-01
-2.496126292731483431e+01
5.210418810316496518e+01
6.617508512287296162e-03
-1.596015728771930375e-01
1.483607239337808303e-01
3.350841351358859743e+00
-1.326121063277417811e+01
-8.486912760020719482e-01
-2.020284454609389613e+01
-2.040064685003813949e+01
-9.527125209337246048e+00
-6.089601493581006508e+01
5.956417410857404310e-02
-8.046939642651068647e-01
-2.355179014876163934e-01
3.546318368916975050e+00
-4.120083593563494162e+01
-8.774450248603044145e+01
-3.682141690642608012e+01
-1.485597644178372150e+02
-1.963548024539344112e+02
1.939775932566533356e+02
4.409042605112001995e-02
-9.787707359036744714e-01
9.693994184340207210e-02
4.748919079631499507e+00
-4.997738323729397081e+01
-7.954821980965786565e+01
-4.132064628082971325e+01
-1.789885669640367780e+02
-2.390123186001686975e+02
1.739924730400589965e+02
4.584926010416825841e-03
-1.576752084527628106e-01
3.931062329135229239e-01
6.887495495571778203e-01
-7.308882873828349780e+00
7.934447256207958787e+01
6.236924824635875275e+00
3.710159016051337488e+01
9.598883687884853089e+01
-3.289222467058561961e+02
-3.198015575850304826e-02
6.580136488221004221e-02
2.949335777468269360e-01
4.241144049460675580e-01
-2.232726872073571012e-01
7.795618458526150374e-02
-9.596228832841053880e-01
-8.559814574164666123e-02
3.164272584901511864e-01
2.578639847033132315e-01
4.126513835546487263e-02
-2.891023055129424146e-01
-3.012836656403727886e-01
2.974738503515751975e-01
-1.654827177381282377e+00
2.005988474311164727e-01
5.678964330976347119e-01
4.794566922511655505e-01
2.822538843476350423e-01
3.717081324460768110e-01
1.474692075907360900e-01
-5.791286560100886716e-01
-3.121861510046826993e+00
1.841848294964282540e-01
3.045561998549524696e-01
-3.735253548793301959e-01
-9.034047356002324891e-01
-8.200407767506015522e-02
1.673897632729062501e-01
2.743665630353307738e-02
3.778963214747674965e-02
2.876482966983574530e-01
-1.860751816877745657e-01
-2.849872978417673508e+00
6.837722087834314344e+00
-1.061833616636080002e+00
5.180493439643711895e+00
8.963107904145912741e-01
-2.433883689778667314e+00
1.560488418720426118e+01
1.514487126302450914e-01
-1.787902517641982270e+00
9.689460908221443347e-01
5.643065025848942540e+00
-3.477464035155166755e+01
5.160681060415507559e+00
-5.772590584355416610e+00
-5.270569869640993055e+00
1.235196115050785082e+01
-7.075644545694584053e+01
1.299861385164943241e-02
1.137703428338294465e-01
-4.516731400377463901e-01
-1.333094357001815666e+00
3.396512651047483455e+00
-9.024344841372120563e-01
2.979356732755543025e+00
-1.182210907474544825e+00
-4.363322080899982303e-01
4.360173286555037109e+00
-5.887627848908860706e-01
2.448041634033862324e-01
-3.471550044552258463e-01
3.742316835686317233e+01
-7.242610966292470209e+01
1.219764609512583675e+01
-1.739941292367864492e+02
-4.984975104341804553e+01
6.575972254400242889e+01
-3.785894296225789617e+02
-5.902768486133291165e-02
1.901917335140750065e-01
-9.873017061154712448e-02
2.272015148216051550e+00
-3.729888584132139329e+01
2.675355353211288811e+00
-3.831260859311948508e+01
-5.908463581863718161e+01
5.259787388083340431e+01
-2.597015955902994051e+02
2.824506017122628276e-01
4.526124759847988815e-02
1.186327511252174421e-01
-1.641270299051278059e+01
2.474155937048196208e+01
-3.372256092829609919e+00
9.272094540425214859e+01
3.439153430454500437e+01
-5.119836935219425555e+01
1.640561641682770642e+02
5.754780786125492931e-01
4.256554649967488890e-01
-2.353089186610821462e-02
-1.918054257480251579e+01
-7.382315869614117787e+01
1.502073341576451782e+01
2.985892557725807972e+00
-7.386187290443250220e+01
5.269846468303065024e+01
-5.910117521360035653e+02
