# -0.9J_-0.1g_1.0472theta_1.0472phi_10Chi_0.01delta_500N
-5.647986900169487123e-01
8.033021183392201614e-01
-2.254198387521609837e-01
2.266906534942539353e-02
-5.341708077771654267e-02
2.094730401306041725e-02
4.021175091491442644e-02
4.379715671486992812e-01
-3.894998597485128111e-01
-2.705291930836984937e-01
1.751298360606130464e-02
1.072738357549343942e-02
3.204811496423905504e-01
-1.137421184440413624e+00
-2.654935052121618067e-01
-2.067681419357430883e+00
-4.375100665048892168e-01
1.759124901740686531e-01
-9.162150520971852619e-02
-1.251619906263682080e-01
7.534520770717996196e-01
-1.113999951969446789e+00
3.077189599191773595e-01
-4.743842662167600810e-02
3.862454259108133447e-01
2.143107337364555665e-01
1.319186271014608780e-01
1.294991036306686327e+00
-1.298121413033817895e+00
-8.723163549716382859e-01
1.327175341319041706e-03
1.543470833425144573e-01
1.268568352111558717e+00
-6.649301632515756566e+00
3.596034165420141093e-01
-7.655009635387891365e+00
-7.372724498722542208e+00
1.065227151214908119e+01
2.547409544289227945e+00
3.148672992894437783e+01
-4.098559371150668068e-02
3.654533765949732338e-01
-1.273472192527161373e-01
3.999871797067773294e+00
-1.662214894109346375e+01
-2.586339527932631110e+00
1.010516376892445223e+01
-8.446176431107086557e+01
4.251098780789119047e+01
-1.594223483981080562e+02
-9.119771378163455886e-03
-5.214865948037257226e-01
-2.271497510168132727e+00
7.250735420071009685e+00
5.776317371287926328e+00
1.815912437441620497e+01
-9.124300245456868907e-01
1.887354997751226904e+01
-8.837978055654547305e+00
3.212477983921182556e+01
-4.902562271336060040e-01
-1.005682301825365776e+00
4.707406972726865813e-01
-2.251561224385223525e+01
8.025843888250089719e+01
1.390989179643846541e+01
-5.395464156727362592e+01
4.200097627918581793e+02
-2.097378099618841247e+02
7.265648613066839516e+02
1.487757018542051890e-01
3.841553081999187769e-01
3.833200048241755531e-01
-5.225749287470971005e+00
-1.032100270281015852e+01
-5.941718702201750357e-01
-2.754715409314713170e+01
-5.510232982173982919e+01
8.852087228287658149e+01
1.407649895324260285e+02
-4.134402315562601959e-01
-9.857389273262386897e-01
2.407097713325854482e-01
7.464172871589631608e-01
4.001995777527929476e+01
1.492927495664419180e+00
3.141766086551206527e+01
2.167776279989886348e+02
-2.291167214722942163e+02
-7.988655759394235645e+01
2.600036611547303922e-01
5.937348142190712608e-01
-1.761748073738121367e-01
3.597973470719029621e+01
1.539202237657128194e+02
-5.667074488434574420e+01
4.695820273684189061e+01
7.126213985024436397e+02
-9.011154331276187577e+02
-6.274461547643460108e+03
-5.227770843829088188e-01
-1.476171744056105073e-01
7.463623803638703702e-01
-6.188638022289957852e-02
-5.535705111633307945e-02
3.677979125155193124e-02
4.616755309823035724e-01
-3.303137892077351867e-01
-3.836816383762761684e-01
-1.400050281369900375e-02
-7.769781210664774562e-01
-6.957811891758133860e-02
1.229860273278025717e+00
4.414391856893989385e-01
1.064808643963790047e+00
3.068777745426013587e-02
-9.777298318652932752e-01
5.375216628950804099e-01
8.396885353193250801e-01
6.195267450600423775e-02
-3.553377290162672564e-01
-3.463205246643173973e-01
4.167688952484403520e-01
-1.028895135503817393e+00
-1.747755443494076966e+00
9.580197128727531153e-01
-3.351274655963468740e-01
6.461381529105852950e-01
5.497803715871545371e-01
8.065997373514552718e-03
-6.213711757952827125e-02
-1.167885403574184355e+00
-3.957705785144625121e-01
-6.318844473751600965e+00
-7.601477501082523958e+00
3.806904713240571780e+00
-3.279251115670295258e-01
7.289857636776542194e+00
9.498545436428841526e+00
3.106247747740895804e+01
-2.212726839521746841e-02
-1.671246418979074111e+00
-7.426819547046554781e-01
-5.108303884175925624e+00
-1.605921069374912591e+01
-2.035145015155042536e+00
3.150723449600308257e+01
-1.040748967369519207e+01
-9.329110968830839568e+00
2.407895604871790951e+01
-4.409398790240787180e-02
-6.691243836362477104e-01
2.374735499524188997e-01
-4.560716050686254519e+00
4.568720870308644599e+00
2.497762514692487201e+01
-9.461034086666695941e+01
3.192395706812287770e+01
2.366213673719604671e+01
-7.350385469677692640e+01
3.488250842359733039e-01
-4.731257814103919657e-01
9.632819826900617111e-01
-1.270129959234134276e+01
2.209765107156647446e+01
5.658578279819649026e+01
-2.289999369817472825e+02
1.283236935419460281e+02
1.323307415022105715e+02
-1.558783377062974296e+01
2.803376636286831203e-01
6.698175422099917307e-03
8.908468774961842973e-01
-4.951298868610499504e+00
3.244196837968991787e+01
8.102742011996696192e+01
-3.384084066592891418e+02
9.230718087053976717e+01
5.724830207252612269e+01
-3.727834178441492554e+02
-3.534332755275388371e-01
3.325779774877586914e-01
-1.190125504292302905e+00
1.363239319188872223e+01
-1.628273287217592369e+01
-3.869131788423456442e+01
1.566140619423070177e+02
-1.293365383062448188e+02
-1.615905434738275801e+02
-1.112989562138429562e+02
4.676167014026001711e-02
-3.977487061098902710e-02
1.848784495355339230e-01
-2.694132280991680872e+01
-2.440242682055767531e+01
-5.927451813006165793e+01
2.963168776597596548e+02
1.221252350811829928e+02
2.303507088498556357e+02
2.272688337427886381e+03
-6.520050376131805159e-01
-5.827024493946895145e-01
-5.424101490018532479e-01
-3.950646372459787337e-02
5.299152043344570323e-02
-1.737600868613421723e-02
-3.759924346548475516e-01
-2.111417069795774315e-01
-3.269885613505141286e-01
1.215188349776961108e-01
6.354849105596812597e-01
4.927785697740151294e-01
6.620966102435372758e-01
9.409923217604621026e-01
-8.758000017403192450e-01
-1.062701418137469295e-01
-1.078046357175076242e+00
-4.210472140642138594e-01
-1.004375867792944188e+00
3.668882151652630430e-01
-4.693977719748315680e-01
-6.486124757266463758e-01
-1.739370543399658131e-01
1.675749084117713839e+00
-1.016704544520204090e+00
-8.629540219793385702e-01
4.388052572900422721e-01
6.198380914683936371e-01
5.626121627538226422e-01
-2.149569815115264515e-01
-4.155692345764835927e-02
1.085021790420727994e+00
-1.411979504961440979e+00
-1.123762504017734543e+01
7.219882713310525446e+00
2.245207421237874978e+00
7.753089259596592342e+00
-5.673049660667502936e-01
1.005763141648500536e+01
4.054734087752030369e+00
8.452090320970413739e-02
-6.871568779273786731e-01
1.371906467068476854e+00
8.627283559229837806e+00
-1.386399159017411797e+01
7.143387686680035209e+00
-4.297586565754289722e+01
-4.194113532200884720e+01
-1.574825590986891832e+01
-1.179571378317876373e+01
-2.798955617939905948e-03
7.689824065132180309e-01
-5.112862440505718808e-01
-3.782865395478002490e+00
-6.053216971285142911e+00
1.995417785052285709e+01
-6.512089298338868559e+01
-6.123139454715017393e+01
-2.987565502712849153e+01
-1.917910419842637992e+01
9.731037609712414604e-02
-4.060312881525036666e-01
7.640243490360387746e-02
3.263666544190267693e+00
2.520249570692541852e+01
-3.719677831366322351e+01
1.286994940297348933e+02
1.646032950783339857e+02
1.115192297345514660e+01
3.059178843736502174e+01
-4.330843446753032122e-01
8.427621526487716341e-01
1.070785901615968649e+00
5.908351123866879995e+00
-5.104748127433442306e+01
8.191157078310956763e+01
-3.267078760074803085e+02
-2.887892880096489989e+02
-1.668271664478539549e+02
-9.513856478322990995e+01
-3.049051646770334356e-01
6.815756827111959515e-01
8.463774795206533419e-01
8.531066075743739319e+00
-1.568802030873549214e+01
3.341165147539759772e+01
-1.554250116504018422e+02
-7.177896392914674095e+01
-1.622759188695842170e+02
-7.749575439503458085e+01
-1.212729018315044788e-01
2.851412828021051560e-01
2.978116518114603539e-01
-8.966944094940353382e-01
1.646796461005715528e+01
-3.832445433958804415e+01
1.254392768435314309e+02
1.307401868180676558e+02
3.243831709532771157e+01
7.488895557897376420e+01
