# -0.1J_-0.9g_0.83776theta_0.0phi_10Chi_0.01delta_500N
-5.773558076502826042e-01
3.841754323367781998e-01
-7.199697998905627561e-01
-2.839388675785052205e-02
3.121371124897042316e-03
-8.069369225121674621e-03
-1.709521950384698327e-02
9.218283490483248493e-03
1.169858681175603606e-02
-1.076078180374618947e-03
7.988327870765784544e-01
-1.159850617258175287e+00
1.337870906706095875e+00
-2.604587883188951025e+01
1.048843328001419728e+01
-9.269405392766756790e+00
-3.255194870683536834e+01
2.219053229557821183e+01
2.187750557073940172e+01
-2.004502408211044528e+00
-1.004841839254083241e-01
-5.219588309387951375e-01
-1.545870306619167023e-01
-7.586445785333425285e+00
3.309692110033764578e+01
-1.785763211501472725e+01
2.157810044091742441e+01
2.189652075822258581e+01
-2.216616995594138828e+01
2.341749036201103973e+00
-1.443949926727790961e-02
1.243194224294700767e+01
1.757133525915756422e+01
-1.223656363037040819e+03
-2.352438677145169549e+03
1.376560681062573394e+03
-7.799867198547878615e+03
-5.959346186311333895e+02
4.300555093705399486e+03
5.848088121420208336e+04
-2.357804997561345831e-02
-3.645867251101911677e+01
6.601448892590783046e+00
-2.129245247502109578e+03
2.281686566899351874e+03
5.951159535687518655e+03
5.152806473676773749e+02
2.503140132454892409e+03
-1.281441716154996868e+02
4.577868012575316243e+04
-6.469928934260740609e-03
-1.822760342031286385e+01
-5.186245493903404835e+00
5.381707614255044064e+03
-6.070392540067622349e+02
-4.344449402883640869e+04
1.187595085378700242e+04
-2.824213194763727188e+03
-3.902738295060138626e+03
-5.288353921975961421e+05
1.637471250526206096e-02
1.945786965830356596e+00
-3.767972772726197661e+01
2.013637209711967671e+03
7.970544328615831546e+03
2.065014955579956586e+04
4.266301050498514815e+04
3.894246352545022091e+03
-1.625431407291402320e+04
-4.689109862106415094e+05
-8.733375816845729764e-03
-2.949874860097051155e+01
5.248773924224524379e+00
-1.539103499581749929e+03
1.982504349268144324e+03
3.674747696619254839e+03
1.911530287568639096e+03
2.834404126261415513e+03
-8.922154151661021615e+02
8.451549218967469642e+03
-1.106925672999631294e-02
5.267911534914120786e+00
2.941332241938953018e+01
-2.603372408696024195e+03
-3.594763567286567650e+03
8.467240547628816785e+02
-1.768967918707144781e+04
-9.126723604178566802e+02
1.280705979431144624e+04
1.833604031036836968e+05
-2.684340584002716098e-04
6.032885569667018055e-01
1.204792707081486336e+00
9.727750613055570284e+04
-1.958159177011526936e+03
-4.147570346032974194e+05
5.464820132145006210e+05
-3.417995003368141624e+04
-1.973772975504882925e+05
-2.822675345599932224e+07
-5.773557267191973263e-01
-8.155999079105820115e-01
2.727927934346049618e-02
1.149376223621820584e-02
-2.615051513899891225e-02
-1.077010478159035577e-02
1.553580753885910881e-02
9.218275411946526970e-03
1.169859217229198174e-02
1.697564909180268328e-03
-4.864383337917289607e-01
-7.592034373799342317e-01
2.906449879608627440e-01
-2.350750911302014501e+01
-6.120910561806320871e+00
3.569397262383616720e+01
-8.101910403359042334e+00
7.867713465202942125e+00
-3.013521860402768127e+01
-3.607762952499569131e+00
-6.415674030448910159e-01
-1.569185154069484112e+00
-5.552344158083974968e-01
9.022894708503702788e+00
3.563529834684795361e+01
6.592133624972078998e+00
-2.338547064691907096e+01
-3.016583205319142635e+01
-7.863397851960377771e+00
-1.251983100242922919e+00
-1.319944095853787039e-02
1.623753401048367095e+01
3.426151682681586408e+01
-2.113952588753779764e+03
-2.643209980216729036e+03
1.536177512174578624e+03
-6.038189872982788984e+03
2.465761265811447629e+03
-2.261234378627740625e+03
5.774997934675128636e+04
2.429400262662824092e-02
-1.976849157603635732e+01
2.795863887002329573e+00
-1.838466301826761082e+03
1.391339295061322218e+03
7.713413310693187668e+03
3.553851648318193952e+02
-7.353702712937496244e+02
-3.659991002751836731e+03
5.802326779046089359e+04
-1.094582880149436860e-02
2.679090337672490563e+01
-2.404561192007994919e+01
7.936975076844904834e+03
-5.385135081717488674e+02
-3.908894194587070524e+04
1.820687538880991269e+04
-1.961485072656793591e+03
1.603858035904172903e+04
-6.034158254920728505e+05
-1.379043865465128665e-02
2.080524834436658210e+01
7.339202838869548273e+00
2.083919638959372605e+03
5.412751602379198630e+03
1.429385798071097452e+04
4.700280054149530042e+04
-4.390015625028422619e+03
4.761749012261701864e+03
-5.977397594918854302e+05
-8.733363359167406817e-03
1.929492984468679850e+01
2.292227959288041106e+01
-9.474309548003434429e+02
-2.324148207907434880e+03
-1.796881543890992816e+02
-4.136794906369084856e+03
2.834420593483959237e+03
-8.922419255245220029e+02
2.513868664791611081e+04
-1.106925219969207008e-02
2.283870956681561637e+01
-1.926880168848686026e+01
4.415114874689117642e+03
-4.571892254339707051e+02
-1.576298781968285766e+04
8.121423574589431155e+03
-9.128083430601354848e+02
1.280726795217543440e+04
-2.509415479121661920e+05
1.239366004305083625e-03
-2.528699484736956826e+00
2.273050266904669048e+00
6.393009704560306272e+04
-3.844432113329387357e+04
-3.112267839703517384e+05
3.318217497145331581e+05
1.919823197988373431e+04
2.206391395641431154e+05
-2.984866211293434724e+07
-5.773556918839998220e-01
4.314244476990960475e-01
6.926906629782330072e-01
1.690013492601667375e-02
2.302915116812494223e-02
1.883945527525666963e-02
1.559416628767118333e-03
9.218296215015599898e-03
1.169858779581948657e-02
-6.198650059066781841e-04
-3.123945870925272650e-01
-5.260231189354198228e-02
1.161229075917423526e+00
-3.916080899509432101e+01
-1.454432363356134711e-02
-7.961779409931757812e+00
1.861264618400343807e+01
-3.005822438929187612e+01
8.257711838110237679e+00
2.970555143108857821e-01
7.420516475932932288e-01
-6.986012194145384546e-01
-1.261835527400006596e+00
2.916520830668559938e+00
1.998199992280395065e+01
3.330666479881352160e+01
2.027067723319990478e+01
8.269312821982513384e+00
3.002956480808817830e+01
-8.437245019693717651e-01
2.763894536121917767e-02
-1.193783901016669952e-01
2.921216560081482783e+01
-1.920615094261149352e+03
-1.726794606312999122e+03
-6.986088833694897460e+01
-6.780798601263002638e+03
-1.869812639035460506e+03
-2.039261580253669308e+03
4.807491352663003636e+04
-7.159552366419604744e-04
-2.481783920761729334e+01
1.915278120978157261e+01
-2.754907520269777251e+03
1.584687246780207261e+03
6.970783766184397791e+03
1.960929456618960330e+03
-1.767750826463355224e+03
3.788188754383067135e+03
5.171584036672412185e+04
1.741576386137585336e-02
2.061432596296655007e+01
2.437126482654969450e+01
6.718703372514931289e+03
-2.785643018087855125e+03
-4.675690157480086782e+04
1.881396682548973331e+04
4.785662169199667915e+03
-1.213566870414207369e+04
-6.833420065629626624e+05
-2.584292436647872126e-03
-2.761200392336718679e+01
1.162479885669106539e+00
-1.664285069914722044e+02
6.630744835235883329e+03
1.371407691840679945e+04
3.933479721516458085e+04
4.957215953427418071e+02
1.149166128233857489e+04
-4.746808117262934102e+05
-8.733360350020809987e-03
1.020382798864229557e+01
-2.817104475289810850e+01
2.486547642773695770e+03
3.416716011801988202e+02
-3.495232163634397239e+03
2.225505885092114568e+03
2.834461262732641444e+03
-8.920654617917239193e+02
-3.409604120934107050e+04
-1.106926158884868026e-02
-2.810663253280681673e+01
-1.014451001997053758e+01
-1.811598878183613806e+03
4.052003617681009018e+03
1.491510979131635031e+04
9.568397121222626083e+03
-9.127662245756690709e+02
1.280794198478524777e+04
6.732888367737432418e+04
-9.701199438117496469e-04
-1.887723762963818608e+00
-9.715123225450237321e-01
4.915226624402276502e+04
8.774392030352330039e+03
-1.769649269558966043e+05
5.308153160601102281e+05
1.511303806565025116e+04
-2.293780331196175757e+04
-2.806727918162902445e+07
