# -0.3J_-0.7g_0.31416theta_1.0472phi_30Chi_0.01delta_500N
9.698642041230283173e-01
1.722438084651715384e-01
1.721347173627044702e-01
5.548012223374876491e-03
5.546477344889040248e-03
1.637646873984820260e-03
6.430185571558854219e-04
6.427835189530046621e-04
2.732433706578494647e-04
5.667212830277046229e-05
5.660537154682009569e-05
3.162180923731260486e-05
1.703011172309617220e-05
1.702577242285897846e-05
6.473093758346588442e-06
1.064758425294109550e-06
1.064171124063049725e-06
7.578256959165430166e-07
5.873776092420117837e-07
4.377956480740169734e-07
4.376898707592376137e-07
2.443410809158157578e-07
2.075515825127521328e-07
2.073497944495177193e-07
7.328670981406023394e-08
7.319167241150203840e-08
4.709922086316009829e-08
4.092979361816447956e-08
3.348078096770153540e-08
3.345902502218324370e-08
