# -0.85J_-0.15g_0.89012theta_0.0phi_10Chi_0.01delta_500N
8.094213628798943572e-02
2.965655112080706028e-04
1.125293947614907179e-05
6.960224326787284958e-07
7.138842877692021841e-07
3.981940997423860902e-07
4.921328048075134677e-07
3.781560935351503419e-07
4.470864437772946365e-07
3.639188313295175087e-07
4.261554032522316410e-07
3.514374288764073250e-07
4.104703596029323199e-07
3.396842150733022034e-07
3.962021772604629720e-07
3.282828866422798968e-07
3.824624126984222999e-07
3.170766994328186632e-07
3.691189204409784407e-07
3.060165232675317797e-07
3.562835784852142679e-07
2.951424609436431540e-07
3.441731049075707900e-07
2.845932062976520022e-07
3.330610360902402882e-07
2.746180640829640962e-07
3.232231705822041951e-07
2.655780373917210267e-07
3.148528549803670175e-07
2.579371649046216335e-07
3.080086903406505812e-07
2.522480220312439984e-07
3.026525582246318026e-07
2.491026372167845939e-07
2.987496454904156993e-07
2.490002249405642690e-07
2.963940667658181592e-07
2.521827219564178253e-07
2.959575126514096149e-07
2.586151251276727667e-07
2.981798834679117332e-07
2.681622784134112567e-07
3.039131887385956273e-07
2.808026405884757903e-07
3.134196811987466636e-07
2.967258048556055129e-07
3.259966155222560941e-07
3.162345564423969735e-07
3.404127901710815688e-07
3.394042493652818894e-07
3.554307014352417940e-07
3.655981703164354920e-07
3.699665539856686428e-07
3.931533144639280988e-07
3.830613969367100445e-07
4.195286681668081414e-07
3.938350542112834647e-07
4.420033496147976752e-07
4.014613899485752626e-07
4.586668287892882215e-07
4.051625763841488541e-07
4.688870990360624511e-07
4.042352381117125907e-07
4.725360116227346561e-07
3.981311638853687741e-07
4.685921219084394018e-07
3.865946305090221035e-07
4.547823411205722499e-07
3.698124158924586092e-07
4.291032786735127724e-07
3.484949827382862905e-07
3.921715082404941618e-07
3.238187273471288571e-07
3.481227958886896544e-07
2.972290004880333263e-07
3.028655723606390900e-07
2.701784079982890431e-07
2.613107031414831535e-07
2.439012369769352871e-07
2.259772777460328823e-07
2.192891180148145040e-07
1.973158109247443726e-07
1.968734032830044261e-07
1.746519145376450843e-07
1.768800802163267937e-07
1.569350916026998694e-07
1.593140210367295090e-07
1.431289312311505253e-07
1.440415758926416817e-07
1.323551881965730702e-07
1.308564786271737708e-07
1.239179162113009164e-07
1.195254831650676218e-07
1.172823047155814495e-07
1.098169443329361519e-07
1.120439598524269233e-07
1.015169732224043852e-07
1.079002176346532527e-07
9.443683986061273711e-08
1.046269771174821434e-07
8.841531513568301069e-08
1.020608921001571810e-07
8.331811106214571976e-08
1.000857634905565912e-07
7.903585448043673719e-08
9.862206073129194390e-08
7.548149053105903578e-08
9.761856101414691054e-08
7.258729884140112688e-08
9.704573480052850464e-08
7.030258053036743270e-08
9.689022444639478852e-08
6.859145308573819433e-08
9.714997456278965890e-08
6.743130668128773882e-08
9.782980316073909645e-08
6.681193403056149314e-08
9.893718598758842045e-08
6.673542702865165258e-08
1.004781572799285819e-07
6.721693825589890947e-08
1.024533079269986539e-07
6.828641355205616797e-08
1.048538937561175685e-07
6.999139046632204440e-08
1.076580794094246832e-07
7.240101966263455329e-08
1.108272677275206544e-07
7.561176329870405417e-08
1.143026127581477681e-07
7.975499037074050289e-08
1.180017926471330658e-07
8.500698142211442104e-08
1.218163317360044178e-07
9.160165180668930386e-08
1.256099839294374895e-07
9.984558533241898963e-08
1.292188292062805035e-07
1.101329016550429068e-07
1.324542764793482778e-07
1.229523907623096811e-07
1.351113536232348597e-07
1.388682763213791680e-07
1.369843947165983213e-07
1.584347918079091689e-07
1.378892327939339532e-07
1.819739254661102977e-07
1.376891636320302751e-07
2.091250653783593066e-07
1.363202202534411216e-07
2.381416136185693562e-07
1.338104602869070060e-07
2.651878356702000385e-07
1.302872297727851799e-07
2.843648525185907982e-07
1.259681392447701099e-07
2.894482484541712695e-07
1.211354787195645663e-07
2.775548406679206587e-07
1.160982411019449936e-07
2.524780938093429052e-07
1.111493094091749427e-07
2.234023270945401523e-07
1.065271913074383403e-07
1.991594110349889976e-07
1.023909287448223521e-07
1.842777892021411105e-07
9.881180382606899933e-08
1.793817408178319837e-07
9.577977372128628574e-08
1.830779754050636841e-07
9.322059480637858951e-08
1.931863131726740363e-07
9.101884108648973508e-08
2.072374354666031945e-07
8.904181069893062262e-08
2.226189610193458956e-07
8.716040160552238011e-08
2.365897997705779685e-07
8.526489776151159053e-08
2.464167954368455691e-07
8.327515503487147559e-08
2.498095175058205275e-07
8.114543595362482342e-08
2.455095123754884443e-07
7.886440850722886719e-08
2.336669380476126060e-07
7.645107466340557913e-08
2.157582607216880412e-07
7.394773696378077227e-08
1.941066741902815983e-07
7.141121742491465671e-08
1.712395234418720550e-07
6.890389114719544777e-08
1.493079109153191491e-07
6.648570622739071573e-08
1.297355901918448491e-07
6.420826694302814446e-08
1.131667459860908739e-07
6.211142678295314745e-08
9.964185277028942523e-08
6.022223086316427488e-08
8.885162539889404315e-08
5.855568065050869951e-08
8.035095705101380880e-08
5.711666774619629299e-08
7.369130176814162326e-08
5.590245041370720120e-08
6.848226662861937684e-08
5.490516204050841069e-08
6.440896646121159738e-08
5.411402863926627349e-08
6.122763219617681352e-08
5.351705689184625106e-08
5.875340835097003509e-08
5.310227616666788372e-08
5.684723626496667790e-08
5.285853792452382759e-08
5.540444276794231083e-08
5.277591259883708083e-08
5.434577737871574377e-08
5.284585646578363205e-08
5.361070018079078481e-08
5.306122045886653188e-08
5.315247456186553199e-08
5.341616994368648483e-08
5.293461804748089626e-08
5.390606261446714724e-08
5.292834330088118007e-08
5.452731343216241653e-08
5.311070943974061033e-08
5.527726234616757231e-08
5.346327793139102905e-08
5.615405176575550456e-08
5.397112434655787295e-08
5.715651544261576407e-08
5.462209973608129211e-08
5.828407765886352159e-08
5.540626667772488366e-08
5.953666007866991527e-08
5.631545801924992100e-08
6.091459296345561629e-08
5.734292326741371912e-08
6.241852875842228264e-08
5.848309258531406473e-08
6.404936432722730696e-08
5.973123992590487084e-08
6.580809309911604597e-08
6.108326535268829346e-08
6.769570507393687210e-08
6.253564710516761230e-08
6.971306214165195040e-08
6.408526597274632437e-08
7.186072010371943666e-08
6.572929815880825002e-08
7.413873703938692473e-08
6.746513573073480971e-08
7.654645796925804735e-08
6.929032755511421430e-08
7.908228058614186579e-08
7.120253672436391866e-08
8.174341135045067190e-08
7.319950783646788415e-08
8.452562659033624286e-08
7.527903787223412016e-08
8.742305928576700306e-08
7.743894824564374297e-08
9.042804334134679140e-08
7.967708379503351789e-08
9.353102620037766813e-08
8.199124274704543318e-08
9.672061239468419181e-08
8.437916868290835402e-08
9.998372147022076943e-08
8.683853762592500416e-08
1.033059623756791033e-07
8.936700361129060833e-08
1.066721258287541556e-07
9.196219781738450426e-08
1.100668401940975775e-07
9.462175253872142367e-08
1.134753402526363822e-07
9.734336381469264049e-08
1.168842936611231322e-07
1.001248555008466063e-07
1.202826103211733809e-07
1.029642538334590980e-07
1.236621523808676315e-07
1.058598647692953265e-07
1.270182690622962848e-07
1.088103438474195315e-07
1.303500943680119889e-07
1.118147498562029806e-07
1.336605702698862402e-07
1.148725772984866283e-07
1.369561886025873047e-07
1.179837700336365707e-07
1.402464752658298025e-07
1.211487147661435142e-07
1.435432797709688426e-07
1.243682489740343065e-07
1.468599448450243822e-07
1.276436797201459310e-07
1.502104452616443937e-07
1.309768287756135712e-07
1.536085833891932745e-07
1.343701010489134798e-07
1.570673113045526841e-07
1.378265596486065283e-07
1.605982255766364348e-07
1.413499826976082548e-07
1.642112534581381298e-07
1.449448764915372481e-07
1.679145240126018639e-07
1.486164278293630187e-07
1.717143985426351002e-07
1.523703919465177571e-07
1.756156232091800650e-07
1.562129267610042513e-07
1.796215630460536263e-07
1.601503945602107445e-07
1.837344787059135355e-07
1.641891562416671543e-07
1.879558133922129969e-07
1.683353808917503645e-07
1.922864650824278182e-07
1.725948872806418728e-07
1.967270273876689580e-07
1.769730265744514393e-07
2.012779897008485839e-07
1.814746084107397058e-07
2.059398934092853792e-07
1.861038671961970279e-07
2.107134454056190266e-07
1.908644619130317286e-07
2.155995927594202008e-07
1.957595013362734205e-07
2.205995641987595203e-07
2.007915864932529569e-07
2.257148852753906204e-07
2.059628631534072575e-07
2.309473756128126081e-07
2.112750785526221711e-07
2.362991282975655645e-07
2.167296379878169328e-07
2.417724271746687185e-07
2.223276584384502543e-07
2.473696565694797260e-07
2.280700173814745878e-07
2.530932901800911375e-07
2.339573960250147514e-07
2.589458522658209226e-07
2.399903167471488651e-07
2.649298652472833452e-07
2.461691749644350041e-07
2.710478034791717326e-07
2.524942659464207421e-07
2.773020570671202395e-07
2.589658071121131012e-07
2.836949069271424416e-07
2.655839564976081167e-07
2.902285101063089020e-07
2.723488278934023963e-07
2.969048933452512974e-07
2.792605032733684476e-07
3.037259524502886579e-07
2.863190428753839916e-07
3.106934554061139412e-07
2.935244933321243616e-07
3.178090471455542961e-07
3.008768940488256666e-07
3.250742545524143059e-07
3.083762820893400311e-07
3.324904908184837667e-07
3.160226957901610134e-07
3.400590590876500861e-07
3.238161771926073508e-07
3.477811557001255271e-07
3.317567735803376833e-07
3.556578735086646294e-07
3.398445382602107995e-07
3.636902055582541091e-07
3.480795306671610736e-07
3.718790492527383890e-07
3.564618160721940741e-07
3.802252109666973143e-07
3.649914648302128364e-07
3.887294109757975638e-07
3.736685514330859556e-07
3.973922886799840492e-07
3.824931533121382933e-07
4.062144078015830463e-07
3.914653495082240173e-07
4.151962616622940041e-07
4.005852192779930737e-07
4.243382784317139529e-07
4.098528481680756776e-07
4.336408380631862554e-07
4.192683117573706279e-07
4.431042392229319929e-07
4.288316732322869701e-07
4.527287400041292725e-07
4.385429968910308266e-07
4.625145518900282025e-07
4.484023395816597810e-07
4.724618427691001407e-07
4.584097493263443008e-07
4.825707401823338974e-07
4.685652640282869221e-07
4.928413342509327493e-07
4.788689102921704254e-07
5.032736803299964538e-07
4.893207023639923407e-07
5.138678014519365983e-07
4.999206411206688315e-07
5.246236903984808138e-07
5.106687131375015544e-07
5.355413116731315055e-07
5.215648898303735229e-07
5.466206031663926054e-07
5.326091266524128955e-07
5.578614776495443617e-07
5.438013623666669604e-07
5.692638240651518202e-07
5.551415183956576997e-07
5.808275086675513841e-07
5.666294981964061528e-07
5.925523760554437974e-07
5.782651867228813793e-07
6.044382500905847038e-07
5.900484499662754445e-07
6.164849371808014465e-07
6.019791359961754713e-07
6.286922267337249016e-07
6.140570770920137371e-07
6.410598773522813484e-07
6.262820733805056455e-07
6.535876345574842749e-07
6.386539197225057036e-07
6.662752298998480049e-07
6.511723763590280073e-07
6.791223712510737282e-07
6.638371834453241765e-07
6.921287501632573516e-07
6.766480641877698194e-07
7.052940423130105792e-07
6.896047206249531938e-07
7.186179063229941368e-07
7.027068334748245119e-07
7.320999838696666095e-07
7.159540620797472187e-07
7.457398998195272566e-07
7.293460443135197154e-07
7.595372623154762081e-07
7.428823966123927523e-07
7.734916629105924138e-07
7.565627139613202847e-07
7.876026765810085432e-07
7.703865699325024361e-07
8.018698618589567807e-07
7.843535167525900457e-07
8.162927608995233859e-07
7.984630854093308804e-07
8.308708994652284590e-07
8.127147857216533531e-07
8.456037870629812153e-07
8.271081064731255633e-07
8.604909169896193356e-07
8.416425155826211064e-07
8.755317663669352611e-07
8.563174602355121957e-07
8.907257962273509281e-07
8.711323670810777846e-07
9.060724515480778667e-07
8.860866424280626157e-07
9.215711613924133071e-07
9.011796724232833294e-07
9.372213389092942170e-07
9.164108233194364591e-07
9.530223814540855763e-07
9.317794416897994721e-07
9.689736706973969000e-07
9.472848546540673291e-07
9.850745726590608587e-07
9.629263701993261969e-07
1.001324437874394094e-06
9.787032773776051418e-07
1.017722601497452652e-06
9.946148466378965289e-07
1.034268383366755492e-06
1.010660330104864589e-06
1.050961088197063762e-06
1.026838961889886294e-06
1.067800005655620532e-06
1.043149958372630943e-06
1.084784410570917954e-06
1.059592518532898870e-06
1.101913562991641008e-06
1.076165824310592026e-06
1.119186708419969180e-06
1.092869040872349362e-06
1.136603077909562076e-06
1.109701317003920443e-06
1.154161888268624349e-06
1.126661785439641567e-06
1.171862342230794176e-06
1.143749563213149764e-06
1.189703628644276604e-06
1.160963751999547254e-06
1.207684922604857796e-06
1.178303438515664328e-06
1.225805385705145536e-06
1.195767694871063238e-06
1.244064166211465278e-06
1.213355578903859865e-06
1.262460399233065147e-06
1.231066134613627013e-06
1.280993206992700400e-06
1.248898392490179988e-06
1.299661698960352189e-06
1.266851369930040252e-06
1.318464972153441658e-06
1.284924071633287086e-06
1.337402111289867624e-06
1.303115489927389725e-06
1.356472189007095882e-06
1.321424605234827138e-06
1.375674266148296675e-06
1.339850386400226344e-06
1.395007391915170191e-06
1.358391791142400176e-06
1.414470604166797152e-06
1.377047766397829520e-06
1.434062929607066027e-06
1.395817248750123204e-06
1.453783384056994338e-06
1.414699164820452756e-06
1.473630972667344939e-06
1.433692431656114579e-06
1.493604692666590426e-06
1.452795970843504716e-06
1.513703539860560945e-06
1.472008678419545139e-06
1.533926475611601248e-06
1.491329435132733626e-06
1.554272464841539037e-06
1.510757123661350199e-06
1.574740463056595423e-06
1.530290619176770637e-06
1.595329416519118519e-06
1.549928789610273802e-06
1.616038262605912689e-06
1.569670496125011791e-06
1.636865929994572873e-06
1.589514593494661824e-06
1.657811338897632660e-06
1.609459930453859653e-06
1.678873401377878868e-06
1.629505350158469228e-06
1.700051021532582055e-06
1.649649690510894796e-06
1.721343095790305335e-06
1.669891784554358016e-06
1.742748513095417379e-06
1.690230460862752492e-06
1.764266155278859694e-06
1.710664543943568454e-06
1.785894897178345052e-06
1.731192854575617713e-06
1.807633606934537591e-06
1.751814210186666778e-06
1.829481146319449816e-06
1.772527425232750923e-06
1.851436370832174906e-06
1.793331311572834852e-06
1.873498130011632866e-06
1.814224678784478589e-06
1.895665267778561785e-06
1.835206334594602223e-06
1.917936622536579235e-06
1.856275085137205422e-06
1.940311027448608298e-06
1.877429735402149421e-06
1.962787310757995806e-06
1.898669089472286220e-06
1.985364295921502655e-06
1.919991950970207269e-06
2.008040801897474786e-06
1.941397123273099092e-06
2.030815643404412698e-06
1.962883409994106814e-06
2.053687631091269121e-06
1.984449615092878954e-06
2.076655571828299797e-06
2.006094543452936841e-06
2.099718268938815507e-06
2.027817000920563592e-06
2.122874522322979746e-06
2.049615794845165394e-06
2.146123128820815287e-06
2.071489734198031449e-06
2.169462882372863451e-06
2.093437630024955777e-06
2.192892574243069826e-06
2.115458295574434373e-06
2.216410993218232568e-06
2.137550546710054215e-06
2.240016925856487985e-06
2.159713202096065477e-06
2.263709156701999090e-06
2.181945083553568196e-06
2.287486468481908123e-06
2.204245016186319118e-06
2.311347642288834877e-06
2.226611828820405320e-06
2.335291457831699679e-06
2.249044354053206949e-06
2.359316693647158054e-06
2.271541428674587325e-06
2.383422127238645845e-06
2.294101893750239706e-06
2.407606535340735654e-06
2.316724594983041290e-06
2.431868694059445306e-06
2.339408382833406003e-06
2.456207379121583179e-06
2.362152112765298447e-06
2.480621366018458773e-06
2.384954645450057556e-06
2.505109430195544399e-06
2.407814847028971298e-06
2.529670347297466332e-06
2.430731589146934807e-06
2.554302893277639250e-06
2.453703749375714436e-06
2.579005844555182897e-06
2.476730211123123804e-06
2.603777978315926676e-06
2.499809864028233698e-06
2.628618072593656630e-06
2.522941603981205775e-06
2.653524906381349495e-06
2.546124333385272228e-06
2.678497259983948378e-06
2.569356961199640968e-06
2.703533914976829338e-06
2.592638403170602214e-06
2.728633654532499878e-06
2.615967581957236650e-06
2.753795263417546239e-06
2.639343427165557207e-06
2.779017528353174667e-06
2.662764875629722732e-06
2.804299237960625647e-06
2.686230871377048322e-06
2.829639183037678910e-06
2.709740365833154171e-06
2.855036156692748073e-06
2.733292317904409821e-06
2.880488954409693900e-06
2.756885694013266451e-06
2.905996374329960392e-06
2.780519468255331513e-06
2.931557217207295369e-06
2.804192622529412428e-06
2.957170286730311206e-06
2.827904146430821778e-06
2.982834389492151734e-06
2.851653037486671621e-06
3.008548335300578296e-06
2.875438301210083602e-06
3.034310937087220758e-06
2.899258951031376842e-06
3.060121011180364889e-06
2.923114008558673717e-06
3.085977377422625994e-06
2.947002503374459911e-06
3.111878859221730654e-06
2.970923473273454981e-06
3.137824283732641936e-06
2.994875964196848721e-06
3.163812481890813068e-06
3.018859030309741999e-06
3.189842288584750488e-06
3.042871734008863643e-06
3.215912542783815026e-06
3.066913145918165032e-06
3.242022087556845616e-06
3.090982344953957768e-06
3.268169770237233740e-06
3.115078418281251676e-06
3.294354442530252659e-06
3.139200461344637196e-06
3.320574960564502389e-06
3.163347577887651524e-06
3.346830184996711814e-06
3.187518879897424586e-06
3.373118981136854347e-06
3.211713487661707221e-06
3.399440218982409566e-06
3.235930529664178339e-06
3.425792773381701237e-06
3.260169142660020157e-06
3.452175524014271131e-06
3.284428471603402444e-06
3.478587355597845605e-06
3.308707669675723023e-06
3.505027157812068748e-06
3.333005898177873221e-06
3.531493825546764352e-06
3.357322326522655661e-06
3.557986258773504966e-06
3.381656132265189775e-06
3.584503362879419109e-06
3.406006500977416252e-06
3.611044048446565869e-06
3.430372626349916327e-06
3.637607231536014930e-06
3.454753709818200842e-06
3.664191833637466748e-06
3.479148961041473180e-06
3.690796781824851230e-06
3.503557597310642589e-06
3.717421008637908296e-06
3.527978843889941468e-06
3.744063452423548084e-06
3.552411933764667095e-06
3.770723057072933617e-06
3.576856107622366062e-06
3.797398772354938194e-06
3.601310613853677073e-06
3.824089553706625437e-06
3.625774708415045111e-06
3.850794362548331994e-06
3.650247654870515320e-06
3.877512166105146454e-06
3.674728724212116698e-06
3.904241937543073279e-06
3.699217194821197588e-06
3.930982656079344870e-06
3.723712352522387180e-06
3.957733306896784842e-06
3.748213490324141276e-06
3.984492881260277596e-06
3.772719908536786067e-06
4.011260376477407543e-06
3.797230914599193598e-06
4.038034796042029498e-06
3.821745822993275480e-06
4.064815149649673666e-06
3.846263955268192368e-06
4.091600453100968636e-06
3.870784639900573194e-06
4.118389728465858208e-06
3.895307212192056365e-06
4.145182004060851775e-06
3.919831014309450988e-06
4.171976314467958052e-06
3.944355395141415500e-06
4.198771700581167704e-06
3.968879710219685308e-06
4.225567209612817953e-06
3.993403321616898583e-06
4.252361895107590642e-06
4.017925598019138709e-06
4.279154816987044991e-06
4.042445914453980799e-06
4.305945041533561246e-06
4.066963652379651234e-06
4.332731641430347732e-06
4.091478199520772722e-06
4.359513695780822667e-06
4.115988949877379278e-06
4.386290290057659198e-06
4.140495303540326559e-06
4.413060516244801486e-06
4.164996666729471036e-06
4.439823472751196096e-06
4.189492451699095374e-06
4.466578264359723530e-06
4.213982076580752475e-06
4.493324002390695074e-06
4.238464965406739313e-06
4.520059804603144654e-06
4.262940548043913157e-06
4.546784795177335914e-06
4.287408260068831296e-06
4.573498104889955735e-06
4.311867542751305050e-06
4.600198870861616256e-06
4.336317842945938888e-06
4.626886236711656071e-06
4.360758613021847029e-06
4.653559352605352153e-06
4.385189310899954229e-06
4.680217375116917358e-06
4.409609399789189062e-06
4.706859467321824472e-06
4.434018348375052092e-06
4.733484798714180693e-06
4.458415630514501900e-06
4.760092545318259842e-06
4.482800725302249806e-06
4.786681889592434433e-06
4.507173117073103618e-06
4.813252020388965318e-06
4.531532295139301014e-06
4.839802133080044430e-06
4.555877753933835988e-06
4.866331429467589162e-06
4.580208992839181170e-06
4.892839117724673424e-06
4.604525516189158066e-06
4.919324412500972234e-06
4.628826833112845836e-06
4.945786534806492050e-06
4.653112457604826576e-06
4.972224712082367473e-06
4.677381908390568068e-06
4.998638178125767545e-06
4.701634708909731305e-06
5.025026173117194770e-06
4.725870387264270236e-06
5.051387943630521612e-06
4.750088476116744616e-06
5.077722742505434105e-06
4.774288512683914744e-06
5.104029828975687891e-06
4.798470038722840803e-06
5.130308468586202327e-06
4.822632600366288268e-06
5.156557933057165061e-06
4.846775748217482090e-06
5.182777500610762287e-06
4.870899037152205919e-06
5.208966455546761873e-06
4.895002026411897804e-06
5.235124088502272957e-06
4.919084279494834408e-06
5.261249696373603768e-06
4.943145364093469206e-06
5.287342582168171469e-06
4.967184886400202821e-06
5.313402077986066248e-06
4.991202395711589062e-06
5.339427522069521671e-06
5.015197464742660675e-06
5.365418191225966302e-06
5.039169677561897918e-06
5.391373413006746374e-06
5.063118622391728877e-06
5.417292521201151768e-06
5.087043891301629950e-06
5.443174855659821499e-06
5.110945080355920389e-06
5.469019762235254053e-06
5.134821789532826607e-06
5.494826592933254339e-06
5.158673622619837190e-06
5.520594705706430439e-06
5.182500187271415484e-06
5.546323464548535296e-06
5.206301094902841802e-06
5.572012239446800780e-06
5.230075960666538856e-06
5.597660406327416717e-06
5.253824403505029950e-06
5.623267347133029322e-06
5.277546045981150376e-06
5.648832449642910179e-06
5.301240514335535545e-06
5.674355107564715313e-06
5.324907438429771519e-06
5.699834720569414294e-06
5.348546451750479407e-06
5.725270694065287444e-06
5.372157191264741238e-06
5.750662439398683656e-06
5.395739297574115965e-06
5.776009373653592075e-06
5.419292414700901710e-06
5.801310919778927426e-06
5.442816190205549776e-06
5.826566506531871138e-06
5.466310275111385443e-06
5.851775568314188154e-06
5.489774323696306473e-06
5.876937545393000143e-06
5.513207993865274317e-06
5.902051883632226921e-06
5.536610946705346531e-06
5.927118034689010858e-06
5.559982846760753273e-06
5.952135455900135683e-06
5.583323361866457014e-06
5.977103610178814676e-06
5.606632163051802546e-06
6.002021966143863191e-06
5.629908924759023531e-06
6.026889998063846998e-06
5.653153324548474184e-06
6.051707185760107174e-06
5.676365043248007771e-06
6.076473014619494398e-06
5.699543764901746362e-06
6.101186975683624198e-06
5.722689176696143327e-06
6.125848565464599856e-06
5.745800968924533310e-06
6.150457286059682028e-06
5.768878835116785020e-06
6.175012645041383683e-06
5.791922471740842401e-06
6.199514155534466244e-06
5.814931578566964042e-06
6.223961336104477673e-06
5.837905858111577439e-06
6.248353710858161453e-06
5.860845016297362451e-06
6.272690809264426009e-06
5.883748761791041793e-06
6.296972166305292757e-06
5.906616806321862879e-06
6.321197322286765503e-06
5.929448864623322806e-06
6.345365823109099177e-06
5.952244654404623340e-06
6.369477219932226052e-06
5.975003896227954478e-06
6.393531069319233811e-06
5.997726313659376430e-06
6.417526933308850386e-06
6.020411633096361164e-06
6.441464379178917638e-06
6.043059583762051223e-06
6.465342979635466044e-06
6.065669897893120614e-06
6.489162312747472837e-06
6.088242310420817783e-06
6.512921961843502808e-06
6.110776559169638036e-06
6.536621515633562466e-06
6.133272384672541606e-06
6.560260568131659206e-06
6.155729530329719818e-06
6.583838718689481028e-06
6.178147742228922458e-06
6.607355571952740463e-06
6.200526769263805217e-06
6.630810737747147846e-06
6.222866363023452031e-06
6.654203831341702185e-06
6.245166277769317997e-06
6.677534473262018656e-06
6.267426270466462866e-06
6.700802289236099013e-06
6.289646100780731268e-06
6.724006910271758865e-06
6.311825530921203743e-06
6.747147972798234650e-06
6.333964325860799687e-06
6.770225118241364422e-06
6.356062253070934126e-06
6.793237993525165185e-06
6.378119082688962569e-06
6.816186250714892367e-06
6.400134587348599089e-06
6.839069547121700899e-06
6.422108542342351829e-06
6.861887545402560381e-06
6.444040725394107358e-06
6.884639913378774877e-06
6.465930916803711577e-06
6.907326324121059760e-06
6.487778899373960560e-06
6.929946456001763828e-06
6.509584458318423037e-06
6.952499992630651502e-06
6.531347381480793978e-06
6.974986622861617259e-06
6.553067458960559396e-06
6.997406040801628604e-06
6.574744483393709834e-06
7.019757945775148143e-06
6.596378249774847362e-06
7.042042042420830871e-06
6.617968555566675590e-06
7.064258040582783767e-06
6.639515200532079625e-06
7.086405655414747465e-06
6.661017986776509056e-06
7.108484607309063224e-06
6.682476718857984666e-06
7.130494621904812910e-06
6.703891203537319428e-06
7.152435430162147835e-06
6.725261249911931918e-06
7.174306768227824817e-06
6.746586669410916591e-06
7.196108377569152582e-06
