# -0.3J_-0.7g_0.5236theta_1.0472phi_10Chi_0.01delta_500N
5.937980844612978509e-02
2.652892046847192477e-04
1.707613038827811690e-05
9.829974943884304263e-07
1.256634137530352338e-06
2.656429196931782425e-07
7.053199356312304933e-07
1.670803498105518272e-07
4.452634437848005900e-07
1.267462488002220835e-07
3.108290701389312963e-07
1.061027324838795101e-07
2.383222083420322697e-07
9.387948279640968357e-08
1.969455087397145718e-07
8.579195268459766672e-08
1.708630425692779063e-07
7.995283955575055859e-08
1.525057980163943336e-07
7.544846870821310662e-08
1.383983494374739239e-07
7.180522140489612955e-08
1.268809136296849135e-07
6.876524517342811264e-08
1.171054448557455923e-07
6.618510048247537868e-08
1.086188060819522632e-07
6.398702843129996343e-08
1.011757497970516059e-07
6.213491525901313579e-08
9.464849773094368493e-08
6.062223821283378493e-08
8.898276918934741852e-08
5.946460488650034446e-08
8.417403896746660839e-08
5.869110719489396001e-08
8.024841934626617173e-08
5.833035252917047970e-08
7.724077677857553733e-08
5.839319829554820081e-08
7.517143930176801717e-08
5.886263695010693624e-08
7.402968027295346788e-08
5.969805322591535024e-08
7.377106962330291033e-08
6.084690903002663269e-08
7.432734131427236525e-08
6.225325736315715812e-08
7.562089597679486330e-08
6.386044579187601825e-08
7.757667785795072552e-08
6.561067438197930104e-08
8.012829260082868794e-08
6.744413152193831763e-08
8.321797643524438932e-08
6.929918169841341865e-08
8.679129677417963136e-08
7.111412782296994048e-08
9.078667477698643229e-08
7.283046154575203884e-08
9.511992709094655684e-08
7.439731395786095981e-08
9.966463122072221204e-08
7.577665236019644535e-08
1.042312281630676020e-07
7.694811327763005171e-08
1.085521537601772399e-07
7.791339656626974014e-08
1.122847733231708359e-07
7.869824763278022852e-08
1.150457290837554579e-07
7.935110216024752265e-08
1.164836653744136048e-07
7.993696801168221168e-08
1.163776111674315369e-07
8.052537583093869774e-08
1.147235953435866351e-07
8.117209668217235520e-08
1.117638693493074096e-07
8.189562802186698416e-08
1.079373593318701566e-07
8.265007290080484740e-08
1.037726909119789331e-07
8.329869755596387529e-08
9.977169284910962991e-08
8.359846677798005682e-08
9.632402381620430983e-08
8.321323160216208447e-08
9.366664321531433550e-08
8.177485454211943226e-08
9.187865797839831914e-08
7.899398235898550680e-08
9.089276492850124736e-08
7.478239695604007368e-08
9.050664851413012407e-08
6.931703314272917942e-08
9.038694896195087066e-08
6.299758737393733574e-08
9.007343327232866059e-08
5.632066173347339036e-08
8.901051949141467866e-08
4.974516994888771686e-08
8.664655200601972854e-08
4.361014275907188144e-08
8.261754221025635338e-08
3.811685006913942327e-08
7.694524684950929850e-08
3.335131596607109621e-08
7.009380576050888860e-08
2.932114999973860743e-08
6.279522622615091483e-08
2.598830920819940811e-08
5.575801232222823335e-08
2.329170035280828876e-08
4.946193449458178544e-08
2.116033511454022200e-08
4.412007207498621593e-08
1.952052770141171596e-08
3.974810431534714327e-08
1.830010835694111311e-08
3.625464465205156287e-08
1.743123747110181034e-08
3.350838745302062862e-08
1.685262521619961933e-08
3.137565996488451539e-08
1.651127680092992667e-08
2.973676307515905726e-08
1.636330471218664206e-08
2.849050355006708424e-08
1.637352355069815142e-08
2.755330659063783459e-08
1.651397490107205100e-08
2.685641592061753067e-08
1.676163066258566257e-08
2.634288987630400119e-08
1.709605188293035186e-08
2.596514851014890451e-08
1.749728456609376661e-08
2.568336473380250201e-08
1.794385496165710994e-08
2.546472123086616236e-08
1.841133730462641641e-08
2.528335499591042847e-08
1.887187333877882549e-08
2.512068862003703131e-08
1.929509987541039082e-08
2.496582694692233915e-08
1.965087536858645807e-08
2.481574683607035280e-08
1.991376552616223902e-08
2.467509123313319942e-08
2.006845103953588777e-08
2.455546114446296327e-08
2.011437673650992578e-08
2.447420682813827674e-08
2.006769143951153166e-08
2.445287518261731286e-08
1.995933851543290783e-08
2.451564370601191548e-08
1.982973821120410397e-08
2.468818088970943531e-08
1.972208424823081360e-08
2.499736373459698850e-08
1.967647126312144278e-08
2.547205315572915313e-08
1.972650183130467202e-08
2.614483663172460430e-08
1.989891124988256753e-08
2.705424404871020817e-08
2.021596379215338676e-08
2.824659345084507917e-08
2.070036996611909460e-08
2.977603935510294326e-08
2.138286839385329171e-08
3.170004052235883156e-08
2.231327642752061144e-08
3.406394960580725488e-08
2.357656369813143358e-08
3.686024352117955961e-08
2.531638367635374325e-08
3.993287637356102257e-08
2.776942625873343884e-08
4.278936670340707386e-08
3.131306684667107070e-08
4.437863947694087708e-08
3.651557350546079717e-08
4.329145412224230549e-08
4.410963628823838252e-08
3.900839385378238090e-08
5.456245065127704911e-08
3.294044023807859165e-08
6.646733051193869448e-08
2.714998033888875525e-08
7.402717680279439661e-08
2.269751747625348679e-08
6.979015838489711381e-08
1.966074729934200794e-08
5.539924408080387630e-08
1.774945763376167707e-08
4.021553244029072100e-08
1.664580391741512742e-08
2.921923040205602270e-08
1.610400686435292648e-08
2.228396724748180401e-08
1.595364913984439751e-08
1.808999503120491240e-08
1.608036073169834183e-08
1.559686587890343932e-08
1.640808064031215379e-08
1.415563749383925947e-08
1.688624363305297396e-08
1.337762591810430911e-08
1.748099372161625680e-08
1.302791838195860327e-08
1.816944799367975048e-08
1.296241101407533097e-08
1.893587996467449731e-08
1.309186817793414657e-08
1.976924616908322358e-08
1.336079721337362738e-08
2.066153237458494830e-08
1.373481800585661918e-08
2.160656809935831214e-08
1.419305024002769457e-08
2.259923563300108363e-08
1.472341679108977694e-08
2.363486488936228642e-08
1.531964556335195856e-08
2.470878652480967728e-08
1.597921559802087071e-08
2.581598847058942689e-08
1.670178868424201419e-08
2.695084267752940911e-08
1.748789488294262462e-08
2.810689316715585793e-08
1.833781587207528022e-08
2.927671183833821880e-08
1.925072892825990373e-08
3.045184770388861550e-08
2.022422110511264354e-08
3.162290664581296612e-08
2.125424469971849375e-08
3.277980949861714281e-08
2.233548768037021272e-08
3.391227437474348357e-08
2.346202456139201309e-08
3.501055520999323396e-08
2.462805120724711498e-08
3.606642587372412007e-08
2.582851753605845983e-08
3.707432801544152013e-08
2.705954222884463343e-08
3.803250959217829561e-08
2.831857893082743996e-08
3.894390022418578087e-08
2.960437795189267408e-08
3.981645151566227511e-08
3.091678244197973534e-08
4.066274873483687944e-08
3.225647417142000001e-08
4.149888475394026365e-08
3.362471789536615347e-08
4.234280638570237688e-08
3.502311012574119796e-08
4.321249824290560037e-08
3.645338434386078611e-08
4.412438971115972399e-08
3.791727081479875246e-08
4.509225578548046879e-08
3.941640657815459110e-08
4.612670174489013157e-08
4.095228566437752825e-08
4.723516031045404979e-08
4.252623809062981504e-08
4.842223945529672150e-08
4.413942748717356339e-08
4.969024401684383443e-08
4.579286010346584234e-08
5.103972936820646169e-08
4.748740082400173970e-08
5.246999906161915447e-08
4.922379342925845185e-08
5.397950807794953009e-08
5.100268257930365477e-08
5.556616869039756657e-08
5.282464081495117329e-08
5.722757545468908091e-08
5.469017770136070625e-08
5.896116465129593533e-08
5.659974975047796090e-08
6.076433850573435786e-08
5.855376881580340654e-08
6.263455813886112827e-08
6.055262798876212291e-08
6.456941796594208393e-08
6.259669853693919233e-08
6.656669709652579924e-08
6.468633426649004653e-08
6.862439603886990530e-08
6.682187475581463966e-08
7.074075602197216660e-08
6.900364769956939845e-08
7.291426390997216856e-08
7.123197054472139182e-08
7.514364533276864301e-08
7.350715158090421104e-08
7.742784919125418145e-08
7.582949065126724930e-08
7.976602668845240772e-08
7.819927957557310581e-08
8.215750758661735135e-08
8.061680241319293824e-08
8.460177581731868393e-08
8.308233561623555384e-08
8.709844596041479534e-08
8.559614813445825009e-08
8.964724151959308756e-08
8.815850147778390776e-08
9.224797554349623740e-08
9.076964978575431770e-08
9.490053372918855931e-08
9.342983987693368192e-08
9.760485999891712252e-08
9.613931128930027959e-08
1.003609443402010058e-07
9.889829630116190757e-08
1.031688127045254460e-07
1.017070199421609427e-07
1.060285186684099391e-07
1.045656999579796303e-07
1.089401366201058840e-07
1.074745467908134337e-07
1.119037562184018296e-07
1.104337634983985887e-07
1.149194778562886563e-07
1.134435456922169607e-07
1.179874089634794707e-07
1.165040814394478910e-07
1.211076609606777554e-07
1.196155511537066647e-07
1.242803468673400688e-07
1.227781274799132509e-07
1.275055795431684654e-07
1.259919751734929637e-07
1.307834704712367993e-07
1.292572509732763103e-07
1.341141288560916141e-07
1.325741035006072810e-07
1.374976607796329365e-07
1.359426731487826541e-07
1.409341683759704336e-07
1.393630920044062040e-07
1.444237490084203937e-07
1.428354837672929479e-07
1.479664945344442078e-07
1.463599636817791417e-07
1.515624906707663123e-07
1.499366384742476971e-07
1.552118164522123300e-07
1.535656062955628696e-07
1.589145438123993852e-07
1.572469566546682752e-07
1.626707372039141428e-07
1.609807703675004281e-07
1.664804533196404769e-07
1.647671195020161426e-07
1.703437408420238224e-07
1.686060673264819932e-07
1.742606402391194315e-07
1.724976682639383521e-07
1.782311836027297773e-07
1.764419678526566624e-07
1.822553945042241680e-07
1.804390027039908928e-07
1.863332878811982202e-07
1.844888004727459964e-07
1.904648699410382319e-07
1.885913798400197488e-07
1.946501380740890556e-07
1.927467504823220984e-07
1.988890808005390978e-07
1.969549130665369339e-07
2.031816777072119668e-07
2.012158592233378502e-07
2.075278994122854601e-07
2.055295715686384369e-07
2.119277075289014139e-07
2.098960236747548298e-07
2.163810546466373343e-07
2.143151800979670513e-07
2.208878843111291132e-07
2.187869963652395722e-07
2.254481310198012152e-07
2.233114190110755032e-07
2.300617202167913619e-07
2.278883855686065761e-07
2.347285682980355355e-07
2.325178246054969642e-07
2.394485826254046935e-07
2.371996557431015007e-07
2.442216615341379070e-07
2.419337896797966448e-07
2.490476943500944628e-07
2.467201282250896514e-07
2.539265614271195569e-07
2.515585643293997208e-07
2.588581341600745468e-07
2.564489821226170286e-07
2.638422750241036520e-07
2.613912569537490831e-07
2.688788376091617164e-07
2.663852554256616223e-07
2.739676666582169300e-07
2.714308354496133477e-07
2.791085981088433754e-07
2.765278462866503723e-07
2.843014591576275606e-07
2.816761286267891360e-07
2.895460692778810992e-07
2.868755153016501592e-07
2.948422384828177040e-07
2.921258298531756499e-07
3.001897670605914880e-07
2.974268870843965835e-07
3.055884478338907579e-07
3.027784935926476200e-07
3.110380646255865357e-07
3.081804478717188533e-07
3.165383931870667977e-07
3.136325401699622818e-07
3.220892009140740738e-07
3.191345525401012098e-07
3.276902469161883009e-07
3.246862589265660680e-07
3.333412820870968353e-07
3.302874252240416485e-07
3.390420491685693158e-07
3.359378093446026182e-07
3.447922828312280787e-07
3.416371613195804014e-07
3.505917097571934269e-07
3.473852233355795496e-07
3.564400487075923151e-07
3.531817298483230466e-07
3.623370106175514531e-07
3.590264076398403725e-07
3.682822986576123301e-07
3.649189759193490755e-07
3.742756083579845421e-07
3.708591463893834274e-07
3.803166276512744220e-07
3.768466233467318468e-07
3.864050369991480172e-07
3.828811037601832997e-07
3.925405094590594980e-07
3.889622773655134687e-07
3.987227107915657324e-07
3.950898267607725713e-07
4.049512995514733836e-07
4.012634274895970327e-07
4.112259271844045311e-07
4.074827481353738734e-07
4.175462381279949785e-07
4.137474504411171005e-07
4.239118699046425621e-07
4.200571893714304967e-07
4.303224532357526245e-07
4.264116132409664667e-07
4.367776121370188461e-07
4.328103638055187134e-07
4.432769640239601082e-07
4.392530763579142023e-07
4.498201198233566248e-07
4.457393798467042359e-07
4.564066840710220554e-07
4.522688969697227892e-07
4.630362550356813851e-07
4.588412442832958973e-07
4.697084248176055296e-07
4.654560323167846505e-07
4.764227794759357921e-07
4.721128656739658259e-07
4.831788991134800671e-07
4.788113431514943162e-07
4.899763580242741324e-07
4.855510578469369939e-07
4.968147247888477099e-07
4.923315972646561705e-07
5.036935624011587045e-07
4.991525434449285462e-07
5.106124283725693582e-07
5.060134730645658951e-07
5.175708748738832985e-07
5.129139575662147502e-07
5.245684488251332543e-07
5.198535632713209523e-07
5.316046920479703303e-07
5.268318514864635197e-07
5.386791413668403983e-07
5.338483786375635242e-07
5.457913287330588595e-07
5.409026963829629898e-07
5.529407813510636585e-07
5.479943517441940744e-07
5.601270218096832613e-07
5.551228872005765558e-07
5.673495682002316828e-07
5.622878408427991994e-07
5.746079342309366027e-07
5.694887464699268415e-07
5.819016293755472732e-07
5.767251337403610362e-07
5.892301589794992985e-07
5.839965282602683894e-07
5.965930243957080991e-07
5.913024517408972354e-07
6.039897231174811917e-07
5.986424220918239998e-07
6.114197488858215943e-07
6.060159535839411852e-07
6.188825918428681614e-07
6.134225569271977374e-07
6.263777386408641500e-07
6.208617394461135894e-07
6.339046725836614846e-07
6.283330051605828989e-07
6.414628737393173760e-07
6.358358549365612095e-07
6.490518190867852878e-07
6.433697866029082460e-07
6.566709826330317459e-07
6.509342950932907087e-07
6.643198355476075342e-07
6.585288725410093062e-07
6.719978462773499309e-07
6.661530084371766521e-07
6.797044807014929706e-07
6.738061897251191934e-07
6.874392022334130416e-07
6.814879009534288637e-07
6.952014719717819155e-07
6.891976243824963233e-07
7.029907488053417579e-07
6.969348401121899527e-07
7.108064895632805820e-07
7.046990262155632852e-07
7.186481491121677576e-07
7.124896588638349306e-07
7.265151805306580504e-07
7.203062124113675788e-07
7.344070351946823844e-07
7.281481595814761117e-07
7.423231629129317148e-07
7.360149715441237122e-07
7.502630120721136489e-07
7.439061180441720755e-07
7.582260297245123599e-07
7.518210675360186726e-07
7.662116617642344378e-07
7.597592872959585292e-07
7.742193529986544245e-07
7.677202435381803061e-07
7.822485473168841611e-07
7.757034015407901901e-07
7.902986877683115888e-07
7.837082257607399714e-07
7.983692167352269107e-07
7.917341799429652270e-07
8.064595760096624559e-07
7.997807272575129671e-07
8.145692069290342062e-07
8.078473304027494230e-07
8.226975505133573225e-07
8.159334517000041207e-07
8.308440475482515613e-07
8.240385532505247686e-07
8.390081387403355045e-07
8.321620970045628524e-07
8.471892648189813682e-07
8.403035449057328254e-07
8.553868666313206535e-07
8.484623589746320477e-07
8.636003852819465608e-07
8.566380014414125604e-07
8.718292622543306572e-07
8.648299348299121031e-07
8.800729394967180526e-07
8.730376220895715545e-07
8.883308595538663278e-07
8.812605266734549258e-07
8.966024656573290826e-07
8.894981126726654426e-07
9.048872018656029365e-07
8.977498448880186136e-07
9.131845131390024886e-07
9.060151889541300169e-07
9.214938454707349602e-07
9.142936114244730778e-07
9.298146459780128821e-07
9.225845798902121794e-07
9.381463630089698756e-07
9.308875630336217490e-07
9.464884462561809604e-07
9.392020308012221211e-07
9.548403468440221456e-07
9.475274543963891755e-07
9.632015174447232599e-07
9.558633064646432180e-07
9.715714123484653285e-07
9.642090611290803679e-07
9.799494875906428260e-07
9.725641941089770770e-07
9.883352010464612693e-07
9.809281827880616193e-07
9.967280124947497149e-07
9.893005063029776836e-07
1.005127383738984827e-06
9.976806456457958999e-07
1.013532778717828887e-06
1.006068083731438933e-06
1.021943663531258645e-06
1.014462305485657289e-06
1.030359506592939982e-06
1.022862797923235019e-06
1.038779778685599509e-06
1.031269050220359794e-06
1.047203953034337180e-06
1.039680553804766900e-06
1.055631505447252392e-06
1.048096802429474941e-06
1.064061914331730099e-06
1.056517292228366022e-06
1.072494660807605688e-06
1.064941521819901758e-06
1.080929228772183647e-06
1.073368992334889648e-06
1.089365105036104195e-06
1.081799207542395795e-06
1.097801779273485648e-06
1.090231673848320619e-06
1.106238744255279248e-06
1.098665900419662190e-06
1.114675495775944691e-06
1.107101399221054688e-06
1.123111532841736664e-06
1.115537685066010299e-06
1.131546357645758025e-06
1.123974275726710774e-06
1.139979475709647878e-06
1.132410691931204178e-06
1.148410395903379063e-06
1.140846457448832396e-06
1.156838630534448178e-06
1.149281099161393123e-06
1.165263695401643969e-06
1.157714147081761248e-06
1.173685109848635285e-06
1.166145134441324045e-06
1.182102396844563515e-06
1.174573597725496200e-06
1.190515083028696259e-06
1.182999076705406685e-06
1.198922698755131816e-06
1.191421114522365935e-06
1.207324778187098734e-06
1.199839257705013614e-06
1.215720859295957152e-06
1.208253056219978378e-06
1.224110483971738510e-06
1.216662063524072476e-06
1.232493198020203589e-06
1.225065836587784412e-06
1.240868551256751361e-06
1.233463935966474402e-06
1.249236097495768819e-06
1.241855925786060358e-06
1.257595394667030246e-06
1.250241373842319799e-06
1.265946004821781241e-06
1.258619851599491822e-06
1.274287494145800601e-06
1.266990934208167073e-06
1.282619433072218335e-06
1.275354200597327407e-06
1.290941396233553479e-06
1.283709233413200058e-06
1.299252962604615971e-06
1.292055619172331110e-06
1.307553715422153500e-06
1.300392948147874072e-06
1.315843242309010871e-06
1.308720814513708089e-06
1.324121135258271637e-06
1.317038816304295567e-06
1.332386990696542901e-06
1.325346555464347740e-06
1.340640409492506110e-06
1.333643637860418008e-06
1.348880996972109438e-06
1.341929673316667057e-06
1.357108362990313806e-06
1.350204275604436944e-06
1.365322121908305792e-06
1.358467062479755594e-06
1.373521892667425184e-06
1.366717655723715924e-06
1.381707298746344283e-06
1.374955681103966758e-06
1.389877968243309516e-06
1.383180768440351315e-06
1.398033533873650094e-06
1.391392551593035834e-06
1.406173632975225287e-06
1.399590668486145814e-06
1.414297907525555022e-06
1.407774761077928220e-06
1.422406004200098510e-06
1.415944475432515503e-06
1.430497574332147234e-06
1.424099461725338139e-06
1.438572273943772775e-06
1.432239374171118997e-06
1.446629763778331076e-06
1.440363871105084947e-06
1.454669709274677477e-06
1.448472614987038764e-06
1.462691780613224989e-06
1.456565272353469364e-06
1.470695652685015514e-06
1.464641513890778441e-06
1.478681005149918634e-06
1.472701014367472086e-06
1.486647522368874059e-06
1.480743452679721003e-06
1.494594893480321103e-06
1.488768511838052977e-06
1.502522812363651328e-06
1.496775878979725068e-06
1.510430977634196229e-06
1.504765245320080414e-06
1.518319092693267186e-06
1.512736306227049854e-06
1.526186865650501180e-06
1.520688761163496734e-06
1.534034009399787550e-06
1.528622313673037992e-06
1.541860241546312420e-06
1.536536671420593324e-06
1.549665284477620727e-06
1.544431546172331252e-06
1.557448865276450192e-06
1.552306653721577882e-06
1.565210715785087387e-06
1.560161714021076231e-06
1.572950572551726421e-06
1.567996451016272352e-06
1.580668176853537875e-06
1.575810592768607970e-06
1.588363274651188429e-06
1.583603871348494268e-06
1.596035616626737964e-06
1.591376022876653235e-06
1.603684958132305762e-06
1.599126787527693841e-06
1.611311059178281930e-06
1.606855909441956447e-06
1.618913684459596218e-06
1.614563136806231020e-06
1.626492603304216721e-06
1.622248221773856305e-06
1.634047589668749333e-06
1.629910920468005678e-06
1.641578422118542214e-06
1.637550993011947398e-06
1.649084883840987592e-06
1.645168203422467318e-06
1.656566762569320355e-06
1.652762319676510053e-06
1.664023850615021289e-06
1.660333113665781404e-06
1.671455944842190530e-06
1.667880361183905004e-06
1.678862846633568191e-06
1.675403841869488999e-06
1.686244361846075940e-06
1.682903339271136468e-06
1.693600300873918409e-06
1.690378640764532537e-06
1.700930478529194963e-06
1.697829537547300140e-06
1.708234714061172446e-06
1.705255824626004415e-06
1.715512831150937869e-06
1.712657300795500559e-06
1.722764657861055639e-06
1.720033768637184281e-06
1.729990026617787699e-06
1.727385034464122701e-06
1.737188774185393707e-06
1.734710908317410203e-06
1.744360741651701404e-06
1.742011203959262155e-06
1.751505774375930654e-06
1.749285738839138667e-06
1.758623721994003704e-06
1.756534334049461290e-06
1.765714438360441694e-06
1.763756814362900462e-06
1.772777781557895253e-06
1.770953008158260978e-06
1.779813613808816122e-06
1.778122747415153931e-06
1.786821801505667423e-06
1.785265867688408492e-06
1.793802215155899772e-06
1.792382208110471548e-06
1.800754729343252244e-06
1.799471611318450427e-06
1.807679222736878094e-06
1.806533923486368549e-06
1.814575577980051620e-06
1.813568994255939326e-06
1.821443681743541187e-06
1.820576676770232126e-06
1.828283424685365847e-06
1.827556827591852062e-06
1.835094701325739817e-06
1.834509306683234832e-06
1.841877410137011498e-06
1.841433977434163009e-06
1.848631453419824926e-06
1.848330706592708289e-06
1.855356737335723978e-06
1.855199364262019754e-06
1.862053171825200451e-06
1.862039823866434299e-06
1.868720670597145326e-06
1.868851962160413038e-06
1.875359151076664551e-06
1.875635659106574064e-06
1.881968534398138029e-06
1.882390798002879746e-06
1.888548745337159672e-06
1.889117265328306473e-06
1.895099712302904365e-06
1.895814950787340143e-06
1.901621367313671586e-06
1.902483747253567584e-06
1.908113645883308237e-06
1.909123550772938474e-06
1.914576487105568890e-06
1.915734260541213724e-06
1.921009833503984072e-06
1.922315778840763270e-06
1.927413631071646667e-06
1.928868011057139543e-06
1.933787829210364252e-06
1.935390865620737861e-06
1.940132380665116952e-06
1.941884254047972817e-06
1.946447241571239721e-06
1.948348090843644610e-06
1.952732371298788928e-06
1.954782293485309583e-06
1.958987732502245406e-06
1.961186782481662401e-06
1.965213291077887518e-06
1.967561481243657441e-06
1.971409016067298858e-06
1.973906316133438502e-06
1.977574879691758635e-06
1.980221216402550288e-06
1.983710857276328463e-06
1.986506114189434158e-06
1.989816927197707320e-06
1.992760944511070452e-06
1.995893070896057394e-06
1.998985645183177399e-06
2.001939272794394083e-06
2.005180156866253286e-06
2.007955520268808966e-06
2.011344423001703820e-06
2.013941803639154567e-06
2.017478389804062982e-06
2.019898116075608143e-06
2.023582006239822281e-06
2.025824453630654805e-06
2.029655224000942765e-06
2.031720815123714856e-06
2.035697997491623095e-06
2.037587202195653743e-06
2.041710283776033803e-06
2.043423619162986519e-06
2.047692042629338740e-06
2.049230073076695379e-06
2.053643236431322991e-06
2.055006573630941964e-06
2.059563830203536959e-06
2.060753133137799512e-06
2.065453791569707316e-06
2.066469766497054444e-06
2.071313090731776561e-06
2.072156491134751584e-06
2.077141700467456363e-06
2.077813327009149644e-06
2.082939596074893018e-06
2.083440296511166902e-06
2.088706755406386981e-06
2.089037424499921860e-06
2.094443158801403574e-06
2.094604738214703222e-06
2.100148789099384358e-06
2.100142267233314089e-06
2.105823631583061147e-06
2.105650043469363570e-06
2.111467674023025611e-06
2.111128101128607738e-06
2.117080906586212028e-06
2.116576476638292258e-06
2.122663321883500951e-06
2.121995208649428370e-06
2.128214914894132117e-06
2.127384337974669369e-06
2.133735682989212987e-06
2.132743907583196223e-06
2.139225625891718472e-06
2.138073962502242792e-06
2.144684745698919514e-06
2.143374549874781739e-06
2.150113046798379017e-06
2.148645718817268307e-06
2.155510535899823579e-06
2.153887520484286299e-06
2.160877222017330392e-06
2.159100007945500874e-06
2.166213116435398910e-06
2.164283236212016940e-06
2.171518232703309189e-06
2.169437262181331328e-06
2.176792586594708247e-06
2.174562144580393970e-06
2.182036196151016275e-06
2.179657943976431709e-06
2.187249081607111768e-06
2.184724722685105362e-06
2.192431265388408846e-06
2.189762544783245707e-06
2.197582772135488543e-06
2.194771476076650141e-06
2.202703628616969193e-06
2.199751583992975784e-06
2.207793863794499682e-06
2.204702937658701738e-06
2.212853508759936717e-06
2.209625607782484609e-06
2.217882596692005535e-06
2.214519666635497599e-06
2.222881162950322252e-06
2.219385188061467842e-06
2.227849244938379936e-06
2.224222247364478429e-06
2.232786882164088165e-06
2.229030921369371588e-06
2.237694116197996516e-06
2.233811288336395300e-06
2.242570990674288559e-06
2.238563427891663159e-06
2.247417551265078644e-06
2.243287421093518559e-06
2.252233845670393613e-06
2.247983350317851091e-06
2.257019923605822642e-06
2.252651299255956090e-06
2.261775836792564180e-06
2.257291352885372563e-06
2.266501638932846317e-06
2.261903597438237612e-06
2.271197385709614238e-06
2.266488120359806385e-06
2.275863134766723198e-06
2.271045010277160564e-06
2.280498945706461375e-06
2.275574356997784919e-06
2.285104880039759582e-06
2.280076251431550924e-06
2.289681001239385782e-06
2.284550785608365527e-06
2.294227374640170958e-06
2.288998052623217352e-06
2.298744067537161599e-06
2.293418146595627960e-06
2.303231149032272853e-06
2.297811162674543886e-06
2.307688690163840100e-06
2.302177196975145018e-06
2.312116763793252911e-06
2.306516346564452661e-06
2.316515444630511722e-06
2.310828709460061527e-06
2.320884809230921446e-06
