# -0.55J_-0.45g_0.5236theta_0.0phi_10Chi_0.01delta_500N
9.302495089377924020e-02
3.929489242816494869e-04
1.707208856299587718e-05
1.193869360043697097e-06
1.214627238618406583e-06
5.303322952390671864e-07
4.998309284821569097e-07
4.067241485232287063e-07
2.923383210623445697e-07
3.524860872411186704e-07
2.066078045268846389e-07
3.216891545647587070e-07
1.642933652280289470e-07
3.004792073774821222e-07
1.430279831664975804e-07
2.843175834236297788e-07
1.331211494131908004e-07
2.716878688000001871e-07
1.287697436781741781e-07
2.621317076375113309e-07
1.270607553614351922e-07
2.555664999839036352e-07
1.268791641214781236e-07
2.519643527098313431e-07
1.278537464332737966e-07
2.511479054111816551e-07
1.298744616147605719e-07
2.526551966096000610e-07
1.329191133178762320e-07
2.557127233962514187e-07
1.369620240516102074e-07
2.593663744690270258e-07
1.419043965417843805e-07
2.627432201222154355e-07
1.475243678154104008e-07
2.653639394907427094e-07
1.534590325869475714e-07
2.673184084212940540e-07
1.592410585373091445e-07
2.690878405311716969e-07
1.644068430859502701e-07
2.710661508525370881e-07
1.686617952642699940e-07
2.731855787802459608e-07
1.720215049138341253e-07
2.750616127302017461e-07
1.748190211653353474e-07
2.766844168311571061e-07
1.775689521280727891e-07
2.791109095212138141e-07
1.807555664811568751e-07
2.842688714332353011e-07
1.845076819149722236e-07
2.935071784547009109e-07
1.880832576820550265e-07
3.056023434204878669e-07
1.893335110129297126e-07
3.154688124062527613e-07
1.847783502099176220e-07
3.152434745170165875e-07
1.713267503388416364e-07
2.991878109868764104e-07
1.493807850191468558e-07
2.691358863154230444e-07
1.236520473882060121e-07
2.333443426655014763e-07
9.959178647094449595e-08
1.998705344878746529e-07
8.003480054848826137e-08
1.726424040050340770e-07
6.524680701288898592e-08
1.521284814744833413e-07
5.437168322396821042e-08
1.372951756738160189e-07
4.639964534401549106e-08
1.268630513700118265e-07
4.050742888542953719e-08
1.197820215681813136e-07
3.610086568776722165e-08
1.153104069462442970e-07
3.277047111753543944e-08
1.129583530829356641e-07
3.023884900435975650e-08
1.124067924078570134e-07
2.831999866243426355e-08
1.134373352426809707e-07
2.689152860794399327e-08
1.158802570880216077e-07
2.587615630431704049e-08
1.195798762787279071e-07
2.522863320341554720e-08
1.243755703911585214e-07
2.492498079957693055e-08
1.300972233536873340e-07
2.495224755457370596e-08
1.365751694260607435e-07
2.529908813896969003e-08
1.436645963241986312e-07
2.594834632689410144e-08
1.512826164597309194e-07
2.687270991842012143e-08
1.594490728065045751e-07
2.803390537213387108e-08
1.683072275835041915e-07
2.938464578584283128e-08
1.780720565008251436e-07
3.087175665825445795e-08
1.887962358393838666e-07
3.243957030353445506e-08
1.997073532102153526e-07
3.403328887955575357e-08
2.076775689068473268e-07
3.560245616063267464e-08
2.051817036605084028e-07
3.710566968281966097e-08
1.835599808812515340e-07
3.851883000426979491e-08
1.471367742757521881e-07
3.983879723743213804e-08
1.123914344619240475e-07
4.107659551903785918e-08
8.798080557451909469e-08
4.225770568878193611e-08
7.304254233113587798e-08
4.342489564557290692e-08
6.455912056769203058e-08
4.463696975929373886e-08
6.020371015408996515e-08
4.596542196991167299e-08
5.850877890717027486e-08
4.748961392048083125e-08
5.856897500665026266e-08
4.928948902664387056e-08
5.981581336352273902e-08
5.143435752419093903e-08
6.188843661726955414e-08
5.396724903394216471e-08
6.455640068681182888e-08
5.688727497281068255e-08
6.766922787486323205e-08
6.013683036168265473e-08
7.112319478596965054e-08
6.360381940836031145e-08
7.484054807519462507e-08
6.714687756566778235e-08
7.875756130755310231e-08
7.064127284143813358e-08
8.281889278286682723e-08
7.402798298227669329e-08
8.697665012162023261e-08
7.733978556673392003e-08
9.119318893577236235e-08
8.068807102773224955e-08
9.544666053287262765e-08
8.421923548221241588e-08
9.973721011568060890e-08
8.806799884144420821e-08
1.040912253218462067e-07
9.233021565729431720e-08
1.085611114555104507e-07
9.705892266050676718e-08
1.132194389420619477e-07
1.022742558544741764e-07
1.181486617896382553e-07
1.079764930477365553e-07
1.234296757062473097e-07
1.141569577581617845e-07
1.291326849552330559e-07
1.208048938207120182e-07
1.353122901127347193e-07
1.279110536746190931e-07
1.420068629846027823e-07
1.354690916332437301e-07
1.492408650139527960e-07
1.434757416805886907e-07
1.570284570804852146e-07
1.519302865659737203e-07
1.653771094821419905e-07
1.608341263789855460e-07
1.742904726689060999e-07
1.701902394424747757e-07
1.837702546866292646e-07
1.800027540956551742e-07
1.938171679442597743e-07
1.902766495118485644e-07
2.044312076208673641e-07
2.010175529725793468e-07
2.156116251425658374e-07
2.122316038751362895e-07
2.273569486178967564e-07
2.239253558209378266e-07
2.396652595092787536e-07
2.361056994092962497e-07
2.525347137346760342e-07
2.487797890606696982e-07
2.659641254551176469e-07
2.619549812173631624e-07
2.799534123343024682e-07
2.756387811436032366e-07
2.945038029994430507e-07
2.898387896995201026e-07
3.096178251769856688e-07
3.045626579886899155e-07
3.252991630445793067e-07
3.198180489501457364e-07
3.415524599111629871e-07
3.356126062823473181e-07
3.583831082558706623e-07
3.519539294324067561e-07
3.757970531773342028e-07
3.688495522533991576e-07
3.938006223486098285e-07
3.863069246941401999e-07
4.124003857517145634e-07
4.043333998328224506e-07
4.316030434473254588e-07
4.229362178875481105e-07
4.514153354494747183e-07
4.421224930552156244e-07
4.718439791798203331e-07
4.618992148676858152e-07
4.928956228254711682e-07
4.822732353511193224e-07
5.145768059011001687e-07
5.032512617780292277e-07
5.368938921235015018e-07
5.248398505983497568e-07
5.598529119355852642e-07
5.470454022539698740e-07
5.834596244768607796e-07
5.698741567358240807e-07
6.077196280621101389e-07
5.933321898312336448e-07
6.326383110859695494e-07
6.174254098887611382e-07
6.582208173582554698e-07
6.421595551180863469e-07
6.844720299723635840e-07
6.675401913397480504e-07
7.113965618517939042e-07
6.935727101293317862e-07
7.389987497853258044e-07
7.202623277380059793e-07
7.672826497820011454e-07
7.476140859839386748e-07
7.962520344909004522e-07
7.756328449869758771e-07
8.259103912732027521e-07
8.043232871169954241e-07
8.562609188850983570e-07
8.336899155804006393e-07
8.873065324733934152e-07
8.637370559774495925e-07
9.190498636105748527e-07
8.944688553202562395e-07
9.514932625661490197e-07
9.258892823303767082e-07
9.846388016646179429e-07
9.580021278455918947e-07
1.018488279572892653e-06
9.908110055011740513e-07
1.053043226504059792e-06
1.024319352397057687e-06
1.088304910230813984e-06
1.058530430015008962e-06
1.124274342973274601e-06
1.093447325156929184e-06
1.160952289089811772e-06
1.129072951014593050e-06
1.198339273541715983e-06
1.165410048320774044e-06
1.236435591111778458e-06
1.202461186560123561e-06
1.275241322692895246e-06
1.240228769827327642e-06
1.314756329425558008e-06
1.278715026304600262e-06
1.354980276022383450e-06
1.317922018818013545e-06
1.395912641835190429e-06
1.357851645308362752e-06
1.437552731393319920e-06
1.398505639404462947e-06
1.479899686896195940e-06
1.439885571885174880e-06
1.522952500987275271e-06
1.481992852191972044e-06
1.566710029681173762e-06
1.524828729968585059e-06
1.611171005498220002e-06
1.568394296598960023e-06
1.656334050497590335e-06
1.612690486763094563e-06
1.702197689269186399e-06
1.657718079989648166e-06
1.748760361765699556e-06
1.703477702218918080e-06
1.796020435763408932e-06
1.749969827363309478e-06
1.843976219004020304e-06
1.797194778873523515e-06
1.892625970829470851e-06
1.845152731277397873e-06
1.941967913208380446e-06
1.893843711741226923e-06
1.992000241159084723e-06
1.943267601615222677e-06
2.042721132340900209e-06
1.993424137938873385e-06
2.094128755930147005e-06
2.044312915009733262e-06
2.146221280546777974e-06
2.095933385856068670e-06
2.198996881279479843e-06
2.148284863759677674e-06
2.252453745705918802e-06
2.201366523757834037e-06
2.306590078941024675e-06
2.255177404099411818e-06
2.361404107675791398e-06
2.309716407751109009e-06
2.416894083107835685e-06
2.364982303838221351e-06
2.473058282895751482e-06
2.420973729105092311e-06
2.529895012125094723e-06
2.477689189371126715e-06
2.587402603194854226e-06
2.535127060947470295e-06
2.645579414825175045e-06
2.593285592095101525e-06
2.704423830128842330e-06
2.652162904430106283e-06
2.763934253793403450e-06
2.711756994348728208e-06
2.824109108544261650e-06
2.772065734446805330e-06
2.884946830808086317e-06
2.833086874939315978e-06
2.946445865735134501e-06
2.894818045051052296e-06
3.008604661677295751e-06
2.957256754438987190e-06
3.071421664148083976e-06
3.020400394618204740e-06
3.134895309345497616e-06
3.084246240352856210e-06
3.199024017369456688e-06
3.148791451090489632e-06
3.263806185190749999e-06
3.214033072361123353e-06
3.329240179426064759e-06
3.279968037223080455e-06
3.395324329031765402e-06
3.346593167689032244e-06
3.462056917955280958e-06
3.413905176161257470e-06
3.529436177873023604e-06
3.481900666894362340e-06
3.597460281025277675e-06
3.550576137420993675e-06
3.666127333208562679e-06
3.619927980058015954e-06
3.735435367015445565e-06
3.689952483373975990e-06
3.805382335354088147e-06
3.760645833666345752e-06
3.875966105251947413e-06
3.832004116462392755e-06
3.947184452098557380e-06
3.904023318070687765e-06
4.019035054149562592e-06
3.976699327090872416e-06
4.091515487570985419e-06
4.050027935940632189e-06
4.164623221828114642e-06
4.124004842455865738e-06
4.238355615549869627e-06
4.198625651421873127e-06
4.312709912836238123e-06
4.273885876208414865e-06
4.387683240047294633e-06
4.349780940353998096e-06
4.463272603037324443e-06
4.426306179144094649e-06
4.539474884789477335e-06
4.503456841329304165e-06
4.616286843601791480e-06
4.581228090735599313e-06
4.693705111637553296e-06
4.659615007891870792e-06
4.771726193843961633e-06
4.738612591794105538e-06
4.850346467443001687e-06
4.818215761496003631e-06
4.929562181671723513e-06
4.898419357940098358e-06
5.009369457868764754e-06
4.979218145524765473e-06
5.089764290087634678e-06
5.060606814015464102e-06
5.170742545794295788e-06
5.142579980154139154e-06
5.252299967114107277e-06
5.225132189455476658e-06
5.334432172168847059e-06
5.308257917994925941e-06
5.417134656803154646e-06
5.391951574145632165e-06
5.500402796510314769e-06
5.476207500465474962e-06
5.584231848513636706e-06
5.561019975337410417e-06
5.668616954142089474e-06
5.646383214922126805e-06
5.753553141413489740e-06
5.732291374843912049e-06
5.839035327590665140e-06
5.818738552097318115e-06
5.925058322025061627e-06
5.905718786828979514e-06
6.011616829227453042e-06
5.993226064169974269e-06
6.098705451705061038e-06
6.081254316066212137e-06
6.186318693236696905e-06
6.169797423105049305e-06
6.274450962002937101e-06
6.258849216333372607e-06
6.363096573895793529e-06
6.348403479109292327e-06
6.452249755764287987e-06
6.438453948924847832e-06
6.541904648826791316e-06
6.528994319247822270e-06
6.632055311963662383e-06
6.620018241305934464e-06
6.722695725162250514e-06
6.711519325998643098e-06
6.813819792797608254e-06
6.803491145595942439e-06
6.905421347103573944e-06
6.895927235648853626e-06
6.997494151463879271e-06
6.988821096747939603e-06
7.090031903790041277e-06
7.082166196372979437e-06
7.183028239779594868e-06
7.175955970589156879e-06
7.276476736210584267e-06
7.270183825953752700e-06
7.370370914208853690e-06
7.364843141214393240e-06
7.464704242426142920e-06
7.459927269075008219e-06
7.559470140144836598e-06
7.555429537967984600e-06
7.654661980461081853e-06
7.651343253810803657e-06
7.750273093257887497e-06
7.747661701672051442e-06
7.846296768250354012e-06
7.844378147590451683e-06
7.942726257902632243e-06
7.941485840169052100e-06
8.039554780329755793e-06
8.038978012321424326e-06
8.136775522089708944e-06
8.136847882942007800e-06
8.234381640982148877e-06
8.235088658550209184e-06
8.332366268706220577e-06
8.333693534906673367e-06
8.430722513586593451e-06
8.432655698690074968e-06
8.529443463062667553e-06
8.531968329041681221e-06
8.628522186308410906e-06
8.631624599215441615e-06
8.727951736551391724e-06
8.731617678071591581e-06
8.827725153682685120e-06
8.831940731724333168e-06
8.927835466382468411e-06
8.932586924951255516e-06
9.028275694574226239e-06
9.033549422795997429e-06
9.129038851568299577e-06
9.134821392018012019e-06
9.230117946241660646e-06
9.236396002581857311e-06
9.331505985137802459e-06
9.338266429081241581e-06
9.433195974567356814e-06
9.440425852169675560e-06
9.535180922587229127e-06
9.542867459995744352e-06
9.637453840931601461e-06
9.645584449521875048e-06
9.740007746924058589e-06
9.748570027968692231e-06
9.842835665297380678e-06
9.851817414074237481e-06
9.945930630044152730e-06
9.955319839442622012e-06
1.004928568607518564e-05
1.005907054984768830e-05
1.015289389097628963e-05
1.016306280648603779e-05
1.025674831664838585e-05
1.026728988720523036e-05
1.036084205084392247e-05
1.037174508777225849e-05
1.046516819882060999e-05
1.047642172302726207e-05
1.056971988474534275e-05
1.058131312806632861e-05
1.067449025322107744e-05
1.068641265943193360e-05
1.077947247069992298e-05
1.079171369614744734e-05
1.088465972682916391e-05
1.089720964094974741e-05
1.099004523582556288e-05
1.100289392122665883e-05
1.109562223774852916e-05
1.110875999019088414e-05
1.120138399976016982e-05
1.121480132783520076e-05
1.130732381734254736e-05
1.132101144195690160e-05
1.141343501549375618e-05
1.142738386914481372e-05
1.151971094983357510e-05
1.153391217575949339e-05
1.162614500775873554e-05
1.164058995881670682e-05
1.173273060948951039e-05
1.174741084692639159e-05
1.183946120905258391e-05
1.185436850117845834e-05
1.194633029539588432e-05
1.196145661598481600e-05
1.205333139326684854e-05
1.206866891996118226e-05
1.216045806417133804e-05
1.217599917665639416e-05
1.226770390729043168e-05
1.228344118544464380e-05
1.237506256034265959e-05
1.239098878220664872e-05
1.248252770042683306e-05
1.249863584012692159e-05
1.259009304479106072e-05
1.260637627039918949e-05
1.269775235171020521e-05
1.271420402288007628e-05
1.280549942114978249e-05
1.282211308683622974e-05
1.291332809548878931e-05
1.293009749153697356e-05
1.302123226027555811e-05
1.303815130691565715e-05
1.312920584484149847e-05
1.314626864415460130e-05
1.323724282297448323e-05
1.325444365627505157e-05
1.334533721350524090e-05
1.336267053866508481e-05
1.345348308086157783e-05
1.347094352972370314e-05
1.356167453573995333e-05
1.357925691123347428e-05
1.366990573550176742e-05
1.368760500895101682e-05
1.377817088480090047e-05
1.379598219312324988e-05
1.388646423597354146e-05
1.390438287876519957e-05
1.399478008959456664e-05
1.401280152628926994e-05
1.410311279480351509e-05
1.412123264179646818e-05
1.421145674982536153e-05
1.422967077751840500e-05
1.431980640232170293e-05
1.433811053219020599e-05
1.442815624967950528e-05
1.444654655135706808e-05
1.453650083954011124e-05
1.455497352778904654e-05
1.464483476993669665e-05
1.466338620170272511e-05
1.475315268974758731e-05
1.477177936114904874e-05
1.486144929883185541e-05
1.488014784219865947e-05
1.496971934845453344e-05
1.498848652929508541e-05
1.507795764139002169e-05
1.509679035540716607e-05
1.518615903221999310e-05
1.520505430230855965e-05
1.529431842755995090e-05
1.531327340075844056e-05
1.540243078616258351e-05
1.542144273075248719e-05
1.551049111913994303e-05
1.552955742156610596e-05
1.561849449010532491e-05
1.563761265202613239e-05
1.572643601527629769e-05
1.574560365062502304e-05
1.583431086364709789e-05
1.585352569561103396e-05
1.594211425703605031e-05
1.596137411510981739e-05
1.604984147016720169e-05
1.606914428724826139e-05
1.615748783072622487e-05
1.617683164019561153e-05
1.626504871948606428e-05
1.628443165225791173e-05
1.637251957019143452e-05
1.639193985186809395e-05
1.647989586970812517e-05
1.649935181772522365e-05
1.658717315799192483e-05
1.660666317872200391e-05
1.669434702801920849e-05
1.671386961397783004e-05
1.680141312581074928e-05
1.682096685288974713e-05
1.690836715037646488e-05
1.692795067500841048e-05
1.701520485364994858e-05
1.703481691011639215e-05
1.712192204047146768e-05
1.714156143812185798e-05
1.722851456839186518e-05
1.724818018903655827e-05
1.733497834770854852e-05
1.735466914289213080e-05
1.744130934126884242e-05
1.746102432968254660e-05
1.754750356441202132e-05
1.756724182924597596e-05
1.765355708477247586e-05
1.767331777124156960e-05
1.775946602220161306e-05
1.777924833490800678e-05
1.786522654860303391e-05
1.788502974911790878e-05
1.797083488772356348e-05
1.799065829207571572e-05
1.807628731504692127e-05
1.809613029136464613e-05
1.818158015752171516e-05
1.820144212359754991e-05
1.828670979352100406e-05
1.830659021450326511e-05
1.839167265245877160e-05
1.841157103848338583e-05
1.849646521470146195e-05
1.851638111869546125e-05
1.860108401130681588e-05
1.862101702675053030e-05
1.870552562382697285e-05
1.872547538254136032e-05
1.880978668399631908e-05
1.882975285403357552e-05
1.891386387360052604e-05
1.893384615711612856e-05
1.901775392412589577e-05
1.903775205533970289e-05
1.912145361657235297e-05
1.914146735973911025e-05
1.922495978113525196e-05
1.924498892859393277e-05
1.932826929692259643e-05
1.934831366723747291e-05
1.943137909181959550e-05
1.945143852777203868e-05
1.953428614201861802e-05
1.955436050885073091e-05
1.963698747179183198e-05
1.965707665542423130e-05
1.973948015327196530e-05
1.975958405855639992e-05
1.984176130609547115e-05
1.986187985505702885e-05
1.994382809706655066e-05
1.996396122734479223e-05
2.004567773984565823e-05
2.006582540310300868e-05
2.014730749478003399e-05
2.016746965503261942e-05
2.024871466840290059e-05
2.026889130056885231e-05
2.034989661313983759e-05
2.037008770164890450e-05
2.045085072716668320e-05
2.047105626439905515e-05
2.055157445378378358e-05
2.057179443886239184e-05
2.065206528138240294e-05
2.067229971870634700e-05
2.075232074286480750e-05
2.077256964090602620e-05
2.085233841548481321e-05
2.087260178556246871e-05
2.095211592042557037e-05
2.097239377544599855e-05
2.105165092240541541e-05
2.107194327584156637e-05
2.115094112949116118e-05
2.117124799413838240e-05
2.124998429256221306e-05
2.127030567963184279e-05
2.134877820513741170e-05
2.136911412313752319e-05
2.144732070287548348e-05
2.146767115673549678e-05
2.154560966332737826e-05
2.156597465337645715e-05
2.164364300552675265e-05
2.166402252675742808e-05
2.174141868971079134e-05
2.176181273078344022e-05
2.183893471684163689e-05
2.185934325943798929e-05
2.193618912834027228e-05
2.195661214629391174e-05
2.203318000570514605e-05
2.205361746442379588e-05
2.212990547021745222e-05
2.215035732584573765e-05
2.222636368246122860e-05
2.224682988141769868e-05
2.232255284206732576e-05
2.234303332035422320e-05
2.241847118729872008e-05
2.243896586996863170e-05
2.251411699475186346e-05
2.253462579538386418e-05
2.260948857892881649e-05
2.263001139922386204e-05
2.270458429194849832e-05
2.272512102116392229e-05
2.279940252313297880e-05
2.281995303782644141e-05
2.289394169870002249e-05
2.291450586220028775e-05
2.298820028137347720e-05
2.300877794358932907e-05
2.308217677006972951e-05
2.310276776704174917e-05
2.317586969945217222e-05
2.319647385327498382e-05
2.326927763975972081e-05
2.328989475809578781e-05
2.336239919621648910e-05
2.338302907231228580e-05
2.345523300886292138e-05
2.347587542128275450e-05
2.354777775219512237e-05
2.356843246458936931e-05
2.364003213469990727e-05
2.366069889580896666e-05
2.373199489857847594e-05
2.375267344211452863e-05
2.382366481945473878e-05
2.384435486400465751e-05
2.391504070597871894e-05
2.393574195494742557e-05
2.400612139944957864e-05
2.402683354105334919e-05
2.409690577355349297e-05
2.411762848086040177e-05
2.418739273393149365e-05
2.420812566488115595e-05
2.427758121792330934e-05
2.429832401541424434e-05
2.436747019422726840e-05
2.438822248606418324e-05
2.445705866250755335e-05
2.447782006165182775e-05
2.454634565312076853e-05
2.456711575774552208e-05
2.463533022674553258e-05
2.465610862032775142e-05
2.472401147408867658e-05
2.474479772559174561e-05
2.481238851555829611e-05
2.483318217961984721e-05
2.490046050085645380e-05
2.492126111798829944e-05
2.498822660879259145e-05
2.500903370556071585e-05
2.507568604688360857e-05
2.509649913609911939e-05
2.516283805099500499e-05
2.518365663201365775e-05
2.524968188518467784e-05
2.527050544407261653e-05
2.533621684112059990e-05
2.535704485099801183e-05
2.542244223811712011e-05
2.544327415933278226e-05
2.550835742246533315e-05
2.552919270300504131e-05
2.559396176744645242e-05
2.561479984304991175e-05
2.567925467269992687e-05
2.570009496741321387e-05
2.576423556426757475e-05
2.578507749046976121e-05
2.584890389405158760e-05
2.586974685296826280e-05
2.593325913953681186e-05
2.595410252155691693e-05
2.601730080361093053e-05
2.603814398850031917e-05
2.610102841417157203e-05
2.612187077153121809e-05
2.618444152385223408e-05
2.620528241344338374e-05
2.626753970973185300e-05
2.628837848179753142e-05
2.635032257308479010e-05
2.637115856870926185e-05
2.643278973901831512e-05
2.645362229056298092e-05
2.651494085629218486e-05
2.653576928762954218e-05
2.659677559689585511e-05
2.661759922390099758e-05
2.667829365590018890e-05
2.669911178675695785e-05
2.675949475114120494e-05
2.678030668672982218e-05
2.684037862288660408e-05
2.686118365718407456e-05
2.692094503361204422e-05
2.694174245401496025e-05
2.700119376774500770e-05
2.702198285549524742e-05
2.708112463135151771e-05
2.710190466188056396e-05
2.716073745189599765e-05
2.718150769523194069e-05
2.724003207795318510e-05
2.726079179909119448e-05
2.731900837899426949e-05
2.733975683823923586e-05
2.739766624503509567e-05
2.741840269842880638e-05
2.747600558652679833e-05
2.749672928610001789e-05
2.755402633387270532e-05
2.757473652822308897e-05
2.763172843739939954e-05
2.765242437185124030e-05
2.770911186696602331e-05
2.772979278405195288e-05
2.778617661177339106e-05
2.780684175158450592e-05
2.786292268008107014e-05
2.788357128060443016e-05
2.793935009896303552e-05
2.795998139642314021e-05
2.801545891412626926e-05
2.803607214334764204e-05
2.809124918955310246e-05
2.811184358429718962e-05
2.816672100732447683e-05
2.818729580064805083e-05
2.824187446740682441e-05
2.826242889204782434e-05
2.831670968738267717e-05
2.833724297596689495e-05
2.839122680216949276e-05
2.841173818763223296e-05
2.846542596388978066e-05
2.848591467978974035e-05
2.853930734153083885e-05
2.855977262234844281e-05
2.861287112080104620e-05
2.863331220225054128e-05
2.868611750384577103e-05
2.870653362316973612e-05
2.875904670903547055e-05
2.877943710535841895e-05
2.883165897074087478e-05
2.885202288527836294e-05
2.890395453916251269e-05
2.892429121558704486e-05
2.897593368001427085e-05
2.899624236466279506e-05
2.904759667432683777e-05
2.906787661658225284e-05
2.911894381833107418e-05
2.913919427075781264e-05
2.918997542313619479e-05
2.921019564180069605e-05
2.926069181448939384e-05
2.928088105930603925e-05
2.933109333271821640e-05
2.935125086754390892e-05
2.940118033232935610e-05
2.942130542535247788e-05
2.947095318196671349e-05
2.949104510577622336e-05
2.954041226407079049e-05
2.956047029608292533e-05
2.960955797479785975e-05
2.962958139730500153e-05
2.967839072369996242e-05
2.969837882418086564e-05
2.974691093358369413e-05
2.976686300492879325e-05
2.981511904033333778e-05
2.983503438097820574e-05
2.988301549265311480e-05
2.990289340678735486e-05
2.995060075191844956e-05
2.997044054971283566e-05
3.001787529193467675e-05
3.003767628976002684e-05
3.008483959880432491e-05
3.010460111928295652e-05
3.015149417065703826e-05
3.017121554296807979e-05
3.021783951757143284e-05
3.023752007749784410e-05
3.028387616124331708e-05
3.030351525145841339e-05
3.034960463492893045e-05
3.036920160498513406e-05
3.041502548318336947e-05
3.043457968981535589e-05
3.048013926170327684e-05
3.049965006890273056e-05
3.054494653716105328e-05
3.056441331624998694e-05
3.060944788698312131e-05
3.062887001682430241e-05
3.067364389919253971e-05
3.069302076627976740e-05
3.073753517221481280e-05
3.075686617079762480e-05
3.080112231477353591e-05
3.082040684690731902e-05
3.086440594562500308e-05
3.088364342135577510e-05
3.092738669341498392e-05
3.094657653083100843e-05
3.099006519655961046e-05
3.100920682189220733e-05
3.105244210295712842e-05
3.107153495063903097e-05
3.111451806997015025e-05
3.113356158278431877e-05
3.117629376414307130e-05
3.119528739320512220e-05
3.123776986106050017e-05
3.125671306599158881e-05
3.129894704529149682e-05
3.131783929414137303e-05
3.135982601003947694e-05
3.137866677948774002e-05
3.142040745708894370e-05
3.143919623242209127e-05
3.148069209670370831e-05
3.149942837184453845e-05
3.154068064732848365e-05
3.155936392499624518e-05
3.160037383557644312e-05
3.161900362716408354e-05
3.165977239592367886e-05
3.167834822161838055e-05
3.171887707070106347e-05
3.173739845957532343e-05
3.177768860989008798e-05
3.179615509975907073e-05
3.183620777091507450e-05
3.185461890849524438e-05
3.189443531852118312e-05
3.191279065945499703e-05
3.195237202472304787e-05
3.197067113346848858e-05
3.201001866856516802e-05
3.202826111848483174e-05
3.206737603591054285e-05
3.208556140933909693e-05
3.212444491948229151e-05
3.214257280759586871e-05
3.218122611859834870e-05
3.219929612146894029e-05
3.223772043901582747e-05
