# -0.55J_-0.45g_0.41888theta_0.41888phi_10Chi_0.01delta_500N
-5.563047404512941885e-01
-6.516935777691765797e-01
-3.174464457664191719e-01
3.445429815074525504e-01
1.746909435860080628e-01
-1.968436215064408024e-01
5.234553705538100288e-02
3.836610598798351202e-01
1.776634637622561408e-01
2.668483032706454525e-02
-5.715521451943648135e-01
-9.278951078220359916e-01
-4.459015104425971265e-01
-5.189669473414363354e-01
8.027562867211807118e-01
2.308144773962320928e-01
-1.075148414850065404e+00
-1.134892483954087483e+00
-1.430574581476408813e+00
-3.528211827662932065e-01
4.232908771535309200e-01
7.816064019141759633e-01
1.065827995420385310e+00
1.243836608336208738e-01
1.641273557539244754e+00
-1.781748196708412779e+00
-3.285322748129685388e-01
1.022390638207818503e+00
-2.398252475810161710e-01
-5.138330060320385195e-01
2.820003451704506947e-01
-2.153558742709358043e-01
2.019700020697373644e-02
-3.717244834297366740e+00
1.602543065861549376e+00
1.968745758447269845e+00
-6.143995597161642230e+00
-5.688807471176953179e+00
-4.929220358096487509e+00
-3.946407057867150625e-01
2.968579681759537237e-01
1.635386051466764801e-01
-1.859596239001119589e+00
-3.846309412350014667e-01
-1.151398619894458619e+01
9.629705279251291827e+00
3.974033476373335816e+00
2.017420132513562336e+00
6.108023138649652850e+00
1.010272275389427626e-01
1.946991119683930127e-01
-4.131571770412766353e-01
-1.758994641256797831e+00
-2.287221048577477323e+00
-8.462463020865012453e+00
1.125594227698191219e+01
2.499267665865914534e+00
-9.745508796865635093e-01
2.828126722947226668e+00
-5.269251968927822105e+00
-2.559606369292622211e-02
5.502823257014251013e-01
-4.199763681894659317e-01
7.599783868023945566e+00
-7.325864285179534363e+00
2.121814404572941903e+00
2.450270191637626027e+01
1.397434862050307380e+01
1.148281734429378176e+01
-6.303862593692277194e+00
-3.219442795089441089e-01
1.172668816931502933e+00
5.522834586045782812e-01
8.586181497347025626e+00
-1.314770519257714732e+01
3.417884338975713199e+00
2.410316623996226326e+01
3.870541228904996700e+01
3.196856444369520034e+01
-6.901029707817724734e+00
1.607862251336232562e-01
-1.107564909604372927e+00
1.758621711771959917e-01
-7.711545022350259515e+00
1.060617097080768545e+01
-7.883568296370060402e-01
-1.876414475702287987e+01
-3.022747708028176916e+01
-3.297933245579599060e+01
2.184389267745042940e+00
2.745728436583309839e-02
-2.177788179328992713e-01
4.893264619789456926e-01
-9.855934464480322621e-01
4.551086892796238903e-01
6.549365199548746297e+00
4.222169452082706442e+00
5.212076598049540266e+00
3.021372822148003401e+00
-3.073599341385851957e+01
-5.674264766739034460e-01
-8.530211845223668182e-03
7.170889733180701997e-01
3.825367925770985222e-02
-4.290025012691669470e-01
-1.463855206546302579e-01
-3.445521555181004780e-01
-1.573813340566830032e-01
1.421261134513716606e-01
-8.962880245948225133e-02
-1.427609467902816176e-01
-4.782809701285141712e-01
6.158596599228378654e-01
-1.665569670894306853e+00
8.207274083210545079e-01
1.009940862261558436e+00
-1.855317679455371072e-01
9.029286327189717243e-01
8.532400866068319267e-01
-4.245000512124655345e-02
-7.060637333608258404e-01
-2.616442485035150867e-01
1.510986865202262885e+00
2.253082597442274126e-01
6.681786298482813580e-01
9.250392681221142333e-01
1.909289422484696797e+00
-4.212992845899114769e-02
-1.206573304852218032e+00
5.275754295985819464e-01
1.573861696531663745e-01
-1.493204499190163181e+00
6.409357454863591208e-01
-1.050793414469484510e+01
4.862638007705230692e+00
5.697026517410316515e+00
-7.140894095651654894e+00
4.011244669653531325e+00
6.649079604797783816e+00
2.181206312708543482e+00
-4.238338297763078466e-01
7.545827476143525114e-01
-7.514128084069301439e-01
2.572261108895592230e+00
-6.689466797282196175e+00
-6.114875978135754231e+00
-6.292898523707529002e+00
1.263011233263144018e+00
9.077371646096967783e-01
5.078887305640108707e+00
1.352747070647633831e-01
-9.618834058655275632e-01
1.061570952379002675e+00
-5.260976285565960531e+00
5.835864731257538018e+00
7.636983538687290185e+00
-6.838471263066494554e-01
1.955955099406853082e+00
2.575642180076926024e+00
-8.806334940011911527e+00
2.696877007732153553e-01
4.303222456437624799e-01
1.450945549690734637e+00
1.871075483055892263e+01
3.109815392438583626e+00
-2.216958766040626472e+00
5.380755733172486543e+01
-1.139301076667134538e+01
-2.892618353963805333e+01
-1.856918207412774535e+01
1.345174043214584503e-01
-5.131285923205387567e-01
3.831876574850244244e-01
-2.000995372513765247e+00
-2.433729145851854625e+00
-5.347582077603352246e-01
-1.223056492844153631e+00
1.200226208188071553e+01
-6.203906992802620479e+00
1.025577730328013892e+01
1.355792705526960851e-01
6.776421141657253955e-01
9.490529983628369637e-01
1.178397413381448899e+01
1.666663621494723024e+00
-1.498678766806438578e-01
3.444957323995434706e+01
-2.199559643469322978e+00
-3.030059587558090684e+01
-3.561543425832859988e+00
-5.784699711466517735e-02
-3.301774500956774355e-02
-3.039351554409513434e-01
-9.681019142602123040e-01
2.371516631987209855e+00
1.097240624697935552e+01
-6.271593846790286086e+00
4.113374936964767636e-01
1.069888508341385069e+01
-8.082170793558955779e+01
-6.566931602122526579e-01
5.934347879016967919e-01
-3.679537063169773248e-01
-3.281510013436694795e-01
1.602123201581336642e-01
-1.639297395323653372e-01
2.639742042497475460e-01
-2.013310033962158185e-01
1.646014749694208468e-01
-3.043545847109975413e-03
6.538304696187490217e-01
-1.322710231265373126e+00
2.705132559017629501e-01
-1.072853110476562843e+00
-2.671994702657187748e-01
-1.354360262577193552e+00
1.072981318212559376e+00
-1.075667605633357171e+00
7.008832041181553008e-01
-3.544648464550424483e-01
2.505037575343078138e-01
1.564097070600646566e-02
3.877783638259278964e-01
1.176490160103401683e+00
1.272252192292173234e+00
4.420997916052570864e-01
-3.516223071888039953e-01
-1.224065563907286380e+00
1.394404508331848369e+00
1.498561966700287185e+00
-3.846817833958210975e-01
-1.387149497627311101e+00
-8.528152085778459845e-01
-9.706468900287454460e+00
-3.728679284006975791e+00
-8.377894311307018782e+00
1.058944877601644574e+00
-1.118876001725308683e-01
-3.830688125792725884e+00
2.220630548327392617e+01
6.472600913635395692e-02
-7.243313184741138056e-01
-8.357808564797746254e-01
-5.600727645126049481e+00
-7.059957466776436874e+00
-2.601104232781946024e+00
-8.559576870685751127e-01
1.013763274900367328e+01
-8.771411537504466338e+00
6.316823687597820758e+00
1.396823756625017177e-01
1.375804003074364790e+00
3.921204222248397819e-01
7.423684547785062371e+00
2.268204559720868208e+00
8.902284818559568436e+00
-1.281821870327139790e+00
-1.042511116816380090e+00
2.809173538461709807e+00
-2.398992675272233654e+01
-2.143439012600404092e-01
-9.713414399941204813e-01
1.473636385644307434e-01
4.314170743322487844e+00
5.841676603530353340e+00
1.440665931382910658e+00
1.662204696774571389e+01
-1.909368619325980276e+01
2.389720029866556672e+01
-5.131446614714580079e+01
1.533030458049544076e-01
6.306374506370783228e-01
-9.375725976695081787e-01
-5.762766292411978242e+00
-1.637915226387823608e+01
-1.310667548440845653e+00
-9.898223015741850261e+00
4.664031901765177679e+01
-3.032846492182412845e+01
2.305940371586196136e+01
1.443932466236842460e-01
5.987592691132126443e-01
-1.045231015865300650e+00
-7.009228319618349801e+00
-1.321761638669146954e+01
-7.978704587898014511e-01
-1.774716826107191281e+01
3.592482335128310211e+01
-4.137479062891438275e+01
3.183173166256107223e+01
1.557851123459076843e-02
-4.438457487416739289e-01
-1.454126058994970050e+00
2.170580050012504003e+01
-3.738185352174175691e+00
3.505583074337151572e+01
2.943713696739267860e+01
6.210995430316172516e+00
1.768518951863145006e+01
-3.628965136225544938e+02
