# -0.05J_-0.95g_0.73304theta_0.73304phi_10Chi_0.01delta_500N
-5.773527068853042676e-01
6.927342537021984326e-01
-4.318393311962092640e-01
1.223666862612720653e-02
-1.372440441086738086e-02
-1.224293440857462511e-03
1.213233554674126441e-02
6.018173467336795923e-03
-7.442223432333880916e-03
5.189650316514802809e-05
7.901758606517994554e-01
-1.467959417620516183e+00
6.779816763084669518e-01
2.635755718872756148e+01
-2.221307314712974446e+01
-2.631761293747081609e+01
5.338643184911055073e+01
2.210050234597645513e+01
-4.338112676202359097e+01
6.431556680682916083e-01
-1.674239495202120287e-01
9.062771587887119562e-01
1.781483974243682489e-01
1.727055019243795897e+01
5.705084537660500388e+01
-3.442988067774836480e+01
-1.850175081295234891e+00
-4.339786342772877248e+01
-2.208898265369045788e+01
6.732815876778425190e-01
-8.788127045384206337e-04
2.895863003492859278e+01
3.852447827757627863e+01
5.168349817435409022e+03
5.713906796524447600e+03
-6.154632658256561626e+03
1.629945534671020141e+04
-4.158907041203057815e+03
-9.501018438798022544e+03
6.226725979746881058e+04
1.791051773230396826e-02
4.703041593866537085e+01
1.472731166651140677e+00
-2.924864073289399130e+03
5.625402699261395355e+03
1.456721449661617953e+04
2.471961414544810793e+02
-4.740809759883525658e+03
4.545813384056556060e+03
2.827872756778923795e+05
-7.268534100622111443e-03
-1.743506283450562933e+01
5.434161873687540378e+01
1.840408881700710845e+04
4.056275481235547886e+03
-6.253529798588525591e+04
7.413657161324248591e+04
-4.069984543008369201e+03
-3.862980200965474796e+04
-1.546498636876412900e+06
8.941006070267324551e-03
3.383585463108158820e+01
-6.761917979382737087e+00
-1.386929897830770415e+03
-1.277151047276784993e+04
-6.538338889093181933e+04
-7.503458665680384729e+04
9.735916841094089250e+03
1.317060019152852146e+04
-2.042919612446334446e+06
5.767224411102977663e-03
4.459032099183633591e+01
1.547918649279581516e+01
3.471981453236617199e+02
6.169701383214552152e+03
4.300697273016302461e+03
8.180604165954741802e+03
-6.947096348261156891e+03
-2.151719700826312419e+03
1.174109283143619978e+05
-7.131198232873000448e-03
-1.544328734490846777e+01
4.453337135798324908e+01
1.053747184243388983e+04
2.523370074585067869e+03
-2.317650688003768300e+04
3.562443591981160716e+04
-2.195712768432892972e+03
-3.193492828237686263e+04
-2.770060329846810782e+05
1.774145746236529739e-04
2.638647332911134846e-01
-1.570908267617976861e+00
2.623083327440110734e+05
-2.428003656577176007e+05
-2.318453785606159363e+06
8.785911949759067502e+05
1.282642952997719840e+05
-7.309731928230385529e+05
-1.309893261022356600e+08
-5.773505909791969426e-01
-7.203518678386656715e-01
-3.840072664860622598e-01
5.767364631645273930e-03
1.745954468617571739e-02
1.111908260646512873e-02
-5.005882312909038651e-03
6.018135273003336061e-03
-7.442251026092834912e-03
-6.022928898459763494e-04
-2.500941678772415910e-01
-4.017450582167228501e-01
2.906947053442437423e-01
4.723712657941447191e+01
-5.215509949243935850e+00
-4.321699371506738885e+01
-2.467253615668001387e+01
2.653359707548511537e+01
4.082016541427682910e+01
3.053370386683646132e+00
7.680260481305596354e-01
1.293572326362274705e+00
1.244367972802504996e+00
3.426791722250996486e+01
3.617138533349864815e+01
4.362976440417282475e+01
-1.874974161796051320e+01
4.083843181334707140e+01
-2.652493701428279493e+01
-2.036266049837335057e+00
-1.507158381629644488e-02
9.818565258791270622e+00
5.808118484420336358e+01
6.718811855538579948e+03
3.819881198189529641e+03
-2.469673381189446445e+03
1.243956237707883338e+04
6.184999012161286373e+03
8.141538622598059192e+02
1.038741673178897618e+05
-9.716388369965299129e-03
2.747361124234307539e+01
-1.766763778772338966e+01
-4.818929181241823244e+03
4.074881596012410228e+03
1.842758160196255267e+04
3.931658830073205991e+03
-1.231505987375502173e+03
-1.050090092503692540e+04
2.939053681318940362e+05
1.137742314452130574e-02
-4.761204685530307756e+01
-1.641323508526994246e+01
1.653734844507201342e+04
-2.472888616257236663e+03
-7.574374267640948528e+04
7.291495504626847105e+04
1.046429311546866666e+04
3.073974392707371589e+04
-1.689942266392651247e+06
1.824259628317325636e-03
-3.691875541008459294e+01
2.341531810301157179e+01
5.140587960036244112e+03
-1.463690162280844925e+04
-6.658849165190898930e+04
-6.181766670443366456e+04
-1.339887440726544128e+03
2.687297126832901631e+04
-1.859519325482735410e+06
5.767156639870363137e-03
-8.889795552553874103e+00
-4.635595391462253190e+01
-5.516850167125186090e+03
-2.784071039364675471e+03
4.933049423823963480e+03
-7.813655720685857887e+03
-6.947141086478798570e+03
-2.152150835668541276e+03
-1.401125699101718237e+04
-7.131200524177538046e-03
4.628853847934165344e+01
-8.892561845004198773e+00
-7.454462491342080284e+03
7.864337816197100437e+03
4.245337163751298795e+04
2.275243016305384572e+03
-2.196128751887694307e+03
-3.193524507057023220e+04
9.523779117740347283e+05
-5.422665923098601371e-04
3.391064692550001869e+00
-6.799666970361847307e-01
1.176751501038344577e+05
-2.498466001772227755e+05
-1.772916773742647143e+06
5.651765418896584306e+05
-4.099086141018489434e+04
8.650123773046941496e+05
-1.368595750206377208e+08
-5.773527142423471314e-01
2.761497489293346375e-02
8.158451808501365754e-01
-1.800405491934063684e-02
-3.735032230647934888e-03
-9.894730048469999734e-03
-7.126394572255272120e-03
6.018192982338638718e-03
-7.442185843428278207e-03
5.517631607071077056e-04
-5.400826214842283646e-01
-5.994533476055715626e-01
1.407710393135399141e+00
5.151772257118211229e+01
-3.179650733986097322e+01
3.283356603779408545e+01
-2.784637933806307086e-01
-4.863366416229020217e+01
2.561095413669034926e+00
-4.991783736535458926e-01
-6.005992214740399904e-01
1.765493645082742424e-01
1.046651245810161557e+00
7.686807578515812089e+00
3.189080385249941330e+01
1.923541066767731067e+01
5.730136242660601908e+01
2.559321899281160828e+00
4.861389041492055441e+01
-2.777359440665658763e+00
1.595036882057223465e-02
2.451881723676393676e+00
3.172673611718742848e+01
4.303267008291973980e+03
3.424123144897508155e+03
-9.688406464591550957e+02
1.756055668775684899e+04
-2.026100589279938276e+03
8.686972024927550592e+03
9.430931764327638666e+04
-8.194109047083900782e-03
5.382797455709735601e+01
-2.503425864111958532e+01
-5.214701430832756159e+03
6.490430390204116520e+03
1.330646696585266909e+04
5.432033426460514420e+03
5.972123882191619487e+03
5.955009234857034244e+03
2.526803197100384859e+05
-4.108824510354616710e-03
2.875176557416413203e+01
-7.169857114535567177e+00
1.181625547596025353e+04
2.408268309831499664e+03
-6.808334991031538812e+04
6.208332925668187090e+04
-6.393964042361504653e+03
7.891116413418151751e+03
-1.773522771291082259e+06
-1.076525360008285560e-02
-2.767546948708547561e+01
-5.294870857440250234e+01
2.614100903967118938e+02
-1.935714891090367746e+04
-7.742918312625115504e+04
-6.947113656662080029e+04
-8.395102612317050443e+03
-4.004297100170794874e+04
-2.087827792129160371e+06
5.767146247058144680e-03
-3.570050308762337465e+01
3.087678111037821438e+01
5.169528578052940247e+03
-3.385684719791616772e+03
-9.233475855098291504e+03
-3.677622116046177325e+02
-6.947074173919838358e+03
-2.151738746336633085e+03
-1.034495869249242678e+05
-7.131253750540106351e-03
-3.084545141543278746e+01
-3.564109110441606987e+01
-3.083260770374041840e+03
-1.038788366935315025e+04
-1.927673569760404280e+04
-3.790090221031861438e+04
-2.195891678483798842e+03
-3.193566749102346512e+04
-6.833099093642079970e+05
3.646352323793706097e-04
1.054563963966482110e+00
1.581259830801062805e+00
1.841010795087579463e+05
-1.207657618316781591e+05
-1.772938195979340933e+06
1.196426180778242182e+06
-8.728517103581811534e+04
-1.324686662481562817e+05
-1.303057073620345891e+08
