# -0.5J_-0.5g_0.2618theta_0.2618phi_10Chi_0.01delta_500N
8.008608202322547998e-02
1.728096505390151858e-04
9.966106577234551682e-06
1.164109692880309491e-06
1.918477337019182794e-07
5.316057751457646362e-07
1.440860252396491742e-07
4.403796725876560051e-07
1.302018537487225575e-07
3.957581253807185650e-07
1.235151437760244222e-07
3.654075045930373458e-07
1.202413052995410711e-07
3.402340828133367135e-07
1.191655238900182414e-07
3.173443181561533311e-07
1.199435131540961104e-07
2.960405809252418639e-07
1.226345363207797650e-07
2.765771593442282308e-07
1.275364697957697641e-07
2.596012484940475797e-07
1.351084183759068978e-07
2.458716892717064144e-07
1.459048879067041906e-07
2.361633700314660438e-07
1.604583332737957605e-07
2.311650197266797647e-07
1.790160513191437432e-07
2.311793132897010494e-07
2.009903610414954172e-07
2.356536362379134795e-07
2.240868362806509477e-07
2.429645018084199133e-07
2.436188639117177418e-07
2.509293055787577120e-07
2.533999697670646454e-07
2.579325580975331926e-07
2.492337981614060212e-07
2.639473874705468947e-07
2.327557413484895079e-07
2.707591417301508490e-07
2.111310842900616418e-07
2.812672383361850637e-07
1.922809517230709532e-07
2.980534847815868780e-07
1.802519529902871062e-07
3.206284361217825566e-07
1.740609491391502678e-07
3.400768644891432279e-07
1.694061250394707611e-07
3.360939229547892231e-07
1.611224894536048363e-07
2.947176179332381565e-07
1.459396811659301572e-07
2.328929144638772217e-07
1.249166646187038392e-07
1.774777934603334088e-07
1.024462740314396703e-07
1.378869638349980324e-07
8.242459693712165313e-08
1.116136331844558783e-07
6.634881571460863485e-08
9.422169851592419270e-08
5.403506009918266756e-08
8.239691581957997675e-08
4.473402991350123867e-08
7.402794960865591243e-08
3.769816415246287703e-08
6.781939139216199620e-08
3.234190693435516446e-08
6.298960207255701010e-08
2.824271188766822532e-08
5.907125385006615033e-08
2.510293186861772344e-08
5.578013979101969921e-08
2.271281952262392576e-08
5.293550823548464247e-08
2.092292258141737757e-08
5.041755693670138961e-08
1.962440334668617841e-08
4.814719523045795181e-08
1.873484667271446260e-08
4.607756054251118529e-08
1.818931430674878883e-08
4.419047251566371778e-08
1.793850643370731302e-08
4.249116958544205888e-08
1.794821352153883011e-08
4.100338416355271492e-08
1.819668437684956656e-08
3.976771452280004820e-08
1.867170351493027239e-08
3.883845689101411382e-08
1.936841448428900780e-08
3.827932681907119145e-08
2.028788776819335040e-08
3.815919443184248993e-08
2.143620527876352589e-08
3.855022294028746547e-08
2.282408813116791043e-08
3.952998422869626744e-08
2.446750065316085061e-08
4.118653329861116568e-08
2.639015363465800349e-08
4.362206301061473435e-08
2.862950999552703564e-08
4.694590722445117353e-08
3.124879488293769908e-08
5.123707814972727697e-08
3.435853864367892018e-08
5.643393605247902515e-08
3.815025726042463393e-08
6.207732409086244648e-08
4.293714375067278365e-08
6.687744619573912371e-08
4.916878145212953255e-08
6.854603815165151100e-08
5.731751787852858926e-08
6.529526287632441943e-08
6.744008672270882086e-08
5.857702145799601427e-08
7.819915021092206886e-08
5.207403773035964679e-08
8.541686550293386235e-08
4.797654180111605484e-08
8.370891270479446024e-08
4.642693026175822800e-08
7.588778030728558724e-08
4.679777260496011596e-08
6.993306918364985255e-08
4.845934958801764987e-08
6.801351219580833448e-08
5.099302682284531968e-08
6.909864678438561147e-08
5.416320462526229018e-08
7.213947256974454899e-08
5.784356626843147652e-08
7.650482728950448294e-08
6.196328939947193449e-08
8.182484546491168848e-08
6.647721393743310636e-08
8.785276908898433994e-08
7.135107799925897175e-08
9.438457276450927047e-08
7.655462324533678860e-08
1.012097118915649251e-07
8.205872391042550994e-08
1.080767688827271549e-07
8.783502147546447698e-08
1.146741022840049702e-07
9.385762915024355093e-08
1.206483770118972135e-07
1.001065820756206962e-07
1.257054715252486123e-07
1.065722501852321592e-07
1.298048437825018774e-07
1.132592099523466437e-07
1.333132665890161065e-07
1.201878355665482051e-07
1.369004668129303532e-07
1.273928552278566122e-07
1.412108240776452370e-07
1.349195640139984898e-07
1.466201905420488081e-07
1.428188715125033316e-07
1.532296719624784035e-07
1.511422347267631291e-07
1.609813020260942141e-07
1.599374824416828285e-07
1.697628998402917168e-07
1.692461783137025590e-07
1.794637182148286064e-07
1.791024534059917194e-07
1.899943521269746131e-07
1.895329715206534257e-07
2.012895205947238588e-07
2.005575584757198815e-07
2.133047063566887857e-07
2.121901852402445957e-07
2.260114423663259869e-07
2.244401586206977308e-07
2.393929456761550258e-07
2.373134466034261182e-07
2.534406348938028726e-07
2.508140196704998209e-07
2.681515453109329523e-07
2.649450345847265225e-07
2.835265280875323352e-07
2.797097263820939353e-07
2.995690431805098128e-07
2.951119575641823405e-07
3.162843646676895747e-07
3.111564655581593782e-07
3.336790545817214928e-07
3.278488979683321251e-07
3.517606029870423926e-07
3.451957273993388762e-07
3.705371677690751862e-07
3.632041147053660161e-07
3.900173747797883758e-07
3.818817622625869517e-07
4.102101575549381408e-07
4.012367774552644529e-07
4.311246265957893274e-07
4.212775529410891119e-07
4.527699631384049936e-07
4.420126626685120123e-07
4.751553338387995081e-07
4.634507703910783127e-07
4.982898230893749894e-07
4.856005521484857735e-07
5.221823796517617653e-07
5.084706380339156073e-07
5.468417747010994620e-07
5.320695678617789340e-07
5.722765686559107932e-07
5.564057516348854818e-07
5.984950848075805088e-07
5.814874342771441084e-07
6.255053881838704642e-07
6.073226662519227897e-07
6.533152683337248038e-07
6.339192797105762899e-07
6.819322254377234300e-07
6.612848691691169933e-07
7.113634587165477160e-07
6.894267757861585433e-07
7.416158569837170083e-07
7.183520744511024074e-07
7.726959907492222307e-07
7.480675631535597165e-07
8.046101058304384206e-07
7.785797541880111208e-07
8.373641211475498525e-07
8.098948695971282525e-07
8.709636182883273222e-07
8.420188269621249733e-07
9.054138356580676729e-07
8.749572417194148259e-07
9.407196760430131387e-07
9.087154222065893408e-07
9.768857000663823165e-07
9.432983657301070712e-07
1.013916124875750525e-06
9.787107561632070459e-07
1.051814823433663629e-06
1.014956962293122708e-06
1.090585324402577295e-06
1.052041036921392741e-06
1.130230812500199806e-06
1.089966715759765903e-06
1.170754129439703929e-06
1.128737417788932610e-06
1.212157774925254476e-06
1.168356245755389804e-06
1.254443908298888748e-06
1.208825986894792056e-06
1.297614350843977105e-06
1.250149114078362588e-06
1.341670587689027350e-06
1.292327787406522450e-06
1.386613772039756734e-06
1.335363856792139415e-06
1.432444725378641272e-06
1.379258863224898506e-06
1.479163942338927341e-06
1.424014038955765443e-06
1.526771593942715179e-06
1.469630314627979784e-06
1.575267531725249978e-06
1.516108320312524964e-06
1.624651291464953012e-06
1.563448389020244743e-06
1.674922098960498046e-06
1.611650561364547184e-06
1.726078872068345070e-06
1.660714583599078982e-06
1.778120221459573552e-06
1.710639917236652575e-06
1.831044462126596965e-06
1.761425741176043383e-06
1.884849616217596971e-06
1.813070955260807419e-06
1.939533417061607047e-06
1.865574184018129396e-06
1.995093315106198199e-06
1.918933781851293942e-06
2.051526482176040020e-06
1.973147837436374009e-06
2.108829817432144023e-06
2.028214178085169470e-06
2.166999952807170306e-06
2.084130374344932511e-06
2.226033258320382690e-06
2.140893744680843261e-06
2.285925847729933877e-06
2.198501360284041973e-06
2.346673584114240405e-06
2.256950049895268631e-06
2.408272085612475281e-06
2.316236404705452527e-06
2.470716731118284907e-06
2.376356783305661853e-06
2.534002666116949775e-06
2.437307316690995300e-06
2.598124808476854930e-06
2.499083913313190341e-06
2.663077854307817165e-06
2.561682264074430062e-06
2.728856283796360639e-06
2.625097847500153890e-06
2.795454367121932425e-06
2.689325934756768116e-06
2.862866170299992854e-06
2.754361594844538502e-06
2.931085561101704743e-06
2.820199699638814866e-06
3.000106214866932894e-06
2.886834929057284847e-06
3.069921620429101495e-06
2.954261776162627013e-06
3.140525085928013198e-06
3.022474552258290714e-06
3.211909744607444904e-06
3.091467391983419168e-06
3.284068560664024189e-06
3.161234258383799396e-06
3.356994334959961700e-06
3.231768947979847110e-06
3.430679710765732097e-06
3.303065095755952227e-06
3.505117179450073359e-06
3.375116180182886612e-06
3.580299086113240805e-06
3.447915528175732288e-06
3.656217635185066908e-06
3.521456320022657735e-06
3.732864895963996026e-06
3.595731594262706617e-06
3.810232808107443974e-06
3.670734252551554834e-06
3.888313187055186931e-06
3.746457064458181021e-06
3.967097729431957383e-06
3.822892672211493916e-06
4.046578018304258495e-06
3.900033595440043709e-06
4.126745528470740044e-06
3.977872235779733465e-06
4.207591631641837508e-06
4.056400881543175917e-06
4.289107601496907733e-06
4.135611712250418490e-06
4.371284618774675873e-06
4.215496803099733118e-06
4.454113776232868255e-06
4.296048129440264460e-06
4.537586083506666305e-06
4.377257571140627731e-06
4.621692471976825127e-06
4.459116916949012496e-06
4.706423799451507514e-06
4.541617868695640924e-06
4.791770854874498792e-06
4.624752045542973282e-06
4.877724362876446986e-06
4.708510988112117037e-06
4.964274988324153114e-06
4.792886162555723791e-06
5.051413340653595331e-06
4.877868964572987286e-06
5.139129978330620426e-06
4.963450723366405351e-06
5.227415413005618399e-06
5.049622705523290596e-06
5.316260113751290139e-06
5.136376118841661534e-06
5.405654511123226803e-06
5.223702116068180338e-06
5.495589001216127836e-06
5.311591798605293340e-06
5.586053949537786618e-06
5.400036220119673539e-06
5.677039694900333574e-06
5.489026390123161659e-06
5.768536553146162153e-06
5.578553277457077683e-06
5.860534820867160717e-06
5.668607813673495056e-06
5.953024778937839432e-06
5.759180896505767614e-06
6.045996696124891713e-06
5.850263393025634820e-06
6.139440832425460338e-06
5.941846142995497811e-06
6.233347442464255410e-06
6.033919961950403828e-06
6.327706778747128183e-06
6.126475644340048020e-06
6.422509094869101628e-06
6.219503966569386248e-06
6.517744648595880527e-06
6.312995689945799830e-06
6.613403704875523704e-06
6.406941563584043314e-06
6.709476538848718654e-06
6.501332327316076241e-06
6.805953438613603807e-06
6.596158714373129448e-06
6.902824708145483473e-06
6.691411454191072258e-06
7.000080669880614605e-06
6.787081275035187168e-06
7.097711667441536152e-06
6.883158906583804989e-06
7.195708068112215379e-06
6.979635082523068305e-06
7.294060265453044396e-06
7.076500542930636355e-06
7.392758681560533488e-06
7.173746036799264682e-06
7.491793769490170078e-06
7.271362324319741891e-06
7.591156015525071971e-06
7.369340179238489815e-06
7.690835941307844759e-06
7.467670391017976946e-06
7.790824106041678259e-06
7.566343767134294462e-06
7.891111108455805992e-06
7.665351135148203450e-06
7.991687588896894754e-06
7.764683344771624248e-06
8.092544231113540595e-06
7.864331269899211933e-06
8.193671764233602861e-06
7.964285810609280232e-06
8.295060964461632805e-06
8.064537895030008224e-06
8.396702656853970048e-06
8.165078481256946754e-06
8.498587716926428047e-06
8.265898559114133760e-06
8.600707072296768911e-06
8.366989151923502055e-06
8.703051704184029642e-06
8.468341318248430577e-06
8.805612648886144010e-06
8.569946153518119805e-06
8.908380999231604554e-06
8.671794791653019183e-06
9.011347905879082179e-06
8.773878406642952841e-06
9.114504578675536753e-06
8.876188214032100485e-06
9.217842287815002236e-06
8.978715472420739383e-06
9.321352365161516605e-06
9.081451484876362288e-06
9.425026205266859056e-06
9.184387600305487956e-06
9.528855266486275350e-06
9.287515214816410101e-06
9.632831072041294097e-06
9.390825772971864261e-06
9.736945210989074651e-06
9.494310769093073976e-06
9.841189339135659398e-06
9.597961748391542667e-06
9.945555179933484785e-06
9.701770308238606943e-06
1.005003452533470433e-05
9.805728099177585068e-06
1.015461923657482964e-05
9.909826826112580928e-06
1.025930124489314715e-05
1.001405824927573128e-05
1.036407255228544414e-05
1.011841418527486354e-05
1.046892523214832975e-05
1.022288650808844439e-05
1.057385142988531925e-05
1.032746714993151004e-05
1.067884336346438328e-05
1.043214810223694204e-05
1.078389332403833176e-05
1.053692141643104791e-05
1.088899367636311433e-05
1.064177920483940019e-05
1.099413685931785281e-05
1.074671364143029082e-05
1.109931538630024469e-05
1.085171696261125214e-05
1.120452184561295919e-05
1.095678146790785888e-05
1.130974890084599474e-05
1.106189952070134315e-05
1.141498929123950554e-05
1.116706354889647987e-05
1.152023583182666043e-05
1.127226604550280555e-05
1.162548141387879428e-05
1.137749956927786189e-05
1.173071900499970988e-05
1.148275674529548034e-05
1.183594164940177169e-05
1.158803026551063619e-05
1.194114246802086349e-05
1.169331288919243147e-05
1.204631465869671487e-05
1.179859744350738728e-05
1.215145149625296624e-05
1.190387682392991593e-05
1.225654633263361900e-05
1.200914399467381138e-05
1.236159259689833962e-05
1.211439198911482215e-05
1.246658379532326332e-05
1.221961391017285118e-05
1.257151351136154948e-05
1.232480293063302539e-05
1.267637540569310072e-05
1.242995229353489882e-05
1.278116321611151622e-05
1.253505531241644222e-05
1.288587075754911479e-05
1.264010537166088095e-05
1.299049192190616283e-05
1.274509592668768741e-05
1.309502067810034104e-05
1.285002050461631774e-05
1.319945107181133185e-05
1.295487270805603879e-05
1.330377722537992082e-05
1.305964620307029809e-05
1.340799333772449954e-05
1.316433473107259008e-05
1.351209368408067411e-05
1.326893210601240937e-05
1.361607261588032244e-05
1.337343221404007134e-05
1.371992456049697103e-05
1.347782901364290822e-05
1.382364402107808924e-05
1.358211653561777956e-05
1.392722557624076897e-05
1.368628888331610015e-05
1.403066387992502364e-05
1.379034023258361603e-05
1.413395366104188160e-05
1.389426483184629869e-05
1.423708972319190857e-05
1.399805700212276086e-05
1.434006694447968374e-05
1.410171113699899296e-05
1.444288028839103604e-05
1.420522170269836523e-05
1.454552477143363267e-05
1.430858323800784784e-05
1.464799549183661532e-05
1.441179035416983453e-05
1.475028762230682692e-05
1.451483773496157743e-05
1.485239640838136640e-05
1.461772013651037633e-05
1.495431716803189559e-05
1.472043238726528604e-05
1.505604529132065915e-05
1.482296938784656138e-05
1.515757624008700779e-05
1.492532611100616515e-05
1.525890554747801165e-05
1.502749760142149184e-05
1.536002881761384831e-05
1.512947897557919543e-05
1.546094172513970720e-05
1.523126542166062641e-05
1.556164001492282281e-05
1.533285219929733070e-05
1.566211950148689894e-05
1.543423463947011043e-05
1.576237606873674170e-05
1.553540814425651318e-05
1.586240566945716832e-05
1.563636818665505073e-05
1.596220432491560984e-05
1.573711031038332728e-05
1.606176812439298696e-05
1.583763012962034503e-05
1.616109322475937365e-05
1.593792332878753252e-05
1.626017585003821563e-05
1.603798566233437419e-05
1.635901229097202271e-05
1.613781295441202486e-05
1.645759890448680681e-05
1.623740109865037744e-05
1.655593211333275698e-05
1.633674605787940941e-05
1.665400840556471011e-05
1.643584386385107141e-05
1.675182433404942843e-05
1.653469061694182282e-05
1.684937651612398437e-05
1.663328248583286330e-05
1.694666163291416332e-05
1.673161570718674572e-05
1.704367642904707885e-05
1.682968658540089638e-05
1.714041771209526846e-05
1.692749149215911448e-05
1.723688235209262773e-05
1.702502686624131491e-05
1.733306728103875717e-05
1.712228921305037569e-05
1.742896949245955200e-05
1.721927510436081310e-05
1.752458604087330714e-05
1.731598117782948804e-05
1.761991404135820522e-05
1.741240413685398551e-05
1.771495066894548527e-05
1.750854074995909505e-05
1.780969315829587950e-05
1.760438785057176432e-05
1.790413880307421159e-05
1.769994233654890528e-05
1.799828495550774359e-05
1.779520116987839159e-05
1.809212902589350764e-05
1.789016137621245525e-05
1.818566848205532059e-05
1.798482004448986925e-05
1.827890084892336091e-05
1.807917432654686468e-05
1.837182370795870464e-05
1.817322143667087991e-05
1.846443469675018516e-05
1.826695865117712540e-05
1.855673150840920509e-05
1.836038330803524209e-05
1.864871189117909485e-05
1.845349280640471738e-05
1.874037364781570457e-05
1.854628460624748276e-05
1.883171463521710501e-05
1.863875622777502825e-05
1.892273276384990571e-05
1.873090525118892242e-05
1.901342599726041192e-05
1.882272931609648155e-05
1.910379235158811599e-05
1.891422612109495101e-05
1.919382989512266865e-05
1.900539342334315395e-05
1.928353674769853166e-05
1.909622903807680545e-05
1.937291108027249813e-05
1.918673083825570304e-05
1.946195111442516277e-05
1.927689675387074861e-05
1.955065512187225505e-05
1.936672477178343578e-05
1.963902142394433398e-05
1.945621293498142645e-05
1.972704839112281053e-05
1.954535934229687170e-05
1.981473444251581384e-05
1.963416214784296211e-05
1.990207804543690074e-05
1.972261956055341626e-05
1.998907771958154141e-05
1.981072984381075861e-05
2.007573205422839008e-05
1.989849131479587278e-05
2.016203962776362996e-05
1.998590240547278127e-05
2.024799909533134970e-05
2.007296153227890479e-05
2.033360915780196623e-05
2.015966712004527267e-05
2.041886856120505149e-05
2.024601769617144500e-05
2.050377609642198821e-05
2.033201183959213677e-05
2.058833059866954748e-05
2.041764818009289987e-05
2.067253094690208340e-05
2.050292539796387303e-05
2.075637606346610286e-05
2.058784222337472231e-05
2.083986491360160031e-05
2.067239743600207192e-05
2.092299650491437997e-05
2.075658986441337252e-05
2.100576988696348975e-05
2.084041838562573592e-05
2.108818415078513459e-05
2.092388192458006656e-05
2.117023842838386372e-05
2.100697945366765138e-05
2.125193189231898143e-05
2.108970999223597036e-05
2.133326375521358981e-05
2.117207260598990513e-05
2.141423326933672373e-05
2.125406640666684430e-05
2.149483972606993688e-05
2.133569055129845698e-05
2.157508245551233709e-05
2.141694424193051795e-05
2.165496082599033045e-05
2.149782672501535129e-05
2.173447424362739632e-05
2.157833729090607717e-05
2.181362215191352019e-05
2.165847527334069424e-05
2.189240403117276903e-05
2.173824004903921720e-05
2.197081939823834242e-05
2.181763103705455819e-05
2.204886780587035592e-05
2.189664769835279488e-05
2.212654884246369270e-05
2.197528953534030243e-05
2.220386213146388954e-05
2.205355609131428663e-05
2.228080733102011428e-05
2.213144694994629709e-05
2.235738413352307202e-05
2.220896173488338653e-05
2.243359226515855104e-05
2.228610010901965565e-05
2.250943148553242096e-05
2.236286177430312286e-05
2.258490158713363078e-05
2.243924647103690516e-05
2.266000239501595492e-05
2.251525397742718714e-05
2.273473376633138986e-05
2.259088410907348333e-05
2.280909558986398108e-05
2.266613671857167114e-05
2.288308778566871597e-05
2.274101169484091811e-05
2.295671030466536815e-05
2.281550896285020893e-05
2.302996312815407934e-05
2.288962848294578763e-05
2.310284626747066098e-05
2.296337025041770042e-05
2.317535976349566410e-05
2.303673429509228468e-05
2.324750368634204102e-05
2.310972068074612385e-05
2.331927813489067649e-05
2.318232950467773333e-05
2.339068323637784880e-05
2.325456089716815638e-05
2.346171914606401957e-05
2.332641502113490709e-05
2.353238604670959485e-05
2.339789207141944625e-05
2.360268414829018658e-05
2.346899227460653639e-05
2.367261368762197665e-05
2.353971588832958322e-05
2.374217492781250077e-05
2.361006320083245533e-05
2.381136815806400806e-05
2.368003453057137875e-05
2.388019369310936759e-05
2.374963022576526066e-05
2.394865187295028102e-05
2.381885066378339641e-05
2.401674306250765108e-05
2.388769625083297872e-05
2.408446765105515375e-05
2.395616742147093226e-05
2.415182605204528132e-05
2.402426463804636949e-05
2.421881870263259848e-05
2.409198839038280418e-05
2.428544606330602489e-05
2.415933919524887783e-05
2.435170861752880220e-05
2.422631759589724169e-05
2.441760687140109704e-05
2.429292416167390856e-05
2.448314135329538054e-05
2.435915948751256056e-05
2.454831261338515265e-05
2.442502419362477904e-05
2.461312122347965558e-05
2.449051892478652770e-05
2.467756777646851156e-05
2.455564435025000023e-05
2.474165288615296334e-05
2.462040116299221733e-05
2.480537718673334478e-05
2.468479007957621161e-05
2.486874133255323282e-05
2.474881183947118534e-05
2.493174599772695626e-05
2.481246720478844290e-05
2.499439187581799771e-05
2.487575695975311664e-05
2.505667967947678874e-05
2.493868191048145480e-05
2.511861014010853064e-05
2.500124288423911204e-05
2.518018400749434370e-05
2.506344072934512640e-05
2.524140204959196717e-05
2.512527631462496640e-05
2.530226505201689052e-05
2.518675052897474274e-05
2.536277381790800732e-05
2.524786428100093136e-05
2.542292916743274465e-05
2.530861849874687999e-05
2.548273193756867431e-05
2.536901412903966785e-05
2.554218298177294975e-05
2.542905213724493704e-05
2.560128316969569043e-05
2.548873350695128132e-05
2.566003338666891266e-05
2.554805923941032338e-05
2.571843453368446945e-05
2.560703035335227179e-05
2.577648752692795540e-05
2.566564788439343835e-05
2.583419329747782363e-05
2.572391288487801915e-05
2.589155279098676252e-05
2.578182642333648133e-05
2.594856696745545318e-05
2.583938958418038732e-05
2.600523680090947382e-05
2.589660346738244335e-05
2.606156327901389637e-05
2.595346918805212241e-05
2.611754740294186086e-05
2.600998787611086778e-05
2.617319018690986602e-05
2.606616067593489923e-05
2.622849265805784298e-05
2.612198874599527143e-05
2.628345585605077874e-05
2.617747325849529983e-05
2.633808083283166714e-05
2.623261539911925615e-05
2.639236865233612653e-05
2.628741636651648803e-05
2.644632039023865240e-05
2.634187737225335838e-05
2.649993713365659292e-05
2.639599964007114966e-05
2.655321998091422997e-05
2.644978440599809246e-05
2.660617004117123318e-05
2.650323291766632490e-05
2.665878843435087557e-05
2.655634643428237860e-05
2.671107629062528492e-05
2.660912622604739145e-05
2.676303475037739837e-05
2.666157357401123494e-05
2.681466496386130901e-05
2.671368976978334727e-05
2.686596809089414239e-05
2.676547611502871831e-05
2.691694530067628228e-05
2.681693392139642706e-05
2.696759777150545972e-05
2.686806451011476332e-05
2.701792669055475931e-05
2.691886921166009543e-05
2.706793325359379963e-05
2.696934936554719228e-05
2.711761866483196099e-05
2.701950631997541432e-05
2.716698413650160459e-05
2.706934143158020085e-05
2.721603088884168753e-05
2.711885606517596163e-05
2.726476014972450582e-05
2.716805159338275897e-05
2.731317315441585876e-05
2.721692939641986888e-05
2.736127114543954734e-05
2.726549086190486484e-05
2.740905537233009147e-05
2.731373738442103465e-05
2.745652709126619848e-05
2.736167036544008706e-05
2.750368756506681934e-05
2.740929121285776420e-05
2.755053806285641819e-05
2.745660134089796084e-05
2.759707985976673879e-05
2.750360216990589931e-05
2.764331423698452298e-05
2.755029512577177438e-05
2.768924248121606730e-05
2.759668164015572180e-05
2.773486588474934094e-05
2.764276314982134911e-05
2.778018574507405426e-05
2.768854109674141821e-05
2.782520336476844430e-05
2.773401692755755353e-05
2.786992005124208177e-05
2.777919209356657435e-05
2.791433711664577377e-05
2.782406805038105816e-05
2.795845587749012798e-05
2.786864625779157586e-05
2.800227765462135458e-05
2.791292817941765656e-05
2.804580377299805276e-05
2.795691528260716010e-05
2.808903556140506603e-05
2.800060903818892648e-05
2.813197435234904311e-05
2.804401092019552838e-05
2.817462148192769662e-05
2.808712240575688391e-05
2.821697828949920619e-05
2.812994497475350834e-05
2.825904611764617209e-05
2.817248010983618563e-05
2.830082631189118834e-05
2.821472929602998392e-05
2.834232022063182789e-05
2.825669402050753529e-05
2.838352919482933762e-05
2.829837577265091324e-05
2.842445458800754065e-05
2.833977604360242395e-05
2.846509775594575296e-05
2.838089632613957075e-05
2.850546005656184206e-05
2.842173811462651566e-05
2.854554284975090785e-05
2.846230290461564531e-05
2.858534749729362690e-05
2.850259219292851340e-05
2.862487536253797808e-05
2.854260747718297947e-05
2.866412781037971344e-05
2.858235025582799821e-05
2.870310620710606701e-05
2.862182202796170055e-05
2.874181192012187859e-05
2.866102429306578104e-05
2.878024631796932963e-05
2.869995855090463316e-05
2.881841077001553371e-05
2.873862630142624987e-05
2.885630664648907082e-05
2.877702904440198050e-05
2.889393531813904642e-05
2.881516827948678864e-05
2.893129815621850651e-05
2.885304550604295753e-05
2.896839653239239567e-05
2.889066222277549315e-05
2.900523181841024997e-05
2.892801992786827296e-05
2.904180538618312448e-05
2.896512011859202882e-05
2.907811860753328152e-05
2.900196429142183052e-05
2.911417285406937524e-05
2.903855394165549402e-05
2.914996949712772177e-05
2.907489056335379448e-05
2.918550990755453719e-05
2.911097564930911928e-05
2.922079545562086155e-05
2.914681069078662150e-05
2.925582751099486769e-05
2.918239717741614192e-05
2.929060744242198427e-05
2.921773659714259661e-05
2.932513661776602100e-05
2.925283043597235155e-05
2.935941640386811725e-05
2.928768017797891466e-05
2.939344816637494686e-05
2.932228730514700049e-05
2.942723326970694763e-05
2.935665329715556773e-05
2.946077307685397969e-05
2.939077963139578314e-05
2.949406894939045692e-05
2.942466778281371397e-05
