# -0.05J_-0.95g_0.2618theta_1.0472phi_10Chi_0.01delta_500N
8.085515030876603074e-03
9.997910209924594082e-05
2.844222633486869095e-06
1.317696601857976354e-06
5.856598123391707038e-07
4.028303057569529083e-07
5.780726432095664262e-07
2.250198755097552099e-07
5.748794575710984244e-07
1.547664871985620631e-07
5.702355195334701916e-07
1.183488555145168362e-07
5.611058326206918683e-07
9.611503344881869573e-08
5.436233768304947986e-07
8.109601743278859506e-08
5.142457137644271202e-07
7.026002909171651028e-08
4.715590917063205585e-07
6.207312081113959647e-08
4.177385478069662280e-07
5.566774743476825548e-08
3.582645247933809600e-07
5.051200545258579160e-08
2.996564449522640219e-07
4.626038114501117137e-08
2.468892959327848087e-07
4.267899089701658448e-08
2.022830360155969045e-07
3.960481250961118796e-08
1.659653389688866035e-07
3.692177866260315651e-08
1.369002576369871671e-07
3.454588566086003893e-08
1.137101046687198697e-07
3.241548676656793292e-08
9.510625195146743975e-08
3.048476070963401327e-08
8.003808949154492920e-08
2.871922240517635602e-08
6.770165638034246567e-08
2.709259055265049925e-08
5.749799131352078523e-08
2.558457610059213162e-08
4.898349777194622823e-08
2.417930491934951864e-08
4.182751949321146744e-08
2.286418234362221565e-08
3.578025408762554682e-08
2.162906889211732125e-08
3.064983276650163974e-08
2.046568016870785013e-08
2.628640687253613816e-08
1.936713908091636456e-08
2.257124774410547735e-08
1.832764898289259569e-08
1.940936941215210765e-08
1.734226420156010455e-08
1.672459149288519756e-08
1.640671004456951659e-08
1.445631474259845318e-08
1.551725585704085772e-08
1.255745694394170814e-08
1.467062426803974340e-08
1.099294694277500917e-08
1.386392764531315514e-08
9.737776813155812229e-09
1.309462483099167191e-08
8.772926680843478052e-09
1.236049259705375904e-08
8.077649596380185255e-09
1.165960714378599708e-08
7.620152945661339775e-09
1.099033151538780363e-08
7.354237101731392768e-09
1.035130516336628745e-08
7.226818245100955749e-09
9.741432185636709919e-09
7.189811175688909901e-09
9.159865159367393440e-09
7.206992628738802764e-09
8.605982092884104685e-09
7.254310335082710501e-09
8.079354919436591794e-09
7.317096803488543767e-09
7.579709126033394474e-09
7.387001607518188259e-09
7.106875447919601433e-09
7.459648551478044301e-09
6.660735867335003465e-09
7.533074154468955758e-09
6.241167237854998224e-09
7.606743100514986822e-09
5.847986547245693207e-09
7.680938287103486239e-09
5.480901424395467462e-09
7.756381423960953295e-09
5.139470773776991622e-09
7.833991613174340021e-09
4.823077044561395157e-09
7.914724883329501607e-09
4.530912422784566269e-09
7.999460776789744470e-09
4.261979060119410294e-09
8.088912659845305436e-09
4.015102325925953254e-09
8.183549315634930482e-09
3.788955086216390637e-09
8.283519326604827316e-09
3.582090308430059504e-09
8.388573736198243813e-09
3.392978961054883088e-09
8.497985640441877352e-09
3.220050140593282539e-09
8.610468539446533922e-09
3.061730583555760387e-09
8.724098799161198455e-09
2.916481105904410438e-09
8.836251584021773615e-09
2.782828288127919076e-09
8.943563876235247082e-09
2.659389565741690546e-09
9.041941973285492935e-09
2.544892102300721950e-09
9.126633096407278429e-09
2.438184457921384007e-09
9.192379814170010030e-09
2.338242145269934184e-09
9.233670425363898004e-09
2.244167738658059908e-09
9.245087242627349047e-09
2.155186611772523432e-09
9.221738326063727309e-09
2.070639358038414217e-09
9.159739319891371252e-09
1.989972023972735698e-09
9.056691792796931735e-09
1.912725242668872359e-09
8.912096438262274818e-09
1.838522828478532959e-09
8.727633952422777685e-09
1.767060280076482053e-09
8.507257695510699671e-09
1.698093656595213182e-09
8.257064806453674617e-09
1.631429115056046354e-09
7.984941572926816572e-09
1.566913295356225140e-09
7.700012615912749896e-09
1.504424706583675987e-09
7.411954402883539195e-09
1.443866271667118862e-09
7.130255141513194175e-09
1.385159181440870116e-09
6.863509842926496063e-09
1.328237807952928287e-09
6.618829570626794797e-09
1.273047903115030061e-09
6.401416446335927492e-09
1.219542840646352256e-09
6.214327975430726346e-09
1.167682772578091163e-09
6.058417925101395813e-09
1.117436348480806596e-09
5.932418605807477959e-09
1.068779474212282874e-09
5.833116170186225150e-09
1.021695769888464076e-09
5.755575293094267604e-09
9.761774533598821728e-10
5.693379176684453006e-09
9.322241829561047863e-10
5.638866037093818923e-09
8.898441978372869627e-10
5.583354472771187004e-09
8.490516233636104942e-10
5.517352199333902531e-09
8.098649651698742815e-10
5.430746628027714976e-09
7.723104362229883635e-10
5.312996594086469162e-09
7.364206127887223422e-10
5.153416337569614740e-09
7.022333485839288262e-10
4.941788592051881354e-09
6.697912455243819303e-10
4.669722036502174000e-09
6.391408871832618946e-10
4.333167303305557871e-09
6.103321657308221653e-10
3.935910444713918887e-09
5.834180662186044440e-10
3.492478796538292098e-09
5.584538616383329463e-10
3.027731672913545641e-09
5.354962535048911298e-10
2.571593291730043477e-09
5.146016793467985272e-10
2.151090877788029349e-09
4.958236781889084229e-10
1.784291437116372544e-09
4.792095893257707449e-10
1.478897987272346568e-09
4.647965077666997705e-10
1.234592887852656526e-09
4.526063269827063490e-10
1.046531366552227875e-09
4.426400905560408595e-10
9.080561286930026151e-10
4.348721081034569480e-10
8.120343176892925160e-10
4.292445372333296960e-10
7.511751598997438828e-10
4.256631485572459246e-10
7.181372096252890886e-10
4.239948026222754321e-10
7.059949467050778023e-10
4.240668500517021938e-10
7.089092828067307144e-10
4.256683367406728340e-10
7.225095718408393411e-10
4.285526687423805359e-10
7.438205426898040456e-10
4.324413545978182675e-10
7.709146419106216433e-10
4.370285889340595091e-10
8.024948384088519577e-10
4.419867166435003314e-10
8.375087455736816312e-10
4.469729073109902998e-10
8.748029133015882816e-10
4.516376252937978770e-10
9.128092799769212188e-10
4.556350844650563163e-10
9.492730795404151845e-10
4.586388640512316339e-10
9.810857427009401390e-10
4.603562092025296699e-10
1.004346940087281169e-09
4.605495589229028243e-10
1.014810210166060890e-09
4.590575410795112999e-10
1.008780897970419498e-09
4.558164458213483354e-10
9.842810111402053896e-10
4.508790107463601894e-10
9.419782098315831075e-10
4.444281119285442413e-10
8.853021128319927486e-10
4.367842296953527815e-10
8.195629761492923201e-10
4.284015889499801765e-10
7.505042588418552187e-10
4.198546595945834060e-10
6.830090002318486895e-10
4.118132123479503875e-10
6.204306000767812639e-10
4.050066089819539495e-10
5.645589237774968802e-10
4.001772504007186105e-10
5.159577388320373202e-10
3.980291414288022186e-10
4.743987361581407306e-10
3.991758545809427050e-10
4.392319324827358802e-10
4.040967948651994134e-10
4.096427165446502348e-10
4.131108705354352322e-10
3.848050484342110123e-10
4.263706799149172637e-10
3.639600566543174253e-10
4.438731967907576767e-10
3.464482831846818759e-10
4.654761748565578347e-10
3.317158920172820257e-10
4.909066365551592286e-10
3.193081745592961545e-10
5.197500531522673425e-10
3.088578632246620679e-10
5.514143079989294645e-10
3.000723296389609094e-10
5.850692271929052156e-10
2.927212503515294097e-10
6.195711308844686914e-10
2.866277377462606890e-10
6.533928079027528965e-10
2.816577770777583793e-10
6.845946697332479323e-10
2.777149406912093340e-10
7.108817273066522419e-10
2.747350781302870873e-10
7.297956505386126190e-10
2.726827440814431849e-10
7.390548495106495056e-10
2.715488590114201096e-10
7.369929228074476240e-10
2.713494258858454729e-10
7.229661541424383578e-10
2.721251566424526641e-10
6.975662263985667229e-10
2.739419127615673069e-10
6.625312674462939515e-10
2.768918996687158687e-10
6.203796202403665315e-10
2.810955656085685473e-10
5.739105877667169619e-10
2.867040135594287744e-10
5.257485710357567975e-10
2.939015670812534548e-10
4.780448363663096038e-10
3.029078367644543261e-10
4.323607217926499479e-10
3.139780491327988738e-10
3.896896464110180748e-10
3.273998208859720104e-10
3.505558761253337858e-10
3.434835177316202302e-10
3.151359119304021370e-10
3.625421767231436110e-10
2.833731407384931018e-10
3.848559844942403235e-10
2.550685147314645319e-10
4.106171603838754341e-10
2.299473500857186848e-10
4.398533573846008611e-10
2.077043179962560405e-10
4.723361962161187150e-10
1.880319090352572610e-10
5.074929803215238745e-10
1.706369917787808464e-10
5.443498705172672909e-10
1.552494170999266748e-10
5.815300531437880874e-10
1.416259149269305938e-10
6.172936964093756234e-10
1.295499121039370102e-10
6.495362958372707172e-10
1.188307269354672504e-10
6.755799581189052452e-10
1.093012038460217865e-10
6.915552116337836615e-10
1.008151066029230041e-10
6.913575351910600676e-10
9.324458307030864138e-11
6.661432515599862650e-10
8.647785611332172579e-11
6.075902953143694115e-10
8.041765085146642122e-11
5.174037139588725314e-10
7.497996366924657274e-11
4.132474302321481588e-10
7.009208145717413582e-11
3.173642245243299238e-10
6.568995864542956393e-11
2.415334667109072614e-10
6.171702332067747824e-11
1.862212021449507234e-10
5.812359162724317494e-11
1.471055174532115469e-10
5.486624046762372245e-11
1.195017508693721647e-10
5.190705467268878478e-11
9.977294381904240345e-11
4.921293006170942056e-11
8.539260835008710301e-11
4.675494913686186683e-11
7.467167127473748179e-11
4.450783047510963259e-11
6.648977153041806310e-11
4.244945423129376227e-11
6.009964471228430061e-11
4.056044511990124347e-11
5.499726520022480777e-11
3.882380944670764186e-11
5.083776483527664032e-11
3.722460448986932568e-11
4.738170745697773760e-11
3.574971734806245154e-11
4.446029189392927429e-11
3.438754865244378441e-11
4.195265471183571264e-11
3.312783881487264203e-11
3.977091412242658192e-11
3.196146782705472500e-11
3.785002753409360301e-11
3.088034299525404980e-11
3.614106994965247063e-11
2.987726059336763980e-11
3.460641670568865677e-11
2.894574752730420945e-11
3.321732493294573751e-11
2.807999244743246893e-11
3.195070030506382253e-11
2.727475879627219153e-11
3.078836283475090715e-11
2.652531262763485348e-11
2.971581682392231925e-11
2.582734530078508358e-11
2.872148256712847092e-11
2.517701186904307684e-11
2.779607136992108994e-11
2.457070554192423636e-11
2.693210557781552803e-11
2.400522890441485848e-11
2.612352091162345418e-11
2.347761292867423312e-11
2.536539301312099913e-11
2.298515849676794657e-11
2.465358599217082828e-11
2.252539916318876200e-11
2.398464521092144379e-11
2.209602670189770785e-11
2.335561099050390220e-11
2.169495004094705204e-11
2.276395136660245085e-11
2.132031706434008801e-11
2.220739215259571415e-11
2.097037350499054102e-11
2.168393033145468042e-11
2.064341385207792676e-11
2.119176468829015423e-11
2.033798462026859150e-11
2.072925689551065160e-11
2.005271642190356707e-11
2.029493003486087527e-11
1.978631398500946965e-11
1.988741027216294875e-11
1.953764601043476647e-11
1.950545705353235069e-11
1.930556479151431066e-11
1.914790567357425412e-11
1.908917283853505817e-11
1.881369234502262618e-11
1.888744397365344772e-11
1.850183263047499017e-11
1.869951512222617047e-11
1.821143361884631318e-11
1.852459686689396549e-11
1.794161744422203657e-11
1.836168770164902350e-11
1.769163844361497977e-11
1.821049429138536502e-11
1.746073255253615991e-11
1.807011675350411145e-11
1.724825054341005083e-11
1.793988077112627900e-11
1.705350288217176136e-11
1.781938553782110513e-11
1.687590511280394701e-11
1.770760753990502289e-11
1.671485069602636490e-11
1.760415620124893389e-11
1.656976893000965678e-11
1.750847166075085123e-11
1.644010047399289232e-11
1.741999845620603281e-11
1.632530855627711300e-11
1.733819473488628412e-11
1.622483614613865785e-11
1.726253250664721874e-11
1.613815369799522678e-11
1.719257601477358301e-11
1.606472543891466801e-11
1.712764002033048499e-11
1.600401289641114387e-11
1.706697909523191762e-11
1.595548018841278037e-11
1.701076942164373920e-11
1.591860108742842693e-11
1.695821195309197428e-11
1.589285171005837514e-11
1.690887320363842042e-11
1.587770609180867109e-11
1.686227996010485764e-11
1.587267220446525718e-11
1.681802427655863517e-11
1.587724636952217608e-11
1.677574014853364208e-11
1.589092186943578157e-11
1.673509894393631521e-11
1.591322123965990290e-11
1.669573587924604021e-11
1.594366232274363433e-11
1.665745559082109206e-11
1.598178429913252527e-11
1.661998081957538277e-11
1.602715032691436151e-11
1.658316545210920323e-11
1.607932863115786238e-11
1.654690776472728896e-11
1.613791841951748392e-11
1.651116945292352881e-11
1.620280737505908101e-11
1.647598199219895151e-11
1.627304669850787616e-11
1.644145133951298759e-11
1.634827748041741469e-11
1.640776149073712327e-11
1.642872484348284496e-11
1.637517685595534044e-11
1.651377575456654742e-11
1.634404484078135225e-11
1.660311355589263309e-11
1.631481621821344876e-11
1.669646520502463704e-11
1.628794703011630856e-11
1.679354251765891403e-11
1.626403440909947125e-11
1.689408561805454069e-11
1.624371997049992397e-11
1.699784999931901944e-11
1.622769868500975667e-11
1.710458805354056083e-11
1.621670823925179412e-11
1.721412141977111809e-11
1.621149418927183058e-11
1.732622904636978786e-11
1.621286838422917765e-11
1.744072190051575025e-11
1.622156641383842091e-11
1.755742315264469264e-11
1.623831279652786950e-11
1.767616746613160516e-11
1.626377656372758049e-11
1.779680027511985194e-11
1.629853799006491198e-11
1.791917709745337699e-11
1.634312332129415759e-11
1.804316282239175336e-11
1.639789702051221209e-11
1.816863100089407407e-11
1.646311632029419103e-11
1.829546319645942374e-11
1.653890274661154844e-11
1.842355310352230182e-11
1.662523741916445210e-11
1.855279530763523691e-11
1.672196211778880985e-11
1.868307632375051288e-11
1.682878566685080982e-11
1.881432469526673323e-11
1.694529509761906572e-11
1.894643186075487624e-11
1.707097065270287594e-11
1.907934353340418267e-11
1.720520370239583004e-11
1.921295177938454783e-11
1.734731632730705635e-11
1.934718866298378284e-11
1.749658160423933807e-11
1.948200790555653336e-11
1.765224337032347811e-11
1.961730755901432103e-11
1.781353474536395099e-11
1.975303665411641231e-11
1.797969463502612973e-11
1.988913390516989773e-11
1.814998187198673940e-11
2.002553859801215323e-11
1.832368670552384424e-11
2.016218823778191504e-11
1.850013960198230011e-11
2.029900688776864405e-11
1.867871758608494158e-11
2.043597719177364713e-11
1.885883304703845114e-11
2.057302499500196913e-11
1.903999734412566352e-11
2.071009722479156582e-11
1.922172733181137069e-11
2.084714202443239408e-11
1.940360781062576898e-11
2.098410864769667677e-11
1.958527334816524608e-11
2.112094738702304646e-11
1.976640546555280920e-11
2.125760955573964236e-11
1.994672929889778039e-11
2.139404737863054842e-11
2.012601000427542495e-11
2.153021402296064971e-11
2.030404894683641534e-11
2.166606355178239843e-11
2.048067998283958397e-11
2.180155093689504246e-11
2.065576578503944801e-11
2.193663203726812646e-11
2.082919438052490908e-11
2.207126362876518345e-11
2.100087593172383388e-11
2.220540340966794101e-11
2.117073979144577653e-11
2.233901003530021794e-11
2.133873185230087775e-11
2.247204313085607384e-11
2.150481210945410484e-11
2.260446332924574551e-11
2.166896967989697236e-11
2.273623228170558896e-11
2.183115567982347067e-11
2.286731274959866776e-11
2.199137486950778187e-11
2.299766855623720805e-11
2.214962458747124023e-11
2.312726470778695190e-11
2.230590774661194549e-11
2.325606732013552162e-11
2.246023178741821184e-11
2.338404376263764675e-11
2.261261299952704921e-11
2.351116263226437734e-11
2.276305993780122310e-11
2.363739375284369332e-11
2.291158759134329998e-11
2.376270825406992413e-11
2.305821450498736830e-11
2.388707855141337985e-11
2.320296009997160522e-11
2.401047837582617124e-11
2.334584128800487840e-11
2.413288278340733697e-11
2.348687761861444115e-11
2.425426823456457107e-11
2.362608883864919105e-11
2.437461246253602304e-11
2.376349468561234197e-11
2.449389457361019214e-11
2.389911477407695031e-11
2.461209496389230010e-11
2.403296848105455360e-11
2.472919543980318049e-11
2.416505822849982239e-11
2.484517896268644397e-11
2.429543729779544631e-11
2.496002948035876875e-11
2.442410579722940036e-11
2.507373660578294144e-11
2.455108154944884984e-11
2.518628161911445860e-11
2.467638196436127334e-11
2.529765275439411884e-11
2.480002401756150835e-11
2.540784545021872912e-11
2.492202425249457649e-11
2.551684615399307190e-11
2.504239883723633349e-11
2.562464716102021089e-11
2.516117869916464985e-11
2.573124153563769111e-11
2.527835005061908456e-11
2.583662333799623822e-11
2.539394206302857439e-11
2.594078766700909888e-11
2.550796954989746530e-11
2.604373063459129057e-11
2.562044699717920489e-11
2.614544931937238398e-11
2.573138871225914781e-11
2.624594173141531448e-11
2.584080874205807548e-11
2.634520679828201085e-11
2.594872096327401111e-11
2.644324430550700984e-11
2.605513909231425161e-11
2.654005484463992513e-11
2.616007669577845694e-11
2.663563980013417257e-11
2.626354720601677678e-11
2.673000129164246612e-11
2.636556401531023757e-11
2.682314213689502640e-11
2.646614034342828263e-11
2.691506581733920242e-11
2.656528945541752398e-11
2.700577646996668155e-11
2.666302450160374750e-11
2.709527878164471413e-11
2.675935858387397299e-11
2.718357801968924202e-11
2.685430483496096300e-11
2.727067996863574251e-11
2.694787633166715245e-11
2.735659089615236572e-11
2.704008617476452490e-11
2.744131753416357289e-11
2.713094749162143446e-11
2.752486703041105360e-11
2.722047326590692641e-11
2.760724692987486794e-11
2.730867672960454131e-11
2.768846515645654321e-11
2.739557127041069906e-11
2.776852995116540155e-11
2.748116992879876323e-11
2.784744988147754634e-11
2.756548569630843818e-11
2.792523381209104999e-11
2.764853162772238797e-11
2.800189085631961266e-11
2.773032106849722255e-11
2.807743037923527021e-11
2.781086722432176787e-11
2.815186195990064257e-11
2.789018344206098966e-11
2.822519539203493359e-11
2.796828290457887334e-11
2.829744062852023854e-11
2.804517900184379375e-11
2.836860781375461344e-11
2.812088503679414969e-11
2.843870722752353106e-11
2.819541437663194356e-11
2.850774927065167061e-11
2.826878033000273909e-11
2.857574447166238088e-11
2.834099631625798209e-11
2.864270345464058895e-11
2.841207637235962269e-11
2.870863695137790862e-11
2.848203331566581756e-11
2.877355575387519940e-11
2.855088049723413936e-11
2.883747071264247450e-11
2.861863126162714182e-11
2.890039275967148032e-11
2.868529965248317920e-11
2.896233283965403553e-11
2.875090317539128189e-11
2.902330195323701466e-11
2.881545079318120571e-11
2.908331112227365051e-11
2.887895512558840812e-11
2.914237139250308232e-11
2.894141183691303803e-11
2.920049380914710607e-11
2.900287842994865972e-11
2.925768941736936626e-11
2.906332098354126622e-11
2.931396928910674274e-11
2.912277118984774961e-11
2.936934444092891676e-11
2.918124417370052647e-11
2.942382590277718974e-11
2.923875693982147346e-11
2.947742469367304505e-11
2.929532019891571943e-11
2.953015178054992465e-11
2.935096545019642378e-11
2.958201810815887791e-11
2.940564014426715084e-11
2.963303459979677129e-11
2.945942964501043969e-11
2.968321210655338111e-11
2.951231895123035301e-11
2.973256148527066538e-11
2.956432339911441322e-11
2.978109350734568118e-11
2.961545874491584503e-11
2.982881889196125392e-11
2.966572634715227177e-11
2.987574833540194973e-11
2.971514221486194983e-11
2.992189244888652810e-11
2.976373447691675903e-11
2.996726181069211429e-11
2.981147551873161518e-11
3.001186690123816988e-11
2.985842100504188604e-11
3.005571817975749541e-11
2.990455937807826298e-11
3.009882599995858181e-11
2.994990694592909869e-11
3.014120067176307549e-11
2.999447669020168431e-11
3.018285243533774843e-11
3.003828068002266401e-11
3.022379143125330490e-11
3.008133054657042692e-11
3.026402775357295592e-11
3.012363773245873339e-11
3.030357139546681910e-11
3.016521357750457820e-11
3.034243231558194421e-11
3.020605085503414831e-11
3.038062033680308988e-11
3.024619860214826086e-11
3.041814524376780526e-11
3.028564812825485921e-11
3.045501671092411525e-11
3.032441034872992862e-11
3.049126209855444803e-11
3.036249604839949969e-11
3.052685652638992582e-11
3.039991590991167840e-11
3.056182616931837492e-11
3.043668047482919789e-11
3.059618038590026219e-11
3.047280017595563036e-11
3.062992842453380782e-11
3.050828536753445870e-11
3.066307948579135499e-11
3.054314617011731741e-11
3.069564264221938868e-11
3.057739271321588077e-11
3.072762690902550684e-11
3.061103489398002293e-11
3.075904119366130977e-11
3.064408256708158649e-11
3.078989431368453177e-11
3.067654541692706252e-11
3.082019500053389927e-11
3.070843301415622356e-11
3.084995186774951081e-11
3.073975479824679968e-11
3.087917349621374108e-11
3.077052012155409129e-11
3.090786830049758173e-11
3.080073817619030325e-11
3.093604467006231718e-11
3.083041804277636651e-11
3.096371084809392104e-11
3.085956866645665365e-11
3.099087500147043840e-11
3.088819890093428774e-11
3.101754521978088506e-11
3.091631743428946225e-11
3.104372946291771402e-11
3.094393287632005247e-11
3.106943562518198825e-11
3.097105369255181525e-11
3.109467144945093913e-11
3.099768822448461029e-11
3.111944863351572652e-11
3.102384468714376454e-11
3.114377107302519201e-11
3.104953121082672749e-11
3.116764529818383620e-11
3.107475576851640199e-11
3.119108246116894868e-11
3.109952619851546191e-11
3.121408908632159257e-11
3.112385027209395806e-11
3.123666924999686091e-11
3.114773557649492154e-11
3.125884870885348362e-11
3.117118959079732726e-11
3.128059695360686742e-11
3.119421965028159253e-11
3.130191547441743158e-11
3.121683288251485632e-11
3.132286437815365656e-11
3.123903617791407688e-11
3.134342173043264633e-11
3.126083602250343082e-11
3.136358274481658003e-11
3.128223809676864833e-11
3.138337286688824872e-11
3.130324659580221791e-11
3.140283193998893446e-11
3.132387749454477676e-11
3.142193817294375002e-11
3.134414043124339125e-11
3.144058758429270618e-11
3.136404185113791696e-11
3.145894695921841257e-11
3.138358444786528473e-11
3.147696584094894667e-11
3.140276658346735794e-11
3.149464629886264886e-11
3.142159693594463021e-11
3.151199216342660601e-11
3.144008276649213423e-11
3.152901220050272389e-11
3.145823061214803918e-11
3.154571031568431282e-11
3.147604668516473530e-11
3.156209240254302284e-11
3.149353698193912424e-11
3.157816427423223751e-11
3.151070728557071389e-11
3.159393163125040429e-11
3.152756330300636097e-11
3.160940001884062555e-11
3.154411060112058064e-11
3.162457491127223983e-11
3.156035464210137024e-11
3.163946165077010304e-11
3.157630079588655311e-11
3.165406553526830557e-11
3.159195434221870207e-11
3.166839171800119284e-11
3.160732047244644148e-11
3.168244527897349563e-11
3.162240425477327790e-11
3.169623123741399305e-11
3.163721072287020850e-11
3.170975448996721363e-11
3.165174478821340746e-11
3.172299749549928747e-11
3.166601125924623963e-11
3.173601045998638437e-11
3.168001494092770726e-11
3.174877496147663245e-11
3.169376046710290297e-11
3.176129559836299691e-11
3.170725242830575543e-11
3.177357688566968137e-11
3.172049535925486962e-11
3.178562327637588761e-11
3.173349365817224921e-11
3.179743911896025368e-11
3.174625171234132606e-11
3.180902875558814899e-11
3.175877379280240923e-11
3.182039638141240097e-11
3.177106407899770418e-11
3.183154615462839603e-11
3.178312672721856972e-11
3.184248213480375175e-11
3.179496579829590916e-11
3.185320838121447224e-11
3.180658525921325658e-11
3.186372881009511989e-11
3.181798905120997830e-11
3.187404728019342108e-11
3.182918101802902230e-11
3.188416761213988934e-11
3.184016491961736846e-11
3.189409355494830296e-11
3.185094451225096266e-11
3.190382877098292527e-11
3.186152340914529035e-11
3.191337683751390785e-11
3.187190522725005983e-11
3.192274134322949328e-11
3.188209344697746496e-11
3.193192576306689621e-11
3.189209155164692928e-11
3.194093348486768156e-11
3.190190294044651234e-11
3.194976787247616802e-11
3.191153097130597173e-11
3.195843222343854235e-11
3.192097886252063156e-11
3.196692975109455427e-11
3.193024988617792700e-11
3.197526366915387124e-11
3.193934718193189349e-11
3.198343701224356146e-11
3.194827387142359067e-11
3.199145284714125188e-11
3.195703298364961693e-11
3.199931413861570636e-11
3.196562751148424599e-11
3.200702373553783631e-11
3.197406040904121193e-11
3.201458439219605297e-11
3.198233457495087657e-11
3.202199861101505356e-11
3.199045277882340777e-11
3.202926854919798788e-11
3.199841784330069214e-11
3.203639534447258046e-11
3.200623249779290204e-11
3.204337818991112858e-11
3.201389934931215889e-11
3.205022709790033811e-11
3.202142108849216569e-11
3.205695556457419115e-11
3.202882583675543988e-11
3.206357066028434467e-11
3.203606623088196488e-11
3.207005078210476404e-11
3.204316898761593059e-11
3.207640161888810488e-11
3.205013761941548359e-11
3.208262795723555623e-11
3.205697466901674044e-11
3.208873317256207149e-11
3.206368151317655358e-11
3.209472005700853171e-11
3.207026036193874515e-11
3.210059112133003437e-11
3.207671348503865516e-11
3.210634863520163871e-11
3.208306954361197844e-11
3.211199494433155341e-11
3.208928746665683565e-11
3.211753211137352175e-11
3.209538922220823411e-11
3.212296232235188265e-11
3.210135265104101472e-11
3.212828760495575865e-11
3.210721463130607270e-11
3.213350999346777416e-11
3.211293467773081526e-11
3.213863146871058794e-11
3.211857606212041740e-11
3.214365397293161401e-11
3.212411018950818554e-11
