# -0.1J_-0.9g_0.57596theta_0.57596phi_10Chi_0.01delta_500N
9.514918100665858275e-03
1.010146778314964495e-04
2.408973019365218369e-06
8.374713200650528366e-07
3.026925863564136001e-07
5.232756719309305856e-07
2.037717115534727322e-07
3.336404239864085272e-07
1.377014260506589827e-07
2.088634122289564148e-07
9.744048156150142512e-08
1.382745277037700732e-07
7.322530962923715700e-08
9.833090741894882429e-08
5.805852339822399779e-08
7.457503156894874614e-08
4.799898385001893997e-08
5.960265985393921210e-08
4.093137904614482907e-08
4.965550889483409366e-08
3.570628707997166718e-08
4.274095494611750875e-08
3.167737194741159468e-08
3.773063267275379812e-08
2.846537806049753676e-08
3.394219278712863528e-08
2.583755068692465699e-08
3.095111975133416421e-08
2.364456169370480999e-08
2.849971173157438347e-08
2.178650628266794393e-08
2.643919004135919314e-08
2.019404297680210272e-08
2.468662836654157519e-08
1.881752012163035715e-08
2.319488233553621921e-08
1.762032169886550518e-08
2.193384103574362439e-08
1.657437437348100013e-08
2.087996833227271019e-08
1.565739884588610467e-08
2.001150663858706139e-08
1.485122229885969827e-08
1.930738480627964652e-08
1.414080088731403231e-08
1.874833035272601221e-08
1.351366676050029845e-08
1.831886782052159099e-08
1.295955532723895212e-08
1.800924726393084936e-08
1.247011789913831903e-08
1.781683489745682524e-08
1.203870077416659697e-08
1.774688302896853254e-08
1.166018851534144789e-08
1.781267713295565983e-08
1.133090203666461112e-08
1.803478657455540538e-08
1.104855553132533886e-08
1.843834938796020249e-08
1.081227746676432495e-08
1.904570956954773024e-08
1.062269855821607823e-08
1.985913146035535405e-08
1.048213140437933043e-08
2.082559559439835354e-08
1.039488331337811840e-08
2.177862818336021305e-08
1.036774427676100438e-08
2.237506945396507040e-08
1.041072704020928139e-08
2.210797728677490688e-08
1.053815844600849440e-08
2.055884144250993803e-08
1.077027531902487606e-08
1.789951281157070996e-08
1.113546362082234525e-08
1.498969631276471507e-08
1.167304292005315941e-08
1.263076314800920839e-08
1.243595507508128519e-08
1.104219811924680788e-08
1.349062328530792289e-08
1.007209097020669474e-08
1.490398998461912156e-08
9.505686260259682566e-09
1.668631135791738287e-08
9.181459639968610050e-09
1.860625315906777732e-08
8.997287252190631526e-09
1.977928459167750361e-08
8.891227035234467488e-09
1.859049138744353149e-08
8.825268285112107972e-09
1.474608050495034941e-08
8.775302302540365538e-09
1.052998583123814605e-08
8.725153815940481548e-09
7.511795249441024210e-09
8.664045925257980286e-09
5.637932622398326928e-09
8.585551041413165359e-09
4.489790861006107397e-09
8.486753588283020735e-09
3.767733391721041682e-09
8.367501580343358859e-09
3.300262444936850519e-09
8.229694332086048172e-09
2.990513995109742421e-09
8.076573653247700388e-09
2.780883227146515710e-09
7.912030998725337768e-09
2.634936594512452542e-09
7.739967140588258364e-09
2.528561799662352689e-09
7.563723346606517436e-09
2.445418886801682004e-09
7.385599861154421132e-09
2.374402613376904709e-09
7.206464501109464411e-09
2.308117157406558670e-09
7.025464479265760115e-09
2.241884281434121240e-09
6.839889075032580326e-09
2.173020673971090112e-09
6.645288143207360875e-09
2.100237352481338517e-09
6.436004617007835444e-09
2.023111229666340937e-09
6.206281247382516593e-09
1.941645772978982808e-09
5.951925066109059756e-09
1.855983309076945118e-09
5.672138095867436713e-09
1.766312345490717533e-09
5.370691821546230967e-09
1.672966248903452475e-09
5.055602732633842495e-09
1.576635156422994954e-09
4.737155236733868769e-09
1.478560589769879648e-09
4.425134277475236362e-09
1.380582110564508886e-09
4.126582008999788188e-09
1.284972851379297655e-09
3.844886121449100936e-09
1.194104482875441257e-09
3.580147211304316245e-09
1.110064071057493881e-09
3.330253594273183425e-09
1.034377100365450261e-09
3.092121152927497885e-09
9.679210565823679210e-10
2.862860346767470277e-09
9.110262912623283029e-10
2.640923772746440285e-09
8.636849118061556021e-10
2.427509508611546441e-09
8.257734792065006579e-10
2.228625613093465314e-09
7.972285151072509443e-10
2.058062671779475940e-09
7.781627188916498898e-10
1.940263112604603231e-09
7.689403609686678762e-10
1.908281475056419927e-09
7.702486699044911131e-10
1.989262518272267721e-09
7.832013558538662677e-10
2.182111053026806010e-09
8.095117389212429774e-10
2.448561987607031881e-09
8.517760049029512596e-10
2.722628172322433700e-09
9.139167375026301013e-10
2.928182125092928334e-09
1.001849829124820864e-09
3.003269935838199827e-09
1.124433366267182807e-09
2.924137945327080493e-09
1.294668639704442347e-09
2.711401384943719284e-09
1.530689329527749279e-09
2.413721697173578791e-09
1.854573503497120296e-09
2.083786435196401048e-09
2.283263838967099958e-09
1.761956960620548503e-09
2.800946467214746519e-09
1.471594015552388814e-09
3.308124113628944595e-09
1.222009645875183529e-09
3.576237669810906729e-09
1.013656568095756006e-09
3.302184839568590897e-09
8.425291869353388392e-10
2.472736950715153622e-09
7.032923206180866763e-10
1.595098905163416752e-09
5.905892946578197692e-10
1.005059714187478800e-09
4.994211629532036513e-10
6.653736947185185728e-10
4.255329287457970651e-10
4.719558850143888720e-10
3.654592498568747648e-10
3.577649312925162909e-10
3.164179172432188469e-10
2.871508005077481023e-10
2.761883329786612658e-10
2.414217022343805331e-10
2.430021456213679739e-10
2.104701469764408740e-10
2.154543039879907265e-10
1.886176797355143198e-10
1.924300321464300651e-10
1.725616981243361102e-10
1.730464121865461428e-10
1.603228846470812203e-10
1.566058987260656019e-10
1.506822670762517192e-10
1.425590154393812583e-10
1.428691724001240454e-10
1.304743725065647155e-10
1.363834817201347153e-10
1.200144294804086106e-10
1.308923965451607110e-10
1.109159557559965391e-10
1.261688706223282701e-10
1.029739734907118641e-10
1.220546064595751805e-10
9.602867888988018201e-11
1.184367823015766069e-10
8.995480797731092061e-11
1.152334158771038830e-10
8.465264983952003795e-11
1.123837296128411373e-10
8.004100320220188993e-11
1.098415663336144180e-10
7.605151520628736824e-11
1.075711078993384684e-10
7.262476950595889993e-11
1.055439509185526734e-10
6.970820157784292675e-11
1.037369667724498601e-10
6.725535919349739612e-11
1.021309018299386366e-10
6.522583045768941203e-11
1.007093281730211299e-10
6.358475876925625156e-11
9.945802334481398736e-11
6.230131118713981161e-11
9.836432193620534699e-11
6.134587532261350926e-11
9.741696781532261511e-11
6.068782823335798972e-11
9.660559455280139693e-11
6.029503730658450226e-11
9.592073258050364341e-11
6.013542025405392453e-11
9.535353632693145131e-11
6.017918645720958317e-11
9.489613899551618087e-11
6.040039204103482714e-11
9.454090834464487790e-11
6.077741658218882130e-11
9.428086420687699645e-11
6.129251671660661808e-11
9.410947053674943737e-11
6.193107601789805629e-11
9.402069048873489542e-11
6.268093633402082502e-11
9.400886098270515460e-11
6.353168525652672116e-11
9.406871804565199574e-11
6.447411367881477151e-11
9.419538543998009504e-11
6.549989601438429416e-11
9.438423661467181660e-11
6.660133667598744516e-11
9.463096353554966778e-11
6.777123613684433225e-11
9.493151455176936424e-11
6.900274415646453609e-11
9.528207166677144061e-11
7.028944133021834987e-11
9.567904577847264831e-11
7.162527619584947522e-11
9.611900455855782532e-11
7.300461659552477440e-11
9.659867085233990784e-11
7.442226851867567113e-11
9.711509033320117762e-11
7.587350161825986731e-11
9.766519622253547246e-11
7.735405844469351196e-11
9.824627425652436406e-11
7.886015407222853025e-11
9.885563178200096380e-11
8.038846295378745266e-11
9.949075725927178961e-11
8.193609395871107048e-11
1.001492062621247134e-10
8.350054967354751354e-11
1.008286746799694239e-10
8.507970535883225140e-11
1.015269442409041952e-10
8.667172744181622079e-11
1.022419270939103140e-10
8.827506772239721774e-11
1.029716202543244719e-10
8.988828276367136806e-11
1.037141534127707864e-10
9.151023272657073226e-11
1.044677318482816581e-10
9.313972469287160342e-11
1.052306481162814257e-10
9.477568306268720137e-11
1.060013175957727261e-10
9.641707797575557679e-11
1.067782447397983249e-10
9.806279015038752615e-11
1.075600306049048834e-10
9.971173554959523649e-11
1.083453773284370960e-10
1.013627459368939465e-10
1.091330754688474705e-10
1.030145750520628893e-10
1.099220092881074047e-10
1.046657912224842158e-10
1.107111320900634693e-10
1.063147258349971717e-10
1.114995895487395383e-10
1.079593385081386533e-10
1.122864815679639077e-10
1.095970394949752932e-10
1.130710631341762724e-10
1.112244606951111409e-10
1.138526794100794175e-10
1.128371643728880822e-10
1.146307253149832373e-10
1.144292905568780764e-10
1.154047056094473711e-10
1.159931550010063529e-10
1.161741743917836445e-10
1.175188382865417358e-10
1.169387623070718111e-10
1.189938058752869944e-10
1.176981650866869629e-10
1.204027649738472429e-10
1.184521398297563908e-10
1.217278480085226238e-10
1.192005013954670741e-10
1.229494501578224728e-10
1.199431189683413671e-10
1.240479378468106608e-10
1.206799191481842906e-10
1.250063407808492412e-10
1.214108543495179164e-10
1.258137878186147162e-10
1.221359349523652440e-10
1.264689242018822720e-10
1.228552374800434761e-10
1.269820828568252249e-10
1.235687661874970210e-10
1.273750001699660862e-10
1.242765982597695802e-10
1.276776686242537857e-10
1.249788272007618456e-10
1.279232328879332682e-10
1.256754621676931398e-10
1.281427913199594047e-10
1.263665190662494244e-10
1.283618146630861610e-10
1.270519835313636398e-10
1.285988088810295896e-10
1.277318154643625509e-10
1.288657424786177410e-10
1.284059538512763150e-10
1.291693188576124956e-10
1.290743131288139950e-10
1.295123635938981291e-10
1.297368229377452407e-10
1.298949867829460947e-10
1.303933760348316050e-10
1.303154607878938618e-10
1.310438668222449967e-10
1.307708656802888774e-10
1.316881841974543436e-10
1.312575669694199005e-10
1.323262135721796755e-10
1.317715707567518082e-10
1.329578375090767379e-10
1.323087841761750747e-10
1.335829365773766760e-10
1.328651999145252016e-10
1.342013902973307178e-10
1.334370223814260150e-10
1.348130782235368273e-10
1.340207315009982828e-10
1.354178809375840989e-10
1.346131336280197485e-10
1.360156810750317121e-10
1.352113821685345865e-10
1.366063642404563911e-10
1.358129501665403610e-10
1.371898199045797205e-10
1.364156302806603688e-10
1.377659421960714573e-10
1.370175050595846466e-10
1.383346305850669146e-10
1.376169336813683087e-10
1.388957931621049381e-10
1.382125039704036115e-10
1.394493385195267712e-10
1.388030207452795602e-10
1.399951851591667273e-10
1.393874759634737073e-10
1.405332588252491573e-10
1.399650445005873125e-10
1.410634927344141178e-10
1.405349986484362733e-10
1.415858277056676778e-10
1.410967691316440612e-10
1.421002140268902328e-10
1.416498881472638272e-10
1.426066107173651294e-10
1.421939786069818356e-10
1.431049793070588919e-10
1.427287339844650446e-10
1.435952906834367674e-10
1.432539384965364188e-10
1.440775214912852022e-10
1.437694365909587893e-10
1.445516538320667931e-10
1.442751007153556232e-10
1.450176789780672979e-10
1.447708411047164083e-10
1.454756013205934774e-10
1.452566270582768604e-10
1.459254616754585927e-10
1.457324408843272998e-10
1.463672409069612430e-10
1.461983401436116806e-10
1.468009507511123778e-10
1.466543521808433798e-10
1.472266458806009063e-10
1.471005381403723448e-10
1.476443448817749664e-10
1.475369808891003580e-10
1.480540860919574249e-10
1.479637758220944730e-10
1.484559130349106244e-10
1.483810303334485724e-10
1.488498570378375643e-10
1.487888617032193703e-10
1.492360136466973627e-10
1.491873953775519140e-10
1.496144156875949796e-10
1.495767636330305058e-10
1.499851235911093915e-10
1.499571044075125712e-10
1.503482031288049521e-10
1.503285902888242373e-10
1.507037238511607507e-10
1.506913223964779549e-10
1.510517588601440490e-10
1.510454651863634274e-10
1.513923845369190451e-10
1.513911692292679214e-10
1.517256803051720954e-10
1.517285681708103178e-10
1.520517283869238096e-10
1.520578701113497947e-10
1.523706136472074092e-10
1.523791935775807376e-10
1.526824428962978186e-10
1.526926910828392956e-10
1.529872665604271095e-10
1.529985173544954685e-10
1.532851954436697921e-10
1.532968270120334232e-10
1.535763227980149584e-10
1.535877738137268399e-10
1.538607435100453510e-10
1.538715102001779540e-10
1.541385345461241993e-10
1.541481869023859661e-10
1.544098326797548936e-10
1.544179527350314535e-10
1.546747170405536893e-10
1.546809544933399239e-10
1.549332873100249081e-10
1.549373367123281068e-10
1.551856439737462973e-10
1.551872410316305720e-10
1.554318880331821734e-10
1.554307963015313156e-10
1.556721221909944662e-10
1.556681703815193579e-10
1.559064471000222970e-10
1.558994695276554332e-10
1.561349574674360871e-10
1.561248406521914864e-10
1.563577729299103410e-10
1.563444421961893714e-10
1.565749924523714493e-10
1.565583781238803853e-10
1.567867086460716616e-10
1.567667829930816192e-10
1.569930232036933672e-10
1.569697812380603813e-10
1.571940406586153770e-10
1.571674971118235562e-10
1.573898631102701200e-10
1.573600342933543764e-10
1.575805920603498756e-10
1.575475549910175217e-10
1.577663284804297971e-10
1.577301548969877345e-10
1.579471924692054740e-10
1.579079692168050058e-10
1.581232485074154192e-10
1.580810666984654349e-10
1.582946161089447588e-10
1.582495643982790671e-10
1.584613870258665782e-10
1.584136104678098002e-10
1.586236796207915808e-10
1.585732886494782154e-10
1.587815495319316526e-10
1.587287035055536732e-10
1.589351111390843949e-10
1.588799571278611259e-10
1.590844586222044390e-10
1.590271494238071707e-10
1.592296851099906921e-10
1.591703781983870204e-10
1.593708830048252423e-10
1.593097392140241187e-10
1.595081444776333580e-10
1.594453261950074732e-10
1.596415577080717917e-10
1.595772308744310531e-10
1.597712132685179522e-10
1.597055429780852740e-10
1.598971799307244111e-10
1.598303502462049462e-10
1.600195814513496448e-10
1.599517385233025369e-10
1.601384817300528302e-10
1.600697918151179266e-10
1.602539644575078871e-10
1.601845920849626135e-10
1.603661120976489968e-10
1.602962196577338531e-10
1.604750058434993641e-10
1.604047530336955969e-10
1.605807255148883446e-10
1.605102831138463010e-10
1.606833496238156439e-10
1.606128578692844060e-10
1.607829560766995337e-10
1.607125634362699892e-10
1.608796179834738267e-10
1.608094714970642523e-10
1.609734037350628788e-10
1.609036525031332244e-10
1.610644072892438914e-10
1.609951766519529661e-10
1.611527043893366381e-10
1.610841088678488900e-10
1.612383380063100316e-10
1.611705146675262728e-10
1.613213883622725041e-10
1.612544580220516144e-10
1.614019250711544117e-10
1.613360015800406239e-10
1.614800145608291171e-10
1.614152064854931702e-10
1.615557223909261081e-10
1.614921325204248369e-10
1.616291125354101706e-10
1.615668381141408573e-10
1.617002478067902632e-10
1.616393804324528170e-10
1.617691895825844342e-10
1.617098152813540402e-10
1.618359979562028645e-10
1.617781971704820750e-10
1.619007316683740001e-10
1.618445795312574662e-10
1.619634483262903904e-10
1.619090143119260084e-10
1.620242041685885047e-10
1.619715525100608930e-10
1.620830541966270254e-10
1.620322438813810446e-10
1.621400522269518640e-10
1.620911370933477552e-10
1.621952740062700211e-10
1.621482797412239571e-10
1.622487303601899936e-10
1.622037180950907254e-10
1.623004887004065969e-10
1.622574971571515855e-10
1.623505981220938324e-10
1.623096600995981200e-10
1.623991067842808453e-10
1.623602463157283988e-10
1.624460606060291637e-10
1.624093054977877969e-10
1.624915051080208268e-10
1.624568797789259864e-10
1.625354847016981593e-10
1.625029927226332836e-10
1.625780427961700667e-10
1.625477214110309511e-10
1.626192216746432206e-10
1.625910664305277202e-10
1.626590625352544591e-10
1.626330739792448903e-10
1.626976056915717681e-10
1.626737823391147552e-10
1.627348902010271535e-10
1.627132274538656088e-10
1.627709543068612779e-10
1.627514444032302699e-10
1.628058351237233793e-10
1.627884670054650931e-10
1.628395685775059798e-10
1.628243281971663350e-10
1.628721910180427546e-10
1.628590694892630563e-10
1.629037355181070762e-10
1.628926983104428865e-10
1.629342364464533284e-10
1.629252665706684091e-10
1.629637268498549943e-10
1.629567974868831917e-10
1.629922376720816010e-10
1.629873203829933363e-10
1.630197996211257246e-10
1.630168635016019630e-10
1.630464427315463292e-10
1.630454545599188357e-10
1.630723844584399795e-10
1.630731206143220221e-10
1.630970880682777465e-10
1.630998879940259959e-10
1.631211461867920426e-10
1.631257823274833293e-10
1.631443971859134860e-10
1.631508285712002273e-10
1.631668672283137120e-10
1.631750512251281300e-10
1.631885816017239893e-10
1.631984738236363827e-10
1.632095648839567952e-10
1.632211197048456270e-10
1.632298409051491056e-10
1.632430130227491447e-10
1.632494330725489944e-10
1.632641721546958977e-10
1.632683637700499236e-10
1.632846007835905175e-10
1.632866550265493703e-10
1.633043597015607611e-10
1.633043280154127384e-10
1.633234490739908455e-10
1.633214034518985657e-10
1.633418887949207295e-10
1.633379013922409539e-10
1.633596981418251425e-10
1.633538411641220661e-10
1.633768962401402516e-10
1.633692417896961945e-10
1.633935011784244243e-10
1.633841215097439550e-10
1.634095312538507457e-10
1.633984980274253782e-10
1.634250035178905588e-10
1.634123886107507858e-10
1.634399356170489242e-10
1.634258098984054667e-10
1.634543438191652790e-10
1.634387780809245645e-10
1.634682443770175750e-10
1.634513087864352407e-10
1.634816531723970072e-10
1.634634172048730682e-10
1.634945855486522787e-10
1.634751179328257480e-10
1.635070564774731479e-10
1.634864253707570525e-10
1.635190806973957224e-10
1.634973529623315596e-10
1.635306723896621456e-10
1.635079141861144072e-10
1.635418453434549646e-10
1.635181219125723434e-10
1.635526127275863629e-10
1.635279885035931451e-10
1.635629874963658314e-10
1.635375261354052188e-10
1.635730037471980816e-10
1.635467459352017620e-10
1.635826370557394711e-10
1.635556593716036363e-10
1.635919219503305558e-10
1.635642772896420822e-10
1.636008649291833982e-10
1.635726099021385668e-10
1.636094739230349131e-10
1.635806670463907665e-10
1.636177610100188305e-10
1.635884579523237158e-10
1.636257543456476031e-10
1.635959912144760180e-10
1.636334516406033205e-10
1.636032808446486662e-10
1.636408541249759319e-10
1.636103344605533982e-10
1.636479814631083776e-10
1.636171706566718898e-10
1.636548501546949431e-10
1.636237462050024495e-10
1.636614464827933232e-10
1.636301529878302466e-10
1.636678121364057721e-10
1.636363527268265993e-10
1.636739383670265006e-10
1.636423287693276162e-10
1.636798342101552044e-10
1.636481485024287177e-10
1.636855297761349639e-10
1.636537521401044588e-10
1.636909915381983859e-10
1.636591979361728271e-10
1.636962477535823460e-10
1.636644707762568041e-10
1.637013062130697885e-10
1.636695780221192917e-10
1.637061742968370433e-10
1.636745261053333899e-10
1.637108587941461599e-10
1.636793212145883185e-10
1.637153668823812230e-10
1.636839695101348796e-10
1.637197051798868213e-10
1.636884762310958888e-10
1.637238799526645588e-10
1.636928472753396049e-10
1.637278975986507013e-10
1.636970874251953331e-10
1.637317641002684785e-10
1.637012018548966716e-10
1.637354852349303505e-10
1.637051954158371562e-10
1.637390668095889740e-10
1.637090741920642987e-10
1.637425140676254388e-10
1.637128235916105121e-10
1.637458329703834397e-10
1.637164838930160436e-10
1.637490279859580512e-10
1.637200395646856577e-10
1.637521043164530164e-10
1.637234947281596924e-10
1.637550669248856293e-10
1.637268536133460221e-10
1.637579204104431424e-10
1.637301187088955330e-10
1.637606691521578350e-10
1.637332932764421006e-10
1.637633177048841373e-10
1.637363801630450526e-10
1.637658699688323006e-10
1.637393822072014153e-10
1.637683297207322955e-10
1.637423023289760036e-10
1.637707007097934316e-10
1.637451429610837089e-10
1.637729859554743396e-10
1.637478864754383012e-10
1.637751880806658163e-10
1.637505760684183829e-10
1.637773151510030711e-10
1.637531928104011610e-10
1.637793733251383797e-10
1.637557384067893504e-10
1.637813942601740929e-10
1.637582146075984894e-10
1.637832834945454556e-10
1.637606231885900350e-10
1.637851401718109157e-10
1.637629650542922685e-10
1.637869408243259881e-10
1.637652584140572074e-10
1.637886847177123060e-10
1.637675000977254423e-10
1.637903701251680181e-10
1.637696325230720171e-10
1.637920002367289600e-10
1.637717400253328876e-10
1.637935780670795346e-10
1.637737850469889004e-10
1.637951059028809550e-10
1.637757820244120744e-10
1.637965859687468153e-10
1.637777139233055075e-10
1.637980203639449810e-10
1.637795954416506065e-10
1.637994108491708225e-10
1.637814193070878561e-10
1.638007593515506467e-10
1.637831840864371993e-10
1.638020674111868329e-10
1.637849196401544862e-10
1.638033365402126902e-10
1.637866030104570050e-10
1.638045681671265625e-10
1.637882362969351443e-10
1.638057637709466945e-10
1.637898203425718199e-10
1.638069244114476072e-10
1.637913563201928698e-10
1.638080513740359449e-10
1.637928452219936840e-10
1.638091453696056930e-10
1.637942880316024135e-10
1.638102074542969475e-10
1.637956850196744936e-10
1.638112383782053597e-10
1.637970370078472117e-10
1.638122382830795979e-10
1.637983445213741563e-10
1.638132075686488510e-10
1.637996073275955808e-10
1.638141526278880589e-10
1.638008258731338015e-10
1.638150929538115406e-10
1.638020136374625107e-10
1.638159873177516351e-10
1.638031566891471535e-10
1.638168460371401619e-10
1.638042645877467204e-10
1.638176732591101429e-10
1.638053310206690468e-10
1.638185111499553431e-10
1.638063580117038096e-10
1.638192825230989335e-10
1.638073511990241307e-10
1.638200511421480865e-10
1.638082923762323714e-10
1.638209704929931444e-10
1.638092173502934196e-10
1.638215187279785931e-10
1.638101064580209404e-10
1.638222187513304868e-10
1.638109608800803501e-10
1.638228966426603225e-10
1.638117814997004687e-10
1.638235527352270973e-10
1.638125694627438122e-10
1.638241877482849299e-10
1.638133253193734791e-10
1.638248016467601474e-10
1.638140503254353931e-10
1.638253951435030689e-10
1.638147451295763114e-10
1.638259684881046650e-10
1.638154104808898076e-10
1.638265222545529041e-10
1.638160474752211382e-10
1.638270565191093666e-10
1.638166566659841442e-10
1.638275718968657887e-10
1.638172389640950092e-10
1.638280687275609903e-10
1.638177952452301872e-10
1.638285477468590351e-10
1.638183261219306996e-10
1.638290088132121046e-10
1.638188323870002823e-10
1.638294528244080695e-10
1.638193149459112881e-10
1.638298804609614147e-10
1.638197799983559124e-10
1.638303143385444017e-10
1.638202175109824211e-10
1.638307107822307141e-10
1.638206331566769840e-10
1.638310922175247988e-10
1.638210282875772579e-10
1.638314591065490702e-10
1.638214031764689525e-10
1.638318120506963007e-10
1.638217587157159600e-10
1.638321517096880324e-10
1.638220956697414755e-10
1.638324774228488546e-10
1.638224145776127452e-10
1.638327880000287428e-10
1.638227162558106194e-10
1.638330631283337459e-10
1.638229992661275410e-10
1.638333802280333037e-10
1.638232682261197294e-10
1.638336715885983794e-10
1.638235225214884564e-10
1.638339458425094977e-10
1.638237635324175837e-10
1.638342096970350760e-10
1.638239919943201774e-10
1.638344638983847485e-10
1.638242093476703988e-10
1.638347096260060634e-10
1.638244142082784800e-10
1.638349476495865480e-10
1.638246071707799028e-10
1.638351777947489813e-10
1.638247887931271708e-10
1.638354006493643432e-10
1.638249595862126986e-10
1.638356162376151037e-10
1.638251204541380716e-10
1.638358251536320356e-10
1.638252721236778503e-10
1.638360277063258678e-10
1.638254152507818660e-10
1.638362236694751105e-10
1.638255505445572904e-10
1.638364137967081225e-10
1.638256786182246997e-10
1.638365980116514210e-10
1.638258001790011577e-10
1.638367767665613533e-10
1.638259159103966029e-10
1.638369501117904194e-10
1.638260262063868988e-10
1.638371181048876942e-10
1.638261524665160552e-10
1.638372816841186405e-10
1.638262566541527573e-10
1.638374403341402759e-10
1.638263581937215595e-10
1.638375948063471062e-10
1.638264610188945731e-10
1.638377453354867595e-10
1.638265616148687754e-10
1.638378921917366640e-10
1.638266605441480503e-10
1.638380356374521435e-10
1.638267578509939017e-10
1.638381757810302801e-10
1.638268537952412342e-10
1.638383130075070794e-10
1.638269487502519242e-10
1.638384475197776674e-10
1.638270210018135908e-10
1.638385801043779221e-10
1.638271179955639031e-10
1.638387108615160703e-10
1.638272203246144063e-10
1.638388398815426979e-10
1.638273217147225803e-10
1.638389674089014892e-10
1.638274377263738998e-10
1.638390939540163644e-10
1.638275471752705024e-10
1.638392197623640529e-10
1.638276564357005682e-10
1.638393451334380394e-10
1.638277664301872532e-10
1.638394698017615044e-10
1.638278775950972818e-10
1.638395946864496718e-10
1.638279918340506334e-10
1.638397194169671152e-10
1.638281072952794038e-10
1.638398442676668964e-10
1.638282215773177760e-10
1.638399694560388902e-10
1.638283355572213725e-10
1.638400950759403337e-10
1.638284491449261220e-10
1.638402212442551045e-10
1.638285623683489567e-10
1.638403486623576057e-10
1.638286747910223653e-10
1.638404779730859253e-10
1.638287861081663778e-10
1.638405875083029349e-10
1.638288957373433760e-10
1.638407209278511574e-10
1.638290033272279886e-10
1.638408548977730219e-10
1.638290909220123423e-10
1.638409891317712889e-10
