# -0.45J_-0.55g_0.2618theta_0.0phi_10Chi_0.01delta_500N
-5.790960918713293770e-01
7.606388794834820777e-01
-1.744432702651143863e-01
-2.049236475590915652e-01
1.376555356388423912e-01
-9.465838422944929109e-02
-1.584407865436202045e-01
5.939857972035439415e-02
-8.412010709839823352e-02
-8.812306694505483290e-03
7.168561383438425416e-01
-1.349612500315839458e+00
4.500123807586355884e-01
-7.926285432902836492e-01
1.530045210181033344e+00
-1.430376810962842304e+00
-2.511223690122415420e+00
2.901722643454175188e+00
-2.864833540836372983e+00
2.266227552761087005e-01
2.935272987355824204e-01
-7.879235786424332311e-01
8.075856183539529276e-01
-3.932481714774472614e+00
-1.188647773140079078e+00
-2.959053604755451428e+00
-1.378096494646657844e+00
-1.546229472304257113e+00
1.298565686695991150e+00
-8.572143757168685374e-01
-2.335874205092698386e-01
-1.741621071828182599e+00
3.547876811978829981e+00
-3.835858012253299876e+01
-3.821709665288105295e+00
-3.177742515300499804e+01
5.571008146076369627e+00
8.387869058201333772e+00
7.802564736772605869e+00
1.248666790788084455e+02
8.571605634184559230e-02
6.570493898772078456e-01
1.755245294477003837e+00
-1.575695503212364024e+01
-2.248315078816735024e+01
-6.568540596169078150e+00
3.041612437303011873e+01
-4.731593194771318878e+01
3.911333416785532791e+01
2.521077116142440744e+01
8.914199498858357829e-02
1.751437110727910307e+00
-2.723056745795291889e+00
3.050120736897399709e+01
2.221393733571355167e+00
3.423783567294575647e+01
-6.676818035373420557e+00
4.249921773001743119e+00
-7.935967824286964678e+00
-8.724314191932766960e+01
-1.445510767434808608e-01
-2.842817450413113622e+00
3.740802240750773500e-01
3.017793652381940461e+01
4.236876344370645597e+01
1.966881801512317551e+01
-1.622477566600018690e+02
1.028648758843694679e+02
-1.352095987627922113e+02
-3.064153160109944452e+02
4.309010351651261506e-02
2.016559494066274105e+00
1.745346252382932617e+00
-1.511686614685382324e+01
-5.707127443957083557e+01
-8.500810712334599728e+00
8.914539915946421900e+01
-1.958845422468095876e+02
1.041967596446889388e+02
-1.461658432868385376e+02
8.209456980025325867e-02
2.504948412389701229e+00
1.428994865723199448e+00
-2.041050649455992883e+01
-4.725819550449097051e+01
-5.212245652431239940e+00
1.250981859243520518e+02
-1.264966429715709069e+02
1.655732215285699453e+02
1.140051359551225296e+01
9.428084425406912591e-03
6.230864107678903974e-01
1.174412911557241701e+00
1.235620222660905796e+02
-1.347114144414981673e+01
1.017294890591658145e+02
-2.069519182383170346e+02
-2.803093073937323538e+02
-3.475057758603895763e+00
-2.368972883560278206e+03
-5.778106743772586373e-01
-2.281585103889892108e-01
7.470118123415535605e-01
2.222688979122620367e-01
1.094342386455138261e-01
-9.463417086186820537e-02
2.963478005561773557e-02
-1.667627554630090603e-01
-8.375634715656121720e-02
5.816367822309867486e-02
-1.029566800273902377e-01
-4.045295726213308796e-01
-2.436551243393387522e-01
-4.703429142710802840e-02
3.495515823985046566e+00
-1.833117567238234269e+00
2.354127041524233466e+00
1.473050944678120810e+00
2.558398414768608298e+00
-7.467449882972100328e-01
-7.684993306649835487e-01
-9.555701724584282630e-02
1.757940247136550838e+00
-1.971633517490513521e+00
-1.935649977197572591e+00
2.717044589964125123e+00
5.273740855095226943e-02
3.355889059988907519e+00
1.837163342730092852e+00
-1.026017381693868691e+00
1.914728986059579807e-01
-4.976684903464698162e-01
1.383735262104838437e+00
-1.810453771667085832e+01
3.943268728306228432e+00
1.028097571076284211e+01
2.805603478331660128e+01
4.349739316792466326e+01
2.992435487443259490e+01
5.253272258862324406e+01
1.599921859266613677e-01
2.822446041321434063e+00
3.005931894956284101e+00
-7.964426356161596665e+00
-4.265021600869051355e+01
3.056975862414265066e+01
-4.436616898124984942e+00
-2.353789812228685463e+01
-2.587096789496641591e+01
4.609845584791738560e+01
8.898504909707721788e-02
1.470991431631592850e+00
2.877617545904643581e+00
-1.330638964979792327e+01
-2.728616823627360688e+01
3.392240327009172773e+01
-3.641694570982695334e-01
-6.685318730131221798e+00
-7.688690653894058258e+00
4.482778271059405739e+01
3.630945540380046965e-02
1.610250857383979772e+00
5.845564566872751833e-01
2.597045007508352654e+01
-1.206981994816026926e+01
-3.059363225582137691e+00
-1.081207470405206550e+02
-6.224378472929701189e+01
-2.348809743348445522e+01
-1.963185202507465590e+02
-1.469716857486020323e-01
2.239861181717195837e+00
-2.739870806621875321e+00
4.028662354559382663e+01
-6.065821507580463390e+01
2.024277918769622886e+01
-7.716362026255529827e+01
-2.467715311739285937e+02
-1.659982562167395201e+02
-1.771771022913586648e+02
8.180946268186888026e-02
-2.493179312233008815e+00
1.456574036524397764e+00
-3.091954524590131825e+01
4.080597576375559754e+01
-4.692309978365046597e+00
4.989858148274467453e+01
1.690379389384451656e+02
1.638679869085128473e+02
1.384718005634863118e+02
4.287256674340779450e-02
-5.544474914715772362e-01
6.430407041800436652e-01
6.905475666948518665e+01
5.003401685546323563e+01
-7.020634268919640419e+01
-2.436561790516714439e+02
-2.021007486286322319e+02
-1.061825442498943630e+02
-1.199759330168288670e+03
-5.801897718165537343e-01
-5.320773685337585324e-01
-5.701268315899833405e-01
-1.604908938876839844e-02
-2.464849030737683022e-01
-9.404452733330369296e-02
1.285587849167016128e-01
1.074200722154150106e-01
-8.350088902191175888e-02
-5.232085095535843333e-02
-6.132072749592495375e-01
-1.476620262929950744e+00
-7.107430012234139394e-01
-2.125908640051527687e+00
3.162782371393346725e+00
3.254450169060443709e+00
-1.319656927478990660e+00
-2.053251095725546094e+00
3.125611243535227901e-01
4.584125933324915969e-02
4.726360980262672151e-01
3.732746881020965191e-01
6.753989144276532075e-01
-2.307695745664231968e+00
1.480264050866107739e-01
2.378047699783251978e-01
3.566026919923436012e+00
-3.464195712266582849e-01
-3.139562550601704860e+00
-1.714150470710887886e+00
4.300831637615098318e-02
-3.000345958509591071e+00
1.387216944293834686e+00
-3.501385729249170708e+01
1.765048255114394493e+01
2.136174839564334604e+01
4.678374296414549605e+01
5.519759448417481451e+00
-3.755235645083322993e+01
6.398801221420681884e+01
-2.449671990119662857e-01
2.822720068134665361e+00
4.958839606887875950e-01
5.708560476758033353e+00
-2.582591157018848804e+01
-2.403566622488522952e+01
3.301852668776245991e+01
-4.986940141180525643e+00
-1.314237902385242052e+01
-1.407341713812627404e+01
8.837649648936080071e-02
-3.213305372227521772e+00
-1.537818486991223144e-01
-1.707794080241692924e+01
2.510043318887128905e+01
3.388555892713225859e+01
6.428071998385863850e+00
2.427971187814021103e+00
-7.713839683740679298e+00
2.594287540664345926e+01
1.079250565553782626e-01
-4.422738106882214693e-01
-3.393035103007138620e+00
7.525484671980321139e+01
1.195974610925555837e+01
-1.593626244671797565e+01
-2.789821441209333557e+02
-2.391201228104286969e+01
1.579926515943889171e+02
-2.757464170776958099e+02
1.036926423538665903e-01
-1.756637457791419443e+00
-6.802974324425875574e-01
1.583608735988310912e+01
-1.095297196401242701e+01
-1.198368134544784880e+01
-4.009283799437660889e+01
-7.836864127358124676e+01
6.328499212246244809e+01
-2.169973338384179158e+02
8.138203807492333519e-02
-1.884046272767087027e-02
-2.889000022868184914e+00
5.097681423182767446e+01
6.356821260707710586e+00
-4.804429435367181256e+00
-1.750477741238240412e+02
-4.350213485287553539e+01
1.654777588957893784e+02
-1.564859904285682148e+02
-5.300234718438949499e-02
-2.226557354290069901e-01
1.780968058526392506e+00
3.345496723666934002e+01
-1.319589246642015290e+01
-4.491901575787570877e+00
-1.444841271326642982e+02
-1.513720579153492167e+02
9.264290580087515536e+01
-1.146993052359104468e+03
