# -0.15J_-0.85g_0.57596theta_0.0phi_10Chi_0.01delta_500N
3.984003609365589088e-02
3.250796982596734796e-04
7.936991178600905886e-06
9.319727123399955750e-07
4.866562076590053940e-07
3.064888709623520533e-07
2.119221025557682634e-07
2.010320509284146743e-07
1.091289119652926619e-07
1.453439803422714701e-07
6.745183472438321916e-08
1.123317538654589780e-07
4.760018116322378911e-08
9.103247974294127480e-08
3.670641683649523355e-08
7.642715767287746805e-08
2.997878560266494213e-08
6.594475654439388618e-08
2.539769542283831348e-08
5.815721624034848261e-08
2.203115997294010504e-08
5.221957795580380428e-08
1.941904362377804526e-08
4.760199583232021665e-08
1.732101974672085974e-08
4.395195286842548565e-08
1.560509361539596516e-08
4.101830373904150510e-08
1.419535920482378256e-08
3.860657597742340886e-08
1.304624414193476807e-08
3.655164321300881216e-08
1.212925511448527508e-08
3.470116636237753043e-08
1.142578699980590949e-08
3.290797962228727588e-08
1.092282237232376679e-08
3.103210856681428914e-08
1.060935874015631938e-08
2.895402883451840741e-08
1.047210028794752678e-08
2.659907326859416305e-08
1.049034564670814059e-08
2.396637979097163758e-08
1.063163302016546986e-08
2.114767154000027862e-08
1.085023958774456963e-08
1.831942537468582156e-08
1.109143053338614419e-08
1.570385340710521589e-08
1.130584500355133024e-08
1.351140516335259293e-08
1.147575215475794212e-08
1.188303779291053779e-08
1.164199687789710699e-08
1.084606952798023022e-08
1.190563995426551506e-08
1.030696111812329735e-08
1.238687255763624049e-08
1.010231977671629456e-08
1.315720895704692656e-08
1.007231390209813694e-08
1.417340240233903829e-08
1.009794555706445712e-08
1.521352965379093523e-08
1.009821306514959595e-08
1.581319836257726492e-08
1.001492904565625662e-08
1.532633773620921706e-08
9.802558387310879021e-09
1.340616573676458590e-08
9.427266733651410937e-09
1.063067147321536622e-08
8.873221851054709732e-09
8.041322833679094733e-09
8.151100867574976989e-09
6.135802503444783134e-09
7.302120616493885662e-09
4.850316451980040805e-09
6.391406013275338441e-09
3.979057108978261811e-09
5.491146695639039899e-09
3.361941817885185704e-09
4.662117086546576455e-09
2.902102844468475550e-09
3.942842586864282129e-09
2.544778839709228827e-09
3.348927768753294605e-09
2.259013225681986254e-09
2.878661234423532749e-09
2.026703479363256873e-09
2.519877793514374509e-09
1.836661512999891931e-09
2.255465911543288702e-09
1.681480049171955897e-09
2.067207067253143616e-09
1.555899165932153427e-09
1.938285527134038872e-09
1.455951988303867701e-09
1.854545483141988169e-09
1.378501541868877262e-09
1.804610474578413527e-09
1.320960061321428902e-09
1.779260714491127892e-09
1.281067162332072128e-09
1.770557363079114029e-09
1.256664508156134087e-09
1.771046563001087755e-09
1.245443874818691302e-09
1.773209971981358534e-09
1.244659998928827081e-09
1.769289695729295765e-09
1.250807616143330460e-09
1.751681131528373514e-09
1.259220403693247950e-09
1.714104032116629113e-09
1.263692798935773484e-09
1.653556600007471692e-09
1.256555744129912929e-09
1.572484187769212779e-09
1.229963681110034004e-09
1.480041396855169141e-09
1.178900488168615965e-09
1.391504512367423414e-09
1.104823106540077738e-09
1.325958947708609114e-09
1.016632958812528657e-09
1.303194733066826821e-09
9.263556502277790224e-10
1.340319039538178492e-09
8.422299764348008020e-10
1.447437165216451250e-09
7.655172069068544030e-10
1.619575224284384993e-09
6.930831406466169876e-10
1.819273098608912187e-09
6.217617092729118591e-10
1.955796082811931546e-09
5.506603759075426096e-10
1.911502536356300844e-09
4.810786825181525107e-10
1.654278860357986489e-09
4.153500482539578842e-10
1.291716768598211392e-09
3.556642161624010872e-10
9.536993680812040333e-10
3.034097581351635528e-10
6.951840190207748968e-10
2.590650037762991896e-10
5.136158167024423394e-10
2.223804189479664636e-10
3.894176694579760970e-10
1.926504495077919826e-10
3.044467113623510563e-10
1.689663087706300227e-10
2.457897347082622844e-10
1.504016202339809322e-10
2.049862323187689938e-10
1.361223391113342748e-10
1.766042953071738507e-10
1.254341521595774278e-10
1.571124528163631139e-10
1.177849024686569655e-10
1.441299744515595204e-10
1.127381775225703479e-10
1.359725166990280810e-10
1.099303366148738665e-10
1.313987868810422878e-10
1.090257306858212500e-10
1.294784834216576291e-10
1.096908807072837833e-10
1.295197447566733041e-10
1.116008256799000438e-10
1.310163440807914928e-10
1.144641363775122111e-10
1.335985324782104976e-10
1.180457576905265968e-10
1.369913327128220431e-10
1.221706182841977109e-10
1.409843397505033912e-10
1.267148033378282214e-10
1.454136400542796689e-10
1.315935224708670695e-10
1.501513334638293860e-10
1.367495810262952994e-10
1.550980178323260365e-10
1.421446438627560074e-10
1.601762456483044402e-10
1.477532122192452551e-10
1.653248670497265595e-10
1.535583756475552501e-10
1.704945523536917944e-10
1.595490653674545443e-10
1.756447272587506990e-10
1.657182320951604453e-10
1.807419137755078289e-10
1.720615261159897861e-10
1.857593714791526082e-10
1.785764756880935073e-10
1.906780658024494845e-10
1.852617110747202337e-10
1.954889617676931204e-10
1.921162509732354004e-10
2.001966275324223126e-10
1.991388992424849603e-10
2.048240811828535416e-10
2.063275505468518115e-10
2.094182140543121382e-10
2.136785596939938138e-10
2.140544833506353054e-10
2.211862617691116749e-10
2.188389262767259110e-10
2.288426002169140632e-10
2.239041624859023665e-10
2.366369716662508272e-10
2.293968126892290900e-10
2.445562276618712617e-10
2.354556125987824040e-10
2.525851370295724122e-10
2.421840550619203163e-10
2.607070045267029378e-10
2.496253088512824333e-10
2.689041593365227676e-10
2.577495091615165880e-10
2.771590811427220872e-10
2.664588255608890110e-10
2.854552692147226371e-10
2.756088283140724789e-10
2.937776397468971309e-10
2.850376547179862398e-10
3.021131387067541204e-10
2.945934222503762867e-10
3.104512079182422154e-10
3.041527324511741668e-10
3.187836973541165549e-10
3.136285054884939826e-10
3.271047408979896603e-10
3.229690647623505386e-10
3.354104504645097059e-10
3.321516854803195817e-10
3.436985169102216967e-10
3.411744484870008846e-10
3.519677770734577000e-10
3.500483662352417870e-10
3.602178313337282601e-10
3.587910237005482937e-10
3.684485928291008280e-10
3.674220564961405086e-10
3.766600492428950120e-10
3.759602847435660901e-10
3.848520817488985402e-10
3.844221353963145878e-10
3.930242082941885454e-10
3.928209647991119520e-10
4.011755759906459669e-10
4.011669537172599556e-10
4.093048651772487093e-10
4.094673278845287832e-10
4.174103518600853519e-10
4.177267375838030204e-10
4.254898814976529737e-10
4.259476884710859470e-10
4.335409865139426402e-10
4.341309556241649960e-10
4.415608453820429445e-10
4.422759899060205681e-10
4.495464030572163794e-10
4.503812225060407622e-10
4.574944337457409670e-10
4.584443220890474109e-10
4.654015839241911199e-10
4.664624325013022822e-10
4.732644128264040612e-10
4.744324313448529395e-10
4.810794307568638515e-10
4.823508745604300846e-10
4.888431988494020311e-10
4.902142908823364868e-10
4.965522773701456396e-10
4.980191244860444920e-10
5.042033059837911470e-10
5.057619511738197680e-10
5.117930296738257292e-10
5.134393590124958407e-10
5.193182711833185396e-10
5.210480919412062092e-10
5.267760128916411570e-10
5.285850182202228667e-10
5.341633716518933969e-10
5.360471594730093210e-10
5.414775607555694811e-10
5.434317464040909810e-10
5.487159824754738723e-10
5.507361065363070646e-10
5.558761795220670256e-10
5.579578319465796877e-10
5.629558777832038704e-10
5.650946308429623988e-10
5.699529050005445920e-10
5.721444238693844291e-10
5.768652854929297284e-10
5.791052431800468250e-10
5.836911685398784826e-10
5.859753446987316411e-10
5.904288675343691145e-10
5.927531339601657812e-10
5.970768439877678939e-10
5.994371784936340016e-10
6.036337051407332785e-10
6.060262014068977924e-10
6.100981998393374722e-10
6.125190766071937169e-10
6.164692332023153060e-10
6.189148228222067141e-10
6.227457984363926376e-10
6.252125979962207854e-10
6.289270590092855241e-10
6.314116929969702527e-10
6.350122862944857600e-10
6.375115120984005764e-10
6.410008909934581779e-10
6.435116272342321896e-10
6.468923801033630214e-10
6.494116799607107532e-10
6.526863811288920021e-10
6.552114388898848012e-10
6.583826290878052651e-10
6.609107793123043790e-10
6.639809621808558455e-10
6.665096772894167397e-10
6.694813218268422743e-10
6.720082049883865964e-10
6.748837386627961204e-10
6.774065257271658627e-10
6.801883317064085774e-10
6.827048897924594512e-10
6.853953093454732037e-10
6.879036292500348486e-10
6.905049613165385051e-10
6.930031539214170497e-10
6.955176576106573799e-10
6.980039470943528257e-10
7.004338697141407555e-10
7.029065613697878143e-10
7.052540471041207757e-10
7.077116148475495660e-10
7.099787940410517610e-10
7.124197869616101021e-10
7.146087798469098793e-10
7.170318150686871899e-10
7.191446800705670087e-10
7.215484905817955706e-10
7.235872523895545275e-10
7.259706556849285515e-10
7.279373037049640271e-10
7.302991996247462109e-10
7.321956884685236367e-10
7.345350561449576830e-10
7.363633113507603899e-10
7.386791995068328822e-10
7.404411119083709804e-10
7.427326419144974844e-10
7.444300682473788009e-10
7.466964306797455279e-10
7.483311966017691729e-10
7.505716449580167700e-10
7.521455456203515859e-10
7.543594065261552665e-10
7.558741950128824797e-10
7.580608267754676225e-10
7.595182516890383320e-10
7.616770806889147054e-10
7.630788468182172666e-10
7.652093468900012678e-10
7.665571349118133904e-10
7.686588266991823670e-10
7.699542900437695343e-10
7.720267383154017310e-10
7.732715044175227210e-10
7.753143145845887321e-10
7.765099855704951723e-10
7.785228046830162216e-10
7.796709544154110623e-10
7.816535208170026201e-10
7.827556395567971547e-10
7.847076272931369155e-10
7.857652908863874862e-10
7.876864443281556143e-10
7.887011495932048072e-10
7.905913034876276140e-10
7.915644817871693175e-10
7.934234421450504066e-10
7.943565390128416523e-10
7.961841663471971955e-10
7.970785955326574224e-10
7.988747465879345851e-10
7.997319199537124825e-10
8.014964833295926389e-10
8.023177693806906704e-10
8.040506665547941097e-10
8.048374073465057442e-10
8.065385827700778111e-10
8.072920956310711199e-10
8.089615153369027984e-10
8.096830918332794119e-10
8.113207342108383796e-10
8.120116483119996966e-10
8.136175267362929123e-10
8.142790021206411747e-10
8.158533290588012015e-10
8.164864122715722479e-10
8.180290476885144237e-10
8.186350945648390420e-10
8.201460972448496702e-10
8.207262711528878881e-10
8.222057193859820296e-10
8.227611542858185005e-10
8.242091541885881898e-10
8.247409437533780800e-10
8.261576150509974358e-10
8.266668288307895542e-10
8.280523028670918157e-10
8.285401167042215118e-10
8.298944129576674273e-10
8.303617226998892144e-10
8.316851261378799350e-10
8.321329202591482207e-10
8.334256098895263814e-10
8.338548486415813182e-10
8.351170181385501465e-10
8.355286310892888226e-10
8.367604893884829760e-10
8.371553767992334372e-10
8.383569815737758185e-10
8.387361790610281849e-10
8.399079382444600822e-10
8.402721170949193220e-10
8.414142844757115802e-10
8.417642527893224125e-10
8.428770978970155033e-10
8.432136332127564359e-10
8.442974398635194806e-10
8.446212885895656344e-10
8.456763553485695839e-10
8.459882329283630558e-10
8.470148729879212693e-10
8.473154634151126282e-10
8.483140040896818366e-10
8.486039607827767370e-10
8.495747438709521650e-10
8.498546888672451407e-10
8.507980698015947160e-10
8.510685947624861356e-10
8.519849427011285858e-10
8.522466079058110477e-10
8.531363058651429227e-10
8.533896417393639963e-10
8.542530856792477487e-10
8.544985915879012142e-10
8.553361908769956529e-10
8.555743369189654981e-10
8.563865133012448832e-10
8.566177393349767194e-10
8.574049271178871582e-10
8.576296440576787778e-10
8.583922896025840072e-10
8.586108790979087601e-10
8.593494407525290329e-10
8.595622558965236725e-10
8.602772029870686033e-10
8.604845692642923274e-10
8.611763824162385358e-10
8.613785969480240159e-10
8.620477673941090609e-10
8.622450914258628602e-10
8.628921299510521888e-10
8.630848282736952484e-10
8.637102190309823724e-10
8.638985061057848076e-10
8.645027868609261753e-10
8.646868486198665891e-10
8.652705482231852532e-10
8.654505530855532715e-10
8.660142083493835546e-10
8.661903020382201544e-10
8.667344558650007141e-10
8.669067615630639555e-10
8.674320464133436273e-10
8.676005834902691365e-10
8.681074708624326863e-10
8.682724039713519006e-10
8.687614540690690960e-10
8.689228445168863948e-10
8.693946210434177612e-10
8.695525124936282645e-10
8.700075798086159985e-10
8.701620004669718265e-10
8.706009369607545081e-10
8.707518871412417375e-10
8.711752532940148895e-10
8.713227368826071663e-10
8.717310896653560633e-10
8.718751013070932072e-10
8.722690607988912197e-10
8.724095180975539930e-10
8.727896028924860126e-10
8.729265113956991258e-10
8.732933335423182935e-10
8.734265927329402865e-10
8.737807111724993753e-10
8.739102610712317266e-10
8.742522347482039305e-10
8.743780021567495947e-10
8.747083869564321928e-10
8.748302888675597734e-10
8.751496364598582340e-10
8.752675827922647816e-10
8.755764383430122203e-10
8.756903455213961235e-10
8.759892343938225004e-10
8.760990018033529926e-10
8.763884546036305123e-10
8.764939844382305319e-10
8.767745402909624581e-10
8.768757107914945860e-10
8.771479126588797566e-10
8.772445866904575422e-10
8.775088422603878679e-10
8.776009763834734811e-10
8.778578469226094062e-10
8.779453423888429905e-10
8.781952612210642772e-10
8.782780158774129531e-10
8.785214395502459631e-10
8.785993618007887251e-10
8.788367276509980861e-10
8.789097366595476227e-10
8.791414667144936755e-10
8.792094859098349684e-10
8.794359874765270728e-10
8.794989473622549150e-10
8.797206103736332082e-10
8.797784980175897731e-10
8.799956369461609273e-10
8.800483559041704364e-10
8.802613890827105777e-10
8.803088306197566908e-10
8.805181490156996405e-10
8.805603278234380297e-10
8.807661995390503755e-10
8.808030886651026596e-10
8.810058157705819273e-10
8.810373986673617695e-10
8.812372641171374822e-10
8.812635360794674368e-10
8.814608029801081195e-10
8.814817703279651867e-10
8.816766826789546904e-10
8.816923627514351033e-10
8.818851461598028873e-10
8.818955711083191805e-10
8.820864287854190880e-10
8.820916410183253706e-10
8.822807591002570896e-10
8.822808136642952049e-10
8.824683604851211511e-10
8.824633223128369810e-10
8.826494465154524292e-10
8.826393932428558531e-10
8.828242079341399902e-10
8.828092482938096471e-10
8.829928806860512708e-10
8.829731008231196291e-10
8.831556434912301271e-10
8.831311593287482343e-10
8.833126868923852285e-10
8.832836247589919243e-10
8.834641951468733011e-10
8.834306920914459333e-10
8.836103474953924583e-10
8.835725523266176983e-10
8.837513180687808660e-10
8.837093887303590442e-10
8.838872765409670622e-10
8.838413792680489335e-10
8.840183847173806698e-10
8.839686972300916250e-10
8.841448015790543806e-10
8.840915153573192993e-10
8.842666810783555402e-10
8.842099839978101231e-10
8.843841725340393370e-10
8.843242654512210038e-10
8.844974217142722424e-10
8.844345103332274822e-10
8.846065693278378227e-10
8.845408647854293021e-10
8.847117530725729089e-10
8.846434707440755417e-10
8.848131067656721751e-10
8.847424640501124242e-10
8.849107883969563375e-10
8.848379762385240818e-10
8.850048778167206406e-10
8.849301343334299918e-10
8.850955195049896575e-10
8.850190601001882817e-10
8.851828294430990294e-10
8.851048717136451101e-10
8.852669237664445119e-10
8.851876816433463076e-10
8.853479165157384365e-10
8.852675991198758417e-10
8.854259146904824694e-10
8.853447292795498230e-10
8.855010254470906130e-10
8.854191727061706460e-10
8.855733507703588943e-10
8.854910252814189685e-10
8.856429900497815242e-10
8.855603870507313362e-10
8.857100412305695146e-10
8.856273444472163235e-10
8.857745928036939527e-10
8.856919879462151179e-10
8.858367446714459183e-10
8.857544712869919360e-10
8.858965816337370036e-10
8.858145864376303074e-10
8.859541895152056535e-10
8.858727196893617105e-10
8.860096608149180313e-10
8.859288432565497521e-10
8.860630493762892529e-10
8.859830255113427966e-10
8.861144658642426365e-10
8.860353320321096435e-10
8.861639698052755548e-10
8.860858271409422594e-10
8.862116327078489467e-10
8.861345707734352848e-10
8.862575274347074246e-10
8.861816212712349611e-10
8.863017236590930382e-10
8.862270355388297680e-10
8.863442883596984097e-10
8.862708666567413419e-10
8.863852872640670208e-10
8.863131671794012446e-10
8.864247942661216215e-10
8.863539856955985248e-10
8.864628501524774449e-10
8.863933698895722109e-10
8.864995217697085850e-10
8.864313653891877434e-10
8.865348652995447419e-10
8.864680151094319506e-10
8.865689358853344927e-10
8.865033614878354629e-10
8.866017859745711792e-10
8.865374444489900891e-10
8.866334646133508589e-10
8.865703022243016565e-10
8.866640224127163121e-10
8.866019715437595323e-10
8.866935043767745878e-10
8.866324886193346370e-10
8.867219565038184247e-10
8.866618872652150181e-10
8.867494213638038654e-10
8.866902006891149942e-10
8.867759930886021785e-10
8.867174765501144816e-10
8.868016000331399279e-10
8.867437153277722676e-10
8.868263437145482797e-10
8.867689603370462681e-10
8.868502499183387346e-10
8.867932408071565905e-10
8.868733565755883122e-10
8.868165811645215236e-10
8.868956907265892867e-10
8.868390156792369472e-10
8.869172993339561782e-10
8.868605678177485811e-10
8.869381962706552621e-10
8.868812605601945976e-10
8.869584103810685172e-10
8.869011206286060147e-10
8.869779813818642212e-10
8.869201501167044519e-10
8.869969204170175927e-10
8.869384177606934891e-10
8.870152545880206907e-10
8.869559240936436749e-10
8.870330061944180261e-10
8.869726924823914328e-10
8.870501965539419047e-10
8.869887454027452940e-10
8.870668447543574734e-10
8.870041049094811326e-10
8.870829682146716790e-10
8.870187932440610081e-10
8.870985836018150297e-10
8.870328312171689527e-10
8.871137092984023968e-10
8.870462404470112498e-10
8.871283573982789012e-10
8.870590419278198972e-10
8.871425415558223443e-10
8.870712562670931763e-10
8.871562758190817044e-10
8.870829364043107776e-10
8.871695682241762929e-10
8.870940470984230158e-10
8.871824330832379785e-10
8.871046270748657203e-10
8.871948790811199423e-10
8.871146824591292891e-10
8.872069170189271099e-10
8.871242412006206063e-10
8.872185469553773106e-10
8.871333439691926746e-10
8.872297962618080478e-10
8.871420064271528440e-10
8.872406544215887359e-10
8.871502417347412770e-10
8.872511343667000816e-10
8.871580663428503092e-10
8.872612377426035705e-10
8.871654987130272810e-10
8.872709791824082718e-10
8.871725570420886498e-10
8.872803631465365392e-10
8.871792595526283022e-10
8.872893923490385832e-10
8.871856304816036675e-10
8.872980731847700678e-10
8.871916785748475778e-10
8.873064085625157530e-10
8.871974253371951134e-10
8.873144068312926638e-10
8.872028878640301802e-10
8.873220722449739838e-10
8.872080836410303789e-10
8.873294045090069008e-10
8.872130289446541618e-10
8.873364139403220920e-10
8.872177411734073213e-10
8.873431037658980550e-10
8.872222366510057586e-10
8.873494788447349491e-10
8.872265305488168582e-10
8.873555435628976914e-10
8.872306385588354821e-10
8.873613054482921323e-10
8.872345756655870090e-10
8.873667688963119251e-10
8.872383566362263672e-10
8.873719409202267119e-10
8.872419955953596517e-10
8.873768247201064944e-10
8.872455064288525023e-10
8.873814280064874355e-10
8.872489023190088840e-10
8.873857626644948602e-10
8.872521959655387384e-10
8.873898281188739731e-10
8.872553987182530110e-10
8.873936356107539069e-10
8.872585229681715907e-10
8.873971955603116448e-10
8.872615787973452555e-10
8.874005136664368649e-10
8.872645755625165295e-10
8.874035940753338202e-10
8.872675236016107612e-10
8.874064494975902912e-10
8.872704287490057805e-10
8.874090859415489793e-10
8.872733035504285492e-10
8.874115072898578508e-10
8.872761502982389087e-10
8.874137340305733052e-10
8.872789763866908984e-10
8.874157700497852074e-10
8.872817892255501586e-10
8.874176221775218073e-10
8.872845894657482744e-10
8.874193030345502375e-10
8.872873839577311050e-10
8.874208204038322169e-10
8.872901742751571364e-10
8.874221816411785659e-10
8.872929648291149470e-10
8.874233985012248001e-10
8.872957566932485759e-10
8.874244816953153750e-10
8.872985522741143872e-10
8.874254413787224759e-10
8.873013732166655498e-10
8.874262869132603815e-10
8.873041378793312793e-10
8.874270258188712607e-10
8.873069216127973019e-10
8.874276709310953495e-10
8.873097072835735688e-10
8.874282285742483140e-10
8.873124924475227293e-10
8.874287114763386681e-10
8.873152745666735116e-10
8.874291239529065306e-10
8.873180497577054514e-10
8.874294779573821827e-10
8.873208149571903053e-10
8.874297808657858114e-10
8.873235664889868843e-10
8.874300434269260195e-10
8.873263004222219720e-10
8.874302738964851144e-10
8.873290116666657542e-10
8.874304807977628369e-10
8.873316903813787109e-10
8.874306732936629982e-10
8.873343471062214509e-10
8.874308571883803316e-10
8.873369638230947479e-10
8.874310432405350425e-10
8.873395356953427624e-10
8.874312367566749117e-10
8.873420581572579377e-10
8.874314465267433149e-10
8.873445359153453445e-10
8.874316774957507550e-10
8.873469530858770993e-10
8.874319382429023879e-10
8.873493088453888018e-10
8.874322334060431575e-10
8.873515977541418071e-10
8.874325679719947549e-10
8.873538148966508937e-10
8.874329488589493381e-10
8.873559552470247693e-10
8.874333787885199264e-10
8.873580144045931953e-10
8.874338630711157862e-10
8.873599875417393482e-10
8.874344045743114362e-10
8.873618702694891166e-10
8.874350056950871771e-10
8.873636586578821813e-10
8.874356692890149300e-10
8.873653526381335112e-10
8.874363968345477944e-10
8.873669448433522016e-10
8.874371897994906770e-10
8.873684320613470560e-10
8.874380498694258045e-10
8.873698114945176592e-10
8.874389752462967209e-10
8.873710803697341832e-10
8.874399668034093874e-10
8.873722365993477550e-10
8.874410224658207352e-10
8.873732784169094202e-10
8.874421426726810549e-10
8.873742044304269260e-10
8.874433234406970404e-10
8.873750149211590516e-10
8.874445627671577223e-10
8.873757083074486812e-10
8.874458479967019307e-10
8.873762843776653774e-10
8.874471963580673903e-10
8.873767433787236904e-10
8.874485935275671396e-10
8.873770864282351006e-10
8.874500350393438345e-10
8.873773147760490409e-10
8.874515153718732080e-10
8.873774301076628486e-10
8.874530294436152885e-10
8.873774380121173404e-10
8.874545728512838787e-10
8.873773383363378840e-10
8.874561394708764719e-10
8.873771337047710738e-10
8.874577230688268699e-10
8.873768267968854905e-10
8.874593176392352425e-10
8.873764223879303936e-10
8.874609170993841839e-10
8.873759240853989430e-10
8.874625146682881558e-10
8.873753372844520899e-10
8.874641038774215478e-10
8.873746668076611663e-10
8.874656780334107934e-10
8.873739180674324949e-10
8.874672303076191672e-10
8.873730943997259292e-10
8.874687547402178005e-10
8.873721950759585110e-10
8.874702436635302737e-10
8.873712384620043201e-10
8.874716914349203603e-10
8.873701997790589924e-10
8.874730907556123770e-10
8.873691373936832425e-10
8.874744386739800188e-10
8.873680326177002333e-10
8.874757269191055522e-10
8.873668874694031556e-10
8.874769492492042228e-10
8.873657357679387979e-10
8.874781004571498796e-10
8.873645500765563176e-10
8.874791773964583146e-10
8.873633768552438618e-10
8.874801727884808032e-10
8.873621978997071570e-10
8.874810834155252946e-10
8.873610140527325087e-10
8.874819059087675326e-10
8.873598369060994931e-10
8.874826371322414276e-10
8.873586758713672732e-10
8.874833664365931256e-10
8.873575333076735675e-10
8.874839053474129042e-10
8.873564320032362743e-10
8.874843472355998860e-10
8.873553707933759919e-10
8.874846892690974473e-10
8.873543551829703912e-10
8.874849258034867874e-10
8.873533932104797046e-10
8.874850592960356118e-10
8.873524913708372834e-10
8.874850870834731906e-10
8.873516560216425769e-10
8.874849438983486847e-10
8.873508911624286180e-10
8.874847687048578487e-10
8.873502034766160261e-10
8.874845197332985591e-10
8.873495972287261774e-10
8.874841931047262403e-10
8.873490769802304298e-10
8.874837481849010136e-10
8.873486457591420125e-10
8.874832285015776602e-10
8.873483071864418856e-10
8.874826224670093163e-10
8.873480636985128919e-10
8.874819353687266733e-10
8.873479163443639775e-10
8.874811710670012212e-10
8.873478674277909624e-10
8.874803359929647334e-10
8.873479171795022743e-10
8.874794346593886192e-10
8.873480658346792167e-10
8.874784726079861430e-10
8.873483115101430716e-10
8.874774541695086543e-10
8.873486563127386790e-10
8.874763866912665556e-10
8.873491027469475597e-10
8.874752753765025916e-10
8.873496355109418842e-10
8.874741256472608768e-10
8.873502582723856881e-10
8.874729434499111208e-10
8.873509593555035466e-10
8.874717350709715919e-10
8.873517606408004052e-10
8.874705095505208439e-10
8.873526324841971622e-10
8.874692726008050403e-10
8.873535796741196506e-10
8.874680281439348664e-10
8.873545955650879579e-10
8.874667837590326112e-10
8.873556777643452639e-10
8.874655457068398372e-10
8.873568176415016135e-10
8.874643206477014096e-10
8.873580100342183432e-10
8.874631147021167254e-10
8.873592507868713705e-10
8.874619431785788283e-10
8.873605314568055841e-10
8.874607963349934899e-10
8.873618470325443478e-10
8.874596883985541582e-10
8.873631834181536112e-10
8.874586235875847926e-10
8.873645487353921422e-10
8.874576084415817556e-10
