# -0.2J_-0.8g_0.73304theta_0phi_10Chi_0.01delta_500N
2.008434545408770144e-02
2.645993135022111351e-04
1.333828880345249176e-05
1.907950189774907065e-06
2.225864851299189211e-06
1.082959107152384451e-06
7.366040017678948441e-07
6.427785481565290578e-07
3.899481318405952496e-07
3.931827317057712886e-07
2.523575792424757514e-07
2.550240189362467787e-07
1.825144507074645295e-07
1.753477334194889648e-07
1.418870689550637812e-07
1.269979195216737823e-07
1.158747503389282067e-07
9.625398789449408464e-08
9.792285932360431934e-08
7.593220968112660073e-08
8.474378255354600783e-08
6.210259158947818897e-08
7.455510865380166647e-08
5.252960917137340556e-08
6.634086051450302564e-08
4.590463448712577822e-08
5.950696920223102012e-08
4.144402758172310615e-08
5.370366861136409105e-08
3.866252174399705014e-08
4.872762487363097019e-08
3.724358737347026967e-08
4.446386205820252165e-08
3.697232497103387153e-08
4.084830828754475794e-08
3.770319263477819546e-08
3.784125232358664541e-08
3.933693522752011632e-08
3.540950312850599671e-08
4.179507808324860473e-08
3.351779889955148929e-08
4.499006967732451631e-08
3.212934855313416134e-08
4.879255112380083146e-08
3.121285046115942659e-08
5.299408982085570158e-08
3.075093128767784922e-08
5.726111924650108704e-08
3.074395439133468013e-08
6.107965682250801936e-08
3.120196834594834635e-08
6.371046640681596413e-08
3.211301447420878387e-08
6.422479125090913585e-08
3.336916338383202208e-08
6.175708166131200467e-08
3.464004209591648031e-08
5.604940843820848395e-08
3.526077674342574521e-08
4.795391834130504474e-08
3.437598983534296221e-08
3.918240053180537581e-08
3.154522627728480635e-08
3.131675854276984926e-08
2.729034943696399874e-08
2.511352367769843756e-08
2.271643904183864388e-08
2.058946066303978308e-08
1.865814515467889733e-08
1.742197587640528120e-08
1.538937533180057340e-08
1.523526477534355463e-08
1.284325660284088431e-08
1.371440413090385582e-08
1.085485914104115340e-08
1.262592132826477949e-08
9.273067411519747044e-09
1.180666022031792521e-08
7.987837366928225156e-09
1.114741461627054865e-08
6.926033913169921712e-09
1.057866943939213952e-08
6.040387346975299160e-09
1.005923599483924669e-08
5.299677570485764891e-09
9.567316674818432386e-09
4.681983838521670400e-09
9.093632613348703815e-09
4.170685516456280601e-09
8.636356185246467571e-09
3.752373851263691603e-09
8.197622586833506941e-09
3.415859970315501058e-09
7.781375325802740346e-09
3.151666006858779499e-09
7.392230475143732110e-09
2.951619305977795203e-09
7.034948990035386206e-09
2.808397547571297204e-09
6.714048901538865773e-09
2.715073921752360106e-09
6.433119636818269481e-09
2.664812912359918536e-09
6.193615386209720190e-09
2.650798732356764450e-09
5.993468190575231310e-09
2.666308919592587715e-09
5.826425229249872667e-09
2.704756200598733700e-09
5.682807834073280315e-09
2.759586858355572855e-09
5.551883184081822989e-09
2.824055405703969961e-09
5.426633287154421227e-09
2.890967561979087811e-09
5.312852835139961261e-09
2.952544792221966624e-09
5.244080112155974533e-09
3.000532541013219654e-09
5.301423917780834651e-09
3.026634271691774312e-09
5.638074297129443678e-09
3.023289319361640402e-09
6.517853077210335717e-09
2.984674998487737790e-09
8.372237824082253616e-09
2.907730335690169095e-09
1.173202402868450753e-08
2.793382886520702129e-09
1.649892135089985499e-08
2.648084185577016949e-09
1.908475113735633366e-08
2.461468565620332414e-09
8.706655002605445902e-09
2.274779830890491925e-09
3.248421446231879102e-09
2.091722683126471645e-09
1.838998951512933849e-09
1.911298726643357876e-09
1.338969865330813202e-09
1.738660924419003389e-09
1.097099768436623343e-09
1.577942476310305577e-09
9.511719545823360950e-10
1.431990466387138086e-09
8.509613577994404411e-10
1.302711705887640472e-09
7.774085033078807362e-10
1.191373143820926665e-09
7.217334806002942158e-10
1.098753332518647611e-09
6.791864826590160680e-10
1.025148463683927116e-09
6.468715309536804671e-10
9.702707978911700787e-10
6.228426079874883224e-10
9.331092280883202357e-10
6.057298254793529042e-10
9.118697923587456048e-10
5.946087271861694797e-10
9.041113037144347858e-10
5.888780341608044562e-10
9.070805427464374964e-10
5.881264469692397249e-10
9.181055104235266092e-10
5.920164639568897398e-10
9.348806390193032881e-10
6.002023388579152819e-10
9.555785457029008139e-10
6.122927443891392031e-10
9.788270274979432811e-10
6.278492057459443761e-10
1.003619408507120098e-09
6.464080988021786337e-10
1.029209371435176449e-09
6.675134660261902714e-10
1.055013575504687668e-09
6.907413561801556124e-10
1.080529114261517011e-09
7.157137429572081361e-10
1.105265124949870525e-09
7.421019562552680597e-10
1.128686681526104859e-09
7.696239598304705086e-10
1.150172736828142414e-09
7.980396391834453659e-10
1.168995751775632402e-09
8.271438416287816401e-10
1.184337259597447449e-09
8.567638968943303817e-10
1.195368493772717703e-09
8.867542262386564033e-10
1.201417011288970414e-09
9.169938288588313000e-10
1.202227569242292658e-09
9.473846300512711746e-10
1.198261551511583476e-09
9.778506737053334018e-10
1.190900531298463640e-09
1.008340214740264544e-09
1.182374213308164165e-09
1.038824963554495497e-09
1.175350505378978748e-09
1.069302895137330791e-09
1.172331632365814975e-09
1.099800040178935544e-09
1.175160103226460097e-09
1.130372346129055937e-09
1.184839228094214020e-09
1.161107063659065150e-09
1.201636859659210967e-09
1.192125551824167886e-09
1.225286854217663087e-09
1.223582829013221526e-09
1.255145230701439443e-09
1.255670390892772465e-09
1.290289152469843059e-09
1.288618812415129900e-09
1.329636148908961577e-09
1.322701804678889591e-09
1.372104794804017344e-09
1.358242643839849776e-09
1.416759474000407873e-09
1.395618050399505472e-09
1.462878841683648403e-09
1.435247774666754259e-09
1.509952139635494965e-09
1.477547679736496792e-09
1.557635952406150075e-09
1.522826149813399444e-09
1.605705601394064727e-09
1.571142682745780508e-09
1.654014551993527157e-09
1.622212818249784335e-09
1.702466791756257661e-09
1.675449431645079208e-09
1.750995957721450194e-09
1.730123880346737708e-09
1.799554595299270587e-09
1.785538428463819573e-09
1.848106362482296907e-09
1.841127771664845556e-09
1.896621831553052792e-09
1.896484717711180063e-09
1.945075821026939829e-09
1.951342513570050125e-09
1.993445882745071476e-09
2.005542618024899256e-09
2.041711403874988383e-09
2.059003300501480563e-09
2.089853362485638709e-09
2.111693979094759719e-09
2.137852834462950019e-09
2.163615945581460459e-09
2.185692269806999435e-09
2.214789058556358807e-09
2.233355363309015932e-09
2.265243458000320269e-09
2.280825533355767121e-09
2.315014207995855309e-09
2.328087032939260757e-09
2.364137495438312020e-09
2.375124621902344460e-09
2.412648241044811785e-09
2.421923532737026554e-09
2.460578668331780880e-09
2.468469489944757838e-09
2.507957605281006979e-09
2.514748640544611959e-09
2.554810232519258152e-09
2.560747589017914194e-09
2.601158101717416743e-09
2.606453387803422540e-09
2.647019329011658485e-09
2.651853552739023716e-09
2.692408896530295662e-09
2.696935981305362429e-09
2.737339033759416771e-09
2.741689040048599482e-09
2.781819376891277357e-09
2.786101545155484190e-09
2.825857504052218885e-09
2.830162762782772445e-09
2.869459032309786216e-09
2.873862364592496843e-09
2.912627989045537014e-09
2.917190478279803472e-09
2.955367001600656292e-09
2.960137666335045847e-09
2.997677506852794702e-09
3.002694922984732447e-09
3.039559941883359083e-09
3.044853670808609061e-09
3.081014214395628088e-09
3.086605756534981863e-09
3.122038666719075962e-09
3.127943447154837546e-09
3.162631992891121807e-09
3.168859424999317966e-09
3.202791832439807210e-09
3.209346783210732168e-09
3.242516473864741965e-09
3.249399027589865344e-09
3.281803017535767527e-09
3.289010065737677373e-09
3.320648718690392548e-09
3.328174178198862714e-09
3.359050738781319234e-09
3.366886051897004447e-09
3.397006200740469405e-09
3.405140759500735872e-09
3.434512237584001900e-09
3.442933754084421178e-09
3.471566033403425669e-09
3.480260864107916482e-09
3.508164859033043803e-09
3.517118287078970054e-09
3.544306102384008696e-09
3.553502585213805942e-09
3.579987294253233964e-09
3.589410678700245773e-09
3.615206131217247863e-09
3.624839840313047513e-09
3.649960493068352438e-09
3.659787689547765141e-09
3.684248459430939170e-09
3.694252186262068597e-09
3.718068322848730337e-09
3.728231624480252807e-09
3.751418598531238485e-09
3.761724633127049041e-09
3.784298034357225538e-09
3.794730140002295001e-09
3.816705616345213798e-09
3.827247411697566765e-09
3.848640574364881870e-09
3.859276012945526618e-09
3.880102385585537629e-09
3.890815809950981856e-09
3.911090776380402133e-09
3.921866962058470310e-09
3.941605723871048474e-09
3.952429915116730800e-09
3.971647455378716337e-09
3.982505393479745011e-09
4.001216447089824820e-09
4.012094392855797494e-09
4.030313424498756434e-09
4.041198172190947890e-09
4.058939357800831659e-09
4.069818246671460964e-09
4.087095451661321409e-09
4.097956378695541329e-09
4.114783151401687639e-09
4.125614571268986953e-09
4.142004134001121385e-09
4.152795065182546983e-09
4.168760303477368528e-09
4.179500312757721135e-09
4.195053784100816325e-09
4.205732987347449319e-09
4.220886915383532526e-09
4.231495970523264276e-09
4.246262244645839052e-09
4.256792342207729981e-09
4.271182521072475012e-09
4.281625374119955105e-09
4.295650687947475926e-09
4.305998519906602047e-09
4.319669875999552020e-09
4.329915408333458437e-09
4.343243395209974332e-09
4.353379833952213527e-09
4.366374727732937685e-09
4.376395750187264792e-09
4.389067520746668785e-09
4.398967259759157632e-09
4.411325577291745807e-09
4.421098608281278515e-09
4.433152849938319435e-09
4.442794172412794738e-09
4.454553847563991224e-09
4.464058462038775790e-09
4.475531963253957506e-09
4.484896099570016721e-09
4.496091966237613877e-09
4.505311819650252597e-09
4.516238325234572697e-09
4.525310460105330223e-09
4.535975619759700118e-09
4.544896954799344670e-09
4.555308530960957562e-09
4.564076326160487548e-09
4.574241834743098093e-09
4.582853677379457495e-09
4.592780394356878382e-09
4.601234186510320721e-09
4.610929153518054212e-09
4.619223098794920120e-09
4.628693127746592666e-09
4.636825729489050336e-09
4.646077399605577687e-09
4.654047431466251668e-09
4.663087110460315694e-09
4.670893609946924721e-09
4.679727453569008420e-09
4.687369712877130488e-09
4.696003668620852857e-09
4.703481224287562525e-09
4.711921034735947569e-09
4.719233657099321420e-09
4.727484865315370420e-09
4.734632548288767836e-09
4.742700500205779711e-09
4.749683478107637276e-09
4.757573301887631906e-09
4.764391967158763856e-09
4.772108649929007595e-09
4.778763611964845020e-09
4.786311933241677293e-09
4.792803990072973071e-09
4.800188354145957068e-09
4.806518676421821373e-09
4.813743702770653359e-09
4.819913239367699949e-09
4.826983175202433421e-09
4.832993236075118813e-09
4.839912157248027792e-09
4.845764207562033998e-09
4.852536022247105957e-09
4.858231675732464503e-09
4.864860127187494566e-09
4.870401138326049241e-09
4.876889808214833273e-09
4.882278066453185298e-09
4.888630378404416512e-09
4.893867908018419951e-09
4.900087122692221611e-09
4.905176066705289452e-09
4.911265295042398350e-09
4.916207889037893236e-09
4.922170116402865612e-09
4.926968745526220965e-09
4.932806769622592572e-09
4.937463895090145015e-09
4.943180398842401687e-09
4.947698990501830661e-09
4.953296105773410322e-09
4.957678396265725067e-09
4.963158947228309393e-09
4.967407663953847880e-09
4.972773938036862342e-09
4.976891880886550121e-09
4.982146036135795933e-09
4.986136078643526181e-09
4.991280151204674205e-09
4.995144844772795151e-09
5.000181141300151843e-09
5.003924120298383045e-09
5.008853809764795268e-09
5.012477881906745724e-09
5.017302905030510608e-09
5.020811170184686058e-09
5.025533117724609311e-09
5.028928716793747039e-09
5.033549080634772912e-09
5.036835189491937011e-09
5.041355367251717131e-09
5.044535191385350418e-09
5.048956490589274146e-09
5.052033258261501294e-09
5.056356902844112828e-09
5.059333859845875957e-09
5.063560994544510332e-09
5.066441400631651414e-09
5.070573093371340963e-09
5.073360212035968437e-09
5.077397464274411685e-09
5.080094558418638319e-09
5.084038309110308388e-09
5.086648635500918479e-09
5.090499765561327903e-09
5.093026569890116047e-09
5.096785910102167884e-09
5.099232418009906022e-09
5.102900750908837462e-09
5.105270168577633802e-09
5.108848233266155288e-09
5.111143740346027750e-09
5.114632239228609616e-09
5.116856978575582410e-09
5.120256586571939961e-09
5.122413675383558096e-09
5.125725028831911196e-09
5.127817528783681097e-09
5.131041256578960820e-09
5.133072176843047542e-09
5.136208896208234730e-09
5.138181191596527508e-09
5.141231533636114778e-09
5.143148077093914843e-09
5.146112625011344922e-09
5.147976269568471839e-09
5.150855630986202682e-09
5.152669138087140333e-09
5.155463927932021825e-09
5.157229986387512160e-09
5.159940830285479101e-09
5.161662451320951288e-09
5.164289591662712227e-09
5.165968504306838732e-09
5.168513404878958807e-09
5.170152454340033798e-09
5.172615402565543738e-09
5.174216944957675116e-09
5.176598653432791348e-09
5.178164958389632793e-09
5.180466089301341494e-09
5.181999413878539207e-09
5.184220958615912852e-09
5.185723170169826812e-09
5.187865852454145735e-09
5.189339025599355520e-09
5.191403716630431084e-09
5.192849720222878342e-09
5.194837337765871981e-09
5.196257934541160026e-09
5.198169447214426978e-09
5.199566292342212654e-09
5.201402719659591569e-09
5.202777361030847704e-09
5.204539776482326094e-09
5.205893652629347873e-09
5.207583185520926032e-09
5.208917624748496880e-09
5.210535461126620946e-09
5.211851681410643197e-09
5.213399065740774649e-09
5.214698174229289386e-09
5.216176410960316166e-09
5.217459404243486698e-09
5.218869856174187911e-09
5.220137620481782532e-09
5.221481712065957626e-09
5.222735023039670628e-09
5.224014238627432640e-09
5.225253764748894482e-09
5.226469669844110807e-09
5.227695949624755721e-09
5.228850159686708736e-09
5.230063634609628852e-09
5.231157811304919108e-09
5.232358832856561407e-09
5.233394694618153356e-09
5.234583511670914406e-09
5.235562832564101551e-09
5.236739594576460994e-09
5.237664202574631069e-09
5.238828962781092591e-09
5.239700738271904721e-09
5.240853455318032682e-09
5.241674326841102923e-09
5.242814869867562175e-09
5.243586814463242565e-09
5.244714963814194269e-09
5.245440002098285520e-09
5.246555456963779967e-09
5.247235649655305181e-09
5.248338027582057398e-09
5.248975475594331347e-09
5.250064319491440442e-09
5.250661155189590229e-09
5.251735937128497936e-09
5.252294324614367157e-09
5.253354448940968553e-09
5.253876581260759865e-09
5.254921389704424869e-09
5.255409480028803164e-09
5.256438256835658410e-09
5.256894538350555526e-09
5.257906515968302979e-09
5.258333235848106229e-09
5.259327598939619320e-09
5.259727013772535142e-09
5.260702903940438976e-09
5.261077275900472282e-09
5.262033797225218754e-09
5.262385389981414907e-09
5.263321614699496280e-09
5.263652687018286349e-09
5.264567659996441952e-09
5.264880461786606831e-09
5.265773208055650898e-09
5.266069975088969257e-09
5.266939502049098284e-09
5.267222452796719044e-09
5.268067756609191802e-09
5.268339085792446869e-09
5.269159158221307750e-09
5.269421032336316658e-09
5.270214865542814738e-09
5.270469417319998301e-09
5.271236007233283818e-09
5.271485332433472761e-09
5.272223686713740793e-09
5.272469838674147975e-09
5.273178979357511229e-09
5.273423963776966684e-09
5.274102935797711229e-09
5.274348705675120839e-09
5.274996577214780461e-09
5.275245031578713847e-09
5.275860901557341930e-09
5.276113877744672009e-09
5.276696881752958202e-09
5.276956152116033842e-09
5.277505464161344189e-09
5.277772732929265779e-09
5.278287570886001953e-09
5.278564470142243092e-09
5.279044101727343024e-09
5.279332184932535067e-09
5.279775928644245192e-09
5.280076672260629279e-09
5.280483903999107604e-09
5.280798699951520395e-09
5.281168855666286787e-09
5.281499007997545814e-09
5.281831585901607096e-09
5.282178313498234669e-09
5.282472876884580009e-09
5.282837303961223503e-09
5.283093487867891760e-09
5.283476645671070832e-09
5.283694156570521074e-09
5.284096978878121582e-09
5.284275608668831850e-09
5.284698920861227684e-09
5.284838540103977256e-09
5.285283063842521699e-09
5.285383609981952113e-09
5.285849981006487536e-09
5.285911468662175703e-09
5.286400220047216309e-09
5.286422747018286942e-09
5.286934309608575684e-09
5.286918054111709661e-09
5.287452754546317847e-09
5.287397979920872997e-09
5.287956042355210830e-09
5.287863094803162666e-09
5.288444638197249584e-09
5.288313964906955926e-09
5.288918989608838097e-09
5.288751079658713360e-09
5.289379525059628185e-09
5.289174975944930786e-09
5.289826654006151398e-09
5.289586144305482017e-09
5.290260771425128598e-09
5.289985061238390052e-09
5.290682250211531246e-09
5.290372186144312060e-09
5.291091450230194669e-09
5.290747969481887575e-09
5.291488716447300607e-09
5.291112818039665588e-09
5.291874375422757531e-09
5.291467135453303543e-09
5.292248742090303990e-09
5.291811308293842786e-09
5.292612116411344659e-09
5.292145707350439052e-09
5.292964788655681296e-09
5.292470685329501686e-09
5.293307028270629622e-09
5.292786582243372495e-09
5.293639095673180400e-09
5.293093718988671195e-09
5.293961239711459064e-09
5.293392403054328841e-09
5.294273699004254558e-09
5.293682926265135075e-09
5.294576700886728015e-09
5.293965568003546223e-09
5.294870463612914315e-09
5.294240590535338112e-09
5.295155193809409520e-09
5.294508245202646935e-09
5.295431091441030393e-09
5.294768768206845322e-09
5.295698364775925333e-09
5.295022383455267872e-09
5.295957180969632520e-09
5.295269302735648662e-09
5.296207713566760397e-09
5.295509723955765915e-09
5.296450129901039220e-09
5.295743835827922157e-09
5.296684592695109873e-09
5.295971813980869421e-09
5.296911259042209110e-09
5.296193824540938819e-09
5.297130279466001866e-09
5.296410020783591090e-09
5.297341799324875848e-09
5.296620548628655340e-09
5.297545962205829684e-09
5.296825543002602121e-09
5.297742904950549865e-09
5.297025130876893626e-09
5.297932761707554332e-09
5.297219428909581750e-09
5.298115664463445082e-09
5.297408547133758549e-09
5.298291740478999002e-09
5.297592589379355491e-09
5.298461107423242337e-09
5.297771660164717664e-09
5.298623903466290485e-09
5.297945832431100494e-09
5.298780245987631662e-09
5.298115187847672095e-09
5.298930256764573137e-09
5.298279800515260282e-09
5.299074057519542881e-09
5.298439745708728512e-09
5.299211769309816390e-09
5.298595081728024437e-09
5.299343510710132225e-09
5.298745867174893384e-09
5.299469411599685993e-09
5.298892157187121244e-09
5.299589585516735189e-09
5.299034001757271680e-09
5.299704144000493231e-09
5.299171449283052020e-09
5.299813206616582471e-09
5.299304543989480153e-09
5.299916892989010150e-09
5.299433328359207346e-09
5.300015332228770068e-09
5.299557840535214955e-09
5.300108628268715641e-09
5.299678120703028190e-09
5.300196922855773121e-09
5.299794200024417598e-09
5.300280337151944863e-09
5.299906121527012465e-09
5.300358997739612114e-09
5.300013915271264317e-09
5.300433033566091965e-09
5.300117614469175370e-09
5.300502573537689890e-09
5.300217255076702802e-09
5.300567760368896060e-09
5.300312870214127733e-09
5.300628733134034369e-09
5.300404494335439253e-09
5.300685606952262453e-09
5.300492163639981682e-09
5.300738520732275350e-09
5.300575914352147193e-09
5.300787604097200847e-09
5.300655785046905603e-09
5.300833001292232627e-09
5.300731814921447698e-09
5.300874849050131558e-09
5.300804045820788433e-09
5.300913287741227438e-09
5.300872521017855023e-09
5.300948458670303594e-09
5.300937286524341565e-09
5.300980504266876550e-09
5.300998390287431469e-09
5.301009567501979925e-09
5.301055883210264531e-09
5.301035791966389251e-09
5.301109819219022939e-09
5.301059321800100693e-09
5.301160254147046427e-09
5.301080304517021311e-09
5.301207247647024043e-09
5.301098878786452629e-09
5.301250861988098178e-09
5.301115191949837035e-09
5.301291162417401219e-09
5.301129388215813446e-09
5.301328217938347309e-09
5.301141611693113079e-09
5.301362100192892139e-09
5.301152005918305495e-09
5.301392884017088948e-09
5.301160713029982004e-09
5.301420648152079216e-09
5.301167874364949405e-09
5.301445473392975772e-09
5.301173630430652608e-09
5.301467444368799141e-09
5.301178119801249168e-09
5.301486649245826585e-09
5.301181479158285065e-09
5.301503177994744669e-09
5.301183844145092867e-09
5.301517124312337071e-09
5.301185616695234680e-09
5.301528584773625272e-09
5.301186389213547920e-09
5.301537657910788060e-09
5.301186558658527650e-09
5.301544445875380144e-09
5.301186249915745467e-09
5.301549052339121464e-09
5.301185585274955302e-09
5.301551583788180080e-09
5.301184683512638448e-09
5.301552148183646642e-09
5.301183660281412901e-09
5.301550855914137088e-09
5.301182627163463284e-09
5.301547819006332298e-09
5.301181692034544984e-09
5.301543150698894047e-09
5.301180958943740222e-09
5.301536965521241556e-09
5.301180527183239675e-09
5.301529379173949442e-09
5.301180492187871627e-09
5.301520508215259505e-09
5.301180944482149017e-09
5.301510469767633439e-09
5.301181969921347094e-09
5.301499381033689223e-09
5.301183649458271574e-09
5.301487359439032048e-09
5.301186059225809609e-09
5.301474522425039786e-09
5.301189269657879988e-09
5.301460986627881267e-09
5.301193346534655249e-09
5.301446868270307896e-09
5.301198349934365024e-09
5.301432282507326491e-09
5.301204334691854368e-09
5.301417343509651880e-09
5.301211349924721761e-09
5.301402163404059586e-09
5.301219439152114652e-09
5.301386853179233798e-09
5.301228640394832378e-09
5.301371521691298577e-09
5.301238986038294594e-09
5.301356275195178678e-09
5.301250502647624220e-09
5.301341218232895580e-09
5.301263211101301632e-09
5.301326451997261131e-09
5.301277126847952955e-09
5.301312074631936482e-09
5.301292259053726202e-09
5.301298181844640108e-09
5.301308612205094333e-09
5.301284865428632771e-09
5.301325894781214397e-09
5.301272213257305273e-09
5.301344677411779139e-09
5.301260309942546401e-09
5.301364659612285619e-09
5.301249236344155337e-09
5.301385823588201987e-09
5.301239068222920307e-09
5.301408146830025545e-09
5.301229901075536084e-09
5.301431600279407608e-09
5.301221784446418072e-09
5.301456152074098750e-09
5.301214773679620403e-09
5.301481763455276687e-09
5.301208929516101542e-09
5.301508393301678067e-09
5.301204303745095359e-09
5.301535994233620803e-09
5.301200942686545633e-09
5.301564514734093687e-09
5.301198890212123513e-09
5.301593900724932500e-09
5.301198183766731956e-09
5.301624092862942783e-09
5.301198853546518989e-09
5.301655028156911376e-09
5.301200927245090337e-09
5.301686641998569736e-09
5.301204425704451845e-09
5.301718863625444590e-09
5.301209364196289916e-09
5.301751622872205177e-09
5.301215755535199745e-09
5.301784844446750423e-09
5.301223602535459880e-09
5.301818450339425418e-09
5.301232911642454210e-09
5.301852363215712624e-09
5.301243676449773114e-09
5.301886502027793051e-09
5.301255992844360291e-09
5.301920783471442928e-09
5.301269620575194307e-09
5.301955130348168777e-09
5.301284670451851586e-09
5.301989452829430056e-09
5.301301100088170654e-09
5.302023662752196189e-09
5.301318879042108333e-09
5.302057679284982385e-09
5.301337966838023186e-09
5.302091424330038172e-09
5.301358327053709411e-09
5.302124810849373053e-09
5.301379912543454612e-09
5.302157742432433038e-09
5.301402672268065979e-09
5.302190137216584049e-09
5.301426554468669655e-09
5.302221909425288504e-09
5.301451500930481194e-09
5.302252976718701074e-09
5.301477448196952018e-09
5.302283260431862789e-09
5.301504331942283357e-09
5.302312679323551559e-09
5.301532083981055839e-09
5.302341156645418978e-09
5.301560631784784608e-09
5.302368622354092968e-09
5.301589899114408091e-09
5.302394999692165014e-09
5.301619810749498759e-09
5.302420223037139746e-09
5.301650286057533577e-09
5.302444226055372287e-09
5.301681240942628949e-09
5.302466954814211071e-09
5.301712591510224636e-09
5.302488328416685900e-09
5.301744254398293486e-09
5.302508302579990392e-09
5.301776145449759563e-09
5.302526828462866431e-09
5.301808183445595690e-09
5.302543854023415350e-09
5.301840269630735954e-09
5.302559349578818387e-09
5.301872319963813753e-09
5.302573261347306681e-09
5.301904233175854586e-09
5.302585561085367317e-09
5.301935923153918925e-09
5.302596224288390071e-09
5.301967301468054107e-09
5.302605229049441887e-09
5.301998276728875268e-09
5.302612554180718198e-09
5.302028763266090388e-09
5.302618175801393127e-09
5.302058674298895963e-09
5.302622085736878256e-09
5.302087923742011730e-09
5.302624278941522396e-09
5.302116428646898272e-09
5.302624756224471141e-09
5.302144107403260401e-09
5.302623522242251723e-09
5.302170881073445820e-09
5.302620588381197179e-09
5.302196673828323816e-09
5.302615970289018637e-09
5.302221411033227366e-09
5.302609688034261748e-09
5.302245021892634024e-09
5.302601772223678721e-09
5.302267439467805543e-09
5.302592271822841339e-09
5.302288598787000292e-09
5.302581198173699436e-09
5.302308440839950775e-09
5.302568591033637808e-09
5.302326907787606105e-09
5.302554493669598190e-09
5.302343947598428052e-09
5.302538955247071167e-09
5.302359513357887965e-09
5.302522028236771624e-09
5.302373559146165870e-09
5.302503769495096278e-09
5.302386047171421888e-09
5.302484238976268806e-09
5.302396942519726385e-09
5.302463501401972485e-09
5.302406214699362331e-09
5.302441624418970806e-09
