# -0.35J_-0.65g_0.0theta_0.0phi_10Chi_0.01delta_500N
-5.777284552123022054e-01
7.526946359795160246e-01
-2.771304637846583874e-01
3.072141661229729759e-02
-1.579862772824384420e-01
-5.852752086292052625e-02
4.455132646185321066e-03
1.016530360577126979e-01
5.513876019459600097e-02
2.206738929116295808e-02
7.434433556739017401e-01
-1.809047881750789566e+00
1.186128444360144973e-01
-1.594768851897365947e+00
-5.809007933084726183e+00
-5.072262576171643111e+00
2.144011507749346394e-03
4.716960792681621051e+00
2.159310516415426040e+00
8.847382508424095349e-01
-2.805570501775163095e-01
1.356045919874593886e-01
-4.412155400629063640e-01
-4.051942455882253213e+00
-2.462143113167432951e+00
-2.164877756733410319e+00
-4.330444033118448388e+00
-3.765444285723064777e+00
-4.900875513952649420e+00
-1.046577737893034987e+00
3.577753520117824687e-02
-1.328797811910652271e+00
-3.930089628058505813e+00
-7.873436272655199275e+01
-2.757889251791191754e+01
-3.194348878317542884e+01
-1.074453785264429087e+02
-1.683129611436104369e+02
-1.300979210920682760e+02
7.009544434757637532e+01
-1.529635321290875316e-01
-5.694139881526755431e+00
-2.577113225370335936e+00
-3.314432663982382365e+01
-8.871866862158725553e+01
-7.732974520957165510e+01
5.447078104975133073e+01
-1.710906667457266650e+01
1.094575377259882965e+00
-3.920980949287463204e+02
5.653159213499436148e-02
4.919990741193744910e+00
2.127216004482991529e+00
3.408773108858785861e+01
7.589573224559299547e+01
9.053200786879693851e+01
-7.936352068588912623e+00
5.580118248264145109e+01
1.872988368951004290e+01
2.667242289401308994e+02
-3.662147424131716438e-03
-1.380874747540590253e-01
4.224728651776264776e+00
1.050172415511773920e+02
-5.778654872679840082e+01
-7.399858133850252706e+00
5.039136824192653421e+02
2.733496622914233285e+02
2.247657213994252459e+02
-1.611633221696961982e+03
9.778785111403409669e-02
4.660440739431910728e+00
-3.573322604335564812e+00
-1.648041299440455134e+02
-9.125847754474332163e+00
-5.357623949900651183e+01
-2.654508348283901569e+02
-7.320599838971633062e+02
-4.725005744672440073e+02
7.276466131108936679e+02
-5.327918678753890136e-02
-2.149741496942400687e+00
4.741671164641157787e+00
1.273947724169668447e+02
-5.622079535703879749e+00
1.872365999170481388e+01
2.189479344614196066e+02
4.714768413790878867e+02
4.701014550513503991e+02
-7.136004608488967733e+02
2.233805802381141556e-02
9.161307811706599358e-01
-1.161414539985592187e+00
7.598926569566326350e+01
-3.585596735352159499e+02
-2.420438031517001605e+02
1.505303252832086628e+03
8.228825908187748155e+02
7.446077170067461566e+02
-1.172599673932679252e+04
-5.776420379615123668e-01
-6.164029114613502891e-01
-5.133056473041978096e-01
1.214811326035560024e-01
1.056317943303086287e-01
-5.855088414601062469e-02
-9.009367165914861086e-02
-4.683553003218009214e-02
5.514224549981828344e-02
-2.785012872393337682e-02
-6.147451561174331891e-01
-8.934757530200784226e-01
-6.646374324799541045e-01
6.852183833037455152e-01
-2.734342218666304447e+00
6.632433564462721920e-01
6.725286100655022636e+00
-4.460556923988430178e-01
-5.322169486047018339e+00
2.306111217435429239e+00
-5.035800914082602109e-01
-6.476429853404630510e-01
-1.357211333810997012e+00
-7.126616051662483464e+00
-1.811259926844022983e-01
5.476061163380392394e+00
8.274159387868467164e-01
2.973097691134390708e+00
5.803310533716490305e-01
-3.095841803064715569e-01
1.146003849450128731e-01
8.350064371289184217e-01
-6.944619244293748217e+00
-1.126834397638695862e+02
1.382271027808287478e+01
8.303096310882072828e+01
-9.050835414534738277e+01
-4.155778896846153003e+01
6.409769687600503119e+01
1.725330087414839966e+02
1.074983291709420558e-01
-2.679667894100462799e+00
-4.124020164831819768e-01
8.249209411856089247e+00
-5.486028794968766675e+01
1.092427332283162578e+01
1.802090615883984412e+02
-3.421510542784717046e+01
-1.133093655634937562e+02
-1.841379171914284996e+02
5.655207980590582634e-02
-6.195937045144181976e-01
-5.325389680555918659e+00
-8.285210958247115798e+01
-8.344305162574784163e+00
9.062421588489335988e+01
-4.454802421496688680e+01
-3.305847583874554374e+01
1.854636716172353772e+01
5.248529154136933528e+01
8.635254184766734398e-02
-6.544693119158874417e+00
-9.538289096841446879e-01
8.138186790810441096e+01
-1.807620713406094239e+02
-4.323616090310934368e+01
9.296925106278555404e+02
-2.029084335525991634e+01
-5.283290081491013552e+02
-1.563036590266624444e+03
-4.557079243793706741e-02
-5.250547830743588218e-01
2.849127495770555907e+00
-4.090633043491998677e+01
-3.318276037120661925e+01
3.154930155808986925e+01
2.822432013832818853e+01
-3.095116968856214612e+02
4.394681102946560003e+01
6.905217514853856073e+02
-5.328153448901911532e-02
5.179444317191433278e+00
-5.089318595765819353e-01
-5.888714287621051824e+01
1.133010426466105542e+02
1.859689828377955223e+01
-5.251586466070737060e+02
-4.778963182797750164e+01
4.718560626632941535e+02
8.134490446958853909e+02
-2.597493280153109416e-02
2.228671435109782273e+00
-2.993896194766378360e-01
2.028603988441248873e+02
-1.735922472310671765e+02
-8.193447799654397556e+01
1.479459026558392907e+03
8.088510519920218940e+02
-7.807401508213827128e+02
-1.055990815867306264e+04
-5.776604206712657730e-01
-1.363947655579365592e-01
7.904536018081714799e-01
-1.522086917266307349e-01
5.238633023806476413e-02
-5.853409893975615452e-02
8.564558607194613926e-02
-5.480171984535261998e-02
5.514745423763462578e-02
5.402823531588259696e-03
-1.288017469283882221e-01
-6.729933742135927321e-01
5.203737136600977697e-01
2.208213101951896462e+00
-6.246616217461323117e+00
4.408975938538524098e+00
-1.104818968725973960e+00
-3.700146217092413536e+00
3.164164905289970076e+00
1.053389111852053528e+00
7.841555092390630755e-01
5.373667877585170949e-01
-1.577561412241283101e+00
-3.614247115543441691e+00
1.341909803934732803e+00
-3.311586582909834320e+00
4.073060844768047417e+00
-4.867019145637141442e+00
4.321174656178335738e+00
5.440677741107285970e-01
-1.503846260944149971e-01
2.363972585593609121e+00
-3.563000175560541827e+00
-5.991648120445787384e+01
2.251265059224564524e+01
-5.113110698865715165e+01
9.619716540408136396e+00
-1.197667098599479090e+02
6.591494990610108573e+01
3.217672817565750165e+02
4.549377063581577091e-02
-6.061158064966242875e+00
1.116685180741378680e+00
1.693445318444862124e+01
-1.077071377494694957e+02
6.651442658499341576e+01
1.028299866072134137e+02
-1.355243365482944000e+02
1.120923452436136216e+02
-4.018257211434721512e+02
5.653524734972003446e-02
-4.300314203762885867e+00
3.198527280031786990e+00
4.880148368720427499e+01
-6.765732293590163238e+01
9.069523699536314609e+01
5.307188147653537413e+01
-2.270001866509805311e+01
1.866243370948719260e+01
-3.596737227746125427e+02
-8.270051261103848750e-02
1.144909551065383946e+00
-3.915068710157584508e+00
-1.296465371231069064e+01
-9.897571109171850878e+01
5.126663410839399404e+01
4.644361685013824399e+02
-2.406564435257168100e+02
3.029865084785975000e+02
-1.703341463545815941e+03
-5.220268095565588212e-02
-3.494063979419401722e+00
-4.852462701783729848e+00
-1.236894526452048666e+02
-1.285685938687641396e+02
2.201479729528617568e+01
2.486388705506846009e+02
-7.758451271666209550e+02
4.292232586250139548e+02
7.646694775511937223e+02
-5.328773136426420004e-02
-3.030808253039520395e+00
-4.233207173936106571e+00
-6.841638008141610783e+01
-1.075862936755211621e+02
1.874436682295089440e+01
3.057305144103316366e+02
-4.244535119326369568e+02
4.714641833290257864e+02
-1.140313321110346436e+02
3.187677856043770463e-03
9.126490498036846644e-01
3.911208833340834023e-01
3.209149974702813779e+02
-3.995249388165614732e+02
3.631009751683678246e+02
1.610244731341339502e+03
8.652059366613966631e+02
3.243369635709850485e+01
-1.715005882485964321e+04
