# -1.0J_0.0g_0.62832theta_1.0472phi_30Chi_0.01delta_500N
-2.713747922113551311e-11
9.834936465331589644e-09
-6.834093758150878994e-02
-2.871107164021066138e-01
4.171255378836932827e-06
3.032240573274824378e-04
3.345610571668524260e-06
5.366418624943495550e-05
-1.100639639996550808e-03
-5.846806063010618389e-04
1.207617484680795520e-03
1.438484488186313063e-03
-2.827835372742528648e-05
-3.637092715084235504e-03
2.157942998126706653e-03
5.344194572090586737e-03
-5.069113682535115323e-03
-2.826727597485898229e-03
-3.133269784510643238e-03
9.978743343035880072e-04
-1.887273057239406433e-03
-3.084779992244986863e-03
-1.084691659451864076e-02
-1.651541595092384301e-03
-1.218196036594569945e-02
-2.445410647706051238e-02
6.899554661950382112e-03
1.083816541368616410e-01
-9.326945762740768142e-01
3.042390345383650177e-02
2.614488090601496900e-09
-8.180787022486626938e+02
1.805993127093731926e-06
-5.991810165140633185e-06
-3.033235849520771743e-01
-3.389113978760701501e-02
9.029230951594474294e-03
3.038778434283652668e-03
1.326695632667137387e-02
7.942971727843691626e-03
2.152001203403967541e-02
6.406297243440371193e-03
7.535432934947935806e-03
8.992304554807276085e-03
-6.094600836355557223e-03
8.748264488315448360e-04
2.653437949960299903e-03
-2.384115371244067191e-03
-3.204903761338614380e-03
1.961777123173404688e-03
4.574473123679739101e-03
-1.905469132992853622e-04
4.891476931573860223e-03
1.614175157483174533e-03
4.083607543757523223e-04
1.629361102157912081e-03
-5.379907561451422859e-04
2.808581550829651195e-04
-1.974187485498828717e-04
1.778948910871561151e-03
-3.120206559052510491e-04
-2.590676445761669081e-05
-7.866059309812252177e+05
-3.305330377135423478e+06
3.128964933770478041e+01
-4.099854405242165853e+02
-4.366241348306878649e+02
-1.175619525107002573e+03
1.387496003679812475e+03
3.246976706040644331e+03
-1.138942541481295848e+03
-1.777068025840070959e+03
1.555981875659050502e+03
1.157467783303780607e+03
-1.814494272698905206e+03
-6.101403797188740100e+03
1.186639353220508383e+04
1.652477472491823391e+03
-3.987190095770810672e+02
2.862067371615956404e+02
-6.114856018959210815e+03
6.235344807256612512e+03
1.409803847392249918e+04
-3.114781772293190897e+03
3.220822961926510106e+04
1.599010754550191814e+04
-2.838879962214412444e+04
-1.326412221959294693e+05
9.717896580293400912e+05
-1.616951710279021245e+04
-2.326788843939396872e-03
7.427479032443291937e-05
-5.865851391227276996e+06
-2.464840013073769212e+07
2.464246597844407347e+02
-2.341553748898798858e+03
7.815669763233406684e+02
2.433908227615646410e+03
8.341312097370733682e+03
-4.488796181390566744e+02
-1.187294045888231994e+04
-9.542637542615257189e+03
9.234198641528973894e+02
3.152894622323541989e+04
-2.141575448546915868e+04
-4.189216102851952746e+04
3.905152234656548535e+04
2.157900200123823379e+04
2.560997713161124557e+04
-1.069723415830697013e+04
2.004514170569345879e+04
2.282786797927244334e+04
8.972055379380678642e+04
1.571125895199705155e+04
9.197214220875545288e+04
2.053686506291889236e+05
-4.757827195011980803e+04
-8.815623014249077532e+05
7.662879065080922097e+06
-2.579202436749807966e+05
9.267557076189800329e-07
1.855282911950848768e-01
1.915660065829670657e+03
8.048499279701710293e+03
4.599802710529309479e+03
4.142090598848059308e+05
2.181914253797428217e+06
8.555041415154550225e+06
-2.110873928339022677e+06
-1.460252865714159049e+07
-6.736046599455828778e+06
7.641821471653021872e+06
4.853441475418779068e+06
1.730177198868121952e+06
-1.244870819370600022e+07
6.337903249919670634e+06
9.938529535844305065e+05
-7.827190236428048462e+06
-6.168953346178940497e+06
-6.821003957211263478e+06
3.574772316327793989e+06
-4.259626400685625151e+06
6.480362961578430608e+06
9.561731720290327212e+04
1.531710089357866673e+06
1.073531794493623311e+06
-6.142452247572613414e+05
8.590174232452481519e+05
-1.258786643760631559e+05
-4.109420435446653515e+06
1.147390815785567120e-05
8.203620998856933633e-02
3.342913367530474744e+01
-1.303145922969862056e+02
-6.857887405639678240e+06
-5.253181629696919769e+07
-2.187346218425970078e+08
-1.061780693498680294e+08
-4.489927173832755536e+07
-2.182683173975407183e+08
2.007947881333396211e+07
-4.546727424159853905e+07
7.740333643940807879e+07
-1.181409680178454220e+08
3.170211162927428260e+07
2.815705961848061085e+08
7.367190976796464622e+07
-8.332333255857732892e+07
1.576885342999131680e+08
3.388310194998754263e+08
1.408587203385797441e+08
8.101427722612088919e+07
-2.375210139016044885e+07
1.736714730769285932e+07
9.187990763163568079e+07
3.511555002419766039e+07
1.550312087922870219e+08
-8.806578269625931978e+07
-9.913638516368618235e+06
7.823448858066204190e+07
-4.825276551845728042e-07
5.886735811228931414e-01
-4.166119780217998141e+02
3.454880492617342043e+02
1.336954873244515993e+07
9.785217048632144928e+07
7.487102974514089823e+08
-5.371405336033336818e+06
-9.775799424731112085e+05
-4.100111262123858090e+06
2.641571344889516011e+07
-2.593794171411450952e+07
4.366684890288365632e+07
-4.906081137751821429e+07
3.483311984483453631e+07
1.248525332529356033e+08
3.882327318757238984e+07
-3.155340666189647093e+07
7.713249449912169576e+07
1.807687640082109571e+08
6.567014678802649677e+07
5.159019048955305666e+07
-2.163777051561190933e+07
8.101380513603034429e+06
3.944268597633802146e+07
1.684742818286055699e+07
7.579402029225371778e+07
-3.885365655936056376e+07
-4.257530732183760032e+06
5.048368427811611444e+07
-1.678315719526043504e-06
-7.412675807766391789e-02
2.465233537838442317e+03
-1.886494731668333998e+03
1.769391573963484168e+07
1.274916819599321187e+08
-2.367249095052851439e+08
2.105499565984919548e+09
4.326143806350977421e+08
6.736084593682070971e+08
-1.695433079313810170e+08
-7.516538375087572634e+07
9.783355302237537503e+07
-1.409429270946054161e+08
2.351070310020540953e+08
1.827871878558728993e+08
9.233526270546332002e+07
-4.235278783230151236e+07
1.733181736356858015e+08
4.255098034932922125e+08
7.049041950234216452e+07
1.842009130388158560e+08
-1.341414099300538450e+08
9.147780488299090415e+06
1.786223952589860559e+07
1.822421909204838797e+07
1.438973440917116106e+08
-5.726186376374206692e+07
-3.927047338258834090e+06
1.598037446366615891e+08
-9.108910577909886053e-06
1.656994255875093858e-01
4.989885619089499414e+03
-4.024962070621646490e+03
-2.598880974631451815e+07
-4.641967019061990827e+07
2.693733197409932613e+08
1.416599374343935013e+09
5.874796733383718878e+07
-3.592436496912467480e+09
2.142809007029921055e+09
-9.678698307129768133e+08
-1.149168508436587572e+09
-2.754146142097788304e+07
1.038967356647515893e+09
-1.261271210672958374e+09
-2.807168111735309958e+08
9.943774112846459150e+08
9.165656453965297937e+08
-3.916662073594128489e+08
-6.779203713175569773e+08
1.107190759887199663e+07
-3.708735628544204235e+08
7.498148894443853199e+07
-2.964466081238991022e+08
-2.353047543285341859e+08
-2.994198511641919613e+08
-1.894240666035933793e+08
6.277093993986288086e+06
6.117454824623496272e+06
2.664148765913420223e-04
-1.054722176595287129e-02
6.405390670773538204e+02
-6.129694884723616042e+02
-1.209445803531095944e+07
1.074696984793601781e+08
-4.408987113887554035e+06
2.078168956334441006e+08
-2.959008279256574064e+07
1.838429689077830911e+08
5.345764592533595115e+07
7.775143179451689720e+08
-4.011936966534759045e+09
9.234172247809928656e+08
-1.310088041465654373e+09
5.599414294097989798e+08
-1.332551395900872469e+09
2.225160263868731976e+09
-1.916295028270689487e+09
1.724589464712805748e+09
9.639325815481331348e+08
-2.804298130403289795e+08
2.554405763245961070e+08
4.576120360169597864e+08
2.053611931472863436e+09
4.011031448568482399e+08
7.909760464146785736e+08
-2.472738973940413818e+07
-2.378468979159068316e+07
-7.001316036516751051e+08
1.940550671985634637e-05
-1.321835687377347426e-02
1.320047674262786495e+04
-9.997470949732631198e+03
4.756028350402338430e+06
-2.197458876646723151e+08
4.902549194680066407e+07
2.116356241117494404e+08
1.231405020538979769e+09
3.340980323056494594e+08
6.086191451257954836e+08
-1.371712837713912392e+10
5.178636111890071869e+09
-1.618960305726587296e+09
-3.319685203497496605e+09
1.385047151130755663e+09
-3.420980771755592346e+09
2.517171040853604317e+09
-4.253863431540430069e+09
-3.452929691559409499e+08
1.242431596321121931e+09
-3.611901040461702347e+09
9.764178216005618572e+08
-2.555541030091923714e+09
3.301474072767173767e+09
4.064870525753452778e+08
9.523739704013875127e+07
7.305382542645086050e+08
2.555617165527906641e+07
-1.314617679710196495e+09
-9.821244437499059520e-05
8.216981271090167960e-02
1.562821236753867197e+04
-1.191611566385982405e+04
6.701384238655364141e+06
-2.326417291191349328e+08
4.586379339702006429e+07
4.175485472472063303e+08
-1.563463943154801369e+09
-1.818989320324562073e+09
1.173349710525482893e+08
9.719098283991413116e+09
1.059409178315544510e+10
-5.308754227645431519e+09
4.069064401545887947e+09
-2.425040388254278183e+09
-6.729313794869637489e+09
9.079195069487054825e+09
-3.529774303742215157e+09
3.537904178690658569e+09
-9.789209570414094925e+08
-3.970582207119957924e+09
-2.363687647674002171e+09
-1.924506769306979895e+09
2.844470278712608337e+09
-5.034254675383415222e+08
-3.650279816974424124e+08
1.028465318533650398e+09
2.363328345217247009e+08
8.461994712324810028e+08
4.897644496402136886e-04
4.121883961069880420e-02
6.105108101305000901e+02
-2.622509832922023634e+02
-1.957033767162138596e+06
-3.264491451666862518e+07
1.651388716497950442e+07
2.435625798633011058e+06
8.309240215615403652e+07
3.994992443243527889e+09
7.601762542772279739e+09
3.885419926431157112e+09
-6.247809761547101974e+09
-1.583875488203489876e+10
1.434289682775684118e+09
4.615570588030570030e+09
-1.561451844432300091e+09
-7.470938525658985138e+09
2.849823222624526978e+09
-6.048970179138157845e+09
-4.309803916248203516e+08
-2.451129239023385525e+09
1.837184037270937443e+09
-5.878185915152143478e+09
5.293412324746415138e+09
4.015865168668685108e+07
8.221064230254592896e+08
-6.642698771548522711e+08
1.028608249545274973e+08
-5.862673250141454697e+09
-5.353328651366499446e-04
-3.764717447506334830e-02
-1.295319077933752669e+04
1.034965751482710039e+04
-4.268913945289339870e+06
8.904310457966843247e+07
-2.424983484314914420e+07
-1.408913409824537933e+08
-3.053872327824497819e+08
-2.092567876086240768e+09
-6.690847776878087997e+09
5.574652481425559521e+07
4.374141253751292229e+09
1.409036277152486992e+10
5.926862063375493050e+09
-9.019495713273820877e+09
3.749634131555810928e+09
-1.680932770208218098e+09
2.874041820912361622e+09
5.549271064509482384e+09
4.679926810245440483e+09
5.389033847398330688e+09
6.563781948337289810e+09
-2.876174088497468948e+09
6.999551368587977409e+09
6.221219460081310272e+08
1.295962916835374832e+09
-4.044100284886134267e+08
-8.828171383749860525e+07
-2.145043313863018990e+09
1.368220898907709460e-04
3.029084081452273688e-02
-1.901401606415348215e+04
1.468424568624912536e+04
7.308814711186667904e+06
2.291033228362874314e+07
-7.587163433344423771e+07
-2.446236625085458159e+08
-8.423223222380039692e+08
-5.426432772227520943e+09
3.776360385460674763e+09
-2.820061092954806328e+09
-4.894889337149611473e+09
-5.469672855796886444e+09
2.141496884090932846e+10
-3.606534768015711308e+09
7.110703425436244011e+09
-1.999427824282320786e+10
-4.083120456935817719e+10
1.122748340993558884e+10
2.895801470988360643e+08
3.487778617920996189e+09
1.770289638600362062e+09
8.880195350105605125e+08
-8.820612860781900406e+09
-3.069273333321260452e+09
-4.089003430796301365e+09
5.758846004682240486e+09
1.079883902021426439e+09
5.875825069238713264e+09
4.746616056860548873e-04
1.347700283442655189e-01
1.528451973242705571e+04
-1.179462245119352883e+04
1.066060851306799013e+05
2.894069674780922383e+07
-1.538073779257485643e+07
-6.229845412209852785e+07
4.798207017337642610e+07
-1.157887971787891150e+09
-1.004386997027677655e+09
-2.960679013056844473e+08
7.078144948697642088e+08
-2.595514667323288345e+10
-2.966827267839308548e+10
-3.724706499323801422e+10
1.865783771044828796e+10
-8.104758005687569380e+08
-2.473267085426018715e+09
1.296765004045388794e+10
4.241722059912149906e+09
1.137954485450401688e+10
-4.912868024478776932e+09
1.754486661986739397e+09
3.805198403206443787e+09
4.416945201948978424e+09
4.767111825081506729e+09
3.486298997790678501e+09
-1.077596979851405174e+08
4.571986883485432625e+09
-5.582904974572314909e-05
1.329366130306129101e-01
8.160569085582735624e+02
-6.481208094942606976e+02
-7.884228653051728616e+05
1.733313213307454064e+07
-3.670273307483967394e+06
-4.279191687922012061e+07
3.915858051268340945e+08
-2.609910719159467220e+08
-8.193853586695167422e+07
5.176673326480086446e+08
1.849985860163663864e+09
-6.038278126328794479e+09
5.429558849212906837e+09
1.999518551672687912e+10
5.369374933000729370e+10
3.800980199114102936e+10
-1.089624251057358170e+10
-1.266104016250636864e+10
-2.788766972002331257e+09
1.598777387552706003e+09
4.609471009868050575e+09
-2.060119969227282047e+09
-6.250328616346342564e+08
-1.925637371599030495e+09
-2.711644968002053261e+09
-2.160669275797626972e+09
-2.070868860110436678e+08
-4.849913111218056679e+09
-1.540244256104790661e-03
4.391518060083392933e-02
-7.118729224001092916e+03
5.543650103044427851e+03
-2.384201925690335222e+06
1.543725604991782606e+08
-5.875387189611900598e+07
-2.729303394452619553e+08
2.718638151489299536e+08
-1.537160859773744106e+09
5.538996637748120308e+09
-3.428070382675641179e+08
1.270424544676357460e+10
3.059732833211883068e+09
-1.789071812623214722e+10
1.261255130571160126e+10
-1.441890926106929016e+10
2.902271446005374908e+09
-1.259986092432337952e+10
-2.726818166380448341e+09
-3.535731314229950714e+10
5.336984203159568787e+10
-1.494017986701525116e+10
1.586613851835916138e+10
-2.700827490170909882e+09
-5.604385023216910362e+09
6.484151727761544228e+09
-8.832824033792055130e+09
6.600301010091950893e+08
-2.265637758554980469e+10
-6.491223325065512877e-04
-5.567423789522068373e-02
-7.698562269349929920e+03
5.836914769733451976e+03
-6.807717182571613230e+06
1.105439827395965308e+08
5.389834506972956471e+06
6.076549767728305608e+07
-1.591480077271299362e+09
3.638014445734146595e+09
-2.932187984673012495e+08
-4.666360929643738747e+09
9.068073150618152618e+09
-1.633686501627693939e+10
2.591060108625856400e+10
-1.105522466024769974e+10
-5.344696060842719078e+09
2.500846674177285194e+09
-1.316132405835278273e+09
-1.536178825497022629e+10
2.467875580818024826e+10
1.144259447172582245e+10
2.762267182954391479e+10
5.057144816624996185e+10
1.487956644471495438e+10
7.839548141719502449e+09
5.731849838144959450e+09
-7.981823561618561745e+09
-1.975303647412886143e+09
-2.606912318132866669e+10
5.936815475748801699e-04
-2.136909894732261783e-01
2.063692595199882271e+04
-1.597890870058098699e+04
2.993025749478157144e+06
9.584667951479353011e+06
-3.226429197871950269e+07
-1.219882854286913127e+08
4.319980193926068544e+08
-3.310755973047380447e+09
-2.717206045861115456e+09
5.775144538024656773e+08
-5.852161273206096649e+09
-1.429601777971339226e+10
-2.535913401663167477e+09
1.198556001933613014e+10
-2.717882549976253510e+10
2.336271435760293961e+10
-1.997725536582241774e+09
-1.514228381113271713e+10
4.956251970394611359e+10
5.336849506524160004e+10
2.155534454385070801e+10
-2.730973287752467346e+10
-3.357148159762523270e+10
-1.553407043310104847e+09
-1.436329332684821892e+10
1.242925327530261040e+10
6.531736833501604795e+08
2.498687986916172409e+10
2.078536847386047368e-03
1.167422056691336252e-01
-1.796613998566968803e+04
1.377477415649336581e+04
-7.832595362745694729e+03
-7.434982595971674891e+05
-2.661615155918073375e+06
-1.217390263268226534e+08
2.360889686268068790e+09
-1.397026700356802046e+08
3.580100184859356880e+09
4.093987638311411858e+09
4.557085466480702400e+09
1.472186672993964767e+10
1.105391413592507172e+10
-2.424616587363938522e+10
8.025391186137595177e+09
-5.723868645103837967e+09
-5.860122528185141563e+09
-2.966867495606630707e+10
4.451277579460286713e+10
1.048399994720174980e+10
-3.038787887945143127e+10
-5.117288216274945831e+10
1.659798624242535210e+10
-3.258895813184665680e+09
2.680346593413134003e+10
-3.645166041667412567e+10
-3.010016653369985580e+09
-2.833193920483740616e+10
2.872049296383161936e-04
-1.475485424767367382e-01
5.129770224528721155e+04
-3.958579254719591700e+04
3.787280556880388758e+05
4.351143451270603575e+06
3.391769899308470776e+05
4.156842647622069716e+07
-1.029792871191442728e+09
1.195640787438555807e+08
8.714350353152618408e+08
-1.377525590845834255e+09
4.111103439687471986e+08
2.691475657668878078e+09
-1.497110358992037201e+10
8.510928043592112541e+09
-1.181271385243898153e+09
1.921336303204076886e+08
-4.830376146384097099e+09
-3.205049741847719955e+10
5.717890470595967865e+10
-2.173121988360134125e+10
-7.962795259105844116e+10
6.960582550381523132e+10
-1.521176827766956139e+10
-1.586927097379027939e+10
-3.243623049909947440e+07
-1.973106881749586105e+09
4.379302110399925232e+09
4.017972439609375000e+10
1.183076512019131440e-03
7.840265973038428038e-02
1.791096578641762608e+04
-1.391171128931214298e+04
-1.533604342573096277e+06
-4.149624283269414306e+07
3.911040873086619377e+07
1.128616943160080016e+08
7.362723104476047754e+08
1.446821408978919268e+09
-3.851181326474431038e+09
1.711438821954506159e+09
-2.543966722986881256e+09
-4.878862320589430809e+09
3.651956348580049276e+08
-7.901792486080778122e+09
-1.190781058176523399e+10
2.433796043939562321e+09
-2.970306994377011490e+10
-5.730903884685354614e+10
-4.764589060975859070e+10
9.598777709945356369e+09
5.036628279045229340e+10
-4.266986487833851814e+09
3.070749207912169266e+10
2.035998904960649872e+10
7.415605581676792908e+10
-7.932089951388088989e+10
-8.295729130430788040e+09
1.285698097567521667e+11
3.329207733592727623e-03
2.294723338386504136e-02
1.626572594456014849e+04
-1.268251949602931381e+04
6.108588497879868373e+06
-6.837907282308445312e+06
-5.289443601941026002e+07
-1.352035756479060352e+08
-8.534042371890857220e+08
-3.654833079423810959e+09
3.474583546931516647e+09
-2.206030694805192471e+09
-2.199226074584821701e+09
3.457036802877438545e+09
2.263955816419178963e+09
-6.595668108081437111e+09
9.343097135794818878e+09
-1.603526088104929209e+09
4.647849248747699738e+10
-4.032830100031148529e+10
-1.523093783870995140e+10
2.433764895214075851e+10
5.311850065299741364e+10
2.974116460264931870e+10
8.605292042726895142e+10
4.688434086536383629e+09
1.970062214782769442e+09
1.074175972358808746e+11
1.088536751146451187e+10
5.574494415665238190e+10
5.604156159850320592e-04
1.960213962354453165e-01
1.681457453058813990e+05
-1.301552333585011656e+05
-1.532125565575044835e+06
-5.073392848196230829e+07
3.771768005765333772e+07
1.863630548442714810e+08
-1.326471771132693589e+08
1.036632024104972243e+09
-3.465305456103619099e+09
8.736599012421410084e+08
2.742714485206046700e+08
-4.390229141346890450e+09
-2.720899907887056828e+09
1.551742764619065094e+10
1.475892565623059082e+10
-3.571894433690744019e+10
-3.010547678181079388e+09
-4.106492280526476860e+09
7.922053317385637283e+09
6.707269030521310425e+10
-3.536463790547331238e+10
-1.395718706139562798e+10
1.810385892069642334e+11
-1.463364592317243958e+11
-2.450837466099063110e+11
-7.035409731153207397e+10
-4.300665012837336540e+09
6.441458090809171295e+10
2.287858891653631391e-03
4.196411341150473734e-02
-5.135079613298305776e+04
4.007891235850069643e+04
-9.339855869121248834e+05
5.958719604022790678e+06
9.663693536299278960e+06
-2.281056831101993565e+06
9.361503600373920202e+08
5.406731762209223509e+08
-2.952412017840788700e+06
6.432766932274533510e+08
2.435435165632199764e+09
-5.892888364500060081e+09
9.559892563132884979e+09
3.400294065225591660e+09
3.821484307531940937e+08
-5.019764769259089470e+09
7.011037352122129440e+09
2.482145878631293869e+10
6.522256212010966301e+09
2.392439633901580429e+10
2.503468279100733948e+10
-5.248868133207003784e+10
-8.986126705262451172e+09
-3.867067706659644127e+09
-2.917458319370479584e+10
2.619816618621382523e+10
2.705480451706649780e+10
-3.734980593895281982e+10
-3.087508841624337849e-02
1.047781244077775065e-01
-1.697259814407853701e+05
1.337270034246463911e+05
1.004069409715958056e+06
-1.656749352153237909e+06
-8.051073204005300999e+06
5.208407203402590752e+07
-1.263424909638828278e+09
1.109981433236418486e+09
1.517342727408157110e+09
-1.554287679358980894e+09
-4.594229684328499794e+09
1.566835550032622147e+10
-6.549865205748785019e+09
-1.268078745003975105e+10
-6.163535162159494400e+09
2.553668640372987366e+10
-2.108366856582364655e+10
3.648569794230992794e+09
-4.676898107108555794e+09
-8.905232202884193420e+09
-2.693141984605480194e+10
6.451843208565936089e+09
1.860469515067861633e+11
-7.151440976041744995e+10
-1.067109416074496460e+11
7.082620350687895203e+10
-6.338147219059857941e+10
-6.159704016703966141e+09
-2.839651926166062226e-02
5.044833435480981787e-02
-6.907888822990843095e+06
5.345065465529467911e+06
-8.964154764215557370e+05
4.436720412750660628e+07
-1.195171490028732270e+07
-7.218881105714267492e+07
7.120819444192607701e+07
-4.693211376343070865e+08
9.989479440458762646e+08
-6.221040724243765324e+07
3.351465285812080383e+09
-3.026328049126473427e+09
-7.144787397369398117e+09
7.580516802969884872e+09
-4.451893513654844284e+09
2.352976665915777385e+08
-3.270663872838203430e+09
6.541473418293601036e+09
2.466758246984238815e+10
-4.836401401345208740e+10
8.083776532589787292e+10
-1.001598600292212982e+11
1.542052786178652954e+11
2.496555310551384354e+10
2.181576457408674240e+10
7.859816704568153076e+11
2.960313638061038208e+11
2.258937940214713135e+11
-1.157604998753985863e-02
1.005752251766984379e-02
1.182966135691275634e+07
-9.149187915532168001e+06
-4.694671990255389828e+05
2.607459979437464848e+07
-7.451901869238284416e+06
-4.138679724155841768e+07
5.676973016078990698e+07
-2.614915549883033633e+08
6.838934452647866011e+08
4.559814004311633855e+07
1.902868406726613045e+09
-9.695972841926567554e+08
-4.511225183495371819e+09
4.107987202746131420e+09
-2.335511689460138798e+09
2.913478889128836989e+08
-2.626604045643772125e+09
5.072413796979852676e+09
1.560857829490597534e+10
-2.981202486520795822e+10
5.425000361195992279e+10
-4.983335802249270630e+10
9.393684493133859253e+10
2.504450394967561722e+10
2.091493735721772003e+10
-6.701739101969992828e+10
2.424699280812717896e+11
2.685500271076864319e+11
-1.299284192422071925e-03
-4.594272398440223115e-02
6.820694566984576522e+04
-5.264090517628047382e+04
-4.549668604746021447e+05
-6.568982051588391885e+06
6.674338672066506930e+06
-1.233344083347413838e+08
7.741773364537426233e+08
-1.820215490843033195e+08
5.967531456116819382e+08
6.691796310791062117e+08
1.634961167159805596e+08
-3.231531108060706615e+09
7.559394332565842867e+08
3.476940429308523655e+09
-8.030198716693321228e+09
9.358197126747529984e+09
-1.280782009047404051e+09
9.810821547816080093e+09
8.675475309694007874e+09
1.551460484637648773e+10
-1.300843222757062674e+09
4.122184760656467438e+10
6.425611547898178101e+10
-4.044359340012056351e+09
4.476090854949784088e+10
-1.006814673644360840e+12
4.887354075480245972e+10
2.102448779501750793e+11
-2.840866252281859031e-11
1.010631440299807252e-10
-2.119412239841195721e-03
5.043889022387082607e-04
-1.152212353533604688e-06
-8.949480633543480034e-06
1.541701749409804585e-06
2.381003958486704612e-06
-7.252005212319081587e-06
3.532699512287415218e-05
4.713595577149840563e-06
-1.327925841471730412e-05
-9.071752566981076968e-06
-2.782393070664069732e-05
-1.009406743674558720e-04
-7.893019996364772297e-05
-2.181096029245060586e-05
5.735155071586392359e-05
5.059981976581231480e-05
1.052000122306745038e-04
6.679096379066065843e-05
-1.917302555736116537e-04
4.788217692472705256e-04
6.091349070536269370e-05
-3.056317701112088543e-04
-2.464789457512551497e-03
1.066507464532791966e-03
4.718921746902748470e-04
2.332491184918146835e-04
1.957798842064795294e-04
9.796990492189148803e-09
1.287635620976265716e-01
1.255114665530994607e-02
-5.419683540067352610e-03
-2.568689166597642384e+02
-7.659964825346148700e+02
1.091250676062580993e+02
4.651533994013109918e+01
2.954819574650581515e+01
2.967581425489996150e+01
-1.602916404120919225e+01
9.998117401992857367e+00
-1.256475313794046933e+01
6.505068808610529274e+00
-7.619942343897807557e-01
-3.098105806320716304e+00
1.430375997238866326e+00
-1.280696745123090619e+00
-6.582969561759296262e+00
-2.466527450882483929e+00
-1.300832044088443107e+00
5.162602602829400311e+00
-8.498609669527764643e-01
3.418118493875006880e+00
-2.371222349954846265e-01
3.446785290052362338e+00
-1.589955293354303523e+00
2.354139650778219739e+00
-2.137214228586505338e-01
-2.189915181224135310e+00
-1.963658398026829899e-01
5.299739052823786850e-02
-1.465362912829369493e+07
3.487348005395723507e+06
-1.855114407861849202e+02
-2.974889091793483544e+02
2.065268298391251811e+00
-1.934385290022158870e+02
1.665477053277911182e+03
-9.573844487235352574e+01
6.883752275659604720e+02
-3.910000968169327251e+01
5.206427826207421958e+02
3.755565242643039596e+02
-1.502269568294253759e+03
-2.896475111488289826e+02
3.442566435034713663e+02
1.346430678849431388e+03
-1.889169081828332537e+02
6.205668039928872304e+02
3.277056539727781455e+03
-5.237993329548231486e+03
1.575139723051137844e+04
-3.203941940994881406e+03
-1.183521362610393044e+04
-1.858697861349811137e+05
9.244323817281797528e+04
5.560747673521547404e+04
1.744607858919415594e+04
8.655491813271422870e+03
2.631185204577284747e-02
-1.330157440463740348e-01
1.965103635416693520e+06
-4.676657330126480665e+05
9.622053619992956897e+01
-2.984861361232432046e+03
1.718358912125298161e+02
-1.451440514069717892e+03
1.304779607097299595e+04
-1.826947846520692110e+03
5.201859209493429262e+03
-6.230660596435804109e+03
8.186908098039174547e+03
4.994302887922298396e+03
-3.334794498885267240e+04
-8.119769188345138900e+03
7.433404924345743893e+03
3.382446441041809885e+04
-2.778071475730871498e+03
1.400227233148023697e+04
7.712797604097140720e+04
-1.273174982681347610e+05
3.818426105019128881e+05
-7.929424958718151902e+04
-2.890961331875098986e+05
-4.534291464968588203e+06
2.255123219616417773e+06
1.355427980128022609e+06
4.203588894023830071e+05
2.094684990058869007e+05
-1.082603119155559892e-04
-3.772494997380297264e+02
-2.457743467389500438e+03
5.713315704290766917e+02
-1.319701026794473175e+06
-2.266465109999984270e+04
5.298939626380441478e+05
3.733731950685668271e+06
-2.506421741080226377e+07
2.554799656468076282e+05
-1.066938039169913903e+07
-4.954519600889623165e+06
-4.037114361125388183e+06
-3.764164930650964845e+06
3.558372456573201343e+06
-5.782637565188271692e+05
-9.106101247488319641e+05
9.780355369900708320e+05
1.347096134645532817e+06
-1.629061174723876175e+06
-2.656108031669943128e+06
1.035452153866245528e+06
-3.853405019597520586e+06
-1.543791774156018160e+06
3.942518037931509316e+05
-5.368810567319366382e+05
1.041777732338047470e+06
5.375810205305899726e+05
1.409176533827465319e+05
-6.241126071637429995e+05
4.319556499438140804e-04
6.544846311911445582e+02
-1.332908949589165104e+03
3.329163597131866368e+02
1.496290803358448669e+06
-1.199634397310849512e+06
-5.316324959531625500e+05
-5.080429669464323670e+06
3.491202908048424125e+07
4.102177599551061285e+05
1.432416736809889600e+07
6.116874064526947215e+06
4.720755848285230808e+06
4.527627554098038003e+06
-7.128337510722009465e+06
-1.677986080563594587e+06
-1.321733508657703060e+05
2.695265402466284577e+05
-4.413223363266870147e+05
6.037132642641948536e+06
5.150799208247568458e+06
-7.536088977051679045e+06
2.050348364032865688e+07
7.065163383381939493e+06
-1.075626341178536788e+07
-4.258919435162702203e+07
1.398241450828157365e+07
1.437644029907905124e+07
9.902719916885733604e+06
2.002841477315950021e+07
1.889615792319558521e-04
2.183151827885916134e+02
-5.985951329131435159e+02
1.632320949302007307e+02
2.055389102014757926e+06
1.337468680805268465e+06
-8.620610046686859569e+05
-4.710682406103995629e+06
2.938205087959590927e+07
-9.240509160431904020e+05
1.297029700629575551e+07
6.484333308505157009e+06
4.078968669828604441e+06
3.005574444705206435e+06
-3.300263544104095548e+06
4.592850705674947239e+05
3.028055550516433083e+06
-4.315824040781253949e+06
-4.088247460661069490e+06
-6.170945197499136440e+06
-2.497003079562748782e+06
9.192849388580715284e+06
-7.054311222550292499e+06
1.330170716869157506e+06
2.949706213782303035e+07
-9.456502703502742574e+06
1.971638177290419117e+07
-2.373075436271979287e+07
-2.434063497343831137e+07
-5.672448935042600334e+07
3.604593155656576832e-04
5.278236063635441866e+01
-1.140951795646174332e+03
2.914439918655376687e+02
2.019532081408154219e+06
3.559076967358944472e+06
-1.082481634835953591e+06
-3.235104824512057006e+06
2.009328720048940927e+07
-2.081243435024239123e+06
1.182393287659576535e+07
6.697585190684146248e+06
8.053487417145201936e+06
7.001750492430385202e+06
2.750182436112585012e+06
9.749735431601755321e+06
5.610770470752784051e+06
-4.310941307370230556e+06
-4.521701410578128882e+06
-8.837149230094002560e+06
2.727309562113032211e+06
1.368982323373598978e+07
-4.299198867640902102e+07
-2.218026029144768789e+07
1.780804298829641193e+07
6.127177091718652099e+07
-1.232892902622092515e+07
-3.308415820904093608e+07
-2.228386383881731704e+07
-5.547586861006379873e+07
6.035180743318145115e-04
-2.221566182979715975e+01
-1.884868859081136634e+03
4.348066844521870280e+02
-1.423722773227286059e+06
-4.028051888625416905e+06
9.796775712650900241e+05
2.867801040796465240e+06
-1.632163036876925081e+07
2.850062915216749161e+07
1.338612206071079476e+06
-1.615712014323099284e+06
-7.401604756422538310e+06
-2.896702341141699255e+07
-6.426160118707504123e+07
-5.224237394388609380e+07
-1.271856187375750579e+07
2.633126054193748161e+07
4.012851372093135118e+07
6.513927975230664760e+07
8.431376707077862695e+06
-7.331493511709880829e+07
1.716166623485825062e+08
4.985374947218509763e+07
-8.176252648579353094e+07
4.348228334099815786e+07
-1.387647966617093384e+08
-2.476407677543622851e+08
-5.896004406306061149e+07
-7.923669191667227447e+07
-2.432889323376187518e-03
-8.111354779752483424e+00
7.613394445024031484e+03
-1.790567891940726668e+03
2.157962704255564138e+06
3.309077132944505196e+06
-1.075444653124173637e+06
-4.462065571546255611e+06
2.503635108247412369e+07
-1.556167351003676094e+07
6.150313354211676866e+06
5.023856994863453321e+06
3.364305332168121822e+06
1.399861039534527436e+07
3.359166598358977586e+07
2.513992219960295409e+07
8.292538376600250602e+06
-2.114102637715429068e+07
-2.496882730305754766e+07
-4.499368016848646849e+07
-1.760558892896036804e+07
5.961423294516602159e+07
-1.180394741491656601e+08
-1.274344300390557945e+07
1.075293592512808889e+08
2.469769903582641184e+08
-3.965939210908602178e+07
1.193665538935616612e+07
-3.084643432479260862e+07
-5.050645156866955757e+07
-2.498024772915671821e-02
-2.029357153130031932e+01
7.836642169986080262e+04
-1.855927977948836997e+04
9.398428180549617857e+06
2.433128686927438900e+07
-5.844576372269534506e+06
-1.219837273953754269e+07
7.725833602275481820e+07
5.985111931518198922e+06
6.134500118206737936e+07
4.517200773566260189e+07
4.943479568380922079e+07
2.549679489933718368e+07
2.051969755950504914e+06
5.019659361588376760e+07
2.641864474079645798e+07
-1.801044043729650229e+07
4.920316553614160977e+06
-5.726380128800115548e+06
2.435237005522192048e+05
9.019890760966379941e+07
-3.756773901169767380e+08
-1.241336293829524964e+08
9.860527880186450481e+07
2.689223129778294563e+09
-1.359426864584656239e+09
-9.156126632580152750e+08
-3.288734057298767567e+08
-3.816739433037806153e+08
-1.864418476926324453e-02
-1.360286299418194567e+01
5.851708501028650790e+04
-1.389820866615759041e+04
2.743730781183338724e+06
-3.166604670736248139e+06
-7.571978072416123468e+05
-1.088641593310216069e+07
4.173914679336772114e+07
-4.019804324918089062e+07
-2.795702049940657802e+06
5.619112280747795478e+06
-3.328195477353209630e+07
-4.066267720650221687e+06
9.115369662014821172e+07
1.857592306320059672e+07
1.742185373994042352e+07
-9.612446403055414557e+07
-8.206858265697450936e+07
-1.964795602229413390e+08
-1.586519809978697896e+08
2.791915742328057885e+08
-3.856127201716426015e+08
1.127758400311108679e+08
7.350306420207881927e+08
1.811440118682946444e+09
-5.167614722772516608e+08
-6.224532809879950285e+08
-4.589094552270156145e+08
-7.440364157510716915e+08
-1.262930210731574576e-01
-2.727048662477770335e+01
3.963684583264401881e+05
-9.411040306093190156e+04
2.312462301377411187e+07
7.565007828726273775e+07
-1.586105483877352066e+07
-4.109006192739017308e+07
2.517687302889650166e+08
-2.445105890083306134e+08
4.549026180082655698e+07
9.677870830086743832e+07
1.205146371908017844e+08
2.802491251110281944e+08
6.454343629441077709e+08
5.596001372077690363e+08
1.207191521186335683e+08
-3.010702317772666812e+08
-3.286554174599151611e+08
-5.260497842787178159e+08
-2.103794654080435634e+08
9.540885710062035322e+08
-2.667653350451565266e+09
-4.453239559655378461e+08
1.127804828074888229e+09
1.275367468158133125e+10
-5.600492145129205704e+09
-1.287276351555136681e+09
-5.203632048603471518e+08
4.574729286185063124e+08
-2.182274560488188797e-01
-3.287962033419834285e+01
6.849905361321654636e+05
-1.627772117300503887e+05
2.590072970423270017e+07
1.049432948462061137e+08
-2.084039686511148140e+07
-5.969006087042240053e+07
3.203560478868599534e+08
-6.677665684752435684e+08
-9.515045430694328249e+07
8.473831318693116307e+07
1.183742519206653833e+08
6.185479690120151043e+08
1.683686588321485758e+09
1.265664289980241299e+09
2.589543919829370379e+08
-7.769402431591076851e+08
-9.255288240855325460e+08
-1.561236851241677523e+09
-6.255857225647107363e+08
2.341269791822013378e+09
-5.740341388249440193e+09
-7.703080582440686226e+08
3.197210411966165066e+09
2.102863384559148026e+10
-7.935451472856987000e+09
-1.659970402260607481e+08
-5.667003771625295877e+08
1.169238327888122082e+09
-4.842195997287884052e-02
4.869351638691063466e-01
1.520292481537490385e+05
-3.619576731012174423e+04
-7.751999582814887399e+05
3.447565541097024828e+07
-3.844273245914959814e+06
-2.531004472428002395e+06
1.588537494819037057e+07
-3.246523117574782372e+08
-1.201540522761735320e+08
-1.344889403564785235e+07
5.639632837038288265e+07
3.175929022339078784e+08
8.069315979136612415e+08
6.231083382064080238e+08
1.013957755504518896e+08
-2.824591483483680487e+08
-4.166102459732197523e+08
-6.221189016126712561e+08
-1.281700518024571389e+08
8.276462382755978107e+08
-2.216875438190408230e+09
-4.816321888142839074e+08
6.978818757813311815e+08
5.050374633858476639e+09
-1.543117693149990559e+09
2.001318838688295841e+09
6.898608825433727503e+08
1.910025624049296141e+09
-2.591903370257037445e-02
8.576637372920006275e-01
8.137644030172328348e+04
-1.936293788896704064e+04
2.921654406295671361e+05
-4.233481212829723023e+06
4.651898602853910415e+05
-3.589776197310871212e+05
1.432533063338939101e+06
1.030076984199814349e+08
4.009882413589484245e+07
2.401992805393260345e+07
-1.337018751954653114e+07
-1.041071369112540036e+08
-2.245028466528705657e+08
-1.742353289718211591e+08
-3.101633458080857247e+07
6.205026554587394744e+07
1.354028754107519984e+08
1.928207824467669129e+08
-2.411917922722028196e+07
-1.465103495829423368e+08
3.536035802090789676e+08
1.719540298786415160e+08
-2.761805464994971827e+07
2.348258947659502983e+09
-1.532733538516552448e+09
-1.681295231397076845e+09
-5.734982874597167969e+08
-7.608450261750340462e+08
-7.032365633560202188e-03
-2.999130080098404427e+00
2.206859785341581301e+04
-5.231935015056020347e+03
1.952772710568021750e+06
-5.363394212235369487e+05
4.591639795975788729e+04
-1.359120006897012936e+06
2.635789302136431262e+07
1.109974699115061760e+08
4.687545054028811306e+07
2.071108898988500983e+07
7.764501509047714062e+06
-8.499219215246330202e+07
-2.548565579342598319e+08
-1.703389184641403258e+08
-4.172112178224638849e+07
1.122135550800218880e+08
1.624495318187145591e+08
3.039321384460803270e+08
7.496993857196028531e+07
-3.119810207863413692e+08
5.993778495774037838e+08
1.285324917288382351e+08
-4.919045825767632723e+08
1.015302716921378016e+09
-1.094410290886931181e+09
-1.010083252265578628e+09
-1.674900831328980923e+08
-4.526533091987101734e+07
-1.388940460477120463e-02
1.921763918678450089e+00
4.359378921993372933e+04
-1.035923691399842210e+04
2.006063196132199839e+06
2.304831087221401557e+07
-4.597861586740517057e+06
-6.547355730261970311e+06
-2.196031624364389572e+06
-3.008252307661750913e+08
-8.717496712871067226e+07
-1.766710531508698687e+07
2.109877058067741990e+07
2.546216967556831837e+08
7.123549989037374258e+08
5.169890135670369864e+08
1.320487458540817201e+08
-3.202500242525107861e+08
-4.378880961511180401e+08
-7.998909228868988752e+08
-2.112779223048265576e+08
9.293779143697363138e+08
-2.012776705498846531e+09
-4.305668985263155103e+08
1.370006301596908569e+09
8.519135384415698051e+08
1.052332382782901883e+09
1.819449044499220133e+09
1.921278014822699726e+08
8.057782286655430496e+07
1.071745971960540444e-01
4.321029650291283275e+00
-3.364769913189230138e+05
8.007201576417870820e+04
-1.458138530125969322e+06
-4.416108222135687619e+07
5.309925419134087861e+06
6.007168421695480123e+06
-3.897546515753148496e+07
3.211446144521574974e+08
1.123436840432202667e+08
-9.282389882962189615e+06
-5.694895068891929090e+07
-3.175208368409668207e+08
-8.494050052334235907e+08
-6.441486690369093418e+08
-8.882381830395947397e+07
3.228957842519749403e+08
4.044480133286404014e+08
6.117993408932515383e+08
2.240948039126850367e+08
-9.859198157895237207e+08
2.741534767378497124e+09
3.880050030050194860e+08
-1.001406906590327621e+09
-1.177385102434937668e+10
4.971234636300398827e+09
-1.564354179369682670e+08
-1.433405893718626499e+08
-1.781604954742698908e+09
8.725806445759462515e-02
-5.207865241932587708e+00
-2.739985518727242597e+05
6.528247392744600802e+04
6.627975139464938082e+06
-3.379051233121577650e+07
2.828490802659916691e+06
-1.764483258330340264e+06
4.253118966021870822e+07
4.809144562543475628e+08
2.022007805068450272e+08
3.453877168384596705e+07
-3.401748926522660255e+07
-4.161449623405656815e+08
-1.186167769872934580e+09
-8.635160688777588606e+08
-1.627195894946392775e+08
4.650769250078788400e+08
6.486837633593075275e+08
1.069548978517124176e+09
3.066949845934081674e+08
-1.367080750541105270e+09
3.265312840787227631e+09
6.195571351593225002e+08
-1.606249750681653500e+09
-6.067158739061758995e+09
1.242150476118478775e+09
-2.737984379996848583e+09
-6.326670972750774622e+08
-1.741506997927084923e+09
1.118922278944544657e-01
3.881189377280100494e+00
-3.513019588270077365e+05
8.361311947078826779e+04
2.335240679434420017e+05
-2.390636411031924188e+07
2.054633274872786365e+06
1.476951263733496703e+07
-8.605088709489089251e+07
3.608444041556605697e+08
1.498398560468202531e+08
1.739765982124239579e+07
2.646104908248859574e+05
-3.070198339541137815e+08
-9.046535921439818144e+08
-6.164665597698010206e+08
-7.018543623135210574e+07
3.594227518765341043e+08
4.673837839890018106e+08
6.929736954613249302e+08
3.022933661598309278e+08
-1.032048587668479562e+09
2.523255610705618382e+09
1.775163157391703427e+08
-1.221071737127503872e+09
-1.006028989167964554e+10
3.952766166116594315e+09
-1.031079907800378203e+09
-3.527699064007918239e+08
-2.084047543539626837e+09
-3.775433645157529883e-01
7.344434070071684140e+00
1.185392344034387730e+06
-2.822102534819851862e+05
-7.798006181607139297e+06
1.086028917676516026e+08
-8.620210776367228478e+06
1.159478721097529400e+06
3.884377650337094069e+07
-7.625456959996674061e+08
-3.281583739890627861e+08
2.934631183513819426e+07
1.561883853051384091e+08
7.730375676180913448e+08
2.080354407045036077e+09
1.602978818575724125e+09
1.715850254852038026e+08
-7.158130739964599609e+08
-9.015430604489928484e+08
-1.227442921124546289e+09
-4.868545260073171854e+08
2.237089788119302750e+09
-6.697041437721047401e+09
-9.438692832672201395e+08
1.702192114011199951e+09
3.359059611818888474e+10
-1.527318441043361855e+10
9.173955590643319488e+07
6.448003031774097681e+08
5.915989458835217476e+09
-1.962013511145243583e-01
7.398524926598576634e+00
6.160319830635305261e+05
-1.466736687225070491e+05
-5.238136360101051629e+06
5.918642623868007213e+07
-4.492854938851974905e+06
7.357179889876774512e+06
-2.087746198927076533e+07
-4.459898890640611649e+08
-1.969844565381757915e+08
-7.055083145441092551e+06
8.995154738929028809e+07
4.639270015853204727e+08
1.202734599442253828e+09
9.285359951556977034e+08
1.015884838124927580e+08
-3.999651591650928855e+08
-5.314714749639798403e+08
-7.363251636256881952e+08
-2.230291676386665106e+08
1.231146896304420948e+09
-3.725379726511636257e+09
-5.944504705466257334e+08
8.841089540811786652e+08
1.660816902879851723e+10
-7.300378848542158127e+09
7.217586941522135735e+08
6.253314792378207445e+08
3.478357716035743713e+09
-1.000013151082023710e-01
-1.189750463480006709e-01
3.139720047504639369e+05
-7.472093194924660202e+04
-4.361281045608503628e+05
-2.535476000468128920e+07
4.831150905434346758e+06
-9.935308749400123954e+06
8.711617496199116111e+07
1.194112978013988584e+08
1.069788044469438121e+07
-2.333683548509759363e+06
-7.363947805998006463e+07
-1.365016049103952944e+08
-2.723234088044885993e+08
-2.842742272885860205e+08
-1.179544970599883199e+08
1.032116640871865749e+08
1.838516018324652016e+08
3.875653463430708051e+08
-4.418805446939837933e+07
-3.367866476738302708e+08
8.516582514360823631e+08
5.870303375479531288e+08
-3.298355925403347611e+08
4.624579609744514465e+09
-3.070373565021150112e+09
-1.713623169335901022e+09
-2.687784584613254666e+08
5.587482803473891020e+08
1.109788275781880135e-01
-3.246085448092915993e+00
-3.484314751536712283e+05
8.291763883020122012e+04
-2.314979984246063977e+05
9.556311473122306168e+06
-1.187384133629221004e+06
2.135044490799979120e+07
-9.926673637654529512e+07
3.658405632431533933e+08
1.544209521636845469e+08
7.274455487670585513e+07
7.051373653634133935e+07
-2.627144455503543615e+08
-8.129440339718430042e+08
-4.745642829305430651e+08
-6.837575736907249689e+07
3.493214387978899479e+08
5.216769797249566317e+08
8.286331677772151232e+08
2.816414013058525324e+08
-8.916508616465424299e+08
1.545631256575676441e+09
4.899964384694280103e+06
-1.392809218674183130e+09
8.318910654063012600e+08
-1.938541317758528948e+09
-3.417582640170770168e+09
-8.541893846961785555e+08
-1.531362671874976635e+09
-7.631886813214541210e-01
7.801981181475433402e+00
2.396193513707913458e+06
-5.702918514217640040e+05
-6.777892909456627443e+06
-1.328129346946062595e+08
1.304485890776463971e+07
-3.419793827894943208e+07
9.995919335464388132e+07
-2.524419461924497187e+08
-7.627357343913152814e+07
-2.193844399434780478e+08
-2.345755894582181871e+08
1.315067055032176152e+07
7.572693315982136130e+07
-1.898733552875468135e+08
1.073814666007806808e+08
-7.182361292531560361e+07
-5.467280945377844572e+08
-1.062044765269463181e+09
1.686068588425487876e+08
-3.008421588545367122e+08
3.831593983070036888e+09
7.862110353593084216e+07
5.154786734691609144e+08
-5.827871934147492981e+10
3.171566043820366669e+10
1.627437553071345520e+10
3.726613875935415745e+09
-9.745522339058022499e+08
-1.331958283299076451e-01
-1.576387081164807080e+00
4.181632289820286096e+05
-9.941498996304108005e+04
6.072140408709783107e+06
-1.597456881582127213e+08
1.367936189396014251e+07
-2.430018259500908479e+07
8.152546657610456645e+07
7.328940982324438095e+08
3.390605681625902653e+08
-7.530704897587738931e+07
-2.405537781722875535e+08
-8.305171533560738564e+08
-2.210204241039437294e+09
-1.784387481858483076e+09
-1.627195702235790193e+08
7.598886723427121639e+08
7.931033946144582033e+08
1.037386632602117777e+09
5.773807328080521822e+08
-2.548851173421745777e+09
8.641982535619049072e+09
1.093801518775305033e+09
-1.889412600086123705e+09
-5.499971210125051880e+10
2.644392825876867294e+10
5.840175245985836983e+09
7.357855482282793522e+08
-6.051664969070508957e+09
3.970196113498952739e-02
3.133710155123336172e+00
-1.246336060673294560e+05
2.959286263078972843e+04
-3.611927833309728652e+06
7.536467048367838562e+07
2.273531734389580786e+06
-1.589516501142331772e+07
2.074155742924714983e+08
-2.864382793342022896e+08
-3.086298976440760493e+08
9.739538994978927076e+07
-1.009230580577956885e+08
2.577322114739165306e+08
1.326093767181667089e+09
7.136153428896713257e+08
-2.773256076154811382e+08
-5.858997539576438665e+08
-1.466829146124725938e+08
1.765936458179399669e+08
-1.200888269130125046e+09
2.030888470477870703e+09
-7.198752113025249481e+09
1.509255922915347338e+09
2.597386088204988480e+09
9.066944670242333984e+10
-4.666399903573675537e+10
-1.850665385007399750e+10
-4.053572536093577385e+09
5.915059234338656425e+09
1.960420610949170639e-02
2.178511298202862712e+00
-6.154177669562468509e+04
1.461061691956117647e+04
-2.172223474666275084e+06
4.687941750133170187e+07
-1.228056783208569977e+06
-3.506077857789506018e+07
2.601767891633870006e+08
-4.770086767685553432e+08
-2.464564188415692449e+08
4.478647884420973808e+07
-1.359943818692196533e+07
3.878777538588652611e+08
1.330654284811252832e+09
8.839339679194889069e+08
5.117059680963715073e+05
-5.298458412788305283e+08
-5.262531383619069457e+08
-6.039859664645891190e+08
-6.687502826878181696e+08
1.616001586539712429e+09
-4.551678854468150139e+09
1.686565253005828261e+08
1.706170794917901039e+09
3.595539112832150269e+10
-1.749403919645038223e+10
-3.308530752021209240e+09
-5.517804402685166597e+08
4.389760835756591797e+09
1.026514648354795584e-01
-1.224783124386924982e+01
-3.222834236825594562e+05
7.675364515608309011e+04
1.642003322183800861e+06
-1.626372140624704957e+08
1.134197759820913337e+07
8.871735860712602735e+06
-2.482611696645188332e+08
8.155005789785209894e+08
3.810185209388698936e+08
-7.255667573267863691e+07
-2.644557970541231334e+08
-9.775092710094900131e+08
-2.378883080345286846e+09
-1.915953440871036768e+09
-2.533831306032178551e+07
6.403956965929235220e+08
7.822841785354576111e+08
5.564465357877258062e+08
3.484812071530073285e+08
-2.053946922812644482e+09
7.990716713795180321e+09
8.116834227297570705e+08
3.765599949193654954e+07
-5.825886488432471466e+10
2.934328639823752213e+10
2.693643785948677063e+09
-1.387495165671820164e+09
-1.172520296717092323e+10
-1.000000747102619103e+00
-3.194267224346117253e-12
1.270342644687143992e-08
-2.928818584619192958e-09
-3.455740847725990489e-12
-1.109466731993486220e-11
1.535994754852484939e-12
3.418310393430412154e-13
2.524460958333486084e-12
6.222431350305479804e-13
7.359288321394957342e-13
5.587002933202034365e-13
8.473599251725648940e-14
2.113820681634841250e-13
-8.865614524106650605e-13
-4.078615494919671924e-13
1.849043134467615281e-14
1.340635419306743152e-13
7.080973046799285670e-14
6.009494270506069416e-13
4.288404435220676882e-13
-7.821661493133037636e-13
2.272706291907668844e-12
4.572266123285793640e-13
-1.005680665691512200e-12
-7.516983975166387721e-12
2.937920224441240097e-12
2.177495922796818910e-13
4.612980113684475446e-14
-4.427043638998378070e-13
-1.202092025372135368e-11
-2.778026867810500233e-01
-7.590699648301005992e-03
9.882700482937193179e-03
7.756110946778333073e+02
-2.564520736377119761e+02
2.165180063791049747e+01
1.440603824307916270e+01
-2.462700472358103809e+01
2.538755657834369295e+00
-1.798585274075066209e+01
-3.817013266518735293e+00
-1.182886700212019981e+01
-3.067097096628902619e+00
4.366526242943177039e+00
-1.684406693247461728e+00
-1.040146196261660272e+00
1.819091615157472752e+00
6.064352757291293639e-01
-3.130255866519730645e+00
-3.636044657071172193e+00
3.199126721140140184e+00
-5.290048243091696634e+00
-9.978720102598231945e-01
5.694088245340068744e-01
-1.520140236510949816e-01
1.723007708564890716e+00
3.059783994122053929e+00
2.227730507514645852e-01
-2.377361440497682832e+00
1.676558211530538012e-09
9.669962799849449175e-02
2.936439850127602210e-04
-4.342857570730954781e-04
-2.763895655900853754e+01
-1.121633350369203725e+02
-1.128199073842474576e+02
5.801950327054622676e+02
-2.790329356269575328e+03
1.361936575909276826e+03
2.809148896204315406e+03
-2.635265403700214506e+02
7.944520729166669071e+02
9.961013884955572166e+02
-1.923576656612475972e+03
-9.347508949702430527e+02
3.523814882465051141e+02
6.898143288703615781e+02
4.259820655688331499e+02
1.829311727123567152e+03
1.338474485786317473e+03
-1.343845681847135211e+03
4.259436150122687650e+03
1.152005921877457240e+03
-2.311944418705709268e+03
8.204953762424077013e+02
-1.919361229446352809e+03
-4.575225429517819975e+03
-3.878624110459114149e+02
2.309990931064060078e+02
1.142380456114598908e-08
-2.431428482482923814e-01
-1.443413372881201826e-04
3.753156997312654232e-04
1.257115579970724362e+01
2.192813296913662100e+02
3.035620888327428588e+02
-1.050222636641566851e+03
4.785328260772717840e+03
-2.331860904476893211e+03
-7.114514483165634374e+03
-7.197167213086703441e+02
-2.046967787116678892e+03
-2.665983342020987038e+03
2.127571769645917811e+03
7.419640824123786160e+01
-9.380622737311110768e+02
3.133328314509502093e+02
4.647053065341939941e+02
-9.813329662570716891e+02
-1.445410927127886907e+03
2.721827319256629494e+02
-2.340864604977963154e+03
-3.228248307235517700e+02
5.873001037966440663e+02
-6.041553152997740881e+02
6.017162673456244875e+02
7.358621281686216662e+02
1.673891430475556774e+02
-5.586137300077843975e+02
-2.290138862609344879e-12
-7.083128145706276655e+02
1.802130478360851329e-01
3.653285445528782760e-01
-2.280593926367471795e+04
6.266006314417127287e+05
9.030801274238845799e+05
-2.914895475365461782e+06
1.310015336147021316e+07
-6.340191036911534145e+06
-2.107501566427457333e+07
-2.618298077757821418e+06
-6.036649077339289710e+06
-8.298575615922822617e+06
4.868539524064919911e+06
-8.342461123242049944e+05
-2.606791238549147267e+06
1.774396300422189990e+06
2.151895832926361822e+06
-1.115821212748981779e+06
-3.897244388255494181e+06
-6.301942490655482979e+05
-2.902140538379271980e+06
-2.861778664524227497e+05
-9.956552335871420801e+05
-1.345724592867285945e+06
-8.091127364111739444e+05
-1.614525056422862457e+06
6.116122200858041469e+04
-1.592694201924903551e+06
1.486462999037273873e-12
-3.649956102579261028e+02
6.971786233398681532e+00
-7.310446814080370004e+00
-6.188788886175507214e+05
-1.760182024027883774e+06
4.885584860902114888e+05
6.493146042340294458e+06
-4.720196398527474701e+07
2.442810577818269283e+07
9.576191888299791142e+06
-6.117430196503383107e+06
-5.911246289904783480e+06
-2.540198822501061112e+07
-6.569764485125373304e+07
-3.368412710101501644e+07
-1.575092244904992636e+06
3.354541055867423490e+07
5.402551935995828360e+07
5.557984632874687016e+07
2.909790289402524382e+07
-4.313309145942772180e+07
1.479176811645270884e+08
1.208374080939720944e+07
-1.632439418030342460e+08
7.438833352142772637e+06
-1.353744265155135095e+08
-3.381021259227319807e+07
-6.320319625033254735e+06
-3.119794500821298361e+07
2.300495994634230278e-12
-1.204961743811474690e+02
-2.402355751550490481e+01
3.073207377527796424e+01
2.484890357081332244e+06
-2.101136705829274375e+06
-1.262948042763350240e+05
5.301256925762481056e+06
-3.269818355326281860e+07
1.755433869558456913e+07
1.143425932375337183e+07
-2.067600419330044184e+06
-2.749573063584643882e+06
-8.173384308593071997e+06
-3.721774524784948677e+07
-1.880857793088461831e+07
-1.183454739429489337e+07
1.417940277987432107e+07
1.037312801956087910e+07
5.108000171261472255e+07
2.698073602842464112e+06
-5.027733037758702785e+07
8.141123497983330488e+07
3.292025355861584470e+07
-4.493623634475161880e+07
-3.170543577592531219e+06
-8.161203546659430861e+07
-1.474009534662735760e+08
-8.000543830421817489e+06
9.768290844772066921e+06
6.584065375675129620e-12
-2.898580972012884871e+01
3.439681570767556096e+00
-2.666650658843256583e+00
-6.225019905988522078e+04
-7.276492360886586830e+06
3.092229132443723269e+06
2.687339281275473163e+07
-1.919797480549678206e+08
1.053708041147412658e+08
-4.197131102322352119e+06
-2.808832758328808844e+07
-4.466268552465811372e+07
-1.135559215850371122e+08
-2.729638188293653131e+08
-1.556194170141968131e+08
-7.143852370301489532e+07
1.313623431513117254e+08
1.478039783410870433e+08
3.366669551940941811e+08
4.176430455563405901e+07
-3.258677507387315631e+08
6.431173477870610952e+08
1.855815481897230446e+08
-4.837623806659654975e+08
-5.205838610280537046e+06
-6.201261689498504400e+08
-8.016022005580840111e+08
-4.802068609990698099e+07
3.455258707205657847e+06
-5.042394030608938246e-12
1.596235218723369975e+01
9.453840554865921320e+01
-1.181616413018430052e+02
-9.627237624099401757e+06
4.695233151675670408e+06
5.418459788238655310e+05
-9.001430834488350898e+06
4.673927322223877907e+07
-2.771336686692591757e+07
-1.167406955048705079e+07
7.514793139695830178e+05
7.446356084884432144e+06
1.633552487230277911e+05
4.201352833340072632e+07
2.575371310508055240e+07
5.055644880165362358e+07
-5.614895908783938736e+06
4.473115859907338023e+07
-1.209262835380642861e+08
4.259325235365637392e+07
1.430397245085762739e+08
-9.716979789832194149e+07
-1.211848043053206801e+08
-8.683968333052521944e+07
2.558981080085410923e+07
1.152096685176879019e+08
5.759654481467339993e+08
2.259461992169826105e+07
-9.690562389728677273e+07
1.820067304830616834e-11
2.673890400565224645e+00
-3.673264414804731928e+02
4.593593839768897169e+02
3.736886970044366270e+07
-1.737045704663174599e+07
-4.259436460583166219e+06
3.169362910747865960e+07
-1.488672603990181088e+08
8.845979010857182741e+07
8.262690776259543002e+07
1.440820894251220860e+07
-5.250220904522398487e+06
3.217891545077204704e+07
-1.001966795953551382e+08
-5.482682836991611123e+07
-1.577193609945004284e+08
-1.525644006469628587e+07
-1.922901813991661668e+08
3.567866587744153738e+08
-1.647231525807693899e+08
-4.358740108368871808e+08
2.099989875619936585e+08
3.780153188696888089e+08
4.097035581471677423e+08
-9.331437105167964101e+07
-2.849752594651968479e+08
-1.833907585445113659e+09
-6.933032663752335310e+07
3.463315658617817760e+08
1.833691365192993531e-12
3.908867443980886147e+00
-8.931003837789657496e+01
1.092477209769342466e+02
8.918869148882426322e+06
2.939009709623779418e+04
-1.335532609170660609e+06
-7.046753896674768068e+06
6.573071121423497796e+07
-3.005701557954716682e+07
-1.295829689446990006e+07
1.855674358204795420e+07
6.882810796957535669e+06
4.291446777463873476e+07
1.055908305034333766e+08
5.094502923522751778e+07
-3.020896366197358072e+07
-6.815687478847777843e+07
-1.381575528011666238e+08
-3.401372377065497637e+07
-1.031351296126862615e+08
-1.080926301864403486e+07
-2.341998777683101296e+08
4.620229696324092895e+07
3.911779016161866188e+08
-3.787755017918518931e+07
1.891052882256515622e+08
-2.929159842696394324e+08
-1.392006691290664021e+06
1.342700665183705091e+08
1.222173914444774592e-12
6.093791453573338401e+00
-9.237877685292552599e+01
1.173650560730120560e+02
9.401844689393214881e+06
-4.604433662802999839e+06
-5.631821821734094992e+06
8.704403364721897990e+06
-1.875685448955896124e+07
5.008705492189586163e+06
1.215333107578199506e+08
2.441997875473712385e+07
4.802538152949102223e+07
7.517631792169846594e+07
4.956937416291173548e+07
4.998950627900986373e+07
4.318767208500849456e+07
-4.547781090121218562e+07
-3.903494289954534918e+07
-1.034915810770342350e+08
1.778992872175098583e+07
1.140048036308146417e+08
-1.653756808145723641e+08
-7.504829751792187989e+07
1.060933330160114020e+08
1.277433659825023822e+07
1.806301091232556999e+08
3.411158615762862563e+08
1.649891154632614739e+07
-1.365688718291766010e+07
2.450429828752012085e-12
-2.538755780277127450e+00
3.766316607199627953e+01
-4.613340315442921735e+01
-3.610268438209042419e+06
-3.972054523676069453e+06
2.982508617297217716e+06
1.781934252367553115e+07
-1.348899318443309665e+08
7.449539637203276157e+07
-1.692478257295312360e+07
-2.085057032587721199e+07
-3.659714104446572810e+07
-9.793502860814847052e+07
-2.049882717696051598e+08
-1.176046505710310787e+08
-4.558930459323807061e+07
1.025437620506901145e+08
1.298724096755668968e+08
2.393437591529941559e+08
3.493145726534389704e+07
-2.269594155910467803e+08
4.876942029972454906e+08
1.127710459780704826e+08
-4.077037518971086144e+08
-1.898239181535425130e+06
-4.731963616169184446e+08
-4.911355799709139466e+08
-3.327781129077668861e+07
-2.076578536201736704e+07
1.805701424782142967e-11
-8.695220419982936377e-01
4.999680419513924789e+01
-5.240289475743032455e+01
-3.958468998725974467e+06
-2.690971112264232710e+07
6.353655742607731372e+06
1.014429911099950671e+08
-7.064937032833390236e+08
3.731492250524631143e+08
1.158460143035224080e+08
-9.645701489147645235e+07
-1.040129324825996608e+08
-3.373563068665588498e+08
-9.496355738109430075e+08
-5.091964322257948518e+08
-1.405171203972575366e+08
4.653501700617583990e+08
6.152084294732575417e+08
1.003654865268898249e+09
3.007985134819927216e+08
-8.938425082910495996e+08
2.177032406593234539e+09
4.493747369090642333e+08
-1.955313532468042135e+09
5.259604182930619270e+07
-2.022413108308554888e+09
-1.795341741967329264e+09
-1.346869255328371227e+08
-1.956285450146812797e+08
1.302000240936177211e-11
4.532387321117530010e-02
-8.555397031903160254e+00
1.618940910510874431e+01
1.451530490795081714e+06
-1.519453434456200153e+07
6.158238677936526015e+06
5.276863252285300195e+07
-3.860080451620431542e+08
2.071917326022789776e+08
-9.293641618986972608e+05
-6.865555883164213598e+07
-8.712348240814705193e+07
-2.111055810931491852e+08
-5.487061340197544098e+08
-3.042986916947984099e+08
-1.341988645773805678e+08
2.698797593015957475e+08
3.004670795850028992e+08
6.698809091022571325e+08
1.221950621043302417e+08
-6.259977350972698927e+08
1.272661086183827162e+09
3.684109174586313367e+08
-1.001396284944344759e+09
-1.574516760328004137e+06
-1.231219171779007435e+09
-1.558674223652114153e+09
-9.781982328723506629e+07
-3.004267228564625233e+07
1.983740708434113600e-13
-6.166684321240637479e-01
1.856107041074678721e+00
-8.659665229645726603e-01
-8.346592257277347380e+04
-2.846921824710494373e+06
-2.600989000322088599e+06
1.161278926758504473e+07
-5.828549917940026522e+07
2.531418253852452338e+07
8.161820621370831132e+07
-1.256127884627319872e+06
2.434735003391281515e+07
2.474771281906256080e+07
-3.700196173885963857e+07
-1.092344996628378145e+07
3.693549943818730116e+07
2.001060139813251421e+07
5.970576674929570407e+07
-3.284138600148862600e+07
7.984957025395742059e+07
5.636865350654391944e+07
6.907686244020190835e+07
-4.809046650937835872e+07
-1.639535647289317250e+08
4.058902352061919868e+07
1.577076022558073979e+06
2.967844764175949097e+08
1.066619860120678507e+07
-7.417604895023690164e+07
-7.974725196110375368e-13
2.690167109859329386e-01
8.962425631249856250e-01
-3.445217023288831282e+00
-2.130027761575034529e+05
3.260183337743156590e+06
1.577165141602377174e+06
-1.186862653102026135e+07
7.015099299442720413e+07
-3.015096577183609083e+07
-6.643333002538231760e+07
1.415062728420842253e+07
-1.482438592280921899e+07
-1.677880624481273443e+07
6.322908253457565606e+07
2.540132376580270380e+07
-2.577542291921151057e+07
-3.880138529506946355e+07
-7.129578795822344720e+07
-1.087116924789685197e+07
-9.738566490153844655e+07
-2.149809827807223424e+07
-1.297274364175683111e+08
1.567734164239514992e+07
2.146687910963623226e+08
-4.122162065460601449e+07
6.341866223088501394e+07
-1.650718658566248715e+08
-2.081537389528491534e+06
8.349834405957971513e+07
-9.374399511113624535e-12
-2.318830327590980289e+00
4.705973914040741057e+00
-8.071147612313708919e+00
-9.482178333390624030e+05
1.245658773553975485e+07
-4.496077023270478472e+06
-4.543576408798174560e+07
3.175045372451691031e+08
-1.765703681199212074e+08
-1.768176620333240833e+06
3.438000180894118547e+07
7.068223484326235950e+07
1.911046813896233141e+08
4.453424247279923558e+08
2.523368167395673096e+08
1.202686527312753797e+08
-2.047749659592888951e+08
-2.317806327332616448e+08
-5.534958200008045435e+08
-4.067614479089757055e+07
5.451585386386637688e+08
-1.044616101742507577e+09
-3.002484911945801973e+08
7.604596308957573175e+08
2.010242607214820758e+07
1.022363519397761106e+09
1.328056820835159063e+09
7.835095755655992031e+07
-2.816893084768795595e+07
-7.499587273802101914e-12
-1.230407984010260414e+00
8.793548471094306151e+00
-1.479153624351340390e+01
-1.292285892968446249e+06
1.059336651230583526e+07
-3.423757922093658708e+06
-3.672093932680713385e+07
2.627640221109552979e+08
-1.404989813834961951e+08
-1.558046141821545549e+07
4.180251554636056721e+07
5.189119378741145879e+07
1.355839470860120952e+08
3.644959013932366967e+08
1.990743540969669819e+08
8.107574412296105921e+07
-1.767782485917628407e+08
-2.039304480138612986e+08
-4.332582606675715446e+08
-8.552311691395743191e+07
4.010146234082982540e+08
-8.400649013541640043e+08
-2.281601728471238613e+08
6.766034318477337360e+08
-1.613409907481123926e+06
8.091038247572317123e+08
9.646863472008864880e+08
6.279384904028138518e+07
2.904705178389541805e+07
-2.619135761442522917e-11
-1.079342380061314666e+00
-4.237690421242517935e+00
-8.182042395371952992e+00
-1.120539377200080315e+06
3.979834153601050377e+07
-1.226821419303449430e+07
-1.436551399531337619e+08
1.014940742490626931e+09
-5.408106095674473047e+08
-8.587815273000916839e+07
1.631058105303553343e+08
1.876592156633923948e+08
5.030599426564811468e+08
1.391840389159059286e+09
7.675878163726006746e+08
2.891101374875507355e+08
-6.850463926394947767e+08
-8.130717005535115004e+08
-1.605194738363305569e+09
-3.737417050047791600e+08
1.483246742837581158e+09
-3.225100784314189911e+09
-8.455609498207406998e+08
2.648283773545374870e+09
-4.171443053441007435e+07
3.029783460614397049e+09
3.479241209838306427e+09
2.252387063914642632e+08
1.432195942018549442e+08
-5.620347271354883248e-12
-2.358589225764063713e+00
-2.400616008490615982e+01
2.271383001096303289e+01
1.846068192764922278e+06
1.415995174679737724e+07
-2.623563966663995292e+06
-5.181143770047011226e+07
3.647215758349663019e+08
-1.872695991950297654e+08
-8.248405733636085689e+07
5.850378570594714582e+07
4.383473388313196599e+07
1.508746750509036779e+08
4.831206741374904513e+08
2.497531610883900225e+08
4.841122935019107163e+07
-2.436288511355339885e+08
-3.333095918793122172e+08
-4.775334815360431671e+08
-2.069694809909186363e+08
3.962976040210344195e+08
-1.087069105430763245e+09
-1.970692300497053862e+08
1.059969903842788339e+09
-4.664311744513389468e+07
9.933385506768056154e+08
7.203692056102693081e+08
6.324267069873413444e+07
1.576185977758999169e+08
2.366138190795112034e-11
1.165180812356904516e+00
1.572900047011430047e+01
-8.588820270787932643e+00
-3.036791712890980998e+05
-3.270516769261537492e+07
1.057058614326133393e+07
1.194275074964202791e+08
-8.457701933090434074e+08
4.494386505277144909e+08
6.567986409216743708e+07
-1.437231751541468203e+08
-1.577218759444690645e+08
-4.167165349867237210e+08
-1.162268488043019533e+09
-6.443347188741943836e+08
-2.389170590467148721e+08
5.791256072845155001e+08
6.857944441815948486e+08
1.338589089176306009e+09
3.284327604214963913e+08
-1.232741068992772818e+09
2.703335336879304886e+09
7.083942348468893766e+08
-2.229771479836267948e+09
4.407209554471667111e+07
-2.522573335849417210e+09
-2.899666274920155048e+09
-1.884601380463419557e+08
-1.311981361962608993e+08
1.647413050931179721e-11
-5.364863308276873743e-01
1.321860452761034566e+01
-1.086085485011184737e+01
-5.362219169310082216e+05
-2.004466754760586843e+07
1.046697584903807566e+07
7.226508144449725747e+07
-5.375331953048051596e+08
2.953467700849484205e+08
-4.865092525457862020e+07
-8.815318819044539332e+07
-1.419221490314448476e+08
-3.438210887838267684e+08
-7.915553211726862192e+08
-4.481301539816737175e+08
-2.152229540857446790e+08
3.830327769285972714e+08
4.204792786014760733e+08
9.993925406169419289e+08
1.094641664466156811e+08
-9.584795343229835033e+08
1.856455793840624332e+09
5.482883818120262623e+08
-1.397309334034821033e+09
-3.057281103958774358e+07
-1.833699365764153242e+09
-2.399944469668311119e+09
-1.470443015392177105e+08
7.679859275364180095e+06
5.445920914657776565e-12
1.286756706383025417e-01
-2.931179859852680991e+01
3.888452781399253411e+01
3.269028696251372341e+06
-8.917755795345390216e+06
4.296576407880387269e+05
2.982855147491908073e+07
-1.941835781094261408e+08
1.055493847442051619e+08
5.072918214893014729e+07
-8.275471555062228814e+06
-2.162248732558358833e+07
-8.751124470497632027e+07
-2.447292483791273236e+08
-1.268129746598905325e+08
-4.652594076917135715e+07
1.032199620726677924e+08
1.313363875119827241e+08
2.773792123695381880e+08
3.379343023246200383e+07
-2.622938993242924213e+08
5.498743670246902704e+08
1.263767564932723790e+08
-4.349940572830507755e+08
-7.543928665909763426e+06
-5.391005146124105453e+08
-5.672389642348223925e+08
-3.861171707483664900e+07
-6.097320649794495665e+06
-4.637034655088245171e-12
2.472606432242292929e+00
-1.521268806949257524e+01
1.559239240552990147e+01
1.205229565620987443e+06
7.995015297233942896e+06
-2.594576132184552029e+06
-2.788214866387001798e+07
2.063832510522156954e+08
-1.155911401049552709e+08
-1.323837769454783201e+07
1.664580991998562822e+06
4.167118412581596524e+07
1.537033562153203785e+08
3.019015060031110644e+08
1.495187129590082765e+08
5.023297455793098360e+07
-1.241017057277203351e+08
-1.816862270054073334e+08
-3.354885795638896823e+08
-8.207939673998803832e+06
3.061081202094693184e+08
-6.624168163092751503e+08
-1.039506796403875053e+08
5.892769420043200254e+08
3.496552599213095009e+07
7.225528864266680479e+08
5.375781080249699354e+08
4.768123052766791731e+07
3.514492516911769658e+07
-8.556579058259162677e-12
6.235526307786990463e-01
-1.563322632110535437e+01
1.354268008674633883e+01
1.055110107563501224e+06
1.283266107616702281e+07
-4.309342216494923458e+06
-4.670337519947531819e+07
3.377622700903406143e+08
-1.787499047620977461e+08
-2.930157009821673855e+07
5.864875942198026925e+07
6.273758821913018078e+07
1.707067034257009923e+08
4.715950306688830853e+08
2.565000642803901136e+08
8.492756340929736197e+07
-2.344115488807143867e+08
-2.908745425620324016e+08
-5.188735569580231905e+08
-1.463992037375670373e+08
4.676462238214899898e+08
-1.078404465013798237e+09
-2.653123907659129500e+08
9.341110681543858051e+08
-2.287113350359940156e+07
1.007000199428705096e+09
1.040814506368068933e+09
6.982162013964918256e+07
7.439027577280876040e+07
-3.240181396475126161e-11
-3.018593961390954927e+00
6.953823697840918250e+00
-1.779495093877876855e+01
-2.162495945997962262e+06
3.749964386398407817e+07
-2.045463823913252726e+07
-1.336162249107447118e+08
9.927528928963717222e+08
-5.486556239779176712e+08
1.229724706164693981e+08
1.729169204779457748e+08
2.775296591387221813e+08
6.379967309500824213e+08
1.468059036483932495e+09
8.463619790697669983e+08
4.402831322964531779e+08
-7.118561858287874460e+08
-7.367846558065617085e+08
-1.914437584413942814e+09
-1.704073478455610871e+08
1.865930035010797024e+09
-3.469656253623334408e+09
-1.115072604823213100e+09
2.475324181058933735e+09
6.712213185464179516e+07
3.417553067630977631e+09
4.876934009273649216e+09
2.835579688105651140e+08
-9.688372259963622689e+07
2.554023910042247575e-12
4.086994149939721099e-01
1.543910935635301485e+01
-5.599360885502378871e+00
-7.960279928249998484e+05
-1.928773317417217791e+07
-7.753724801165711135e+06
6.581104876090696454e+07
-4.125346056602656841e+08
2.085506639222421646e+08
3.310394130113622546e+08
4.389199799268930405e+07
5.309836906238806993e+07
-1.263407064310696721e+08
-4.554051175220133066e+08
-1.508733592453477681e+08
1.258367439463302195e+08
1.622299789085080922e+08
4.257734420168307424e+08
1.898924084096740782e+08
2.191302346127682626e+08
-3.426331613453251868e+07
8.458269981717743874e+08
-2.329282135016815960e+08
-1.291836027259243250e+09
4.318514116105370224e+07
-8.471571628842524290e+08
1.056988501954071760e+09
-8.102655615260864608e+06
-3.695806317688597441e+08
-2.928705791650796696e-12
4.228057704942094625e-02
6.774451983490666684e+00
-1.790132468271936395e+00
-4.643474616375978221e+05
-5.454313106777940877e+06
-6.822679085193888284e+06
1.668458945079316944e+07
-8.763156729903952777e+07
3.904616249969752133e+07
1.918237034822820425e+08
5.302069802640594542e+07
6.419589406098478287e+07
5.960448170138631016e+06
-5.275378117712307721e+07
3.519726609449341893e+07
1.280931109654237926e+08
-1.209173603246701322e+07
1.308338553968334198e+08
-1.489185201840305328e+08
7.870571052565032244e+07
2.297765729372589588e+08
-1.241943554911316931e+07
-2.878211043525968790e+08
-3.703533197937857509e+08
1.993103600185621902e+07
-2.516939231011014432e+07
1.247651733792422533e+09
3.189410426418640837e+07
-2.126845405538268685e+08
8.100466692270024710e-11
3.244123616657159648e+00
7.216567299883570286e+01
-2.371491438993542289e+01
-1.826218201026480412e+06
-1.390541113189007044e+08
1.134774431801797636e+07
5.033496672748938799e+08
-3.416666980467304707e+09
1.748350537587600946e+09
1.039322777500369310e+09
-4.897724472329629064e+08
-2.952559784604848027e+08
-1.209764019339159012e+09
-4.338517445000562668e+09
-2.226041230991358757e+09
-3.652824734979333878e+08
2.157783490818146706e+09
3.004157348202544212e+09
4.137488439000778675e+09
1.972162779248947382e+09
-3.421613651005208969e+09
9.715674466169425964e+09
1.707657355867959499e+09
-9.506687992884160995e+09
5.092661814722560048e+08
-8.656140559614564896e+09
-5.960288097064186096e+09
-5.240895444897531271e+08
-1.427010182382645845e+09
