# -0.4J_-0.6g_0.62832theta_0.62832phi_10Chi_0.01delta_500N
-5.779683409007296824e-01
-1.799475923502530939e-01
-7.665801757296409891e-01
1.925885197205005062e-01
6.582949418189826783e-03
-6.343122523183886141e-02
7.360447493802072146e-03
-1.480953573952646096e-01
-8.632531520363558031e-02
5.498589455661517800e-02
2.063831940202871251e-01
-4.407832777701363169e-01
8.473513054922006127e-01
1.299532538195440123e+00
4.373819299937321325e+00
-3.549778842344946117e+00
2.468502711702328600e+00
-1.688823822806494901e+00
1.355972058204740538e+00
1.156636892153867779e-01
7.654822929523028563e-01
1.971269941194918607e-01
1.484203906044898602e+00
2.439731059604535623e+00
-1.186949131967040438e+00
-1.365475025911436102e+00
-2.159714643091976694e+00
-3.751276204521915236e+00
-3.521978487890917275e+00
1.488181064175831736e+00
1.663265020920357828e-01
-6.907145933418553652e-01
-1.713605074785247595e+00
-3.037951526720260986e+01
2.057108420172658825e+01
1.106132830509540632e+01
4.749866412059888177e+01
5.884069463614396511e+01
4.568614013568598864e+01
1.055183479357011009e+02
1.229103392687143498e-01
3.901329807811213524e+00
-3.203892590502951609e+00
-1.998092471643417412e+01
-5.314983011080035880e+01
4.653344305291367533e+01
7.321049913890332661e+00
8.522654624422251857e+00
-2.205329007518847106e+01
6.130923427843502083e+01
6.701901395599371702e-02
2.541651111268262486e+00
-3.014474890289795095e+00
-1.963301516378315270e+01
-3.471656546554961409e+01
4.887216844507801738e+01
-3.037912694866782726e+00
7.979064486506145748e+00
-1.239292733563595483e+01
4.976767154845524743e+01
1.023346583344054844e-01
-3.162177936254608301e+00
-2.921526083357284254e+00
-5.243063690228194673e+01
1.104599018322056736e+02
-4.392103677542644391e+01
1.026141166535703064e+02
1.959017870802102266e+02
1.581169343819381936e+02
2.508396208207781228e+02
-9.225185686515798011e-02
-5.383014142952228243e-01
2.422202625385715624e+00
-7.178233211991752460e-01
-1.942141337973633597e+01
1.283441547257718618e+01
4.609727655507495570e+01
-4.377016404600974653e+01
-6.021925222631469410e+01
1.100317863303463923e+02
8.226326160525160303e-02
-2.585337240717838547e+00
-2.359882204659428773e+00
-4.728838357435760287e+01
7.569767081359330518e+01
-1.636006168522790816e+01
8.706995133002898513e+01
1.828940728444270007e+02
1.906918229653412880e+02
2.931894658450941620e+02
2.782757979176558871e-02
-1.330370518069974972e+00
-5.432555481737929570e-01
-3.786767168359310887e+01
-8.162329395305748392e+01
3.772992558584088130e+01
2.972678496798820902e+02
-1.155757254962575757e+02
-1.305909954305097926e+02
-3.774974476629814717e+02
-5.785980167092756865e-01
-5.735133533021801178e-01
5.390080280781158750e-01
-9.055168845710494241e-02
-1.698259070391500147e-01
-6.337792394686618536e-02
1.244038511411803272e-01
8.014215448144165754e-02
-8.627540518494015986e-02
-3.278214372447485481e-02
-7.657362204188793431e-01
-1.502368124867781596e+00
8.092177409831530221e-01
3.733675718934812982e-01
2.968087815215382008e+00
2.956172511074570242e+00
-3.858025595475288672e+00
-1.491525194958146061e+00
2.369155774642862866e+00
5.610017249591501276e-01
-2.040972546494348172e-01
2.337703374680077939e-01
4.205170692860282777e-01
3.846337299859381886e+00
-2.110592227087242811e+00
-2.392572479401319896e+00
-1.960267109634954430e+00
2.588448111063645030e+00
2.937122300891202187e+00
8.503473051879670841e-01
2.329523329889810965e-02
-3.521442641170675181e+00
-2.271907142621279796e+00
-4.774504441010471822e+01
3.004793732634760772e+01
3.480221780477813809e+01
2.882404713008956776e+01
-3.702277102990678692e+00
-4.186950269144207226e+01
1.409054679956538223e+02
-2.052183288422796126e-01
3.343962011381459210e+00
-3.687033546452331279e-01
-1.047278553836948056e+01
-3.594242444947640536e+01
-3.299255401581786629e+01
6.998837331790912231e+01
-1.074882849591187117e+01
-2.866311665514940898e+01
-3.072556305962927325e+01
6.696053856549283312e-02
-3.878292309076153632e+00
-6.978526767703072675e-01
-2.028702533053351331e+01
3.437113552010318074e+01
4.888464744490285341e+01
-4.940365178634444021e+00
-6.761648727242446810e+00
-1.231025454624340476e+01
4.927718934142134088e+01
-1.309465304435912525e-01
2.527861108941724222e+00
-2.738468840069742782e+00
-7.521363428470249346e+01
1.527243441071956553e+01
3.405190457714672903e+01
1.229990549471845753e+02
6.189427086999407379e+01
-1.304544294288204185e+02
4.539178431242176543e+02
-4.273182302799512916e-02
-3.593260036844558858e-01
-3.275468592036665072e+00
-9.688052098719900584e+01
3.160779891405629982e+00
3.139470429163153042e+01
1.854221043783475409e+02
-2.168575811092021155e+01
-1.060925788127217260e+02
3.303082479054951364e+02
8.225474702763198309e-02
-7.545898175027283550e-01
3.419028848272704479e+00
8.907620261866631495e+01
2.514925119048435409e+00
-1.657295540417862867e+01
-2.011146757273002663e+02
-1.978335336614827611e+01
1.902989406165811204e+02
-2.726163061752722001e+02
1.731717383420458556e-02
-5.807476396354124271e-01
-7.627416352106392017e-02
-2.751522960416502883e+01
-2.156929788894442197e+02
-1.564746220471458287e+02
7.097668348262278641e+02
-3.852850174983101965e+02
-1.325154834077400494e+02
-1.854521347182072304e+03
-5.780499897270472420e-01
7.539538239866396818e-01
2.270040153484013667e-01
-1.017106734057148104e-01
1.634852817452226437e-01
-6.345014315303791619e-02
-1.318729187781483014e-01
6.792810598252205234e-02
-8.633289782113788557e-02
-2.464493430653438150e-02
5.600052358401486075e-01
-9.417896783274075645e-01
-9.165739986537346784e-02
2.052799393053461152e+00
2.872071675843406169e+00
5.944712608053003278e-01
-5.254700853435168018e-01
3.890327528851454275e+00
-3.724419480507369595e+00
-2.604280428622847143e-01
-5.610752762278589101e-01
1.135724323197626173e+00
9.831454481996660943e-01
3.939487314659174899e+00
-4.300981780507442953e-01
3.764580914271132173e+00
3.426468768510441798e+00
-7.543807416840063729e-01
5.830626958220541667e-01
8.574485706525595274e-01
-1.895276321050061441e-01
-1.623290247448268220e+00
-4.442034491002758045e+00
-4.720915681609799464e+01
1.030103638817260681e+01
-4.591611113850300541e+01
-1.549722269577891787e+01
4.407699880576078755e+01
-4.138942229067186673e+00
2.174617395496505594e+02
8.259053828600781966e-02
1.171572789945141801e+00
-2.269853407445547422e+00
-3.018809665627799177e+01
-3.634906926117019310e+01
-1.363522575836180728e+01
2.233778548384650975e+01
-5.561488906953850631e+01
5.065258303800794693e+01
3.992203752034387065e+01
6.718539996231932820e-02
1.340683900346254731e+00
3.713901493108161311e+00
3.986664281479293237e+01
3.993268870212140498e-01
4.892036885761696396e+01
7.595816745113914692e+00
-8.532286756306410869e-01
-1.235918723475041858e+01
-1.079297051159805676e+02
2.873035555979354394e-02
-4.729886876871082224e-01
2.095999950860688354e+00
1.889492583671639991e+01
4.320106752627350488e+01
1.003509146903905425e+01
-6.114711677434837789e+00
1.120915628573684586e+02
-2.843939007817573383e+01
1.915574632526075902e+02
1.351386371546059173e-01
4.480414403645516686e+00
-2.761448657493788539e-01
-6.851326274399671945e+01
-9.114033034371215081e+01
-4.456757512291014933e+01
1.358493782190812453e+02
-1.502414897516837016e+02
1.654663937950323884e+02
3.909913027184011867e+02
8.243051566091171012e-02
3.336967484649237203e+00
-1.060705369885460714e+00
-4.174649252403660427e+01
-7.855556034597007908e+01
-1.619014024937186136e+01
1.149163758699627067e+02
-1.642476773377146060e+02
1.905567276828521130e+02
-7.404821040566493195e+01
-4.486831294564309902e-02
-1.381468127616136687e+00
4.466410548850116569e-01
6.567166552139046587e+01
-1.339916096399703349e+02
9.089355111346240790e+01
2.747796669642863776e+02
-5.667841190954228523e+02
2.676683729928598154e+02
-2.020272236837947503e+03
