# -0.1J_-0.9g_0.73304theta_3.14159phi_10Chi_0.01delta_500N
2.561706031811839673e-02
8.577336691551571833e-05
1.161095292776232236e-05
1.344253062329828674e-06
7.348993158210035185e-07
1.021095463546678675e-06
7.756098948574186639e-07
9.890196641157541959e-07
7.888867607651065622e-07
9.457836813990499283e-07
7.701378573527271191e-07
8.995744198904470819e-07
7.375192277256956936e-07
8.562196869642228134e-07
7.064472908190502007e-07
8.191822160648206775e-07
6.859251653089391598e-07
7.903691813245416230e-07
6.798866309359842576e-07
7.707878282058402206e-07
6.896428085591511134e-07
7.610128585645124672e-07
7.156012286994117109e-07
7.614980615931694340e-07
7.581379328590198933e-07
7.727757237802201118e-07
8.179803624439201864e-07
7.955818484244074078e-07
8.963501709084292675e-07
8.309375276658203369e-07
9.950195260581616231e-07
8.802066690786211800e-07
1.116344524577077355e-06
9.451524323447393363e-07
1.263299004239605957e-06
1.027991837401976296e-06
1.439522016831001124e-06
1.131425528935875630e-06
1.649390689272302497e-06
1.258588185158869423e-06
1.898124830389525627e-06
1.412909799742815631e-06
2.191922188042367899e-06
1.598042000188501978e-06
2.538112802179819967e-06
1.818060292937699740e-06
2.945339030084464336e-06
2.077908574974536412e-06
3.423758887280047926e-06
2.383831120749532856e-06
3.985272733799765827e-06
2.743697252816337607e-06
4.643776678346779321e-06
3.167262181396180256e-06
5.415442433590195554e-06
3.666418717734048687e-06
6.319022634481305005e-06
4.255463678579526302e-06
7.376178402534714958e-06
4.951386165146157481e-06
8.611820993226481039e-06
5.774182970374241576e-06
1.005445023765615222e-05
6.747211434013520484e-06
1.173647319803824752e-05
7.897615944556739316e-06
1.369442206845604648e-05
9.256708651612296368e-06
1.596913143792792685e-05
1.086054206558074871e-05
1.860586570204122373e-05
1.275054719231427995e-05
2.165444948404617438e-05
1.497384292248420316e-05
2.516929642779078700e-05
1.758252621938309620e-05
2.920941651898788374e-05
2.063532122172381954e-05
3.383848839946603545e-05
2.419745843581924951e-05
3.912476645732391214e-05
2.834080569659539820e-05
4.514087984154660233e-05
3.314383259485199451e-05
5.196346423156469923e-05
3.869197268995515099e-05
5.967340379786514290e-05
4.507729405812741218e-05
6.835286618913609532e-05
5.239324964099205319e-05
7.808561369286416763e-05
6.073816609325228405e-05
8.895523440240668263e-05
7.021178459000201281e-05
1.010431304989244935e-04
8.091287703368009628e-05
1.144262718405473107e-04
9.293633167212107533e-05
1.291746677844031260e-04
1.063697503768928893e-04
1.453486588240865721e-04
1.212913035193177535e-04
1.629975088894628345e-04
1.377628618562163449e-04
1.821527625797539145e-04
1.558254824055683248e-04
2.028289567968353678e-04
1.754987721324418389e-04
2.250205381657698523e-04
1.967765118690158839e-04
2.487003262068977847e-04
2.196244610387661613e-04
2.738187755718467079e-04
2.439793214116109117e-04
3.003041684167797524e-04
2.697490389336722129e-04
3.280637997647878356e-04
2.968145072763856188e-04
3.569861353661407687e-04
3.250326035591175619e-04
3.869438305811164153e-04
3.542403581547815179e-04
4.177974065566698652e-04
3.842599608399730371e-04
4.493992916916629142e-04
4.149042537543544537e-04
4.815978821288856206e-04
4.459823638961106051e-04
5.142414290863585920e-04
4.773051700784325369e-04
5.471850643459843242e-04
5.086915412330718410e-04
5.802902928082437047e-04
5.399676202535519994e-04
6.134106417274113330e-04
5.709810270258774403e-04
6.464150462490769527e-04
6.015831268623892357e-04
6.791744776688011598e-04
6.316373393473980521e-04
7.115638765495599502e-04
6.610288516590254486e-04
7.434714360332820692e-04
6.896603882101618593e-04
7.747918846957021566e-04
7.174509619697075694e-04
8.054253768302809761e-04
7.443346938046808406e-04
8.352764936324890820e-04
7.702593691315104320e-04
8.642534019330010359e-04
7.951848498760627493e-04
8.922672359056802718e-04
8.190814558615917883e-04
9.192317524983626212e-04
8.419284204132694441e-04
9.450632921394966227e-04
8.637125165697731631e-04
9.696810666465950504e-04
8.844269919534413762e-04
9.930079201960074608e-04
9.040981176240530650e-04
1.015011422850627901e-03
9.227503372678741780e-04
1.035596935253705383e-03
9.403374497585721475e-04
1.054696511893052618e-03
9.568646277000454571e-04
1.072256914262820562e-03
9.723398998220577011e-04
1.088237493649746876e-03
9.867812296623819368e-04
1.102605706893317310e-03
1.000193884052154531e-03
1.115338051497657924e-03
1.012591843069075891e-03
1.126427561696027955e-03
1.023990909942478151e-03
1.135881378897859962e-03
1.034408634990452913e-03
1.143721097852824038e-03
1.043864350491141568e-03
1.149982652043971031e-03
1.052379238171907965e-03
1.154715710183596561e-03
1.059976390002911276e-03
1.157982599418804198e-03
1.066680788451225504e-03
1.159856817032636116e-03
1.072519087823286046e-03
1.160421231133589286e-03
1.077519041461377173e-03
1.159766092253139164e-03
1.081708431119523129e-03
1.157986977029114252e-03
1.085113469834461880e-03
1.155182765505828905e-03
1.087756887313807768e-03
1.151453725198748040e-03
1.089656175803505695e-03
1.146899749599667763e-03
1.090822574532591179e-03
1.141618783290647898e-03
1.091261159260424130e-03
1.135705460196069277e-03
1.090971980752362611e-03
1.129249980533613643e-03
1.089951843657661987e-03
1.122337249592675898e-03
1.088196227211998823e-03
1.115046293844691380e-03
1.085700984184503198e-03
1.107449956785947712e-03
1.082463657696460533e-03
1.099614860674912476e-03
1.078484408594941298e-03
1.091601604371877617e-03
1.073766617310036508e-03
1.083465154917172876e-03
1.068317233853027706e-03
1.075255383121225504e-03
1.062146928884956723e-03
1.067017691547795773e-03
1.055270071412365467e-03
1.058793685844179556e-03
1.047704539994099779e-03
1.050621845755673675e-03
1.039471374631892710e-03
1.042538158829745334e-03
1.030594301688394446e-03
1.034576686808536417e-03
1.021099211277480242e-03
1.026770041781722379e-03
1.011013717186285028e-03
1.019149756468673519e-03
1.000366950585954498e-03
1.011746540446134676e-03
9.891897030934783137e-04
1.004590420413395370e-03
9.775149569596179588e-04
9.977107625574477019e-04
9.653809190978398852e-04
9.911373400159164716e-04
9.528261563798020532e-04
9.848949815063460806e-04
9.398912896084895240e-04
9.790098805634217440e-04
9.266301980326045393e-04
9.735058375980257120e-04
9.130907181769059395e-04
9.683995766557129767e-04
8.993289817371889587e-04
9.637040394474764415e-04
8.854049846714717557e-04
9.594277791684616315e-04
8.713801924038800956e-04
9.555754094428242206e-04
8.573160228766797198e-04
9.521480031412008329e-04
8.432731826492484428e-04
9.491431378816768362e-04
8.293114828791999524e-04
9.465536626829658363e-04
8.154893680196118261e-04
9.443650560873198627e-04
8.018627955871060432e-04
9.425541941932052059e-04
7.884834367783505544e-04
9.410906911631363846e-04
7.753964716941463354e-04
9.399388801437375939e-04
7.626390421227451392e-04
9.390592764937536830e-04
7.502405833993339417e-04
9.384093443838612382e-04
7.382246952724563598e-04
9.379437694168242003e-04
7.266113880344285359e-04
9.376143555102423640e-04
7.154187154549457219e-04
9.373707631813303935e-04
7.046711871123148216e-04
9.371556817311869729e-04
6.943775076090258130e-04
9.369154208249604607e-04
6.845384132617060493e-04
9.365984329239938205e-04
6.751446913190531363e-04
9.361538612200590330e-04
6.661864637800492305e-04
9.355379884271049868e-04
6.576534780384046645e-04
9.347120353469963580e-04
6.495337431615531192e-04
9.336419220960914594e-04
6.418138343789128340e-04
9.322986265417497129e-04
6.344790607796291270e-04
9.306590613895411503e-04
6.275133119190044132e-04
9.287069673552340648e-04
6.208991469961401468e-04
9.264331815071538689e-04
6.146184750007595808e-04
9.238347215357452192e-04
6.086530608900301209e-04
9.209127492822427727e-04
6.029826035357737203e-04
9.176711606543385769e-04
5.975832540236523200e-04
9.141171336041402189e-04
5.924322822098255451e-04
9.102648912267609404e-04
5.875104783931876578e-04
9.061267304197455656e-04
5.827999503566305781e-04
9.017188644802803582e-04
5.782882311777188308e-04
8.970624224718835513e-04
5.739665511403597769e-04
8.921773885978666330e-04
5.698263990179248777e-04
8.870832569874444445e-04
5.658628594628615409e-04
8.818012254474527894e-04
5.620736522681623985e-04
8.763523717929176888e-04
5.584590011047526562e-04
8.707575852618627344e-04
5.550215197729820851e-04
8.650375608619033938e-04
5.517661314333892125e-04
8.592127053872781420e-04
5.487000037415693931e-04
8.533027718707718442e-04
5.458322806666224313e-04
8.473261349796053178e-04
5.431736791681714485e-04
8.412988436673334578e-04
5.407312369229809327e-04
8.352321429021679518e-04
5.385042537595323550e-04
8.291356514393180121e-04
5.364780385333773986e-04
8.230147097934969319e-04
5.346264262790904366e-04
8.168742696566054073e-04
5.329195047091497698e-04
8.107207950483280795e-04
5.313292493062389370e-04
8.045641521131250643e-04
5.298323518875281682e-04
7.984187809123525353e-04
5.284105794236473993e-04
7.923041681662545445e-04
5.270501067412652852e-04
7.862447843076877680e-04
5.257405467454535084e-04
7.802696480276218993e-04
5.244742785629782737e-04
7.744136957611946976e-04
5.232494636916585739e-04
7.687124083113797786e-04
5.220586402712620562e-04
7.632020058772347225e-04
5.209000754344558044e-04
7.579206945981482391e-04
5.197758417427220633e-04
7.529060565426068776e-04
5.186916393498923082e-04
7.481935012144298475e-04
5.176549908012267496e-04
7.438145908142127427e-04
5.166736474432875046e-04
7.397956410969576532e-04
5.157547491156317179e-04
7.361571212861232677e-04
5.149038250132780036e-04
7.329138601194425421e-04
5.141237504893037425e-04
7.300755045760150361e-04
5.134142437332911597e-04
7.276467965016973670e-04
5.127720158207848839e-04
7.256276142407149963e-04
5.121913151838877265e-04
7.240129034011321199e-04
5.116646349297261989e-04
7.227926341143009860e-04
5.111835140803273675e-04
7.219518979255037808e-04
5.107394258276810222e-04
7.214712550321624937e-04
5.103247000480738054e-04
7.213275193410859923e-04
5.099332671326955871e-04
7.214951903621530729e-04
5.095606126163740182e-04
7.219461020707098513e-04
5.092027696862599798e-04
7.226426812769209561e-04
5.088536246982049236e-04
7.235415610166398993e-04
5.085080467903169187e-04
7.246014465305315819e-04
5.081633402751029689e-04
7.257749535307154260e-04
5.078161592057591628e-04
7.270138729567211106e-04
5.074607378768870294e-04
7.282733390766840328e-04
5.070883054724789575e-04
7.295115448750589876e-04
5.066938165550542673e-04
7.306909089030802799e-04
5.062726841499500105e-04
7.317778380493656590e-04
5.058204225099983747e-04
7.327429566378070415e-04
5.053327992517323355e-04
7.335614002943167695e-04
5.048067220236131030e-04
7.342136952865408513e-04
5.042406846649577414e-04
7.346883928134711464e-04
5.036335078350745236e-04
7.349794710262211447e-04
5.029853649498378836e-04
7.350847156878070844e-04
5.023004148900745650e-04
7.350198874734452685e-04
5.015687582521545116e-04
7.347610416511654889e-04
5.007682886577841585e-04
7.342933027983028276e-04
4.998821679161962427e-04
7.336109552105053028e-04
4.988984157219565401e-04
7.327115038022515838e-04
4.978078166523743726e-04
7.315946982403445740e-04
4.966031259114403202e-04
7.302619519407966501e-04
4.952787168198802921e-04
7.287159783095893770e-04
4.938304071607290758e-04
7.269605538419402109e-04
4.922553863140506636e-04
7.250003581953768468e-04
4.905522335775060801e-04
7.228408571815713671e-04
4.887210266336398587e-04
7.204882021628374999e-04
4.867635205414616887e-04
7.179491274402168607e-04
4.846833563821760700e-04
7.152308393411040740e-04
4.824862492266074657e-04
7.123409060600360268e-04
4.801801087840184418e-04
7.092871714320423500e-04
4.777750563702754167e-04
7.060777218757430425e-04
4.752833126313733272e-04
7.027209272948450706e-04
4.727189403263872946e-04
6.992255527869689104e-04
4.700974364076500843e-04
6.956009082521002595e-04
4.674351745910065143e-04
6.918569856924038086e-04
4.647486896525603365e-04
6.880045372156484663e-04
4.620537474459483719e-04
6.840550533024192638e-04
4.593640827217399685e-04
6.800206205140001386e-04
4.566898422210362708e-04
6.759138093346563590e-04
4.540374227540016900e-04
6.717494023173475361e-04
4.514156704798087585e-04
6.675426937915207885e-04
4.488166248371475110e-04
6.633116889265273496e-04
4.462306767776150034e-04
6.590731513853986118e-04
4.436540083885287815e-04
6.548435066162272729e-04
4.410859186761073233e-04
6.506479941764971688e-04
4.385272642404635193e-04
6.465181659953181913e-04
4.359797158446241587e-04
6.424906848839904592e-04
4.334460867844133519e-04
6.386046027294778457e-04
4.309306014338510141e-04
6.348987704236912655e-04
4.284388871219403129e-04
6.314092023321098189e-04
4.259777023795806219e-04
6.281668477802146173e-04
4.235546039669045148e-04
6.251962118460461940e-04
4.211777086536894503e-04
6.225149959691226144e-04
4.188555226019153969e-04
6.201345338783493481e-04
4.165967079567966277e-04
6.180605627665743639e-04
4.144097412424186506e-04
6.162939169889532654e-04
4.123024760356804627e-04
6.148309237542436915e-04
4.102815885914821103e-04
6.136634690191031466e-04
4.083519032166920250e-04
6.127788407298106598e-04
4.065157123055089354e-04
6.121595185292649137e-04
4.047723241508669216e-04
6.117830629386362571e-04
4.031180773921140916e-04
6.116222029942169555e-04
4.015469252865570306e-04
6.116451687685929214e-04
4.000514835665923766e-04
6.118165739692263665e-04
3.986250767614100531e-04
6.120981449604960198e-04
3.972607108135626066e-04
6.124483282953890580e-04
3.959535862067762582e-04
6.128258120578928278e-04
3.947013641006662439e-04
6.131901600833753775e-04
3.935026698108287646e-04
6.135013719080893062e-04
3.923537645637793824e-04
6.137121246116982202e-04
3.912443441956034527e-04
6.137762202957411893e-04
3.901728179394519454e-04
6.136598636852564660e-04
3.891385858912098697e-04
6.133304707227400137e-04
3.881385718125485401e-04
6.127637259649071138e-04
3.871721603620932595e-04
6.119380400642442618e-04
3.862372757039532608e-04
6.108366662683661257e-04
3.853323921750607668e-04
6.094508347549897282e-04
3.844542775257698370e-04
6.077824081689793718e-04
3.835983447152116390e-04
6.058407799835040675e-04
3.827583338464715960e-04
6.036414988033015358e-04
3.819274252277549760e-04
6.012071337197756821e-04
3.811028989251239786e-04
5.985661516128450285e-04
3.802849677558588952e-04
5.957563035230980597e-04
3.794738838708924008e-04
5.928258889221474284e-04
3.786639979064959920e-04
5.898094540199522260e-04
3.778430439757449687e-04
5.867275638585731090e-04
3.769975523370766926e-04
5.836042039191297829e-04
3.761166620249052346e-04
5.804621964786907526e-04
3.751898330356722377e-04
5.773234011360410794e-04
3.742098476544882890e-04
5.742072339906164604e-04
3.731711249978983120e-04
5.711292537758613005e-04
3.720695112028218183e-04
5.681010143654318051e-04
3.709021788002521045e-04
5.651302397349076577e-04
3.696675908624153200e-04
5.622212029885223766e-04
3.683655126570253391e-04
5.593751941676774640e-04
3.669970597986500099e-04
5.565909767087682614e-04
3.655647656906267596e-04
5.538651623038930464e-04
3.640726417144780035e-04
5.511924758908530279e-04
3.625261980851915379e-04
5.485659331510071932e-04
3.609323947476750379e-04
5.459770104170595835e-04
3.592995008377417661e-04
5.434159507257828228e-04
3.576368584699192725e-04
5.408724175087796862e-04
3.559545702967117789e-04
5.383367747188955253e-04
3.542631437907916713e-04
5.358023252070238983e-04
3.525730665512517197e-04
5.332686735370975595e-04
3.508940364373399397e-04
5.307447079767612947e-04
3.492332177033472202e-04
5.282442764588650029e-04
3.475928069344964106e-04
5.257720015627949037e-04
3.459751859579359465e-04
5.233190657867260644e-04
3.443705235279877100e-04
5.208777708966537976e-04
3.427680027121107775e-04
5.184550329463995374e-04
3.411594397762950288e-04
5.160677811450722820e-04
3.395383217537136932e-04
5.137428712316525516e-04
3.379000366530220080e-04
5.115105615720144357e-04
3.362430780789219214e-04
5.094042361605424871e-04
3.345695908014273130e-04
5.074547778184574937e-04
3.328844286895518267e-04
5.056865633590695549e-04
3.311945827833955849e-04
5.041152263279727146e-04
3.295086916009357038e-04
5.027476825087280306e-04
3.278365639301476114e-04
5.015838260303519735e-04
3.261886919341712432e-04
5.006188187517136541e-04
3.245757524574463559e-04
4.998449824254760877e-04
3.230080619603625217e-04
4.992527415024645152e-04
3.214949136035342102e-04
4.988307202004458501e-04
3.200437577700306416e-04
4.985654240562142642e-04
3.186593337556625381e-04
4.984408420566147080e-04
3.173430289140476840e-04
4.984381232243728990e-04
3.160927780294509461e-04
4.985353725790785204e-04
3.149038106443493939e-04
4.987080522294119267e-04
3.137700530956704921e-04
4.989277369441956923e-04
3.126842452267968530e-04
4.991631338233093722e-04
3.116411232079131983e-04
4.993806014237575901e-04
3.106377301494470350e-04
4.995445370878961707e-04
3.096734678481003226e-04
4.996183754686850734e-04
3.087492420061125589e-04
4.995660637498456876e-04
3.078659762574348043e-04
4.993544115082755109e-04
3.070235438412367650e-04
4.989545770649813240e-04
3.062161813595356760e-04
4.983283177482853961e-04
3.054403646583707496e-04
4.974528117358758975e-04
3.046963892451627653e-04
4.963119188493724963e-04
3.039868861864656398e-04
4.948953254444033844e-04
3.033112464551485630e-04
4.931968787243672494e-04
3.026680241654545458e-04
4.912167241243620835e-04
3.020548800506303567e-04
4.889610792148693609e-04
3.014679941876701559e-04
4.864431238648859904e-04
3.009019130898401314e-04
4.836836909838772096e-04
3.003498537687698138e-04
4.807111822661861247e-04
2.998054222646348728e-04
4.775621311335871222e-04
2.992623437477798698e-04
4.742719289995205533e-04
2.987150551200872211e-04
4.708782028273303302e-04
2.981610550009103681e-04
4.674200032797494854e-04
2.976008096639334703e-04
4.639420523837915430e-04
2.970361296564924449e-04
4.604932084159190958e-04
2.964649673915265037e-04
4.571071924263109959e-04
2.958788136562944286e-04
4.538057206164626024e-04
2.952668239248874382e-04
4.506103405054663223e-04
2.946197865800845197e-04
4.475409106772348087e-04
2.939313698326291905e-04
4.446141846297865254e-04
2.931966147384296108e-04
4.418413948470753918e-04
2.924120206094882692e-04
4.392308183706294901e-04
2.915757208614643513e-04
4.367871111661196623e-04
2.906868923290755542e-04
4.345116849717001292e-04
2.897456280456027185e-04
4.324029790371675510e-04
2.887528772774636482e-04
4.304565426485784294e-04
2.877104496882130396e-04
4.286649032343653270e-04
2.866210697714864186e-04
4.270172875687491625e-04
2.854884508526139516e-04
4.254993765237036814e-04
2.843173464389996889e-04
4.240933641711566704e-04
2.831135344676650968e-04
4.227785898917681465e-04
2.818836933690118079e-04
4.215328692284739907e-04
2.806351324340014813e-04
4.203344162349995560e-04
2.793753428207273190e-04
4.191640748449887411e-04
2.781113504336080156e-04
4.180075741848897092e-04
2.768488977076641756e-04
4.168579152224680400e-04
2.755925297185627017e-04
4.157173765301075126e-04
2.743424639398266704e-04
4.145948687510237645e-04
2.730955264088913035e-04
4.135077021721284083e-04
2.718469281391862878e-04
4.124723261251897239e-04
2.705925791126848360e-04
4.114979513366662711e-04
2.693281241341909300e-04
4.105983167650805029e-04
2.680452984294298896e-04
4.097921841031278937e-04
2.667419373090931063e-04
4.091057191680649375e-04
2.654205540982161929e-04
4.085634164507523261e-04
2.640862288773359939e-04
4.081794388937404119e-04
2.627444596896420684e-04
4.079507837386661651e-04
2.614027324161275184e-04
4.078632446741025470e-04
2.600696091228709371e-04
4.079027477214982418e-04
2.587542778251467144e-04
4.080576561059668923e-04
2.574660208887372776e-04
4.083169191750878079e-04
2.562136287649249269e-04
4.086687599975055729e-04
2.550047965234863013e-04
4.091000657294385713e-04
2.538455605142143543e-04
4.095961131821215253e-04
2.527398620150651570e-04
4.101404376263931045e-04
2.516893409197370297e-04
4.107147648515244122e-04
2.506935301616908273e-04
4.112990045731803289e-04
2.497508864378877999e-04
4.118710988175453610e-04
2.488582657769159052e-04
4.124073353405109991e-04
2.480102680972825525e-04
4.128821533121980556e-04
2.472031808778571101e-04
4.132684841799996430e-04
2.464349602908938604e-04
4.135380886257777476e-04
2.457060909330905339e-04
4.136621622050957884e-04
2.450191587160320907e-04
4.136122523942456367e-04
2.443766135545540931e-04
4.133616812617516034e-04
2.437783088706912537e-04
4.128888262171776088e-04
2.432218771116966493e-04
4.121801232644292635e-04
2.427006384394473227e-04
4.112123242200652843e-04
2.422071496585461153e-04
4.099700500855752339e-04
2.417393125367296345e-04
4.084437810042267102e-04
2.412976448894270333e-04
4.066299283128070900e-04
2.408866667718871581e-04
4.045314242060480759e-04
2.405060767493293354e-04
4.021566139071018338e-04
2.401518567227983064e-04
3.995201673147601336e-04
2.398197931901878768e-04
3.966433179577280349e-04
2.395034481941819772e-04
3.935533634546303154e-04
2.391949500802337790e-04
3.902833826087342495e-04
2.388862321126452421e-04
3.868716519078919838e-04
2.385701256618831219e-04
3.833602394380833086e-04
2.382409227900805641e-04
3.797931104374085271e-04
2.378958558197195742e-04
3.762126894729509634e-04
2.375313873966514329e-04
3.726574763389440713e-04
2.371461383551801594e-04
3.691670638548151507e-04
2.367398668652407473e-04
3.657811675067555637e-04
2.363120053056566540e-04
3.625301397192557643e-04
2.358601951723377724e-04
3.594338503645446077e-04
2.353802594929551586e-04
3.565102438154563094e-04
2.348676209283620173e-04
3.537757436751019346e-04
2.343186060618277736e-04
3.512436706925098828e-04
2.337309579377708820e-04
3.489237073953625626e-04
2.331038450867372908e-04
3.468220456253315776e-04
2.324381117702793243e-04
3.449407433439944455e-04
2.317346858043283799e-04
3.432777835296456923e-04
2.309957739535123151e-04
3.418268861945315926e-04
2.302241293605143083e-04
3.405768236480842927e-04
2.294229139096397925e-04
3.395111659088877252e-04
2.285956710198397933e-04
3.386085946284043578e-04
2.277463856647743651e-04
3.378440118170990161e-04
2.268795480003188772e-04
3.371903951065303539e-04
2.260000991605087882e-04
3.366210785948850503e-04
2.251131364400597553e-04
3.361120357053651612e-04
2.242233072821972571e-04
3.356438282061748090e-04
2.233339604780199374e-04
3.352030476740324285e-04
2.224463651982627483e-04
3.347836961513772224e-04
2.215601349448792859e-04
3.343860894668791565e-04
2.206711102036383446e-04
3.340170472145425349e-04
2.197747888169086566e-04
3.336903841380548462e-04
2.188667882664242358e-04
3.334260952457946520e-04
2.179439024017060505e-04
3.332495370375087901e-04
2.170046004100660911e-04
3.331880690732210966e-04
2.160489408989332448e-04
3.332624947067191340e-04
2.150782714588640981e-04
3.334763603420078906e-04
2.140950863604879908e-04
3.338185725069857694e-04
2.131030595622391427e-04
3.342769775837247412e-04
2.121070487704534763e-04
3.348423154647216910e-04
2.111129418329772028e-04
3.355062316479658470e-04
2.101273560864790448e-04
3.362597853643807815e-04
2.091572535801978995e-04
3.370928457208117318e-04
2.082095288934634472e-04
3.379938947988297320e-04
2.072906148681791878e-04
3.389499899319211142e-04
2.064061455486219444e-04
3.399467897500702321e-04
2.055607034909356478e-04
3.409686124274108462e-04
2.047576649890121435e-04
3.419985134448962874e-04
2.039992117588437868e-04
3.430185352260146057e-04
2.032867108207627696e-04
3.440094284474027654e-04
2.026194518888093505e-04
3.449507195114003932e-04
2.019963241591940029e-04
3.458208851841482493e-04
2.014155429398133427e-04
3.465970477595716631e-04
2.008751860449678331e-04
3.472548900669042600e-04
2.003741180605668460e-04
3.477691856667248843e-04
1.999135608310524919e-04
3.481158677424584782e-04
1.995001528717667023e-04
3.482687211413375023e-04
1.991350517422424860e-04
3.482071588079144729e-04
1.988221839555422339e-04
3.479233599970952672e-04
1.985615647220822871e-04
3.474085848616592707e-04
1.983378115024722979e-04
3.466372731367937899e-04
1.981395738518022668e-04
3.455961267036477798e-04
1.979625319839407448e-04
3.442783432317519932e-04
1.978052872426701954e-04
3.426824143376540539e-04
1.976674180380570548e-04
3.408122663483705668e-04
1.975488081263809717e-04
3.386776958863232392e-04
1.974472848139677478e-04
3.362938812034401196e-04
1.973554359086786161e-04
3.336809697950293197e-04
1.972651951408389967e-04
3.308642754466335420e-04
1.971688461186557237e-04
3.278741036254707517e-04
1.970592327455810257e-04
3.247449559752434308e-04
1.969303187736200222e-04
3.215146436837491091e-04
1.967773987250321613e-04
3.182229878192641614e-04
1.965970176827991963e-04
3.149100553559482378e-04
1.963867875239819530e-04
3.116143615953624732e-04
1.961452091612564570e-04
3.083723970038605125e-04
1.958725261723975473e-04
3.052188673627704240e-04
1.955675986141462144e-04
3.021864082488755925e-04
1.952301524544241521e-04
2.993062618414656074e-04
1.948602139581344817e-04
2.966023001022105826e-04
1.944578304945988303e-04
2.940913855984419708e-04
1.940231353944711699e-04
2.917877659103285440e-04
1.935566481449694999e-04
2.897030928664787630e-04
1.930596859975597108e-04
2.878449672515279948e-04
1.925346953489437722e-04
2.862158428692539755e-04
1.919853730400847562e-04
2.848122401900730276e-04
1.914165058613946006e-04
