# -0.2J_-0.8g_0.05236theta_0.05236phi_10Chi_0.01delta_500N
-5.773854683207372274e-01
7.827343390966982062e-01
-1.847356123517085169e-01
1.879057619419107752e-03
-6.721715339732137195e-02
-2.316033257381129931e-02
4.406739489774177607e-03
-4.273817518848092856e-02
2.477133888591382879e-02
-4.792318263114499211e-03
8.013524210680579296e-01
-1.812616449710897859e+00
-1.624970335404890900e-02
-3.673796990397466988e+00
-1.156151696919705429e+01
-1.002790730915814876e+01
3.110983316069975579e+00
-1.256256310080104655e+01
7.534116913600571230e+00
-1.402705901385608467e+00
-1.421399459685579736e-01
-1.429026351574345655e-01
-4.591576079985190684e-01
-1.191967203850588142e+01
-5.401139693286157950e+00
-7.518658988507125329e+00
-1.051607830777807706e+01
5.554479090898516880e+00
-9.941176453844924765e+00
1.376509220716549242e+00
8.302331900050652748e-04
4.988497487007435893e+00
1.192357304900486348e+01
5.268032171873621792e+02
1.402009715558461949e+02
2.878364423348585319e+02
5.093248920817767953e+02
-9.506866194123690548e+02
6.733892971510747429e+02
5.565790819570476060e+02
-6.953710595418056972e-02
-1.211693347704352597e+01
-4.655039885314935511e+00
-1.103135655956426433e+02
-4.182421995437558166e+02
-3.457019422592849196e+02
6.317548454972136369e+02
-1.289128497198958314e+02
2.618094604855809280e+02
5.491745797551889154e+03
2.421224947138143901e-02
1.079465963102836490e+01
7.237916503905648113e+00
2.806963875403572501e+02
3.521810342939541556e+02
4.923776153918562386e+02
-9.855461352427870736e+01
-3.906790067570721021e+02
1.298383200379339257e+02
-2.787323473084780289e+03
-5.869149915806727048e-03
-2.427551111512872950e+00
1.106335490653027875e+01
5.989426586784659321e+02
-5.952442335888955540e+02
-7.061060705155141193e+01
3.729057249944145042e+03
-1.452097519983038865e+03
1.482552766764831404e+03
2.739849814009093825e+04
4.461087986899395230e-02
1.249145521492480171e+01
-6.747112934670928652e+00
-1.015523835388322254e+03
3.576268076453389000e+01
-4.571050784649940510e+02
-1.049602173536324926e+03
4.615648900377543214e+03
-2.447836413399508729e+03
-1.090530199346910922e+04
-2.595208452879147615e-02
-7.210399634428217297e+00
1.071540529092274596e+01
7.181380330116153345e+02
-2.469496947405162928e+02
1.318507433205001007e+02
1.470413681170335622e+03
-2.512948373319835810e+03
2.462438808279321165e+03
1.242912328167736268e+04
-5.155681010175238756e-03
-1.330667600158405905e+00
1.587250908285439577e+00
-1.058107690492178335e+03
5.530653949843272130e+03
2.787596860436939551e+03
-2.675259953824486001e+04
1.474719224783454410e+04
-1.293564727687368031e+04
-4.997576569778600824e+05
-5.773826572050712036e-01
-5.513541941469041197e-01
-5.855014863051527518e-01
5.727258510607269315e-02
3.523628448574472188e-02
-2.316134203454973256e-02
-3.921074202121171276e-02
1.754955172665123575e-02
2.477136735467994760e-02
6.188722898812609209e-03
-5.237742112615465517e-01
-7.286105000879079530e-01
-4.829610921710318916e-01
3.287335077628033453e+00
-7.900514687405002512e+00
-1.496937974233053525e+00
1.493494530191973624e+01
3.689604807852913559e+00
-1.237630319964733694e+01
-2.626021529223189876e+00
-6.229231059131925541e-01
-6.096148184533689562e-01
-1.543176186214012979e+00
-1.558066033584600518e+01
1.560078745234657616e+00
1.244394861669699992e+01
5.734293428452824415e+00
-6.271187800661781608e+00
-1.554161257979482347e+00
-4.095356164674356925e-01
-6.063646306406370728e-02
-2.160270924975391527e+00
1.624440822145746921e+01
5.539405080004464708e+02
-9.490710963492253427e+01
-4.433625955226326596e+02
1.707195341210392314e+02
-4.313100437512572398e+02
-1.099395198546222900e+02
1.435298632859681902e+03
3.404996738905363696e-02
-7.796076570870116740e+00
2.493822748390090993e+00
1.247959012414744251e+02
-3.911510131614674606e+02
-7.651506364271540406e+01
1.150162191569867446e+03
2.098323499246522204e+02
-7.140807692111577580e+02
3.738507287413478934e+03
2.421337762812629524e-02
8.704067937738844130e-01
-1.296757525640382980e+01
-4.454114914842277244e+02
6.708642646236096141e+01
4.924499304433600742e+02
-2.898667548344656097e+02
2.784170130958425489e+02
1.296698056415924611e+02
-8.216098837934592893e+02
4.156348954838392368e-02
-1.586449186167405045e+01
-4.731942606551392316e+00
3.075634194825017289e+02
-1.188013876311875947e+03
-3.617277447461303268e+02
5.514867352971949003e+03
1.469284822973617644e+01
-2.870963678269984030e+03
2.610301127462961085e+04
-1.721891921378745569e-02
-3.305681328046074174e+00
6.691917383472262060e+00
-4.217470204980543258e+02
-2.558325302671808288e+02
2.873766338332396799e+02
4.161059387391865130e+02
2.829399634504687583e+03
-5.398945434268209453e+01
-1.124406502873017780e+04
-2.595214688988441154e-02
1.288491428572317687e+01
8.866930125282682651e-01
-1.452104743325494667e+02
7.455322299878841932e+02
1.317354670445167812e+02
-2.923122284374651827e+03
-1.195812965651206561e+01
2.464131866130321214e+03
-1.289157972061887267e+04
6.309713145209443208e-03
-2.756663590722721047e+00
-1.606317346369993682e-01
-1.910441064754513263e+03
3.570894108005327325e+03
1.001032429007350629e+03
-2.323707716023379544e+04
1.423485300612569881e+04
1.207630210638915923e+04
-4.506625795193855884e+05
-5.773841419730267877e-01
-2.313834098644657333e-01
7.702360147309039728e-01
-5.915155709643719201e-02
3.198114452717093492e-02
-2.316022397654384640e-02
3.480491336273667385e-02
2.518801310645709876e-02
2.477136841612768980e-02
-1.389131956988992438e-03
-2.775813767539927479e-01
-8.664339807311136621e-01
6.891841314358154724e-01
2.977319587805725920e+00
-1.575959849972979221e+01
1.152501549351513432e+01
-5.050753088854858852e+00
5.805010886045655738e+00
4.842235435816230726e+00
-4.875466110360732186e-01
7.650618027021169887e-01
5.625308135101871887e-01
-1.405344029716168119e+00
-7.721583958071169818e+00
1.250018703413591670e+00
-4.925305865236834890e+00
7.849239306253313231e+00
1.371637707789405347e+01
1.149541491249938829e+01
-5.803161029556993533e-01
5.980607778972524269e-02
-2.327879925481460610e+00
7.892907661431289412e+00
3.367965618434715225e+02
-8.414625509464642716e-01
1.555475993413862170e+02
-1.088336150664814994e+02
-9.844992735399368939e+02
-5.633912594552376731e+02
2.537508239729103025e+03
3.548754432137052328e-02
-1.614758892694250036e+01
2.661395965211684089e+00
3.072831269997736570e+01
-6.083493442698363651e+02
4.222984450583859939e+02
5.979053008409938457e+02
4.902725855241325235e+02
4.521091026579019854e+02
5.465410682765441379e+03
2.421225037540101696e-02
-1.166524434553208778e+01
5.729694551346486975e+00
1.647389144761280875e+02
-4.193516815759318206e+02
4.925150898328289486e+02
3.888853160387595835e+02
1.121276272186221092e+02
1.296658301836334886e+02
3.710351572441119060e+03
-3.569524347228368588e-02
4.533588251081310361e+00
-8.471369433346168876e+00
-5.995886949917368725e+01
-6.394397147919238478e+02
4.327940664141963794e+02
3.353124769727402963e+03
8.271700927336307814e+02
1.387941100900113270e+03
2.762108534828823394e+04
-2.739132745674889222e-02
-7.045791972036456130e+00
-1.370824441611549105e+01
-9.712717910324162176e+02
-6.243155690781366047e+02
1.696557027958878905e+02
1.230545282752943194e+03
4.992758493782294863e+03
2.502148681006854986e+03
-1.223155502350463212e+04
-2.595213055426891235e-02
-5.674578580380494230e+00
-1.160217475399752374e+01
-5.728421059687674415e+02
-4.984235149537812504e+02
1.317948504217127095e+02
1.452096922134487841e+03
2.525202059321781690e+03
2.463856944935226693e+03
5.207990580536363723e+02
-1.143348249787250106e-03
-5.500808078635469611e-01
-5.236663136340327096e-01
-3.214015398755553178e+03
5.376645620619171495e+03
-3.892429694220154033e+03
-2.507160602934030612e+04
1.764921224781649653e+04
8.369871046548366849e+02
-5.750510875236387365e+05
