# -0.45J_-0.55g_1.0472theta_1.0472phi_10Chi_0.01delta_500N
-5.809852025828402544e-01
-3.183157630872454624e-01
-6.999203585595209498e-01
-2.043994313680848607e-01
2.580528389020338986e-01
-4.611480843927891204e-02
9.567829176277534153e-02
-7.479997396301903134e-02
-1.536095334074512597e-01
-1.456922024163992690e-01
2.295181944729593193e-01
6.824167434866976745e-01
-3.746679056504077787e-02
-2.116897427364553330e+00
-1.290622204911346271e+00
2.094961363664396892e+00
1.749771387616485541e+00
1.595889320726747052e+00
-1.177522101816067090e+00
2.254521126323439512e-02
-7.310765665427835236e-01
-2.261210106634437000e-01
-1.460290932531509878e+00
4.256955058979168816e-01
-1.774687330055915391e+00
1.302329978087588769e+00
-1.664925558919822413e+00
1.276169205413076879e+00
1.778903688561316310e+00
1.370855743258321713e+00
-3.104656887597341264e-01
1.171559577619834203e+00
1.190132239991915197e+00
-2.012277487584076141e+01
1.906393033980995710e+01
-5.905521345561458579e-01
3.195929390270433856e+01
-1.760724103637424420e+01
-3.038111803566816960e+01
5.017097122267977483e+01
9.554799587529867744e-02
2.078617857528394897e+00
-1.466628597978185899e+00
-6.506648741892016474e+00
-1.719933140834443819e+01
1.261700309030736911e+01
-8.299685019514654982e+00
1.650111600036793646e+01
-7.275808208906265895e-01
-3.275686301041984194e+01
4.742678326067713973e-02
1.891806921857331680e+00
-1.545739526398894892e+00
-6.424020842196611625e+00
-1.103387276013310192e+01
1.617360743255737532e+01
2.397867365155416319e+00
8.970307183941262252e+00
-2.751007437146101520e+00
-1.130023520448162699e+01
-7.277126002611329636e-02
2.204585733114008406e+00
1.036272562786382911e+00
-1.988308403450994177e+01
1.888223174106558133e+01
4.771376525996847917e+00
4.699348728994713298e+01
-9.931042962697558707e+00
-2.374811877333811694e+01
2.935615687151167919e+01
-9.511997516725512192e-02
-9.430891047952558726e-01
1.753216264917567546e+00
-1.014950371558049902e+01
2.893373422750233104e+01
-8.021293737358742959e+00
3.145076885961835345e+01
-4.386513436590502835e+01
-2.944069871313880427e+01
8.762238669434182725e+01
1.506121079322755574e-01
-1.384100314248299268e+00
-1.585064146243117422e+00
2.535189737749968586e+01
-1.632369637530449324e+01
-3.129139528251982050e+00
-2.959463183898739658e+01
2.245356619009314514e+01
4.974776248987371474e+01
-4.172513234777387936e+01
1.411527426291837306e-01
-1.342162554693709930e-01
-1.311466388453512932e+00
-2.427068649421569546e+01
5.439717394512803139e+01
-1.010432983258530015e+01
4.691564372051938392e+01
-7.698088723729861726e+01
-4.502957843235851243e+01
4.584112163679685068e+02
-5.814706102794408027e-01
-4.468200813075466904e-01
6.254340381427174744e-01
-1.216258973495148443e-01
-3.058801648807789597e-01
-4.893093909642348693e-02
-1.108679803452578272e-01
-4.355452918192452560e-02
-1.566849012915195738e-01
4.254195700726018381e-02
5.182916117827368607e-01
1.183822743172144198e+00
-5.146006179811226655e-01
-2.219568124609950566e+00
-4.939099992977689091e-01
-2.199084751305653285e+00
-1.898437610303741252e+00
4.820134366556559913e-01
-9.759240653918932473e-01
4.750911935519962735e-03
5.642081022545715197e-01
2.513241572335963014e-01
-9.563408579600534143e-01
1.225374450495219980e+00
-1.651227777514990391e+00
1.143833635610186361e+00
-5.181667699735472699e-01
-2.389155839473169340e+00
-1.950268741682018803e+00
1.270319051152495882e-01
7.196983329396182405e-02
1.763765476347594729e+00
1.725702618176831793e+00
-1.270583475073233082e+01
1.119313661006430571e+01
-1.057692412440776764e+01
-9.741825157025290061e-01
1.076743394643020757e+01
1.651394074707735982e+01
3.859775476489501500e+01
-3.170881788673816093e-01
1.551139019319730306e+00
-8.578788474148527632e-01
-1.430061265516168056e+01
-2.449710964458960660e+01
-7.400844550215248674e+00
-3.618669318919992861e+01
-1.590577057682293649e+01
-2.635937295325475560e+01
-1.009959463677436098e+01
4.583466284503327770e-02
-2.300348181801599168e+00
-8.855643969063469179e-01
1.288711891696757839e+01
-2.663341690499701486e-01
1.633723103611377425e+01
6.891204166790528163e+00
-7.077996096489118649e+00
-2.985104285575144623e+00
-1.829301831140088552e+01
1.156741096019690412e-01
-1.583672938624378412e+00
1.241300891779951732e+00
2.061891360419547325e+01
3.291703706183132994e+01
5.558080636088392978e+00
6.400023856207562289e+01
2.196578944195328020e+01
3.734127664216080689e+01
-9.568126019741354682e+00
-1.475821164417016884e-02
-1.157402319506455113e+00
-2.067033178038224506e+00
4.791974711086555594e+00
-1.207705883501784072e+01
8.278734102986971877e+00
-5.234339960691029026e-01
-2.815426883402532710e+01
-7.786178815815707921e+00
-8.865202043148151745e+00
1.534431888948993572e-01
-7.162466868460213298e-01
2.011441701366253554e+00
1.231195130929749748e+00
3.095724835219536075e+01
-2.573854033405804653e+00
3.448828981705089802e+01
1.562160170249144464e+01
5.155220188455398045e+01
5.845875905876081191e+01
-3.724522193820456462e-02
-6.467730316059577822e-02
-9.506831671638873993e-02
-2.860336511456388564e+01
2.890904285046934064e+01
-1.924148765437017872e+01
-1.667963990388975404e+01
6.712811257643069851e+00
5.774523925956985693e+01
5.386989544316376168e+02
-5.815476128853634963e-01
7.648778901697644850e-01
7.393164190707517125e-02
3.255048459376461700e-01
4.849876504648758385e-02
-4.747672698700173416e-02
1.960350353636119286e-02
1.203924735200466029e-01
-1.546805510308756348e-01
1.060603191168459219e-01
-7.476040030273677361e-01
1.344822067706080260e+00
1.590996686521919945e-01
-1.476237638624282367e+00
-7.871632310704823610e-01
1.082267494702905120e-01
8.638175055815165981e-01
-2.161123291776129829e+00
2.160192273481690517e+00
-1.104436772535568378e+00
1.664643756904776728e-01
-4.208802029230956920e-01
-7.937415421814247862e-01
9.072963575600758723e-01
-2.387022489867876018e+00
-2.459416092677066956e+00
2.115577635328348194e+00
3.840189397289492934e-01
1.604719790841618865e-01
7.488253439261239874e-01
2.381774752287812713e-01
1.003355699723432748e+00
1.998048135729617814e+00
-2.319267366837445010e+01
8.820926152059760383e+00
1.171995099161988030e+01
-9.939641595307715960e+00
-3.172888058646891096e+01
1.390161888760769848e+01
6.330126681794386911e+01
2.218602491469509330e-01
1.292869710396902239e+00
-1.629707190344288348e+00
-1.691460564876032535e+01
-1.410700367948871126e+01
-5.659388143023781126e+00
5.746065566219480836e+00
-2.425883402533192879e+01
2.690651614463124019e+01
-7.159009255502936320e+00
4.647644848772033987e-02
4.012240430593483898e-01
2.405535955110164270e+00
-6.456727985354104860e+00
1.108104223781549713e+01
1.616015601072034613e+01
-9.651580100112200356e+00
-2.545292942958214510e+00
-2.778869892705000400e+00
2.753899913852396963e+01
-4.561585567959563353e-02
9.579260143044703024e-02
-2.140240020432832235e+00
1.367142647292732605e+01
-9.462816323219570336e+00
-9.817479416247392621e+00
2.939864466573447643e+01
2.126833943251423875e+01
-1.289149021218647029e+01
-7.331921866500309193e+01
1.069435997127676785e-01
2.218547760069970565e+00
-3.808492935083523379e-01
-3.720279048699372026e+01
-4.004543624951539371e+00
1.689676007029787541e-01
4.980200207949813662e-01
-6.345265659630439359e+01
3.491369142516382595e+01
7.011619558318159307e+01
1.523027935682698675e-01
2.104315066848472249e+00
-4.188308694832929002e-01
-2.685176986804330213e+01
-1.402638093241979433e+01
-2.909246557873854222e+00
-4.655452861197274750e+00
-3.802848689482916456e+01
4.990493733663734588e+01
-4.407923744696430113e+00
-1.057894907684304719e-01
-1.182795826302564413e+00
-5.971069890797996438e-01
-4.820696043783950557e+01
4.050975225155826820e+01
2.701444910840550051e+01
-5.568361571846236302e+01
-8.510170259262137904e+01
-4.347272854247730578e+00
5.392398044830484878e+02
