# -0.15J_-0.85g_0.20944theta_0.20944phi_10Chi_0.01delta_500N
-5.773658105623661330e-01
7.838386815066340496e-01
-2.239185046393623035e-01
-2.920702635430975566e-02
3.902432991087145114e-02
-1.676373814705248502e-02
2.959671417923204900e-02
1.280965808117155540e-02
1.876294278983130226e-02
-3.565093284331708866e-03
7.169725040554184581e-01
-1.313493351756284122e+00
4.241082975829758572e-01
-3.689868130294783888e-01
1.104874037948544441e+01
-4.658936888347792404e+00
2.331604603479570414e+01
-1.590837469776970048e+00
1.777288353521685949e+01
-2.808632655361544384e+00
3.663131691813142909e-01
-8.628229920724385105e-01
9.211985515068479291e-01
-2.346875880269372772e+01
1.763960225809633631e+00
-1.781839438973125667e+01
-4.072796644259280008e-01
1.114401314161133350e+01
-4.636026596316473736e+00
5.718447203570009574e-01
-3.432494960426198810e-02
-6.673380971965503505e+00
2.218890296967762765e+01
-1.182785459757523768e+03
6.068478531861740777e+01
-9.105400732955108651e+02
-7.533574606358913570e+02
-9.621049947273735370e+02
-5.113774579320873954e+02
-7.027872419491752225e+03
-3.278289635809765457e-02
-9.595964956067996710e+00
-3.512025385371261521e+00
2.432106607464897934e+02
7.147597214134867727e+02
-4.962902612800655078e+01
2.246860495461101436e+03
-6.643439743017270303e+02
1.367659160227334041e+03
1.044127143493908079e+04
1.592788290653537539e-02
7.690228057318611476e+00
-1.600376621583530934e+01
8.700434610346079580e+02
-1.725953834517955841e+02
9.884940881229787237e+02
5.297753554145817816e+02
6.782554266112134655e+02
2.766656382916792154e+02
2.858018052122954032e+03
-2.835699494663243905e-02
-2.217413798722441243e+01
-4.499409417466490702e+00
1.627976837808986147e+03
1.942640587669344541e+03
9.377184328634475605e+02
1.114464476469009969e+04
1.720369998201494809e+03
5.628032686375617232e+03
9.160210079141016467e+04
-9.994220784576178171e-03
8.960922043844501417e-01
1.049519469964575258e+01
5.290172371373085980e+02
-1.032414104411195240e+03
5.678072835972006942e+02
-2.513410053053249612e+03
6.656721098167768105e+03
-7.190025225229804846e+02
2.803269886315567055e+04
-1.790372383542245330e-02
-1.595324481558254348e+01
-7.599946877484486940e+00
7.772532034975829447e+02
1.333554551060582071e+03
2.843134092173399949e+02
5.858497083170185761e+03
-3.537364730615188790e+01
4.815154014720022133e+03
3.983813783823092672e+04
-3.004802362694873261e-03
-2.441284397438165499e+00
-1.223706591034991797e+00
-9.330810068722250435e+03
-6.572568360197858965e+03
-3.294519789174686139e+03
-5.400789095081707637e+04
-5.386719532247175084e+04
-3.083237196356025015e+04
-1.971835530867465539e+06
-5.773654384049354826e-01
-1.979995721650248397e-01
7.907838979953775160e-01
4.839958355964128073e-02
5.781850561294668567e-03
-1.676305622913802640e-02
-2.589319871081318877e-02
1.922676190657607656e-02
1.876293097612914337e-02
6.913233684775630045e-04
-4.124900529820151734e-02
-4.620127340961823204e-01
-3.712210524311854165e-01
6.608742191454217263e+00
1.944013125894970528e+01
-1.310054819355885591e+01
-3.042355412239846402e+00
-1.562617814226190127e+01
-1.290137515090751563e+01
-4.695369576945335188e-01
-8.040732928492532183e-01
-6.749412105510919913e-02
1.772679702346066533e+00
-1.507734966875318428e+01
-5.213752282137046556e+00
1.294388614181803376e+01
1.362773523407619791e+01
-1.521349624782764209e+01
-1.307381233618086114e+01
-3.088095794800575500e-01
4.555328772470439158e-02
1.150523321168061885e+00
1.411312688306327701e+01
-7.529269217070881268e+02
-5.211717217586081752e+00
4.985088933225157461e+02
-1.336921194594784481e+02
-1.884141543169473380e+03
-9.289060136525661164e+02
-1.072072594569375542e+04
-1.333475235643838235e-02
-1.767172426967504251e+01
-1.133594367870029984e+01
3.091049392538157576e+02
1.144663500280077415e+03
-7.637693412770084933e+02
1.325324796401146159e+03
-1.285115353606746567e+03
-1.126553309646670641e+03
1.351231435089610204e+04
1.592743421759829081e-02
1.001338489935522880e+01
1.466171528972596327e+01
-5.847409589114149639e+02
-6.671179984501414992e+02
9.886127883236520120e+02
-8.552963902040434050e+02
1.192947447865737161e+02
2.764022129959276413e+02
-9.893833705867236858e+03
2.283508623191229589e-02
7.681276326121373454e-01
1.235049244372397759e+01
5.743963054148833862e+02
1.142177236735747101e+03
-9.643132239595807960e+02
7.480252263785785544e+03
4.083405499278919706e+02
-2.187225571788173056e+03
9.582468511731646140e+04
-1.956094446147877558e-02
1.774633181506809620e+01
-1.244624587178513941e+01
1.329827795382162094e+03
-2.087309121996941485e+03
5.274217150208509111e+02
-3.832698397282075803e+03
1.032538045859485464e+04
5.222509536548406686e+03
2.267001934038722902e+04
-1.790379090565752049e-02
1.455841267788495763e+01
-1.001601741998594441e+01
7.659886875774974442e+02
-1.339662761467117889e+03
2.842364388158916881e+02
-2.899429708004427994e+03
5.075823084076834675e+03
4.814781302871892876e+03
-2.067643323589020383e+03
4.851967773191071063e-04
-4.711617164313552375e-01
1.525269962696276238e-01
-1.491602050638034234e+04
-9.096559814905465828e+03
1.040637814221936969e+04
-6.466943421026060241e+04
-7.219951522481981374e+04
-8.855466344730244600e+03
-2.373332888107703533e+06
-5.773665311308093795e-01
-5.858385098279874637e-01
-5.668641793624620284e-01
-1.919245579602928825e-02
-4.480613301673384147e-02
-1.676090880926930232e-02
-3.704348870820837851e-03
-3.203892226614971778e-02
1.876287393571299950e-02
2.871045453624192050e-03
-6.757226705509316034e-01
-1.576526593369478535e+00
-7.109562243496374556e-01
-4.147301858146309250e+00
2.128732523872445270e+01
1.775928181202133516e+01
-2.016840856742139643e+00
1.422036274727305738e+01
-4.871546984954575166e+00
-8.669787295298569951e-01
4.377590358678833948e-01
2.722422663710908908e-01
6.581614406810790685e-01
-1.323017802107508167e+01
5.542307707146872708e+00
4.875437965441909327e+00
-1.621658572140036014e+01
-1.418903920229620397e+01
1.770981360905056690e+01
2.168177554082513225e+00
-1.122831349315880738e-02
-9.755253084380866468e+00
1.137532128588970970e+01
-9.107629079489105379e+02
4.000265011613863066e+02
4.123192516074892069e+02
-1.241685514205315712e+03
-1.960511914044357354e+03
1.440248810688430012e+03
-6.318760153222381632e+03
4.611762366585638734e-02
-2.040956318462705710e+01
-4.301188984265151283e-01
-9.613553383914234018e+01
9.867469816214394314e+02
8.133783902578873040e+02
1.249248313414832410e+03
-1.762246266556066416e+02
-2.409627423964969353e+02
1.501668979640888392e+04
1.592525318387682035e-02
-1.770369980246113073e+01
1.343081854438752165e+00
-2.855749655684999198e+02
8.397991153214784390e+02
9.885839202640025860e+02
3.250727725630252962e+02
-7.989225706927910551e+02
2.771555495929522408e+02
6.843283276125607699e+03
5.522698668981513778e-03
3.888467303091480254e+00
-1.594301047850917286e+01
1.794323665417804023e+03
6.298442503616004160e+02
2.561635017984524154e+01
8.173481129053646328e+03
4.239509989604040129e+03
-3.440488643877018603e+03
8.842404289418576809e+04
2.955758961775382943e-02
-1.054932033340337760e+01
-1.556812457097354141e+01
1.842828393422817044e+03
-8.661899411322020796e+02
-1.096233670407088994e+03
2.568916606475926123e+00
9.631070636635602568e+03
-4.503281883422248029e+03
2.286513206757293665e+04
-1.790371650474067988e-02
1.394901497410714786e+00
1.761595639489523890e+01
-1.543287548376212726e+03
6.278715327765048038e+00
2.846458754207786797e+02
-2.958323076200508240e+03
-5.040454592804185268e+03
4.813660190989680814e+03
-3.788124299080860510e+04
2.516613160283926332e-03
-2.563083708296770569e-01
-2.246952955715640687e+00
-9.977516867422689756e+03
-1.253815570352606119e+04
-6.948956096225711008e+03
-7.452997404751679278e+04
-5.428569185280950478e+04
3.968048163634909724e+04
-2.129700739193961956e+06
