# -0.75J_-0.25g_0.20944theta_0.20944phi_10Chi_0.01delta_500N
-1.274815916149272567e-02
-1.378123985104484639e-01
-9.088132357494116409e-01
-3.212162954836103590e-01
2.780881898260614132e-02
3.670867503531961840e-02
9.845190929644019595e-02
-1.325535342071905605e-02
-4.377535694720997156e-02
1.641587193125648410e-03
-8.704289555342072104e-02
-1.419287549815396732e+00
-8.545843416590814812e+00
2.808280762001685193e+00
-1.199810262179032527e+01
-6.332228625488845353e+00
-3.964368609304923297e+01
5.067170266195926587e+00
5.049458765045069697e+01
-1.081406774663997705e+00
-8.973726445957023179e-01
-1.618084076987358344e+01
-1.864747185329586330e+02
1.958456438586067705e+01
-7.921184393679903906e+02
-1.065373517389484050e+03
-1.638201428394350842e+03
1.983263207308602034e+02
-1.448509693500151116e+03
-3.900374712863466584e+02
-3.680652684473821323e-01
-1.135273846899177430e+00
-3.855586406233778973e+01
-8.742030320724434489e+01
2.407850913202056802e+02
-5.902783192138018649e+02
4.398751370361662083e+00
-5.451635102578291736e+01
-1.650898072687199601e+03
-1.346794812562597201e+02
6.354967924480295349e-02
-1.838231276852681262e+01
-5.493875532958069243e+02
5.508767005106558372e+02
-1.536954093751010623e+04
-3.876835991970451141e+04
8.136205912346475998e+03
1.821358715361219220e+04
1.360262240563727801e+03
-7.505853840085469528e+03
-7.200864535809023415e-02
1.386328515931687377e+01
9.631915134859848422e+02
3.410968343824808926e+02
3.684089088167741284e+04
4.797356580693886499e+05
-2.210436627483906923e+05
2.068664699373165058e+04
-1.112035095423542516e+05
8.501988924438639515e+03
1.963142290404180090e-01
-5.571929178352637990e+01
-8.108750658996651737e+02
1.001288173219389932e+03
1.342000499344297168e+03
1.925069618064496608e+05
-1.317039666806646273e+05
-6.888669084615197789e+03
-7.422280437610339141e+04
-1.234992742909938170e+04
-2.225155292479613287e-02
6.239745957500829832e+00
7.064431346412749235e+01
-2.236443174072707336e+02
2.015743073401121001e+04
-1.653792093924230721e+04
-1.136585885151738694e+04
-2.036125175032330444e+05
1.048196716023494810e+04
6.045889366151808645e+03
-2.746073582685660749e-02
2.827609523642787792e+01
-2.186273401558361002e+03
-1.542844276881775841e+03
-1.042542096349878011e+04
1.349267617350739602e+05
-1.383963168712501356e+05
2.019563791587452215e+04
-2.195903495446139714e+05
-5.778262825647580030e+04
-1.407956894224698333e-03
8.500276724038219323e-01
-5.772289837336227265e+02
-8.832936095642480723e+00
-1.171755175504424005e+04
-5.147923532968068230e+02
-2.573601300019484916e+04
6.553036088826427658e+03
-5.624920348231681419e+04
-3.385213699528429424e+04
-1.134385837892410848e-01
-9.337234912289414934e-01
1.974837322913906845e-01
-1.654642067046039333e-01
-4.262089219151025954e-02
3.114504096273400420e-03
-2.768741888700793855e-03
-7.665142555562209740e-03
4.576982631288480097e-03
1.314578788214763481e-03
-9.627969302595975609e-01
-1.637328370245181119e+01
-1.920431223859880276e+01
6.299047544615649485e+01
1.662908221144974519e+01
-2.086173835142411725e+00
1.542125093551953152e-01
3.204182571914826472e+00
-3.212029865614584700e+00
-3.707040652071445508e-01
1.640308124113307175e-01
-2.340452566363879328e+01
-1.113037593189447421e+02
3.661102661852871165e+02
-1.063329941765838157e+03
2.121475613911385096e+02
2.432623139480607790e+02
-5.024535723951544810e+02
-1.782087822706839120e+01
1.335715886788607349e+02
-1.775180178443839518e-01
6.351929388613294236e+01
3.144330664688519050e+02
-1.066837649877025797e+03
4.220157076925413094e+03
-9.605097198113114700e+02
-1.296386888067466771e+03
9.150309161397800608e+02
-1.452573705108510893e+01
8.814513872968713315e+01
-4.243828387708462740e-02
1.653885627935644820e+01
-1.007561100778064883e+03
4.429039847114028817e+03
-7.635489063227747101e+04
2.109075958453172279e+04
4.561675467336890870e+04
1.338185305441568198e+05
-1.956234626371141530e+03
-2.966194842348181737e+03
-2.597915942143717762e-03
1.979810779844886959e+00
-2.032299458550033080e+02
9.689320524631043554e+02
-1.950666642521030008e+04
1.217127704277153680e+04
1.120303718282480986e+04
5.696064849044854054e+04
-2.064530504057022881e+03
-2.711938224102911045e+04
-4.170272924924125178e-03
-1.708621714609441945e-03
2.743185397966768733e+02
-1.346807184655004221e+03
4.297214917818763934e+04
-1.204200795837656551e+04
-4.054812653274859622e+04
-2.139464349993732758e+05
9.411609019449530251e+02
-1.009797029323884817e+04
-6.673238437420838873e-03
3.059132863696910842e+00
-3.958884934965640241e+02
1.074638253708188358e+03
1.409888730525556603e+05
-6.303761109037891583e+04
-2.164801070032607822e+05
-1.752306070196473971e+06
1.157975242734410313e+04
-3.181099164854185074e+04
2.973152068789219286e-03
-1.885201338421805595e+00
2.715838140645078624e+01
-1.259734831310938716e+02
-4.220807768554193899e+03
3.236319071624493063e+03
1.836979510723525209e+03
4.453416661763804768e+03
-3.004500071118111919e+03
-6.631021210594293734e+03
1.220778861823667173e-03
-5.703538025115282295e-01
6.506176093420106099e+01
3.341621732538543199e+01
-1.675626307858753989e+03
1.699683405563151609e+04
-7.041507982974203514e+03
-2.821104035731208205e+04
-2.851037455608254277e+03
-1.184038094788380840e+05
-9.934726414309608122e-01
1.140103543389496266e-01
-9.773492466635716122e-03
1.096480590001881576e-02
1.670865710452510951e-03
-2.870939421218138689e-04
1.052816040934965091e-04
2.477298728691502494e-04
-6.558771536938594196e-04
6.020965870107859979e-04
1.140768374279048092e-01
-9.788745959112785111e-02
-7.293039083264567513e-01
3.808720348114238985e-01
-1.903213092851522736e+00
-1.615196987105368853e+00
-6.807914033766424566e+00
9.816547212797623878e-01
-2.381083832561559532e+00
5.254233898468013564e+01
-2.515446603141868655e-03
-1.130901775286141886e+00
-1.519698661474122758e+01
4.904424929875724537e+00
-8.407702266188374551e+01
-1.229464097632293687e+02
-1.740770646733805052e+02
2.362882021290931789e+01
-2.683838770868636061e+02
1.405193773026250483e+03
1.345624429109625736e-02
1.965196112735114464e-01
5.846880427355302112e-01
-6.787786877669839569e+00
3.819435874518474350e+01
-4.931981745370796943e+01
4.839792513839307730e+01
-1.551736462466442923e+01
-1.100975920417069602e+02
-8.274162654837772379e+01
1.472888027763625488e-03
-2.087709486361906119e+00
-5.864517032661421325e+01
5.949762354679753429e+01
-1.716616465086443213e+03
-4.531075438384675181e+03
8.792134867448768318e+02
2.111911927849758740e+03
-7.103743313061212348e+02
1.962954000867904688e+04
3.994838513325340472e-04
2.038993990928431810e+00
1.074229867801796274e+02
3.204948815309192867e+01
4.212343173179113364e+03
5.467275620670060016e+04
-2.552220642923593914e+04
2.180952785109183424e+03
-1.159996966327232803e+04
-1.680429029805786558e+05
-5.536478214883934707e-04
-5.177050824619853664e+00
-6.926303787656006250e+01
8.733800073509141271e+01
5.377948536928374779e+02
2.209901534110083958e+04
-1.396905560851853079e+04
-1.076439222141666733e+03
-8.878879117060143471e+03
-5.898613674960627395e+04
3.044892451659621485e-04
2.625483210667224898e-01
2.470277551375764435e+00
-1.814148225022117700e+01
2.184925789719720342e+03
-1.917604654421241548e+03
-1.435420920419347112e+03
-2.295899486464380243e+04
1.265901493824823319e+03
3.076018909008277205e+03
-3.893088326713917374e-04
-1.211056790956042661e+01
-3.422125698701027545e+02
1.111953093215266719e+01
-2.115988843997546610e+03
1.480340839143852099e+04
-1.644404585119617695e+04
2.367116954444730709e+03
-2.517842744100055643e+04
-1.051440717548089378e+04
1.354870565640926882e-03
5.943264680685488344e+01
1.083419214013285227e+03
-3.771725909292362644e+02
1.967421350459902897e+04
1.711189632383270655e+05
-6.647644076008413685e+04
5.567296561803646000e+02
-1.429339671543476470e+04
-1.340583012736928649e+06
