# -0.35J_-0.65g_0.73304theta_0.73304phi_10Chi_0.01delta_500N
4.848752803424525443e-02
2.955129720887800758e-04
2.152727716937208484e-05
1.957254884608101591e-06
1.022657770649653820e-06
9.303688323462964343e-07
5.052052152284618478e-07
6.413108478772474251e-07
3.286103242695621869e-07
4.738788079415332028e-07
2.461914677506357645e-07
3.705002870213712479e-07
2.004291370922463034e-07
3.030633168278104611e-07
1.718093671385124470e-07
2.571529155710807130e-07
1.523040322863046755e-07
2.249526986664083386e-07
1.381880993276785154e-07
2.019874833322785307e-07
1.276251180450854305e-07
1.855515223109991639e-07
1.197283711978833550e-07
1.738913815235434522e-07
1.141443538934446250e-07
1.657505018967979621e-07
1.108266072878707853e-07
1.600989021787897276e-07
1.098755909728031048e-07
1.559695602184283086e-07
1.113893825139105742e-07
1.523801313506689840e-07
1.153504166821211754e-07
1.483508603810692417e-07
1.215948500484513001e-07
1.430327661451623683e-07
1.298571715740932900e-07
1.359236337457490212e-07
1.398271169345592929e-07
1.270755822585764063e-07
1.511728715780908627e-07
1.171444644685947025e-07
1.635300948749063988e-07
1.071990111171916068e-07
1.764740288269622020e-07
9.837933309576336188e-08
1.894874009687741371e-07
9.160239885356885507e-08
2.019298086380198654e-07
8.742477237494888535e-08
2.130112491757051569e-07
8.604806579857506735e-08
2.217759937264424427e-07
8.738990467240306249e-08
2.271174301324917351e-07
9.113523050108742238e-08
2.278727444907408360e-07
9.668456283617043250e-08
2.230726548521225207e-07
1.029576603251586888e-07
2.123898822231773329e-07
1.081545870357274944e-07
1.966690162683226512e-07
1.098553917067680918e-07
1.781882482168555026e-07
1.059713457201313021e-07
1.603131641785398813e-07
9.627254917773700931e-08
1.466582711772560098e-07
8.288200826056859297e-08
1.403401231937144970e-07
6.886197046304979936e-08
1.438249193100771128e-07
5.644598443705507391e-08
1.593785270420359344e-07
4.649144272180600597e-08
1.893125051324911204e-07
3.890764041244929775e-08
2.333706538290218944e-07
3.322343245754730392e-08
2.780198095430551557e-07
2.893916153838530851e-08
2.848442047633392678e-07
2.567793949069959705e-08
2.305619504961940983e-07
2.320031531852597595e-08
1.577326458629346505e-07
2.132749804815056024e-08
1.045650435271943196e-07
1.992934226546513754e-08
7.237676401325040545e-08
1.892774804790490610e-08
5.333975524616879595e-08
1.827853530378786536e-08
4.178828304515705780e-08
1.795682641791497266e-08
3.454942951447643840e-08
1.794877444227743438e-08
2.990309020976552768e-08
1.824713512780434247e-08
2.689712679280049784e-08
1.884927968863508141e-08
2.498985070925875617e-08
1.975665540049161544e-08
2.386902679075483933e-08
2.097497824556494349e-08
2.335838822749427698e-08
2.251472634948212015e-08
2.336779493610253309e-08
2.439160616424043073e-08
2.386616452680135785e-08
2.662659310990173091e-08
2.486769560037429623e-08
2.924498692360752188e-08
2.642806470480514438e-08
3.227365201094409904e-08
2.865063792017969802e-08
3.573514391475702777e-08
3.170405822200463142e-08
3.963671137155060860e-08
3.585353179403077778e-08
4.395123233938175849e-08
4.151050269798940077e-08
4.858705158377425024e-08
4.930697366442789776e-08
5.334507089828573435e-08
6.019173571353632506e-08
5.786850652488331676e-08
7.549317562634023268e-08
6.160656037716046053e-08
9.669368425360800128e-08
6.383992156540476177e-08
1.240197605322321178e-07
6.384072513842983098e-08
1.505903275895194420e-07
6.120199006609241700e-08
1.451269163682242667e-07
5.623313824447465511e-08
9.316885854292803500e-08
5.023269031519334522e-08
5.970572986944340257e-08
4.464089271634725915e-08
4.943589198140427052e-08
4.030430438048135579e-08
5.076186070778766240e-08
3.709869855360586812e-08
5.984507428747462575e-08
3.421431064318870212e-08
7.512554196798662809e-08
3.094023766608052835e-08
8.908178459250171764e-08
2.721692869607148458e-08
8.443198938582456402e-08
2.349866491368451365e-08
6.190965710508915729e-08
2.025982970242514904e-08
4.150107651594200884e-08
1.772182303447323639e-08
2.910744893117709209e-08
1.589140276808529658e-08
2.218602736406523907e-08
1.467535150865411934e-08
1.829298085880828745e-08
1.395610383122405414e-08
1.606780056226837273e-08
1.362271077271844958e-08
1.480293876298021059e-08
1.357953340367107057e-08
1.412100407203223023e-08
1.374905478015639420e-08
1.381122494325257703e-08
1.407271925287722900e-08
1.375032047705560656e-08
1.450903099111451127e-08
1.386319592400943116e-08
1.502966593138273014e-08
1.410251928981043808e-08
1.561538575775839257e-08
1.443760207053934262e-08
1.625280519766940287e-08
1.484808811450918301e-08
1.693218560119360040e-08
1.532023997271122352e-08
1.764604139511093041e-08
1.584467826104434823e-08
1.838829757168854034e-08
1.641495307255454930e-08
1.915380199572186529e-08
1.702660078948587201e-08
1.993806820870372162e-08
1.767649563476401034e-08
2.073717335691314262e-08
1.836239965757127192e-08
2.154776298398987558e-08
1.908266675532726651e-08
2.236712700391971626e-08
1.983607209689106274e-08
2.319331542152683206e-08
2.062173178086114316e-08
2.402526282100318394e-08
2.143907095031237604e-08
2.486289071708077896e-08
2.228780514702597208e-08
2.570716541168291331e-08
2.316791556544444947e-08
2.656006123164978701e-08
2.407961337306894519e-08
2.742446801568435181e-08
2.502329364769725848e-08
2.830401093685916317e-08
2.599950474085878867e-08
2.920280572400554183e-08
2.700885178729130585e-08
3.012517964346264797e-08
2.805199556444468419e-08
3.107542100653909819e-08
2.912961468430458674e-08
3.205754584745992347e-08
3.024237032906231353e-08
3.307512547772140759e-08
3.139088482193359655e-08
3.413117885746409864e-08
3.257572824938148089e-08
3.522812744588382813e-08
3.379741197429882385e-08
3.636780227036728687e-08
3.505636879745862139e-08
3.755149061383370646e-08
3.635297261891499601e-08
3.878000761556932214e-08
3.768753481450242530e-08
4.005377818385244973e-08
3.906030913362242819e-08
4.137292024607239873e-08
4.047149785967494890e-08
4.273732221167591998e-08
4.192125848505125151e-08
4.414671048829609600e-08
4.340971036389492608e-08
4.560070529771912509e-08
4.493694097186923349e-08
4.709886471724094400e-08
4.650301152789455347e-08
4.864071789161969392e-08
4.810796183425066474e-08
5.022578893687914924e-08
4.975181429653061239e-08
5.185361321331140542e-08
5.143457713231225505e-08
5.352374762106960276e-08
5.315624683508860677e-08
5.523577638148117370e-08
5.491680999405225408e-08
5.698931354240548754e-08
5.671624458180099254e-08
5.878400320262533877e-08
5.855452082563076369e-08
6.061951823997043737e-08
6.043160182204977992e-08
6.249556065057016466e-08
6.234744415339509087e-08
6.441185214657745057e-08
6.430199644082002106e-08
6.636813438267209374e-08
6.629520186453964947e-08
6.836416695079151460e-08
6.832699650552678495e-08
7.039972244864065451e-08
7.039730956895654465e-08
7.247458414311650512e-08
7.250606294703519304e-08
7.458854421377530744e-08
7.465317100145280553e-08
7.674140181288276013e-08
7.683853998528532013e-08
7.893296101391221202e-08
7.906206756561854740e-08
8.116302891658568715e-08
8.132364251314557516e-08
8.343141397657271714e-08
8.362314452711923071e-08
8.573792454536560295e-08
8.596044404827160633e-08
8.808236754978362417e-08
8.833540200411253585e-08
9.046454729390523337e-08
9.074786951082071633e-08
9.288426437451275019e-08
9.319768758352042955e-08
9.534131471279395549e-08
9.568468688101217555e-08
9.783548870266978583e-08
9.820868747706183903e-08
1.003665706220232538e-07
1.007694987153879341e-07
1.029343375755824511e-07
1.033669189243595201e-07
1.055385591883146591e-07
1.060007354208203832e-07
1.081789969153773929e-07
1.086707244831366996e-07
1.108554048829084508e-07
1.113766509036149661e-07
1.135675275826052155e-07
1.141182686624711476e-07
1.163151008566770113e-07
1.168953201495828536e-07
1.190978512973655284e-07
1.197075366175356038e-07
1.219154961100064612e-07
1.225546381883882917e-07
1.247677430753577057e-07
1.254363331933388727e-07
1.276542902307465244e-07
1.283523195981878783e-07
1.305748259669361950e-07
1.313022840061640089e-07
1.335290289603786609e-07
1.342859021742019382e-07
1.365165681380919919e-07
1.373028384372133835e-07
1.395371027013878688e-07
1.403527470964972971e-07
1.425902821433261527e-07
1.434352716419863785e-07
1.456757463109346962e-07
1.465500450891844992e-07
1.487931254858705438e-07
1.496966901065689548e-07
1.519420404628254573e-07
1.528748192866352108e-07
1.551221026612429179e-07
1.560840352758474275e-07
1.583329142513271938e-07
1.593239309684048693e-07
1.615740682795966257e-07
1.625940896974253412e-07
1.648451488273795848e-07
1.658940854443506853e-07
1.681457311551661980e-07
1.692234830488887145e-07
1.714753818898051441e-07
1.725818384292510698e-07
1.748336591826322640e-07
1.759686988068370735e-07
1.782201129190278623e-07
1.793836029440452708e-07
1.816342849012582710e-07
1.828260813727424350e-07
1.850757090549783267e-07
1.862956566456048453e-07
1.885439116454830643e-07
1.897918435814949435e-07
1.920384114933997333e-07
1.933141495172578656e-07
1.955587201963479028e-07
1.968620745656025017e-07
1.991043423709005907e-07
2.004351118748799099e-07
2.026747758713438362e-07
2.040327478931054715e-07
2.062695120475614658e-07
2.076544626357794589e-07
2.098880359748709194e-07
2.112997299545034445e-07
2.135298267200819365e-07
2.149680178080569430e-07
2.171943575771044090e-07
2.186587885435407491e-07
2.208810963362679593e-07
2.223714991604688666e-07
2.245895055337635349e-07
2.261056016009233241e-07
2.283190427250849667e-07
2.298605430215330922e-07
2.320691607399191557e-07
2.336357660758451962e-07
2.358393079525251572e-07
2.374307091939647549e-07
2.396289285499468462e-07
2.412448068620384784e-07
2.434374627965567912e-07
2.450774899133847621e-07
2.472643473130763983e-07
2.489281857944472626e-07
2.511090153404162982e-07
2.527963188588968329e-07
2.549708970193557459e-07
2.566813106460803960e-07
2.588494196515573590e-07
2.605825801516481830e-07
2.627440079856125260e-07
2.644995441211444583e-07
2.666540844734392856e-07
2.684316173166103458e-07
2.705790695583475910e-07
2.723782127964761251e-07
2.745183819290097513e-07
2.763387421901661370e-07
2.784714388021980705e-07
2.803126159765053841e-07
2.824376561831604462e-07
2.842992437447149985e-07
2.864164491407108365e-07
2.882980344680512651e-07
2.904072320587392820e-07
2.923083967737639685e-07
2.944094189179391939e-07
2.963297392025290850e-07
2.984224235331665260e-07
3.003614704675427676e-07
3.024456598376947674e-07
3.044029997210666799e-07
3.064785421185592353e-07
3.084537367971363926e-07
3.105204852872046423e-07
3.125130924751715373e-07
3.145709051132433728e-07
3.165804787244649836e-07
3.186292184848002708e-07
3.206553089396558815e-07
3.226948436437244778e-07
3.247369981965534105e-07
3.267672004360730104e-07
3.288249634850072600e-07
3.308457105404653898e-07
3.329186239301079539e-07
3.349297976950206561e-07
3.370174010419602437e-07
3.390188879557461984e-07
3.411207189225051021e-07
3.431124098817707844e-07
3.452280044962512332e-07
3.472097947937929468e-07
3.493386877228567840e-07
3.513104769570749878e-07
3.534522018122200738e-07
3.554138938253311337e-07
3.575679834227045733e-07
3.595194862240703579e-07
3.616854728742933170e-07
3.636266985722978842e-07
3.658041143429644355e-07
3.677349790603535661e-07
3.699233560455566786e-07
3.718437798675168741e-07
3.740426504391719824e-07
3.759525573297125371e-07
3.781614543920288441e-07
3.800607721346309879e-07
3.822792293746810686e-07
3.841678895011723983e-07
3.863954416188258583e-07
3.882733793477594851e-07
3.905095622900643352e-07
3.923767164606497850e-07
3.946210676545551145e-07
3.964773806575850149e-07
3.987294392272547583e-07
4.005748569551259772e-07
4.028341639265299820e-07
4.046686357046320527e-07
4.069347342248339095e-07
4.087582127463414701e-07
4.110306482819961312e-07
4.128430895560259025e-07
4.151214100856332379e-07
4.169227733828464027e-07
4.192065295736541372e-07
4.209967773658326625e-07
4.232855227733897149e-07
4.250646206687132414e-07
4.273579119028757937e-07
4.291258286020852981e-07
4.314232255028855587e-07
4.331799327399761188e-07
4.354809985233181303e-07
4.372264710212584772e-07
4.395307724492891057e-07
4.412649878475996720e-07
4.435720953810823699e-07
4.452950342013644897e-07
4.476045221375908177e-07
4.493161677248594776e-07
4.516276143347966035e-07
4.533279528102005459e-07
4.556409404803697395e-07
4.573299606801079990e-07
4.596440760275691960e-07
4.613217694735611545e-07
4.636366034771919989e-07
4.653029642991614187e-07
4.676181124096939363e-07
4.692731373293349498e-07
4.715881995834770918e-07
4.732318878303624115e-07
4.755464689561828758e-07
4.771788222435491869e-07
4.794925317553295972e-07
4.811135542296518867e-07
4.834260065221154488e-07
4.850357047008016437e-07
4.873465191506999249e-07
4.889449018782751487e-07
4.912537029201866736e-07
4.928407813346920315e-07
4.951471986777859543e-07
4.967229862672502198e-07
4.990266546086007177e-07
5.005911668034786775e-07
5.028917261420360296e-07
5.044449806191109877e-07
5.067420764929540211e-07
5.082840931630893850e-07
5.105773762956391889e-07
5.121081768042574115e-07
5.143973035072378034e-07
5.159169116413198206e-07
5.182015437676195390e-07
5.197099852527173470e-07
5.219897902257447196e-07
5.234870926761362388e-07
5.257617435521662074e-07
5.272479364242623293e-07
5.295171119157490196e-07
5.309922264579342217e-07
5.332556109901911061e-07
5.347196801961598773e-07
5.369769639191802254e-07
5.384300224851179621e-07
5.406809013130100482e-07
5.421229855717366665e-07
5.443671612276284795e-07
5.457983091141125275e-07
5.480354891242460457e-07
5.494557401169833531e-07
5.516856378479055378e-07
5.530950329319134050e-07
5.553173675997555518e-07
5.567159491988292787e-07
5.589304460898782088e-07
5.603182581640638344e-07
5.625246480795780670e-07
5.639017356875125632e-07
5.660997555458547440e-07
5.674661653123008858e-07
5.696555580125418717e-07
5.710113375140642512e-07
5.731918514984293948e-07
5.745370496649334605e-07
5.767084394576947122e-07
5.780431063540347818e-07
5.802051323644202046e-07
5.815293191721711045e-07
5.836817476928636141e-07
5.849955066402482902e-07
5.871381098293533824e-07
5.884414941462548630e-07
5.905740500234977536e-07
5.918671138996499207e-07
5.939894063326725636e-07
5.952722048583705995e-07
5.973840235423215811e-07
5.986566126653808361e-07
6.007577531070670714e-07
6.020201895841767970e-07
6.041104530818009130e-07
6.053627944334264278e-07
6.074419880470561248e-07
6.086842924985415434e-07
6.107522290408410423e-07
6.119845554886232484e-07
6.140410534776705915e-07
6.152634614362245881e-07
6.173083450845166219e-07
6.185208946290789518e-07
6.205539938071070041e-07
6.217567455494510310e-07
6.237778957401872900e-07
6.249709107680985651e-07
6.269799530551303123e-07
6.281632928859672520e-07
6.301600739011388968e-07
6.313338004440968295e-07
6.333181723313707195e-07
6.344823478421772694e-07
6.364541682239081204e-07
6.376088552597173272e-07
6.395679871895480858e-07
6.407132485665201471e-07
6.426595604911751932e-07
6.437954592371646984e-07
6.457288249464300086e-07
6.468554242775525604e-07
6.487757228637326877e-07
6.498930861234962679e-07
6.518002019324938479e-07
6.529083925582472067e-07
6.548022151403299088e-07
6.559012966305553404e-07
6.577817206886666351e-07
6.588717565623789362e-07
6.607386819081408743e-07
6.618197356582114871e-07
6.636730671504558366e-07
6.647452022251005204e-07
6.665848497218056817e-07
6.676481294668542414e-07
6.694740077627234721e-07
6.705284954151811429e-07
6.723405242025016942e-07
6.733862828287980048e-07
6.751843866215646517e-07
6.762214791075149189e-07
6.780055871964530402e-07
6.790340761935942789e-07
6.808041225774263094e-07
6.818240705003294915e-07
6.835799938323428135e-07
6.845914628052591093e-07
6.863332063331397142e-07
6.873362581705850149e-07
6.890637696731716704e-07
6.900584658555449568e-07
6.917716975798274256e-07
6.927580992180923528e-07
6.944570078174281746e-07
6.954351756415787063e-07
6.971197221071875019e-07
6.980897164298359763e-07
6.997598660322635421e-07
7.007217467345481610e-07
7.023774689569480126e-07
7.033312954573890280e-07
7.049725639304025079e-07
7.059183951709789063e-07
7.075451875993199789e-07
7.084830820229174409e-07
7.100953801346424073e-07
7.110253956705785732e-07
7.126231851314968862e-07
7.135453791690382357e-07
7.151286495277051208e-07
7.160430789144341050e-07
7.176118235203777885e-07
7.185185445352712646e-07
7.200727604896455748e-07
7.209718288279283742e-07
7.225115169001199127e-07
7.234029876632298302e-07
7.249281522269421364e-07
7.258120799206815984e-07
7.273227288848959288e-07
7.281991673890693559e-07
7.296953121218272835e-07
7.305643146968701826e-07
7.320459699691552287e-07
7.329075892367268676e-07
7.343747731398579314e-07
7.352290610832695145e-07
7.366817949588600360e-07
7.375288029142669378e-07
7.389671112960106531e-07
7.398068899378599687e-07
7.412308004661139898e-07
7.420633998206794862e-07
7.434729431843851575e-07
7.442984126085174403e-07
7.456936224750759635e-07
7.465120106553217745e-07
7.478929235859752993e-07
7.487042785513209154e-07
7.500709339500464891e-07
7.508753030538525211e-07
7.522277430869143933e-07
7.530251730212729946e-07
7.543634425429360276e-07
7.551539793319842042e-07
7.564781258272273411e-07
7.572618148299867353e-07
7.585718883317225755e-07
7.593487742465562360e-07
7.606448272866949776e-07
7.614149541499319894e-07
7.626970416626278198e-07
7.634604528624135638e-07
7.647286321434333366e-07
7.654853704151437587e-07
7.667397010348685574e-07
7.674898084768701697e-07
7.687303522174328631e-07
7.694738702870785012e-07
7.707006910761500134e-07
7.714376606075396354e-07
7.726508244546008339e-07
7.733812856622898304e-07
7.745808605877802904e-07
7.753048530682605216e-07
7.764909090356562245e-07
7.772084717970301256e-07
7.783810806538902837e-07
7.790922521041501522e-07
7.802514875037104391e-07
7.809563054772935530e-07
7.821022428343072057e-07
7.828007445932601762e-07
7.839334610044574719e-07
7.846256832559577552e-07
7.857452574332417934e-07
7.864312363443914388e-07
7.875377485731542735e-07
7.882175197746067067e-07
7.893110518283896124e-07
7.899846504378243065e-07
7.910652855293654146e-07
7.917327461592543352e-07
7.928005688775855325e-07
7.934619256505588450e-07
7.945170218999992840e-07
7.951723084679608752e-07
7.962147654074557571e-07
7.968640149616347636e-07
7.978939209436460401e-07
7.985371662344882524e-07
7.995546107547921478e-07
8.001918841054915733e-07
8.011969577340748838e-07
8.018282910588455181e-07
8.028210854004929568e-07
8.034465102093031686e-07
8.044271178307623790e-07
8.050466652654992990e-07
8.060151796512367243e-07
8.066288804875543657e-07
8.075853959832980675e-07
8.081932806563931735e-07
8.091378924066912570e-07
8.097399910225864153e-07
8.106727949380380775e-07
8.112691372917156364e-07
8.121902299724881145e-07
8.127808455737942509e-07
8.136903242814663879e-07
8.142752423626822051e-07
8.151732049550888761e-07
8.157524544883228490e-07
8.166389993779456321e-07
8.172126091029027353e-07
8.180878352079401003e-07
8.186558336384990191e-07
8.195198403367990645e-07
8.200822557843412822e-07
8.209351428543530566e-07
8.214920034512793476e-07
8.223338710469709337e-07
8.228852047516354366e-07
8.237161533436488782e-07
8.242619879643461156e-07
8.250821183042608858e-07
8.256224815203455784e-07
8.264318945874917927e-07
8.269668139614344672e-07
8.277656109338130777e-07
8.282951139308511250e-07
8.290833961338932976e-07
8.296075101431170118e-07
8.303853790138514560e-07
8.309041313526109343e-07
8.316716884047349116e-07
8.321851063532559618e-07
8.329424531336804839e-07
8.334505639343537519e-07
8.341978019843250857e-07
8.347006328730983674e-07
8.354378636994628661e-07
8.359354419103120646e-07
8.366627669422799002e-07
8.371551197290499821e-07
8.378726402909799767e-07
8.383597949419257751e-07
8.390676122132840361e-07
8.395495960659649016e-07
8.402478110501943489e-07
8.407246515096405707e-07
8.414133650132210121e-07
8.418850895590372483e-07
8.425644021392045998e-07
8.430310383506460760e-07
8.437010503021848951e-07
8.441626258651609905e-07
8.448234371957377114e-07
8.452799799151375586e-07
8.459316902968622786e-07
8.463832281088804697e-07
8.470259368718621928e-07
8.474724978713833541e-07
8.481063039670434058e-07
8.485479163992709717e-07
8.491729183764423762e-07
8.496096106614308865e-07
8.502259066476396801e-07
8.506577073913050436e-07
8.512653950552789019e-07
8.516923330567983942e-07
8.522915096030419157e-07
8.527136138651287943e-07
8.533043760043282752e-07
8.537216757522750922e-07
8.543041196743545139e-07
8.547166443538761465e-07
8.552908657146360782e-07
8.556986450087399780e-07
8.562647389170849549e-07
8.566678027505397760e-07
8.572258637377056986e-07
8.576242422892864295e-07
8.581743642968129070e-07
8.585680880059721023e-07
8.591103643682225516e-07
8.594994639396985083e-07
8.600339873699637315e-07
8.604184937830766763e-07
8.609453563550409325e-07
8.613253008707024307e-07
8.618445940092795987e-07
8.622200081705008800e-07
8.627318226321789525e-07
8.631027382811328015e-07
8.636071641389747318e-07
8.639736134121672945e-07
8.644707400507674446e-07
8.648327553834798571e-07
8.653226714926782721e-07
8.656802856143676955e-07
8.661630791632158048e-07
8.665163251292061041e-07
8.669920833578159350e-07
8.673409945197094416e-07
8.678098039511873610e-07
8.681544139748787225e-07
8.686163603786689209e-07
8.689567032406965068e-07
8.694118716508396408e-07
8.697479816491264497e-07
8.701964563229351281e-07
8.705283680622161148e-07
8.709702325091307698e-07
8.712979809158356383e-07
8.717333178676851985e-07
8.720569381782776167e-07
8.724858295951127061e-07
8.728053573469583377e-07
8.732278844244905535e-07
8.735433554802330782e-07
8.739595986009074037e-07
8.742710491342348695e-07
8.746810879130042873e-07
8.749885543863746854e-07
8.753924676444513673e-07
8.756959868301212833e-07
8.760938526004544588e-07
8.763934615698191636e-07
8.767853570822906774e-07
8.770810931937573678e-07
8.774670948811003230e-07
8.777589958065561017e-07
8.781391792955924097e-07
8.784272829629705808e-07
8.788017231054073850e-07
8.790860677248352553e-07
8.794548385545362485e-07
8.797354626151300609e-07
8.800986373713540457e-07
8.803755796281992353e-07
8.807332307655035278e-07
8.810065302155293181e-07
8.813587293754480361e-07
8.816284252850761826e-07
8.819752433219806914e-07
8.822413751805115643e-07
8.825828821569654536e-07
8.828454896958337435e-07
8.831817548910267346e-07
8.834408780802835134e-07
8.837719699618440025e-07
8.840276489554571352e-07
8.843536352350948466e-07
8.846059104108845833e-07
8.849268579948687882e-07
8.851757699327824275e-07
8.854917449796097469e-07
8.857373344054056977e-07
8.860484022782633429e-07
8.862907101337673195e-07
8.865969354328173293e-07
8.868360028073681628e-07
8.871374493769151022e-07
8.873733174953857894e-07
8.876700484079273310e-07
8.879027586509344989e-07
8.881948362276030808e-07
8.884244301077675120e-07
8.887119159335437905e-07
8.889384350452010185e-07
8.892213899538299057e-07
8.894448760233559359e-07
8.897233601153416027e-07
8.899438549450631320e-07
8.902179275876575731e-07
8.904354730505142004e-07
8.907051929752489489e-07
8.909198316168727696e-07
8.911852568396237628e-07
8.913970305951578281e-07
8.916582183313859964e-07
8.918671685996770942e-07
8.921241751781053280e-07
8.923303439943809696e-07
8.925832252212409444e-07
8.927866546426343958e-07
8.930354656490851278e-07
8.932361976902969040e-07
8.934809929297183740e-07
8.936790696080904622e-07
8.939199028459127614e-07
8.941153661224302353e-07
8.943522904702490880e-07
8.945451822649832122e-07
8.947782501588823909e-07
8.949686123180757681e-07
8.951978755589525320e-07
8.953857498441079415e-07
8.956112595791622965e-07
8.957966876521247506e-07
8.960184943984476224e-07
8.962015178191456466e-07
8.964196714547272029e-07
8.966003316434668471e-07
8.968148814336124900e-07
8.969932196743262290e-07
8.972042142745313195e-07
8.973802716871042161e-07
8.975877591388342616e-07
8.977615766816189133e-07
8.979656044352125973e-07
8.981372228647907303e-07
8.983378377852238659e-07
8.985072976639586925e-07
8.987045460282330314e-07
8.988718876968584170e-07
8.990658152174928377e-07
8.992310787896007043e-07
8.994217306042050840e-07
8.995849559472731428e-07
8.997723766456545757e-07
8.999336033600213812e-07
9.001178369791840377e-07
9.002771043977933954e-07
9.004581944372112671e-07
9.006155415967800791e-07
9.007935310198015710e-07
9.009489966508346942e-07
9.011239279021288567e-07
9.012775504270443007e-07
9.014494654284565090e-07
9.016012829288758830e-07
9.017702231057976668e-07
9.019202733226614815e-07
9.020862795944639234e-07
9.022345999015508002e-07
9.023977126994673067e-07
9.025443401078202542e-07
9.027045993964458402e-07
9.028495705072196242e-07
9.030070157911806623e-07
9.031503668117909122e-07
9.033050371404210720e-07
9.034468038564710682e-07
9.035987378403759987e-07
9.037389556097455468e-07
9.038881913966482495e-07
9.040268951438232188e-07
9.041734703836072097e-07
9.043106946211781817e-07
9.044546464261381410e-07
9.045904252300885415e-07
9.047317902055232377e-07
9.048661571951943600e-07
9.050049714986913331e-07
9.051379598139489771e-07
9.052742592012557134e-07
9.054059014930369801e-07
9.055397213236485773e-07
9.056700497561374729e-07
9.058014250038055658e-07
9.059304720198381251e-07
9.060594365240591989e-07
9.061872334219561975e-07
9.063138220492441278e-07
9.064403987671457994e-07
