# 0.0J_-1.0g_0.99484theta_0.0phi_10Chi_0.01delta_500N
-5.773502625370992014e-01
-2.463512634469069897e-03
-9.054971435789474499e-02
1.227092886174327782e-02
-2.898835118117979587e-02
-4.784944938551496940e-01
1.184086654011755613e-01
-3.675879707384897555e-01
-1.289240853298724288e-01
2.713097711400375145e-02
2.208980742726923850e-05
-6.568857913827221680e+12
-1.352036940672533417e+11
-2.732917177655718689e+11
8.772424150636523438e+11
-9.299082343367005615e+11
4.879020646923706665e+11
3.452582933012003784e+11
9.985905366179425049e+11
-4.366493687974088135e+11
-7.566510407902184987e-01
-1.645476925802277374e+10
-1.347741640601930469e+13
-9.980764798928048828e+12
-2.606398425289313672e+13
-1.854001907574372500e+14
-1.137354953539055625e+14
-8.474677793325521875e+13
1.632293438945065312e+14
-1.151653578859581719e+14
-2.006272918865565150e-03
8.580856852562371826e+10
1.451629960040927188e+14
-1.602277628101392000e+15
-4.492018043047053906e+13
6.572991476803062500e+13
6.864719692860552344e+13
-7.264615371219064062e+13
6.325650746126282812e+13
3.560373126879428125e+13
3.935584576706562671e-02
1.121534313057618652e+12
-2.184317659556592578e+13
-6.055531446085789844e+13
1.948284539823875750e+15
-4.137610182117912500e+13
2.669184180862346250e+14
-5.850236932279097656e+13
-2.060300486522433438e+14
-3.928592001919018750e+13
2.030773324609848329e-01
-1.425000670022053711e+12
-1.798624377228649688e+14
-8.105437030378670312e+13
-3.491856835301255000e+14
-3.394797502050933750e+14
1.162916569909811250e+15
1.066334973817736125e+15
-1.331987928287004250e+15
-9.149409401226613750e+14
7.796026010624082948e-04
-2.224299399069537598e+12
-3.499321712411055000e+14
-2.497674429465811875e+14
9.615401847115750000e+13
-2.120578336743390000e+15
-1.088633803538571875e+15
1.652795369357276000e+15
1.273263650732927656e+14
4.231803507916660000e+14
-8.428337647367155350e-02
-1.007480700375310181e+12
1.614393606302987812e+14
1.877781816964351875e+14
1.788121176791978750e+14
1.896270475932744385e+12
1.534983411316269750e+15
1.824780568031806250e+15
2.844651247608138500e+15
-2.801566612135105625e+14
2.412388048579057833e-04
1.627357572304000488e+12
-2.748684428012120312e+14
-1.664437349337121562e+14
7.784519671130392188e+13
1.401144605038881094e+14
-1.350560463618893250e+15
8.752974928678059570e+12
2.662296262477259688e+14
-4.504176581470024000e+15
1.273156936628367427e-03
8.121924631013941650e+11
-2.188225067931085547e+13
7.928619578121976562e+13
-1.979613901572997500e+14
-1.443192039228914500e+15
3.742910215052611500e+15
-2.863145026432124500e+15
1.911909968115398000e+15
-1.017230758607361625e+15
-5.773502957929880219e-01
9.974401680706377477e-04
7.370905322120986369e-01
4.805603129449661365e-02
1.815462814599980157e-02
1.233860729599244171e-01
-7.155129656901375312e-02
1.952041285055614583e-01
1.179577584228871934e-02
-5.356629026798687132e-02
-4.745017765316042664e-04
-6.618388825136094727e+12
-2.836782295560017014e+10
7.490423259129333496e+10
-2.482240567447352600e+11
6.829565314155599976e+10
-1.294380598165352539e+12
2.752547544466940918e+11
-1.102628762781866913e+11
-5.269085400404111328e+11
1.482949610023597542e-01
-1.634261034452744484e+09
-1.355055761859649219e+13
-9.762799795376566406e+12
-2.576491059795990234e+13
-1.854682473836663125e+14
-1.127970067015491562e+14
-8.446605727772525000e+13
1.626513367461530938e+14
-1.148770501094462656e+14
1.435161972300977654e-02
-4.687851003054401245e+11
1.494863841652125625e+14
-1.582137720184914500e+15
-6.890469656846178906e+13
1.070888319958374531e+14
1.133122784298673125e+14
-8.424972285238017188e+13
-5.197884067547392578e+12
8.148305031030935938e+13
-1.292267068536969710e-01
-1.223284887120670410e+12
-3.320337067800517578e+13
-5.160052364857594531e+13
1.937417614841233750e+15
-6.474239850669164062e+13
4.999792910407810938e+13
8.737504081363837891e+12
-2.028697095863060312e+14
-1.491404445849464062e+14
-5.663642106914468233e-01
6.934181029043967285e+11
-1.539883217097449062e+14
-4.821172285295611719e+13
-3.882667219910941875e+14
-2.127277958189582500e+14
1.571946675262827000e+15
9.448549430071630000e+14
-1.491466865284539750e+15
-6.555969189686538750e+14
7.756493017476873142e-02
1.461354710221645752e+12
-3.283663669390908125e+14
-2.377041805909603125e+14
9.559570742117323438e+13
-2.039435468666283500e+15
-6.593994533278833750e+14
1.536383360998456750e+15
3.465485235430782031e+13
6.604539560241972500e+14
2.669215321906883154e-01
2.034297004785361328e+12
2.035505523143648438e+14
1.947541417959824375e+14
1.263396259576509688e+14
1.549502005636295625e+14
2.066694212815254750e+15
1.619239468729225500e+15
2.729414256673830000e+15
5.664905577050190625e+13
2.400524634592985512e-02
-1.825620903444267090e+12
-2.944922817167995000e+14
-1.563003688909352188e+14
6.936953535111534375e+13
9.142597233623173438e+13
-1.698614178330579250e+15
1.200010889005879531e+14
2.859321763838873750e+14
-4.688068054567383000e+15
1.266772435341690373e-01
-8.524682479545312500e+11
-3.850414673369969531e+13
7.260646622725898438e+13
-1.819243661967353125e+14
-1.506748977298360750e+15
3.494728909624039000e+15
-2.780142633961155000e+15
1.971135730282235250e+15
-1.167275682372443750e+15
-5.773502492387893037e-01
1.466072442713230997e-03
-6.465408752032757445e-01
-6.032696431384208108e-02
1.083372223899419125e-02
3.551084219674139897e-01
-4.685736579002544588e-02
1.723838349595737673e-01
1.171283115059937874e-01
2.643531684834294487e-02
4.527317306561308668e-04
-6.613912337421235352e+12
1.629783032219622803e+11
1.950903562039473267e+11
-6.207351309250607910e+11
8.915810612727346191e+11
8.041117350999216309e+11
-5.922191948425429688e+11
-8.718459082033458252e+11
9.603667037225784912e+11
6.083560853414159419e-01
2.186430542515254974e+10
-1.354999748871154688e+13
-9.930872367217785156e+12
-2.533837080466364062e+13
-1.857583364425704062e+14
-1.115708092424155000e+14
-8.466355292877446875e+13
1.630872811974277812e+14
-1.145298792499645156e+14
-1.234534894476369514e-02
3.819127266760894165e+11
1.376013444765751094e+14
-1.607529789289700750e+15
-2.105537751666630859e+13
3.022193523218195703e+13
2.126936193548632031e+13
-4.221117120798598438e+13
9.336673351863368750e+13
-9.470956072507982422e+12
8.987087194029244608e-02
1.119240710121990967e+11
-2.359008882358501953e+13
-5.448916539990772656e+13
1.936321818926741000e+15
-3.736839590022509375e+13
2.034522255709008750e+14
-4.326842609941360938e+13
-2.176156702791507812e+14
-6.367359112841110156e+13
3.632869193755758896e-01
7.303116021967119141e+11
-1.738252034289249375e+14
-7.216312725273587500e+13
-3.341051296003101875e+14
-3.147006520386107500e+14
1.372076412159552250e+15
1.027563352657483875e+15
-1.378751292189979000e+15
-8.104419893456753750e+14
-7.834453950289574364e-02
7.450642195409813232e+11
-3.408314357540304375e+14
-2.412876966014214062e+14
1.157709531592328125e+14
-2.087709148985246750e+15
-8.050360411391757500e+14
1.595282314121803250e+15
7.287901128439185938e+13
5.647134351702092500e+14
-1.826381770042946051e-01
-1.041109707369805176e+12
1.646836605070553438e+14
1.725210281646830938e+14
1.741852556684067812e+14
-3.081990252193471680e+12
1.516369546611283250e+15
1.807872194740491000e+15
2.885069760721023000e+15
-2.895325643056209375e+14
-2.424648567677932520e-02
2.124917047211282654e+11
-2.801245137471985625e+14
-1.608361262670220312e+14
6.849229492172061719e+13
1.319063170197912031e+14
-1.466911143950805000e+15
4.193856974461111719e+13
2.644530394456870625e+14
-4.559607231533585000e+15
-1.279504108619047287e-01
4.470150405508162689e+10
-2.446276252324566406e+13
8.127011497717690625e+13
-2.034272878543235938e+14
-1.447829733201895500e+15
3.678936674680459000e+15
-2.846522389443290000e+15
1.913643386905507000e+15
-1.047622654260171250e+15
