# -0.4J_-0.6g_0.20944theta_1.0472phi_10Chi_0.01delta_500N
5.008367305986079210e-02
6.430545532829702745e-05
5.494349839676097582e-06
3.172140101793474813e-07
5.925554345324945288e-07
2.103469000312544358e-07
3.924718605528232963e-07
2.108742678321961877e-07
2.822025881028304253e-07
2.126758680801695135e-07
2.232170816359280199e-07
2.156293213064180642e-07
1.894644609392876824e-07
2.198492341461636354e-07
1.682720022299073407e-07
2.254846676306307665e-07
1.537516561337308939e-07
2.327168074247134304e-07
1.430607384182604643e-07
2.417610918799954488e-07
1.347607649237885474e-07
2.528702959603770450e-07
1.281033373928254497e-07
2.663368437460897256e-07
1.227014306131318194e-07
2.824929074287305377e-07
1.183685057036513363e-07
3.017053900765779452e-07
1.150360696658905152e-07
3.243582959698715015e-07
1.127090471337746980e-07
3.508070071373754544e-07
1.114381630861518839e-07
3.812769644512144860e-07
1.112965823746186774e-07
4.156625615056771112e-07
1.123503293286156293e-07
4.531649746915374512e-07
1.146128512291020545e-07
4.917063952348284491e-07
1.179794762399440721e-07
5.271155886100344067e-07
1.221528050024942500e-07
5.523198057946833921e-07
1.265971122840543662e-07
5.575111658963680750e-07
1.305934619721649805e-07
5.335108430652938572e-07
1.334584427365279354e-07
4.793838627224909687e-07
1.348609339286067473e-07
4.072476959155471662e-07
1.349976225423055727e-07
3.347913261922405212e-07
1.344524302034022997e-07
2.735420840679571247e-07
1.338729577757652097e-07
2.262498443514151441e-07
1.337326578066266934e-07
1.909196348770725083e-07
1.342862932061796179e-07
1.644491038453489354e-07
1.356530042236747116e-07
1.441560055886939621e-07
1.379315116905379658e-07
1.280958058455772071e-07
1.412950136997393339e-07
1.149675381644489643e-07
1.460489781335910050e-07
1.039367311339952553e-07
1.526493843116962356e-07
9.447256400762453561e-08
1.616806689690211405e-07
8.622463027316086022e-08
1.737819176286190207e-07
7.894433142485219660e-08
1.894825114210633104e-07
7.244384239495971666e-08
2.088621905759659751e-07
6.657866020861511026e-08
2.309131915351267782e-07
6.124053524540739448e-08
2.525887443895167934e-07
5.635291021134514897e-08
2.680906803763153961e-07
5.186605168223486793e-08
2.700304421121298032e-07
4.775114569880957826e-08
2.538193455658349879e-07
4.399229677943974736e-08
2.222098022904921982e-07
4.057715070986049587e-08
1.838709117360266464e-07
3.749103761941422023e-08
1.471782915347244810e-07
3.471673266011248227e-08
1.164635854360287847e-07
3.223664276253931745e-08
9.254215077486479776e-08
3.003391202130066960e-08
7.455701630639446422e-08
2.809274915921803534e-08
6.123678854844131937e-08
2.639852843287999481e-08
5.142519149370487636e-08
2.493784225032964624e-08
4.421804659784251205e-08
2.369866102211837990e-08
3.895113987333234468e-08
2.267005759529369536e-08
3.514990957910755324e-08
2.184314480708832800e-08
3.247951741922396730e-08
2.121133371016836846e-08
3.070428453800537693e-08
2.077083121730374190e-08
2.965763702169806585e-08
2.052114380982782064e-08
2.922126337909710820e-08
2.046559910173020609e-08
2.931195912699171061e-08
2.061195124013934011e-08
2.987434625166691987e-08
2.097311434933707213e-08
3.087741184706802084e-08
2.156801772425847666e-08
3.231310873374350908e-08
2.242251094746989981e-08
3.419608806984002929e-08
2.357013431927521419e-08
3.656444850594549771e-08
2.505231459332707374e-08
3.948182686963187882e-08
2.691697753802488382e-08
4.304123885849457805e-08
2.921337309366889500e-08
4.737101600596009401e-08
3.197895039527934849e-08
5.264302020802741077e-08
3.521133292623451489e-08
5.908251121130171916e-08
3.881795709678608747e-08
6.697750829873321562e-08
4.254658213960091238e-08
7.668151677840489783e-08
4.593942724343611008e-08
8.859542723434748785e-08
4.842024016330344894e-08
1.030998570487672213e-07
4.960994644351144887e-08
1.203872152847552090e-07
4.970938680401732789e-08
1.401152698011240302e-07
4.954021659073540356e-08
1.607650600781751356e-07
5.017915840343295810e-08
1.785473162356097305e-07
5.263727688756613275e-08
1.862344858218624212e-07
5.790166764112999212e-08
1.758027519800583328e-07
6.729012673144436577e-08
1.495668978922212571e-07
8.293967242216578848e-08
1.216438118980897142e-07
1.078388031879117617e-07
1.007673121341588206e-07
1.421659025893993191e-07
8.642843098323560314e-08
1.695895023398998877e-07
7.593459332438401630e-08
1.649741793576602902e-07
6.766198390535422809e-08
1.475081330009082898e-07
6.100309012851730736e-08
1.401822619465051065e-07
5.579300735222083129e-08
1.349238751591772580e-07
5.202634556863848249e-08
1.191569495822492169e-07
4.969501509406067692e-08
9.758527052840395140e-08
4.869159117214659099e-08
8.111070983824414073e-08
4.883010063288034015e-08
7.213033789298983443e-08
4.989925909938665936e-08
6.847597263542492796e-08
5.169719201105907851e-08
6.784814687779572808e-08
5.405549685967005274e-08
6.878816648598302292e-08
5.684851582221109270e-08
7.051512817743650900e-08
5.999022333190107055e-08
7.264613893322455675e-08
6.342572752353160011e-08
7.501429909331638756e-08
6.712245587492274440e-08
7.757054539084027595e-08
7.106312057499868555e-08
8.032901308147231239e-08
7.524070283853434427e-08
8.333284951827274315e-08
7.965496142843615849e-08
8.663186373800831620e-08
8.430994555815448238e-08
9.026940064669445593e-08
8.921220616288583655e-08
9.427671686327195178e-08
9.436959849661019074e-08
9.867256727505600690e-08
9.979058351189085491e-08
1.034654986071985993e-07
1.054838958386052438e-07
1.086570732057071574e-07
1.114583382070527171e-07
1.142448022838722774e-07
1.177226437356072487e-07
1.202243674758979039e-07
1.242853982404019715e-07
1.265910900939536165e-07
1.311550021659134184e-07
1.333407930925715885e-07
1.383396955463218634e-07
1.404702615841567820e-07
1.458476167608709627e-07
1.479774650810734623e-07
1.536868659795030289e-07
1.558616387793049671e-07
1.618655564096769668e-07
1.641232716577279627e-07
1.703918463617346633e-07
1.727640306506816316e-07
1.792739509099154276e-07
1.817866480136388241e-07
1.885201366797783380e-07
1.911947973520981667e-07
1.981387069664062705e-07
2.009929708749173271e-07
2.081379839030627459e-07
2.111863667751377702e-07
2.185262916516926749e-07
2.217807863041069142e-07
2.293119661224321188e-07
2.327825326190191394e-07
2.405033511542460719e-07
2.441983218565517186e-07
2.521087182640565463e-07
2.560352086403193106e-07
2.641363728495499616e-07
2.683005190735459819e-07
2.765946356226108753e-07
2.810017957384109655e-07
2.894918417060176727e-07
2.941467507745553951e-07
3.028363428237595483e-07
3.077432283006290774e-07
3.166365074208387808e-07
3.217991754419180077e-07
3.309007187930712731e-07
3.363226207839731556e-07
3.456373716826477899e-07
3.513216587701257746e-07
3.608548679537310191e-07
3.668044383977723705e-07
3.765616117994698228e-07
3.827791536807755089e-07
3.927660046955478802e-07
3.992540339592393457e-07
4.094764402849041257e-07
4.162373335978312356e-07
4.267012992130371803e-07
4.337373216373305532e-07
4.444489439322128733e-07
4.517622719115192027e-07
4.627277135894427409e-07
4.703204538244879950e-07
4.815459190380057200e-07
4.894201238547907836e-07
5.009118380140917698e-07
5.090695177290527852e-07
5.208337105018705654e-07
5.292768432721038499e-07
5.413197343306633659e-07
5.500502739404320573e-07
5.623780609719946998e-07
5.713979429172552546e-07
5.840167915238477022e-07
5.933279377808119253e-07
6.062439729265544814e-07
6.158482956504362376e-07
6.290675943566696011e-07
6.389669987511866953e-07
6.524955837607269250e-07
6.626919703180724253e-07
6.765358046219889665e-07
6.870310708404091450e-07
7.011960528225919483e-07
7.119920945418806830e-07
7.264840537009608607e-07
7.375827661193069127e-07
7.524074592039474742e-07
7.638107376586986473e-07
7.789738452158793346e-07
7.906835857801250386e-07
8.061907089917999525e-07
8.182088088791842364e-07
8.340654667227895929e-07
8.463938246140933798e-07
8.626054511873134835e-07
8.752459674352912777e-07
8.918179095705520094e-07
9.047724863247266369e-07
9.217100013421518286e-07
9.349805426242118043e-07
9.522887962703577622e-07
9.658772079676406421e-07
9.835612725124260373e-07
9.974694623770939378e-07
1.015534314834071458e-06
1.029764192402160222e-06
1.048214712900070531e-06
1.062768189387729677e-06
1.081609159680224236e-06
1.096488147888534275e-06
1.115724249917420481e-06
1.130930666438684620e-06
1.150566483210384256e-06
1.166102242182575013e-06
1.186142250232827667e-06
1.202009267303667601e-06
1.222457841935041370e-06
1.238658034697253081e-06
1.259519446911728470e-06
1.276054733709193540e-06
1.297333149299457406e-06
1.314205449009660644e-06
1.335904927804918228e-06
1.353116159617177718e-06
1.375240654759566910e-06
1.392792737948770758e-06
1.415346095301236733e-06
1.433240949003413215e-06
1.456226906597603672e-06
1.474466449533460268e-06
1.497888637162057791e-06
1.516474787397090449e-06
1.540336726250253895e-06
1.559271400919375128e-06
1.583576503307406220e-06
1.602861618306938099e-06
1.627613187493780577e-06
1.647250657211856636e-06
1.672451887281104334e-06
1.692443624279609120e-06
1.718097600119607711e-06
1.738445514790194375e-06
1.764555212139307871e-06
1.785261212412716369e-06
1.811829497982289836e-06
1.832895488935267945e-06
1.859925120610911964e-06
1.881353004133385971e-06
1.908846631233998891e-06
1.930638305618869509e-06
1.958598469282154755e-06
1.980755828859116736e-06
2.009184962401519500e-06
2.031709897127221142e-06
2.060610326573012910e-06
2.083504721589300424e-06
2.112878666202988093e-06
2.136144401419700794e-06
2.165993974329864327e-06
2.189632923971181152e-06
2.219960132836429508e-06
2.243974164959684848e-06
2.274780912760079951e-06
2.299171888774523148e-06
2.330459974565468432e-06
2.355229748750733176e-06
2.387000868569552523e-06
2.412151287543723121e-06
2.444407035307265914e-06
2.469939937522395907e-06
2.502681806010726879e-06
2.528599021177647340e-06
2.561828403086048371e-06
2.588131751665797464e-06
2.621849940665941468e-06
2.648541233263321471e-06
2.682749425147834556e-06
2.709830461940997850e-06
2.744529755800891447e-06
2.772002325966879807e-06
2.807193725427851157e-06
2.835059606517837381e-06
2.870744021001376657e-06
2.899004978323515510e-06
2.935183224350375600e-06
2.963841010373421893e-06
3.000513812935423830e-06
3.029570166612797589e-06
3.066738160534124729e-06
3.096194806696263309e-06
3.133858538102387989e-06
3.163717186772035557e-06
3.201877114482035851e-06
3.232139460252256506e-06
3.270795957300216995e-06
3.301463678638531789e-06
3.340617033797088598e-06
3.371691792377772592e-06
3.411342211676469495e-06
3.442825651730027494e-06
3.482973260018206053e-06
3.514867007621379846e-06
3.555511850170491308e-06
3.587817512578954407e-06
3.628959556682175073e-06
3.661678721642118970e-06
3.703317858220466115e-06
3.736452093294331137e-06
3.778588138569747478e-06
3.812138990444831718e-06
3.854771687547153028e-06
3.888740681353131644e-06
3.931869702012842707e-06
3.966258340635749586e-06
4.009883286863755991e-06
4.044693050267627248e-06
4.088813456013688297e-06
4.124045800575950155e-06
4.168661133428090386e-06
4.204317491262548610e-06
4.249427154106696884e-06
4.285508932416983826e-06
4.331112265182842908e-06
4.367620845566036998e-06
4.413717126855781378e-06
4.450653864694317930e-06
4.497242313532912024e-06
4.534608537334769985e-06
4.581688314794151270e-06
4.619485325562763194e-06
4.667055536492163653e-06
4.705284607108484843e-06
4.753344301780132125e-06
4.792006676392826034e-06
4.840554852176630929e-06
4.879651745597219029e-06
4.928687348612824293e-06
4.968219945733352616e-06
5.017741872491194087e-06
5.057711327733988764e-06
5.107718426775849100e-06
5.148125863497622755e-06
5.198616937011742847e-06
5.239463446969367527e-06
5.290437252370827869e-06
5.331723895242032135e-06
5.383179146804339871e-06
5.424906949591068107e-06
5.476842319962051241e-06
5.519012276566250071e-06
5.571426398363034904e-06
5.614039469060926103e-06
5.666930936381697077e-06
5.709988047397579387e-06
5.763355417309257775e-06
5.806857460385810481e-06
5.860699254414047178e-06
5.904647086321671873e-06
5.958961791983730542e-06
6.003356234167636544e-06
6.058142306311838154e-06
6.102984144509106536e-06
6.158240006818228144e-06
6.203529990661851779e-06
6.259254036978910119e-06
6.304992879681732655e-06
6.361183475420959766e-06
6.407371853419644811e-06
6.464027336910403212e-06
6.510665889594195746e-06
6.567784573345864600e-06
6.614873902751110237e-06
6.672454074799047807e-06
6.719994745326971583e-06
6.778034670474744952e-06
6.826027208699874494e-06
6.884525129723449886e-06
6.932970024134571562e-06
6.991924163032062325e-06
7.040821863815355397e-06
7.100230422960892639e-06
7.149581341855995497e-06
7.209442505128004767e-06
7.259247015284307318e-06
7.319558949230085738e-06
7.369817385014245403e-06
7.430578239895290109e-06
7.481290896804741293e-06
7.542498807704242471e-06
7.593665942264459931e-06
7.655319030076323595e-06
7.706940859791030460e-06
7.769037232255730286e-06
7.821113935511733056e-06
7.883651688144212955e-06
7.936183404241670223e-06
7.999160621346758121e-06
8.052147450391706492e-06
8.115562205935837440e-06
8.169004208902062207e-06
8.232854567421214691e-06
8.286751766208202134e-06
8.351035783641043067e-06
8.405388161062775902e-06
8.470103885586284046e-06
8.524911385468687480e-06
8.590056858351503556e-06
8.645319385606135465e-06
8.710892641924164391e-06
8.766610062644068953e-06
8.832609132046522887e-06
8.888781273669153979e-06
8.955204181105657260e-06
9.011830832482956889e-06
9.078675598931828353e-06
9.135756510531798467e-06
9.203021153594245061e-06
9.260556037700993018e-06
9.328238572293355942e-06
9.386227103143653162e-06
9.454325542110495406e-06
9.512767356107388914e-06
9.581279710803449235e-06
9.640174406774472881e-06
9.709098687634410666e-06
9.768445827063946589e-06
9.837780044114076801e-06
9.897579151383736605e-06
9.967321314840912579e-06
1.002757187746681836e-05
1.009771999812823975e-05
1.015842146713674252e-05
1.022897355692458223e-05
1.029012534702927822e-05
1.036107941940548291e-05
1.042268090945734724e-05
1.049403497985238002e-05
1.055608551302432160e-05
1.062783759927967571e-05
1.069033648347755998e-05
1.076248460617881558e-05
1.082543111439445534e-05
1.089797329726299325e-05
1.096136666790134903e-05
1.103430093810622998e-05
1.109814037538681551e-05
1.117146476391836231e-05
1.123574943821213330e-05
1.130946198015538696e-05
1.137419102842579790e-05
1.144828976324402804e-05
1.151346228940874747e-05
1.158794526123816895e-05
1.165356033658507595e-05
1.172842559445499614e-05
1.179448225808709968e-05
1.186972785617467035e-05
1.193622511541477754e-05
1.201184911323768304e-05
1.207878594406730283e-05
1.215478640672906762e-05
1.222216175420548979e-05
1.229853675253935541e-05
1.236634953128347554e-05
1.244309714204328798e-05
1.251134623668355260e-05
1.258846454271922178e-05
1.265714880832617495e-05
1.273463589869246426e-05
1.280375416127575769e-05
1.288160813137062138e-05
1.295115918831359315e-05
1.302937814005524692e-05
1.309936076060616839e-05
1.317794280244735676e-05
1.324835572824724933e-05
1.332729897532463518e-05
1.339814092081272291e-05
1.347744349502904289e-05
1.354871314795581731e-05
1.362837317803066994e-05
1.370006919997087350e-05
1.378008482153234951e-05
1.385220584836517554e-05
1.393257520394909720e-05
1.400511984636032798e-05
1.408584108550263840e-05
1.415880792941616098e-05
1.423987920867432525e-05
1.431326681586981161e-05
1.439468629885038600e-05
1.446849320735309254e-05
1.455025906469962042e-05
1.462448378931538581e-05
1.470659419879248600e-05
1.478123523163574612e-05
1.486368837798685539e-05
1.493874418896756192e-05
1.502153826409809571e-05
1.509700730136475161e-05
1.518014050418627875e-05
1.525602119472194792e-05
1.533949173118424747e-05
1.541578248122916153e-05
1.549958856424733894e-05
1.557628775987147452e-05
1.566042760942888297e-05
1.573753361692227791e-05
1.582200545988013234e-05
1.589951662633963729e-05
1.598431869650202421e-05
1.606223335030149057e-05
1.614736388828385435e-05
1.622568033951088821e-05
1.631113759281199499e-05
1.638985413386420732e-05
1.647563635667958091e-05
1.655475126263972492e-05
1.664085671589315643e-05
1.672036824511212677e-05
1.680679519638361922e-05
1.688670159084082725e-05
1.697344831426650337e-05
1.705374780019992397e-05
1.714081257644585289e-05
1.722150336467244687e-05
1.730888448084312391e-05
1.738996476733675842e-05
1.747766051693033429e-05
1.755912848325371202e-05
1.764713716606344226e-05
1.772899097980876865e-05
1.781731090184016702e-05
1.789954871713896243e-05
1.798817819058200128e-05
1.807079814851104664e-05
1.815973549162855526e-05
1.824273572064198049e-05
1.833197925768420317e-05
1.841535787418374027e-05
1.850490593531891351e-05
1.858866104391923471e-05
1.867851196517196385e-05
1.876264165929598653e-05
1.885279378240875591e-05
1.893729614461047393e-05
1.902774781702387371e-05
1.911262091947156267e-05
1.920337049424664639e-05
1.928861239910685071e-05
1.937965823474564907e-05
1.946526699467272301e-05
1.955660745516288245e-05
1.964258111357421483e-05
1.973421456824571345e-05
1.982055115990013258e-05
1.991247598330228759e-05
1.999917353457479467e-05
2.009138810646277760e-05
2.017844463576093801e-05
2.027094734100872345e-05
2.035836085921262917e-05
2.045115008768458119e-05
2.053891859848985514e-05
2.063199274500466740e-05
2.072011424530354690e-05
2.081347170953939867e-05
2.090194418980314715e-05
2.099558337620705724e-05
2.108440482088281268e-05
2.117832413859907872e-05
2.126749252640373347e-05
2.136169038921149538e-05
2.145120369354655253e-05
2.154567851978467431e-05
2.163553470906018022e-05
2.173028492153705781e-05
2.182048195953368837e-05
2.191550598542384731e-05
2.200604183162318639e-05
2.210133810250263019e-05
2.219221071242530519e-05
2.228777766404055991e-05
2.237898498955678782e-05
2.247482106192782338e-05
2.256636105157749426e-05
2.266246468881123489e-05
2.275433528814928795e-05
2.285070493839261877e-05
2.294290409034536877e-05
2.303953820573907755e-05
2.313206385074329083e-05
2.322896088739159515e-05
2.332181096392920458e-05
2.341896938173625411e-05
2.351214182633005618e-05
2.360956008909965219e-05
2.370305283691821391e-05
2.380072941209421738e-05
2.389454039704578509e-05
2.399247375586039831e-05
2.408660091088591010e-05
2.418478952813114040e-05
2.427923078553297320e-05
2.437767313960403830e-05
2.447242643122080492e-05
2.457112100408652744e-05
2.466618426167164951e-05
2.476512953872316673e-05
2.486050069414399519e-05
2.495969516419368838e-05
2.505537214966112737e-05
2.515481430496812766e-05
2.525079505324043737e-05
2.535048338937283044e-05
2.544676583412666825e-05
2.554669884992937480e-05
2.564328092591344364e-05
2.574345712349648634e-05
2.584033676671853246e-05
2.594075465139582932e-05
2.603792979943249711e-05
2.613858787973158542e-05
2.623605647184171317e-05
2.633695325942357615e-05
2.643471323687435450e-05
2.653584724644886370e-05
2.663389655269105295e-05
2.673526630205511856e-05
2.683360288289735445e-05
2.693520689293723609e-05
2.703382869669357616e-05
2.713566549124977429e-05
2.723457046904388437e-05
2.733663857500322634e-05
2.743582468090846965e-05
2.753812262800660194e-05
2.763758781921863387e-05
2.774011414021398573e-05
2.783985637719556264e-05
2.794260960773446454e-05
2.804262685452094816e-05
2.814560553305239999e-05
2.824589575726483905e-05
2.834909842522122624e-05
2.844965959828538900e-05
2.855308479985234709e-05
2.865391489726614658e-05
2.875756117944050166e-05
2.885865818071656007e-05
2.896252409340732559e-05
2.906388598241723220e-05
2.916797007821662885e-05
2.926959484323907179e-05
2.937389567758274213e-05
2.947578131153317293e-05
2.958029744255779171e-05
2.968244194297893512e-05
2.978717193166065177e-05
2.988957330098197907e-05
2.999451571098464632e-05
3.009717195663714828e-05
3.020232535439824857e-05
3.030523448891313850e-05
3.041059744353623792e-05
3.051375748470344510e-05
3.061932856808116898e-05
3.072273753899876811e-05
3.082851532569203451e-05
3.093217125497577113e-05
3.103815432229483490e-05
3.114205524411867463e-05
3.124824217206841249e-05
3.135238612626991525e-05
3.145877549757739164e-05
3.156316052986310699e-05
3.166975092993972184e-05
3.177437509184367762e-05
3.188116510885927158e-05
3.198602645792371715e-05
3.209301468272732997e-05
3.219811128261436839e-05
3.230529630874890952e-05
3.241062622932791814e-05
3.251800665303738346e-05
3.262356797041577813e-05
3.273114239073063764e-05
3.283693318734649070e-05
3.294470020598284416e-05
3.305071857076613242e-05
3.315867679218240636e-05
3.326492082051959830e-05
3.337306885191620043e-05
3.347953664584239720e-05
3.358787309712976633e-05
3.369456276533118862e-05
3.380308624922083373e-05
3.390999590711886100e-05
3.401870503907079781e-05
3.412583280889254305e-05
3.423472620709899029e-05
3.434207021790618050e-05
3.445114650343091380e-05
3.455870489130226630e-05
3.466796268789135036e-05
3.477573359581068993e-05
3.488517153009890382e-05
3.499315310813359527e-05
3.510276980957150632e-05
3.521096021488709799e-05
3.532075431565410197e-05
3.542915171255811395e-05
3.553912184780825759e-05
3.564772440785963191e-05
3.575786921552607703e-05
3.586667511747362213e-05
3.597699323836764688e-05
3.608600066830803968e-05
3.619649074610402232e-05
3.630569789738238693e-05
3.641635857876134063e-05
3.652576365221046401e-05
3.663659358663961857e-05
3.674619479043625983e-05
3.685719263040080989e-05
3.696698818015856899e-05
3.707815258104412619e-05
3.718814069989809305e-05
3.729947032009615178e-05
3.740964923868078174e-05
3.752114273953208314e-05
3.763151069605429256e-05
3.774316674185825709e-05
3.785372198210778421e-05
3.796553924028102199e-05
3.807628001753633854e-05
3.818825715843640552e-05
3.829918173372323794e-05
3.841131743085770395e-05
3.852242407276374326e-05
3.863471700261394140e-05
3.874600398746453814e-05
3.885845282964741585e-05
3.896991844135926021e-05
3.908252187857477511e-05
3.919416440889848043e-05
3.930692112698128289e-05
3.941873887527162963e-05
3.953164756320223008e-05
3.964363883656709455e-05
3.975669818652679860e-05
3.986886129981474563e-05
3.998207000706376947e-05
4.009440328293993301e-05
4.020776004606399159e-05
4.032026181485235040e-05
4.043376533558856170e-05
4.054643393551566119e-05
4.066008291880145051e-05
4.077291669574591143e-05
4.088670984986629347e-05
4.099970715756052770e-05
4.111364319402599829e-05
4.122680239391776299e-05
4.134088002759989214e-05
4.145419948900203164e-05
4.156841743799552589e-05
4.168189553800038068e-05
4.179625252376703131e-05
4.190988764719689004e-05
4.202438239463591741e-05
4.213817293420092414e-05
4.225280417144228136e-05
4.236674852755280756e-05
4.248151498622565605e-05
4.259561156716071793e-05
4.271051198220799494e-05
4.282475920395006842e-05
4.293979231389584455e-05
4.305418860024626504e-05
4.316935314690854581e-05
4.328389692943623900e-05
4.339919165818953835e-05
4.351388137619741672e-05
4.362930503589197711e-05
4.374413913646234091e-05
4.385969047942917491e-05
4.397466741736879051e-05
4.409034519951792982e-05
4.420546343736864137e-05
4.432126641810988840e-05
4.443652442616107938e-05
4.455245136840713793e-05
4.466784762464658966e-05
4.478389729503474357e-05
4.489943028509467583e-05
4.501560145370845398e-05
4.513126967107498612e-05
4.524756111170140290e-05
4.536336305731075626e-05
4.547977354730048345e-05
4.559570772991135740e-05
4.571223605036704322e-05
4.582830098628034210e-05
4.594494592181408205e-05
4.606114013504175256e-05
4.617790047407067673e-05
4.629422249613633671e-05
4.641109703078913129e-05
4.652754540087451833e-05
4.664453292689945812e-05
4.676110619172414408e-05
4.687820550862880552e-05
4.699490222248743892e-05
4.711211213355644031e-05
4.722893085828920855e-05
4.734625017055038977e-05
4.746318947547882084e-05
4.758061699967188276e-05
4.769767546164162378e-05
4.781521001240810761e-05
4.793238621568030131e-05
4.805002661141428039e-05
4.816731914778564732e-05
4.828506421068924507e-05
4.840247167930913799e-05
4.852032023543534031e-05
4.863784124288487743e-05
4.875579212213421913e-05
4.887342528238023938e-05
4.899147731848555083e-05
4.910922125290257572e-05
4.922737328349631176e-05
4.934522662073885350e-05
4.946347748733224292e-05
4.958143886334366097e-05
4.969978741138829592e-05
4.981785546943971987e-05
4.993630054824097560e-05
5.005447393888549083e-05
5.017301440165467576e-05
5.029129178265376711e-05
5.040992648668710433e-05
5.052830652300026131e-05
5.064703432933527098e-05
5.076551569315420113e-05
5.088433546693107865e-05
5.100291683755760604e-05
5.112182744783559885e-05
5.124050751176002479e-05
5.135950783157177123e-05
5.147828528234773025e-05
5.159737418876559240e-05
5.171624772701535126e-05
5.183542410107756045e-05
5.195439243454525249e-05
5.207365516128076462e-05
5.219271700467146028e-05
5.231206497313423695e-05
5.243121904818116429e-05
5.255065115151932458e-05
5.266989618687153914e-05
5.278941132217920335e-05
5.290874605357295314e-05
5.302834312209115227e-05
5.314776629197132173e-05
5.326744419893479290e-05
5.338695455677184914e-05
5.350671221144681329e-05
5.362630851358544465e-05
5.374614482934807566e-05
5.386582583887432953e-05
5.398573973319225499e-05
5.410550422003867154e-05
5.422549461448389514e-05
5.434534135530294703e-05
5.446540717547245105e-05
5.458533495372605110e-05
5.470547512935416718e-05
5.482548273516870378e-05
5.494569620013355717e-05
5.506578243033807173e-05
5.518606812254590367e-05
5.530623178063526164e-05
