# -0.05J_-0.95g_0.5236theta_0.0phi_10Chi_0.01delta_500N
7.786216671057681095e-03
5.900166843932660147e-05
3.954658210610956648e-06
3.915310132195722031e-07
6.678686151135972457e-07
2.468789347095537250e-07
5.514514576397665486e-07
2.207831373670567975e-07
3.397495987910986294e-07
1.912197951444615603e-07
2.056164271530678203e-07
1.606389737446111738e-07
1.325774453392050469e-07
1.315723732817241492e-07
8.972486160503566378e-08
1.057978290268666879e-07
6.279457038428507335e-08
8.410601517831986456e-08
4.511696095509946878e-08
6.650300427070815448e-08
3.316666453366460556e-08
5.254935320631711515e-08
2.490693226310383630e-08
4.164014203517049533e-08
1.909527661827335486e-08
3.317251051415841359e-08
1.494538043875372733e-08
2.662153365152080414e-08
1.194439371276062981e-08
2.156098847384405432e-08
9.747965059390328300e-09
1.765728264704965073e-08
8.118254300560365532e-09
1.465322948906255401e-08
6.887675729881984223e-09
1.235019307048196232e-08
5.938158264405701874e-09
1.059270165906364063e-08
5.188064132419811793e-09
9.257291742133887221e-09
4.581943588690286541e-09
8.245539653057809966e-09
4.082215870640687366e-09
7.479768751595866037e-09
3.663138291816948807e-09
6.899646274691555003e-09
3.306835221808707269e-09
6.458810654110061271e-09
3.000767558071077736e-09
6.121586609725581743e-09
2.736083852600859242e-09
5.860067103508547692e-09
2.506475395869343738e-09
5.651776405952613154e-09
2.307318444094971198e-09
5.478103186972870797e-09
2.134983892642014631e-09
5.323551878789474098e-09
1.986278035139269013e-09
5.175505034170887877e-09
1.858045509924827548e-09
5.024126711737464468e-09
1.746981251890182647e-09
4.862165479821581380e-09
1.649672622863831877e-09
4.684635611240231342e-09
1.562822315172924444e-09
4.488447867533875535e-09
1.483548419408408804e-09
4.272076686878674424e-09
1.409661790218017907e-09
4.035312373717758514e-09
1.339850989942562176e-09
3.779124359098378983e-09
1.273728507941418446e-09
3.505636982888490807e-09
1.211718935619824156e-09
3.218178893102244897e-09
1.154797870312396139e-09
2.921322182470601331e-09
1.104145125944430005e-09
2.620796578940263713e-09
1.060818450956725353e-09
2.323178069318739962e-09
1.025531657033749375e-09
2.035326090145238022e-09
9.985633902599257065e-10
1.763656703309556321e-09
9.797703833399738052e-10
1.513431669751377848e-09
9.686423405531970507e-10
1.288256465139019619e-09
9.643393400750012497e-10
1.089903456843099558e-09
9.656907469739611816e-10
9.184570021569278609e-10
9.711737091829906601e-10
7.726814763666692744e-10
9.789076462587954301e-10
6.504788958255875153e-10
9.866924317080261192e-10
5.493240090106918816e-10
9.920937143862219962e-10
4.666114151189546734e-10
9.925680300510921844e-10
3.998933147915131937e-10
9.856305768290568224e-10
3.470142593082334833e-10
9.690787668177079998e-10
3.061600247458560600e-10
9.412753545086956288e-10
2.758360903866038028e-10
9.014687638843144747e-10
2.547941312561433460e-10
8.501015755890832663e-10
2.419373201647036517e-10
7.890249097834936271e-10
2.362514507052924298e-10
7.215463199905183395e-10
2.368093386726861250e-10
6.522464546436687112e-10
2.428129164034929798e-10
5.865341753287494176e-10
2.535976677191470110e-10
5.299082377160179480e-10
2.685247693077054239e-10
4.868978595603819637e-10
2.867455656163983041e-10
4.598480394400199993e-10
3.068861304167784040e-10
4.481862912704333533e-10
3.267569420514518975e-10
4.488931985346335951e-10
3.432719168464335921e-10
4.579248246420066680e-10
3.528667492349748146e-10
4.714625144458855410e-10
3.525636897218590385e-10
4.863292765520437306e-10
3.412529684239789631e-10
4.998383942146216709e-10
3.203029673206292499e-10
5.095668504850648717e-10
2.929975803328456864e-10
5.131562127956281951e-10
2.632440731475821326e-10
5.081174281555217818e-10
2.343826609996791838e-10
4.918331477462809886e-10
2.085694372202588503e-10
4.620825794924121833e-10
1.867028025984763022e-10
4.182539448847902578e-10
1.686710473853715706e-10
3.628281715077832624e-10
1.537373302390981333e-10
3.018482701059419258e-10
1.409457729222471142e-10
2.432262387255410624e-10
1.294606326518588168e-10
1.936714846752164888e-10
1.187827706435537661e-10
1.564826265349905279e-10
1.088345818841066672e-10
1.313332633964759429e-10
9.994705066232222836e-11
1.155075376124262147e-10
9.277438355611643071e-11
1.056324688131216095e-10
8.812574990594737946e-11
9.898386331785252959e-11
8.668803058495211819e-11
9.387951220840666177e-11
8.872134361710193830e-11
8.945921553454388632e-11
9.394728619870166235e-11
8.534871317018547840e-11
1.017092640768377557e-10
8.141790207788899921e-11
1.111958205539175473e-10
7.764631806145503983e-11
1.215194741485108481e-10
7.405649856295997878e-11
1.316042794157177225e-10
7.068302288431267994e-11
1.398745824608814880e-10
6.755866597321283130e-11
1.437340496444299540e-10
6.470834595860430559e-11
1.392771502544730477e-10
6.214714960328635866e-11
1.231951930900721710e-10
5.988171450968509134e-11
9.784738200747301237e-11
5.791256482868415271e-11
7.157139212013351516e-11
5.623097132845795768e-11
5.073016402050204618e-11
5.481644699106757568e-11
3.631908557782165197e-11
5.363845818688453784e-11
2.682083802282280804e-11
5.265807263407106647e-11
2.056279867309702458e-11
5.182828620140061359e-11
1.634950884904060904e-11
5.109572858076570454e-11
1.342215452357318726e-11
5.040075886122089115e-11
1.131610021722081017e-11
4.968080028213670174e-11
9.745817349296950856e-12
4.887337608443092493e-11
8.534677517571987494e-12
4.792014113692214535e-11
7.571319804364754594e-12
4.677112623505667801e-11
6.784501170835732368e-12
4.538874174393539298e-11
6.127579845726109986e-12
4.375122796336927797e-11
5.569340611817782109e-12
4.185483081826690709e-11
5.088256948280283253e-12
3.971433680038232582e-11
4.668975894420796237e-12
3.736174451011910366e-11
4.300349067285276812e-12
3.484306568453888447e-11
3.973878875609463468e-12
3.221380459976935570e-11
3.682956308470817556e-12
2.953371429239959537e-11
3.422334851196982037e-12
2.686158691757163284e-11
3.187759706622699970e-12
2.425086519721891750e-11
2.975688216210462823e-12
2.174650307721176225e-11
2.783293792626250416e-12
1.938324353864379746e-11
2.608086457778512461e-12
1.718524745879675143e-11
2.448011272994451850e-12
1.516674152680168957e-11
2.301409350025779938e-12
1.333335022974430416e-11
2.166825529206877632e-12
1.168374642591263763e-11
2.043063778017167274e-12
1.021140285056625836e-11
1.929163163940418754e-12
8.906282672133547983e-12
1.824307525943463015e-12
7.756032377984486006e-12
1.727823571544577034e-12
6.747199216240722490e-12
1.639146638208729819e-12
5.866093562761287832e-12
1.557780573857977181e-12
5.099289205093758539e-12
1.483293616811285647e-12
4.434044110927452822e-12
1.415292372247504084e-12
3.858583678885904690e-12
1.353406741268703049e-12
3.362193953525800909e-12
1.297279319243000364e-12
2.935334326711456324e-12
1.246563808877389236e-12
2.569506240188265777e-12
1.200905995983154089e-12
2.257248245995261306e-12
1.159959876273314262e-12
1.991976218335407826e-12
1.123391059600680183e-12
1.767797364577307893e-12
1.090771295044033541e-12
1.579343460968011617e-12
1.061927405199560813e-12
1.421624532695868237e-12
1.036493373452667675e-12
1.290093770627910788e-12
1.014195831431470297e-12
1.180644849526802888e-12
9.947820432047238897e-13
1.089641790801979001e-12
9.780151527675265432e-13
1.013915254105573514e-12
9.636576384640202418e-13
9.507502682060331414e-13
9.515364029956149433e-13
8.978749031752962498e-13
9.414392015775295736e-13
8.534499758552573452e-13
9.331942143875376977e-13
8.160563944865638414e-13
9.266386973593777944e-13
7.846764015795221668e-13
9.215897588209425475e-13
7.586635846009149904e-13
9.180128625885045688e-13
7.376883404829805118e-13
9.156421965073651505e-13
7.216127442723239253e-13
9.144605307632462418e-13
7.103128099343296304e-13
9.143443479786781568e-13
7.035033554382630878e-13
9.152285541855869108e-13
7.006567979617478431e-13
9.169837684582012862e-13
7.010809421489522587e-13
9.195375426993535293e-13
7.040664232117963717e-13
9.228443799539451419e-13
7.090024199229982410e-13
9.268318743793221918e-13
7.154490347693076617e-13
9.314502243904425721e-13
7.230138947206556472e-13
9.366576574715206220e-13
7.314797803084730820e-13
9.424102473280607774e-13
7.407031830113273136e-13
9.486891017903641320e-13
7.505928157160577677e-13
9.554478849470285369e-13
7.610981397997542502e-13
9.626609156005289876e-13
7.722053323261482740e-13
9.703090590833934841e-13
7.839278477963030448e-13
9.783747879807463632e-13
7.962971559040545531e-13
9.868399305449204389e-13
8.093559482748974460e-13
9.956905501761523985e-13
8.231525010066232804e-13
1.004914873451082890e-12
8.377354757352520243e-13
1.014498061588348274e-12
8.531490557741516453e-13
1.024457011658253204e-12
8.694283681576012853e-13
1.034749960461996190e-12
8.865950609802133016e-13
1.045395837372321349e-12
9.046531171300738741e-13
1.056376408800457063e-12
9.235852003716074181e-13
1.067686982883799993e-12
9.433498784017664788e-13
1.079314569830918654e-12
9.638799875111664550e-13
1.091244976822105968e-12
9.850823644651551851e-13
1.103461467074804229e-12
1.006839075563999298e-12
1.115935269225200201e-12
1.029010179993715788e-12
1.128641645568080650e-12
1.051437935200225278e-12
1.141548625037076040e-12
1.073952216108302133e-12
1.154619184463635367e-12
1.096376800926108051e-12
1.167811590422172586e-12
1.118536080127279990e-12
1.181079907693614950e-12
1.140261705164557288e-12
1.194374701603422748e-12
1.161398691086272372e-12
1.207645925823908119e-12
1.181810562948213865e-12
1.220839129106933542e-12
1.201383660412276277e-12
1.233899271962830291e-12
1.220031150856375746e-12
1.246773165976583120e-12
1.237686237770072651e-12
1.259409674499351758e-12
1.254310576585668947e-12
1.271760872695590657e-12
1.269889422520913679e-12
1.283783089603577826e-12
1.284429064978481991e-12
1.295437779918447133e-12
1.297953639830401255e-12
1.306692190142964245e-12
1.310478479936544238e-12
1.317498538498578407e-12
1.322101256874475428e-12
1.327880689782486140e-12
1.332851857028020903e-12
1.337802130231443835e-12
1.342763446249114573e-12
1.347255392192168514e-12
1.351975613663447659e-12
1.356238784488009603e-12
1.360496685630234173e-12
1.364743629055149526e-12
1.368422356898220699e-12
1.372804097803943426e-12
1.375803145276288838e-12
1.380418191896898390e-12
1.382654279970593141e-12
1.387601086217068604e-12
1.389049436040668114e-12
1.394370407792798751e-12
1.395036218513986670e-12
1.400745556983827468e-12
1.400656615870310525e-12
1.406747088580473548e-12
1.405934779011695490e-12
1.412399562208570568e-12
1.410931107538543991e-12
1.417735657026857388e-12
1.415658921562795997e-12
1.422734682952590352e-12
1.420143369816003944e-12
1.427440033024226928e-12
1.424406252440358949e-12
1.431888243615708830e-12
1.428466430507291402e-12
1.436085222287317184e-12
1.432340204711830642e-12
1.440048605072232851e-12
1.436041657242043964e-12
1.443794886236436827e-12
1.439582965619600512e-12
1.447339393435131583e-12
1.442974679083066833e-12
1.450696297478791816e-12
1.446225966912196008e-12
1.453878641518720572e-12
1.449344831229791755e-12
1.456898394470116525e-12
1.452338269924153859e-12
1.459766506390118006e-12
1.455210980795148787e-12
1.462492992874226841e-12
1.457973267389942170e-12
1.465086982768649124e-12
1.460625287653902560e-12
1.467556824734055015e-12
1.463173135618974433e-12
1.469910131614669741e-12
1.465620950784385034e-12
1.472153852689708365e-12
1.467972544828435218e-12
1.474294356649861109e-12
1.470231465356302237e-12
1.476337554329258497e-12
1.472401044066263766e-12
1.478290737939629306e-12
1.474484430672734892e-12
1.480156452196488448e-12
1.476484624198353570e-12
1.481939049545672161e-12
1.478404493453651045e-12
1.483642404751409145e-12
1.480246798338031630e-12
1.485269821938749038e-12
1.482014200966308781e-12
1.486825994250638693e-12
1.483709280591247310e-12
1.488317437649567824e-12
1.485334538181540569e-12
1.489744628118373283e-12
1.486892405306201577e-12
1.491110658610364997e-12
1.488385251743958625e-12
1.492417965266278822e-12
1.489815376826008435e-12
1.493667818307059109e-12
1.491185027481629267e-12
1.494869821153754111e-12
1.492496401202205737e-12
1.495984738912568175e-12
1.493751619587809658e-12
1.497100390674655955e-12
1.494952775996697903e-12
1.498165779506842526e-12
1.496101874277796532e-12
1.499163846185829449e-12
1.497200914145747968e-12
1.500128453045357417e-12
1.498251765298508129e-12
1.501050925765652672e-12
1.499256348616598515e-12
1.501933501387761725e-12
1.500216447243161119e-12
1.502780100717773296e-12
1.501133830819660575e-12
1.503590845721006348e-12
1.502010194982470728e-12
1.504366252329765945e-12
1.502847211482217678e-12
1.505106827283784300e-12
1.503646472179608092e-12
1.505818606498977873e-12
1.504409547069651279e-12
1.506487702800336621e-12
1.505137927998882323e-12
1.507131797567723765e-12
1.505833077579886074e-12
1.507749015264362026e-12
1.506496396684551694e-12
1.508340646919565853e-12
1.507129252133232795e-12
1.508906176872409844e-12
1.507732947362357069e-12
1.509446668434336176e-12
1.508308751168502220e-12
1.509963134327602159e-12
1.508857883565051427e-12
1.510456550951087498e-12
1.509381515632447799e-12
1.510927857572497090e-12
1.509880781891329195e-12
1.511377951725472501e-12
1.510356767051682275e-12
1.511807698870394888e-12
1.510810520310897488e-12
1.512217933089986138e-12
1.511243043996387611e-12
1.512609452914251244e-12
1.511655306051781756e-12
1.512983028508639858e-12
1.512048231751909803e-12
1.513339401319187428e-12
1.512422709211653822e-12
1.513679281473395369e-12
1.512779647544325068e-12
1.514003359264872929e-12
1.513120326495296478e-12
1.514312290266620411e-12
1.513444960744732937e-12
1.514606711963491448e-12
1.513754297590304277e-12
1.514887236682285558e-12
1.514049054775078662e-12
1.515154452740546310e-12
1.514329918565774624e-12
1.515408927148435526e-12
1.514597550965472880e-12
1.515651205993730115e-12
1.514852579025635227e-12
1.515881813516709618e-12
1.515095601255004404e-12
1.516101258327813974e-12
1.515327196690813034e-12
1.516310024556393138e-12
1.515547910032560366e-12
1.516508583590550918e-12
1.515758267880220400e-12
1.516697385165105911e-12
1.515958767809206283e-12
1.516876862936229631e-12
1.516149891039048724e-12
1.517047438094838804e-12
1.516332089944640066e-12
1.517209509057600312e-12
1.516505797947863619e-12
1.517363464502937163e-12
1.516671427805995409e-12
1.517509676007714273e-12
1.516829378041021230e-12
1.517648500630786653e-12
1.516980020758924718e-12
1.517780282956633125e-12
1.517123714397368981e-12
1.517905354328586550e-12
1.517260798131200478e-12
1.518024031845904602e-12
1.517391599929116896e-12
1.518136620708744403e-12
1.517516423201468965e-12
1.518243413624747884e-12
1.517635562696339322e-12
1.518344689551449975e-12
1.517749301603886921e-12
1.518440722519597711e-12
1.517857896567707708e-12
1.518531768779637950e-12
1.517961612623679504e-12
1.518618077967357921e-12
1.518060682300009746e-12
1.518699888846738205e-12
1.518155331588831633e-12
1.518777429031899080e-12
1.518245780486414861e-12
1.518850916042683557e-12
1.518332232023860309e-12
1.518920560937370677e-12
1.518414885456147761e-12
1.518986563044873934e-12
1.518493921174666067e-12
1.519049113135401905e-12
1.518569519246721943e-12
1.519108395218650149e-12
1.518641847004047279e-12
1.519164583914325711e-12
1.518711060133559159e-12
1.519217847056906561e-12
1.518777312465811329e-12
1.519268339645713070e-12
1.518840745509277498e-12
1.519316216484451127e-12
1.518901494295845272e-12
1.519361621071719503e-12
1.518959687327259650e-12
1.519404689215458134e-12
1.519015450685381865e-12
1.519445550542638771e-12
1.519068894867830267e-12
1.519484661484350010e-12
1.519120128986160516e-12
1.519522145339125833e-12
1.519169261736303739e-12
1.519557720717374705e-12
1.519216387313072931e-12
1.519591491452555371e-12
1.519261598415535583e-12
1.519623555250800933e-12
1.519304986807762969e-12
1.519654006493888814e-12
1.519346632487986714e-12
1.519682935158991143e-12
1.519386618156573962e-12
1.519710426319983597e-12
1.519425014985491209e-12
1.519736558838350904e-12
1.519461893633264290e-12
1.519761406507108558e-12
1.519497319342687637e-12
1.519785045297663505e-12
1.519531360734440202e-12
1.519807538490613564e-12
1.519564071332587287e-12
1.519828951971696261e-12
1.519595508752176458e-12
1.519849347899626724e-12
1.519625724886312561e-12
1.519868777159052435e-12
1.519654776636177410e-12
1.519887301199946199e-12
1.519682699043515454e-12
1.519904967163859220e-12
1.519709547086731413e-12
1.519921820535354938e-12
1.519735356961428934e-12
1.519937910795719445e-12
1.519760166680712454e-12
1.519953278469770106e-12
1.519784013497743908e-12
1.519967962707441055e-12
1.519806937198989876e-12
1.519982001306658899e-12
1.519828963672530542e-12
1.519995431370003766e-12
1.519850129842360242e-12
1.520008286645722077e-12
1.519870467372124635e-12
1.520020595750556263e-12
1.519889989327576897e-12
1.520032392646135455e-12
1.519908736398287928e-12
1.520043695361572567e-12
1.519926764022551243e-12
1.520054555017789043e-12
1.519944565597798152e-12
1.520064969202085636e-12
1.519961662636604625e-12
1.520074974491814289e-12
1.519978076758798686e-12
1.520084591153521202e-12
1.519993829506966123e-12
1.520093836681148378e-12
1.520008926528454570e-12
1.520102734559725242e-12
1.520023401958291902e-12
1.520111305867524911e-12
1.520037264720184761e-12
1.520119557992070780e-12
1.520050540734287381e-12
1.520127516524197010e-12
1.520063232225574042e-12
1.520135194425590754e-12
1.520075363777196421e-12
1.520142607171053407e-12
1.520086942384756262e-12
1.520149765861754910e-12
1.520098002172563436e-12
1.520156684860293559e-12
1.520108525408082799e-12
1.520163378249285390e-12
1.520118564562435278e-12
1.520169854322107647e-12
1.520128110675567156e-12
1.520176122015992465e-12
1.520137179181122143e-12
1.520182201697089414e-12
1.520145789394869776e-12
1.520188081991989199e-12
1.520153958733580509e-12
1.520193794790397297e-12
1.520161698909246473e-12
1.520199333546824231e-12
1.520169017083129297e-12
1.520204717300854109e-12
1.520175936387409329e-12
1.520209942131508252e-12
1.520182463020511780e-12
1.520215021098421609e-12
1.520188610394444885e-12
1.520219942367387727e-12
1.520194413820008127e-12
1.520224730304397723e-12
1.520199847761242174e-12
1.520229391111685756e-12
1.520204945262772331e-12
1.520233910939288416e-12
1.520209736736295899e-12
1.520238309308521140e-12
1.520214223890137741e-12
1.520242577584039194e-12
1.520218402448497875e-12
1.520246728642789355e-12
1.520222300894904888e-12
1.520250748970717251e-12
1.520225937388855838e-12
1.520254670624144062e-12
1.520229310633574872e-12
1.520258454284722408e-12
1.520232998856261235e-12
1.520262126092387158e-12
1.520237961259010803e-12
1.520265676266323924e-12
1.520242723451131314e-12
1.520269124019474363e-12
1.520247287290444575e-12
1.520272449812704119e-12
1.520251693129770322e-12
1.520275637465581296e-12
1.520255838892235491e-12
1.520278901210943779e-12
1.520259380815708038e-12
1.520282416245572203e-12
1.520261135628386812e-12
1.520285825866639501e-12
1.520258490822158442e-12
1.520289118966649905e-12
1.520223293320765400e-12
1.520292320882972555e-12
1.520263996413433634e-12
1.520295342496084293e-12
1.520269107900050468e-12
1.520298270202964864e-12
1.520269100662134482e-12
1.520301073009451964e-12
1.520268308596953913e-12
1.520303771093434835e-12
1.520267412957032500e-12
1.520306296132806535e-12
1.520266600244193168e-12
1.520308704086560677e-12
1.520265927702995429e-12
1.520310979414741254e-12
1.520265355842107959e-12
1.520313145977084449e-12
1.520264888678670800e-12
1.520315160158163801e-12
1.520264484052853026e-12
1.520317027652451597e-12
1.520264165339445083e-12
1.520318785871677228e-12
1.520263869742599406e-12
1.520320388746703304e-12
1.520263612001121326e-12
1.520321874951011965e-12
1.520263421508710938e-12
1.520323235792858330e-12
1.520263251972513230e-12
1.520324426050647472e-12
1.520263131552014443e-12
1.520325532066306187e-12
1.520265051484546774e-12
1.520326526180353068e-12
1.520266569788466474e-12
1.520327349039304975e-12
1.520267207051256241e-12
1.520328091865596086e-12
1.520266558966718994e-12
1.520328707557070481e-12
1.520264849021297710e-12
1.520329216394001196e-12
1.520265879835959369e-12
1.520329600368368828e-12
1.520267082284145074e-12
1.520329923465208785e-12
1.520268356416781910e-12
1.520330103182638903e-12
1.520269579740772929e-12
1.520330212973804619e-12
1.520270446383817183e-12
1.520330210574262512e-12
1.520270245663484925e-12
1.520330154012245752e-12
1.520266132717083911e-12
1.520330005320106667e-12
1.520261490878852742e-12
1.520329786447640795e-12
1.520257050602815687e-12
1.520329493979200879e-12
1.520276699270454542e-12
1.520329158827456179e-12
1.520270367518364373e-12
1.520328721066336050e-12
1.520274063975595566e-12
1.520330092687041711e-12
1.520276433862066152e-12
1.520331680528448500e-12
1.520278952979014700e-12
1.520333234669070376e-12
1.520283012094169947e-12
1.520334777362383578e-12
1.520287296708878194e-12
1.520336183060523251e-12
1.520291484382179999e-12
1.520337294757089584e-12
1.520294764915824701e-12
1.520337640164171858e-12
1.520296109983443009e-12
1.520334019858732358e-12
1.520294608040467788e-12
1.520325001680073887e-12
1.520294257086411684e-12
1.520334093282994532e-12
1.520292145229666378e-12
1.520336568579297064e-12
1.520290404423366507e-12
1.520335491494466671e-12
1.520291510864162534e-12
1.520333277828901672e-12
1.520292562129665668e-12
1.520330898438561652e-12
1.520293571756451366e-12
1.520328619626677614e-12
1.520294517503345073e-12
1.520326508191765945e-12
1.520295403772226790e-12
1.520324579274735053e-12
1.520296252870466925e-12
1.520322841055401553e-12
1.520297035780533038e-12
1.520321272700551652e-12
1.520297774671071531e-12
1.520319840206595383e-12
1.520298435845940891e-12
1.520318540956471622e-12
1.520299072830344599e-12
1.520317374041441283e-12
1.520299632614054034e-12
1.520316334733981576e-12
1.520300157741307471e-12
1.520315401367217369e-12
1.520300584235069685e-12
1.520314598714998790e-12
1.520300993325414071e-12
1.520313936105852976e-12
1.520301325189240236e-12
1.520313430643113552e-12
1.520301617195909403e-12
1.520313137737142347e-12
1.520301861420854598e-12
1.520313083409805105e-12
1.520302045416563010e-12
1.520313323478000509e-12
1.520302189345095367e-12
1.520313833864327956e-12
1.520302286424137717e-12
1.520314603749963572e-12
1.520302329267124709e-12
1.520315543428788543e-12
1.520302340825420786e-12
1.520316510431364807e-12
1.520302330003082204e-12
1.520317188064832406e-12
1.520302290872301663e-12
1.520316821935010996e-12
1.520302191631846268e-12
1.520312106339205871e-12
1.520302082944222692e-12
1.520300485899554727e-12
1.520301950082179272e-12
1.520309794002262716e-12
1.520301806793899250e-12
1.520321940377754925e-12
1.520301631200762384e-12
1.520317267880569933e-12
1.520301433669977580e-12
1.520319975233766486e-12
1.520301251470322838e-12
1.520321922058168733e-12
1.520301049312403182e-12
1.520323557852162172e-12
1.520300851997613291e-12
1.520327261501467672e-12
1.520300646785011559e-12
1.520331328561209642e-12
1.520300493035812720e-12
1.520335404776657575e-12
1.520300292053318129e-12
1.520338790776750051e-12
1.520300131294913695e-12
1.520340521002916931e-12
1.520299968621278576e-12
1.520344490571609318e-12
1.520299845690737782e-12
1.520339055131733220e-12
1.520299707980223872e-12
1.520337025414777623e-12
1.520299646557520763e-12
1.520335301061695076e-12
1.520299598154998752e-12
1.520336430095854765e-12
1.520299571944582075e-12
1.520337496673236423e-12
1.520299569969124725e-12
1.520338516073339580e-12
1.520299610457398518e-12
1.520339485089362111e-12
1.520299688720360920e-12
1.520340414018311217e-12
1.520299792790633034e-12
1.520341266832312297e-12
1.520299939932155620e-12
1.520342072293307262e-12
1.520300149619296969e-12
1.520342832702459262e-12
1.520300418980855420e-12
1.520343520235935028e-12
1.520300698779930906e-12
1.520344157689727787e-12
1.520301008534766424e-12
1.520344730605708564e-12
1.520301392579793576e-12
1.520345259819186769e-12
1.520301826351988480e-12
1.520345708528867264e-12
1.520302285669187985e-12
1.520346119468769930e-12
1.520302792540308627e-12
1.520346472418887169e-12
1.520303361029775739e-12
1.520346759181374837e-12
1.520304414608711196e-12
1.520346998454300100e-12
1.520305482465175402e-12
1.520347192817116646e-12
1.520306591330109436e-12
1.520347309247384006e-12
1.520307649316691327e-12
1.520347429076270739e-12
1.520308648092588190e-12
1.520347456835887853e-12
1.520309684047522034e-12
1.520347472759593262e-12
1.520310657535141390e-12
1.520347418996660375e-12
1.520311557859287254e-12
1.520347354252594462e-12
1.520312452135619603e-12
1.520347250611861932e-12
1.520313359082703161e-12
1.520347128925686536e-12
1.520314147756128179e-12
1.520346962725754616e-12
1.520314929213194192e-12
1.520346809249746917e-12
1.520315656917180784e-12
1.520346607859404826e-12
1.520316336686327548e-12
1.520346391196172369e-12
1.520316976582263023e-12
1.520346173516297174e-12
1.520317561277369434e-12
1.520345960395033924e-12
1.520318092962455029e-12
1.520345720515518095e-12
1.520318563845373427e-12
1.520345501702806934e-12
1.520318991953615492e-12
1.520345255782569614e-12
1.520319363004112829e-12
1.520345013591651245e-12
1.520319690631928699e-12
1.520344854562869355e-12
