# -0.05J_-0.95g_0.73304theta_0.0phi_10Chi_0.01delta_500N
-5.773515846892133263e-01
4.313782004379935753e-01
-6.794794381956875684e-01
1.257767113955279327e-02
-3.968986269803233442e-03
5.316561022170073966e-03
-6.629201220785527378e-03
4.242772211036994860e-03
-5.221896341076174425e-03
-1.627051798292589277e-04
7.879932789988935982e-01
-1.320021491201795127e+00
1.211772388412027945e+00
4.755195299705806633e+01
-4.068569889258384364e+01
3.471634214133740670e+01
-5.276208405374565302e+01
5.068394431956702562e+01
-3.647049238947107597e+01
-9.823564488014412399e-01
-2.134657400519300863e-01
-3.242849002538565895e-01
-3.599990191051916644e-01
-3.743799134373338333e+00
-6.382333066296117607e+01
1.963676922106375144e+01
5.870152551501696081e+01
3.648979787783571993e+01
5.073272747170984331e+01
7.440430421566605057e-01
-6.166535526479752921e-03
2.914645663471798542e+01
3.793743979851975467e+01
6.364024858346999281e+03
9.857506449351278206e+03
2.826365129873619935e+03
-3.287090144268962467e+04
-3.253706869944194295e+03
-1.847032576496205002e+04
2.204716614410116454e+05
1.228194782811668946e-02
7.793110636591002560e+01
-1.176086457951705100e+01
-7.648426338810143534e+03
1.096525748759046655e+04
2.123454127667108696e+04
3.468795828540934053e+03
-1.064171432689995527e+04
4.683568390861553326e+02
5.691508085306439316e+05
-1.875308189436180510e-03
2.821363757535123540e+01
5.505595647823461292e+01
2.664812056581546494e+04
9.879083625229124664e+03
-7.986000084063662507e+04
-1.384725760184602696e+05
2.331313646984162006e+03
-4.898941409620798368e+04
-3.754819252925857436e+06
8.809988739496290092e-03
2.799458488191887184e+01
-6.228593437107217312e+01
-3.452454794867431247e+03
-2.953960495158589401e+04
-1.516903091670910071e+05
1.036453893777012854e+05
1.862305207020426678e+04
5.354681706368157757e+04
-4.697145729686337523e+06
4.493187096020168428e-03
6.475988504804192303e+01
-7.585782474324260782e+00
-5.137065782177660367e+03
9.867629468801518669e+03
1.492806704027978958e+04
-5.745633014439094040e+03
-1.235237985818797279e+04
-3.779961755479647309e+03
2.873264243229955900e+05
-5.529385494051852756e-03
7.581104896820490602e+00
6.474349295664654846e+01
1.397654300054702617e+04
1.373355611382484494e+04
1.322302225441512564e+04
-7.457727514714391145e+04
-3.922855820834389306e+03
-5.702365749012639571e+04
5.287886313635954866e+05
2.609378775685058591e-04
-5.245258044356816418e-01
-3.064401866240808125e+00
8.320019934389748378e+05
9.716242875897932390e+04
3.513135369661772711e+04
-5.474638116226739250e+06
2.072507889485537016e+05
-2.268351784520463552e+06
7.550313805572552979e+07
-5.773515484331125380e-01
-8.041355825678259128e-01
-3.384472481060307736e-02
-2.851591456094062366e-03
1.287707705557081597e-02
3.082775035702805134e-03
7.918879762644229214e-03
4.242772901736793431e-03
-5.221895238532681290e-03
-1.751531555455227730e-04
-5.788634373975001246e-01
-9.842981105376595874e-01
1.304548606272973310e-01
4.375917483774003358e+01
-5.933563487551895221e+00
-6.669667437996207582e+01
-3.891409322873970211e+01
6.259125428167293670e+00
6.217107272352347280e+01
2.382109570687421130e+00
-5.756893194635381850e-01
-1.405602589625939425e+00
-6.957225269703268822e-01
-3.849593196671019513e+01
-6.761611248607496805e+01
5.788745349670731954e+00
-4.271150841229238182e+01
-6.213848842769150593e+01
6.218013544312197105e+00
1.002267658344486029e-01
-7.553211706945591256e-03
3.342503228309327312e+01
7.546087475693020963e+01
1.077148074015792554e+04
1.019310502012146208e+04
-1.725734754999797133e+03
-2.386271789485675617e+04
1.084284428646942433e+04
8.829606230021528972e+03
2.834401536477879272e+05
-1.148135168324478268e-02
4.040767055202699964e+01
-7.482296561799729240e+00
-7.312867455466011052e+03
6.557771045749483164e+03
3.024343190104027235e+04
8.020899626941868519e+03
2.503060559339302017e+03
-1.622956527802960591e+04
6.892789268479757011e+05
8.567328236122186830e-03
-7.562295768058621093e+01
3.195550351787043653e+01
3.459347699309852032e+04
1.135485992541984842e+03
-9.195772880367835751e+04
-1.586785258552047599e+05
1.496415486249632704e+04
7.087265475019699079e+04
-3.563637266660158988e+06
-2.780928367622561952e-03
4.894133385011169679e+00
4.155070501729718302e+01
5.291195350706065256e+03
-2.159222800308184378e+04
-1.314801308184589434e+05
9.153412255521236511e+04
-1.132831239240922332e+04
1.563317281777718199e+04
-4.518580326845321804e+06
4.493187335479866158e-03
-3.894942260075474394e+01
-5.229082146152060062e+01
-5.977069443214862986e+03
-9.382677211612790416e+03
-2.491050754422748469e+03
1.580027229081847327e+04
-1.235239027702067142e+04
-3.779936080739700628e+03
-2.022296414042399556e+05
-5.529386188122593741e-03
5.227894422961624343e+01
-3.893717723284272836e+01
-1.888227725529163581e+04
5.237753027900553207e+03
5.798300973398769565e+04
4.872394385583691474e+04
-3.922776679118958327e+03
-5.702417316065062914e+04
1.698457213279098505e+06
-3.062645382760551243e-04
2.599736273653579399e+00
-1.776796035280499897e+00
5.083994932188177481e+05
6.555029182802955620e+04
9.068375557488922495e+05
-4.663661506502356380e+06
8.887091391319103423e+04
1.439218156630826415e+06
5.222115290382866561e+07
-5.773515213511157818e-01
3.727573722356499752e-01
7.133242412628429951e-01
-9.726078948690836806e-03
-8.908089687110950713e-03
-8.399335487335924180e-03
-1.289678946362493410e-03
4.242770815543510203e-03
-5.221894569137987101e-03
3.379617470739499155e-04
-2.091299008488703703e-01
-2.157111370832517638e-01
9.618588239826654229e-01
7.575179643567146570e+01
-2.002497899687665139e+01
-3.997423204653636208e+00
4.198816082128298888e+01
-5.694306554760237304e+01
-2.570058123371520864e+01
1.254483529144188703e+00
7.891551099319312756e-01
-5.741987181127329309e-01
-1.464309550074216260e+00
-2.440451229813624678e+01
-3.562349288447569506e+01
-7.511349788346845457e+01
1.998772477413738002e+01
2.564867810496055966e+01
-5.695073871175136304e+01
3.336010383906210741e+00
1.371974868166389583e-02
-1.210499505972417511e+00
6.040451325391937587e+01
8.858378184456414601e+03
6.208335488744888607e+03
8.352297487529245700e+03
-2.442478921949286450e+04
-7.589123333639076918e+03
9.640640869313489020e+03
3.575174625601369189e+05
-8.005974878681760935e-04
5.546402905699111585e+01
-4.211783283809428724e+01
-1.129763808241999868e+04
8.470898726701607302e+03
2.968141958267797236e+04
-2.056428681869921093e+03
8.138658889480017024e+03
1.576122896726416911e+04
5.731868222476713127e+05
-6.692018660182150365e-03
-3.699079890205288823e+00
-4.641940758836656045e+01
2.304857017263263333e+04
-1.373673281316497651e+03
-1.034057280766704644e+05
-1.380967379886140407e+05
-1.729542153277829857e+04
-2.188333412398339351e+04
-3.794269861452149227e+06
-6.029061816107653300e-03
-7.348079610256198180e+01
-3.037319755311727931e+01
7.801936718567566459e+03
-3.313811244322238053e+04
-1.520721170262239175e+05
8.008537399072307744e+04
-7.294722341866099669e+03
-6.917991382444882765e+04
-4.448772710323651321e+06
4.493187201026814168e-03
-2.581046708009191448e+01
5.987660408964665493e+01
1.111417981060981219e+04
-4.849513462205007954e+02
-1.243717371072304923e+04
-1.005490801306979120e+04
-1.235239151776235849e+04
-3.779731483336228848e+03
-8.345484146077868354e+04
-5.529386498881500196e-03
-5.986005944447694560e+01
-2.580631146220425620e+01
4.905599652476736992e+03
-1.897121309056391328e+04
-7.120547965146039496e+04
2.585312317026793608e+04
-3.923070429246108233e+03
-5.702329598496446124e+04
-2.228192346019654535e+06
4.546405169957959164e-05
-7.726038959162936925e-02
2.863886147423078676e-01
6.419615719890533946e+05
3.610822339434336172e+05
1.170742531729937065e+06
-5.815541027417064644e+06
-2.955539530347929103e+05
8.262956176342262188e+05
7.765121000871965289e+07
