# -0.25J_-0.75g_0.99484theta_1.0472phi_10Chi_0.01delta_500N
-5.777365722354207422e-01
6.541629442625807034e-01
4.672769776151364796e-01
1.540315730951083706e-01
-1.110882162072549320e-02
3.893490106895383662e-02
7.114784248840708147e-02
-7.830108066414390167e-02
-5.276643067514440785e-04
-2.736002592233146083e-02
7.981480888252031614e-01
-1.445161349972429399e+00
-7.353385269029691917e-01
4.219028330417816441e+00
-1.469496533783185011e-01
2.318624220608159092e+00
4.914746031711710650e+00
-4.966574925191403089e+00
-1.961971099505113170e+00
-2.251481428507192906e+00
4.799695343385758373e-02
-6.934521367361411448e-01
3.128159243322189420e-01
1.194442373549826630e+00
-6.292147997131086967e+00
5.034992085231969838e+00
-2.250946459053718929e+00
-1.341006047463739470e-01
4.297432849881205996e+00
4.179645607271328389e-01
5.181364714713089514e-02
5.158271887329560990e+00
-4.059378325085734929e+00
-2.677988725895292887e+01
9.695094664348305002e+01
-7.658626298091340345e+01
5.136798862054849479e+01
1.907861875051424079e+02
1.947825172991986165e+01
-4.818866221130571148e+02
-1.435360978278592825e-01
-2.905911825125134573e+00
-2.456652366789918940e+00
9.367572936656573290e+01
2.409059293786669187e+01
2.167408123817085297e+01
1.248858654552903573e+02
-3.027232510554557052e+02
-2.255959160908061278e+01
7.471300441370539147e+01
-3.874013189832237192e-02
-4.918026087170191296e+00
2.386085571846376041e+00
3.530701751650259013e+01
-6.721778835403297592e+01
9.166263961795405635e+01
-2.805937251217831374e+01
-1.279564045948799276e+02
1.221393246009393607e+01
2.876171012570500238e+02
6.764868346204824801e-02
2.262834335710113276e+00
4.674584167592703565e+00
-1.142074083289401329e+02
-9.059620718183406041e+01
2.797431732182420561e+01
-3.236974147467428793e+02
3.538608884213829242e+02
-7.350981880445573324e+01
3.613875002151984859e+02
-5.334138583884612261e-02
-1.498785866254913834e+00
-5.695046133846983771e+00
-6.621237034379200281e+01
1.521555248617496261e+02
-1.398247780430607747e+02
4.390103059729910484e+01
1.228422140033772621e+03
-2.591209711787481069e+02
-2.170081152055553957e+03
-7.483282128643647946e-02
-4.037096048833325845e+00
-1.037291004889355772e+00
1.552304953701800230e+02
-1.163649914365349503e+02
1.053988991807043760e+02
6.960712939585987158e+01
-1.176490809387553782e+03
-4.582142256212533198e+02
2.559579996541617675e+03
2.209945310461440549e-02
1.475486238493255220e+00
-1.222245675241191210e+00
5.445175822008467321e+02
-2.446768569363274537e+02
2.874810382691592281e+02
3.172779673477215852e+02
-4.584825516319097005e+03
-1.372809266266872044e+02
6.501662798997665959e+03
-5.775000229399145368e-01
-7.319045229608162062e-01
3.329102498011825562e-01
-6.743188557071806699e-02
1.390149008754498205e-01
3.896991132564368854e-02
7.064572913041991531e-02
4.078063482000340856e-02
6.939163679188713185e-02
6.028918835870364368e-02
-3.576036755728747574e-01
-6.142597153020418199e-01
-2.132938903496114647e-01
5.191869644948692297e+00
1.755688075751432375e+00
3.203217581036846173e+00
-4.448816372483359594e+00
2.791548533512488106e+00
-4.373062958259682276e+00
-8.806156491808616593e-01
-7.153249450884641147e-01
-1.216271550913755828e+00
1.144392506780652186e+00
-7.071169442914516656e-01
-5.318403024265255574e+00
-4.526922327470331631e+00
-3.095699308547075201e+00
-2.685838003795842255e+00
-3.620332328417379841e+00
-3.188086309705562726e+00
-1.503118821010707706e-01
2.635065283403933645e+00
-4.365582292305245637e+00
-2.330121095367270811e+01
9.565357247684619324e+01
5.676034513981888807e+01
8.485919554028984635e+01
1.446472636279985693e+02
3.180860132887307259e+02
-4.990484546508550352e+02
2.694293721842152753e-02
-2.600209441383281472e+00
-4.983231023893675449e+00
9.483618467093330651e+01
2.739093904922537348e+01
5.545460237874536347e+01
-1.045690033053437276e+02
-1.316663135096313297e+01
2.210637037387452253e+01
-1.657959795216621615e+02
-3.874965514288758461e-02
3.941450702186148347e-01
-5.454809722424874607e+00
4.069592583254657114e+01
6.452368257229733217e+01
9.195091460417846463e+01
-2.640534870851599791e+01
6.648745608796359363e+01
1.093099752884672711e+02
-2.671196414881164287e+02
6.915434883507881603e-02
-5.298432432576187345e+00
-3.851827934030599976e-01
1.372272535496142041e+02
-5.714141718909107936e+01
2.845244066366865354e+01
-3.270806458139583697e+02
-2.622266321515177765e+02
-2.721820016456496205e+02
2.556646690618029254e+02
8.938990088270645784e-02
-5.278005386743947369e+00
1.736622024402389108e+00
2.600421086387724401e+01
-1.201129809494125311e+02
-3.154399403528275769e+01
-9.362241919802973200e+01
1.884150323436198562e+02
-8.310382231697254838e+02
5.365258358285331042e+02
-8.795251332249356957e-03
3.451039238583225366e+00
2.794383918790549703e+00
-1.113488662799127553e+02
-2.089444935446917384e+02
-1.738883147830843257e+02
9.059000632405858511e+00
-6.050638064383167603e+02
-1.473825860923200707e+03
3.419392857283679405e+03
6.852086292979250523e-03
-1.169179686074677704e+00
1.612879041827213270e-02
2.815145480660616499e+02
-2.816217762857619960e+02
-5.150789388550362702e+01
-6.945676670882228336e+02
-1.939230483631822153e+03
-1.203094642324791039e+03
3.894702805620599520e+03
-5.775760941427334760e-01
7.748206674307908659e-02
-8.002652893583729332e-01
-8.671717662006805938e-02
-1.278637759735838375e-01
3.896983061032243539e-02
7.019223109913719227e-02
3.845670597019198306e-02
-6.993798135007954497e-02
-3.294927983346907646e-02
-4.408028518605388579e-01
-5.775054449937203627e-01
-1.194961620277698922e+00
6.352929209391372289e+00
-3.706543903759007552e-02
-5.520368898524122159e+00
-4.673354236027788544e-01
1.118483962327053272e+00
3.693556169696671443e+00
1.625264325440598290e+00
6.672359762416131268e-01
-2.342347021952305153e-01
1.180856858103608742e+00
1.084126255092632940e+00
-4.154786589278189446e+00
-5.104135895858850080e-01
5.337526385184921729e+00
5.382343778500112919e+00
-1.833442203875531806e+00
-1.539509710922838115e-01
9.844536996321279210e-02
3.628250944717188897e+00
-2.025432654227782514e+00
-2.607888059006750936e+01
9.325725110040004040e+01
1.965003633649549997e+01
-1.320867866677955931e+02
-8.616431946962339339e+01
1.327771183364084209e+02
-2.822370353984953795e+02
1.166633353877904594e-01
-4.941359881596673276e+00
-3.985123300437715788e+00
9.702755652043670409e+01
2.476848209884428798e+01
-7.739034359181120237e+01
-1.628167065799052793e+01
-2.006451002654374065e+02
2.559168432666619992e+02
-9.879373916472299300e+01
-3.871139012683770531e-02
4.525528460702514799e+00
3.066164379878036694e+00
-7.601258899824314597e+01
2.648681715316179019e+00
9.203894408548005401e+01
-2.828906998848117027e+01
6.602959044094991725e+01
-1.188558059701429812e+02
5.667163924054679391e+00
6.777813209903740810e-02
2.998858077339165096e+00
-4.323344163522920169e+00
-2.597847933089170169e+01
1.439482400455553375e+02
3.231281182437194843e+01
-3.221750945657595366e+02
-8.188266990888541841e+01
3.009856569319666733e+02
-5.786650737108852809e+02
-3.833136584240599831e-02
2.944479849759467083e+00
1.443906776765890854e+00
-2.553839178746218295e+02
-6.941614311625615130e+01
1.747158276014035891e+02
4.068345166436950677e+01
1.326041586921366388e+03
-1.473559081655406089e+03
1.256994029462143487e+02
8.356776073104253688e-02
3.020223367152945038e+00
-5.606381488427484072e+00
-5.917669124886057119e+01
6.507835565992783700e+01
7.212489963171309171e+01
-1.012390338168933255e+02
-1.382355676192931071e+01
-5.713984186130937815e+02
9.900066119190123572e+02
-2.978875156000707763e-02
1.166164651682150444e+00
1.739188696038891369e+00
3.695359684241918217e+02
-2.362368883595522107e+01
-2.239296570544351539e+02
3.319969999569028687e+02
-2.397339091625907258e+03
1.597025009183041220e+03
1.522829982673461700e+03
