# -0.7J_-0.3g_0.41888theta_1.0472phi_10Chi_0.01delta_500N
-9.968720441619247641e-01
7.912467808983481010e-02
-7.174670616149993185e-03
-4.628300179135473938e-03
-3.766257989700134740e-04
2.235399997326774837e-05
5.714941764266884446e-04
-1.295529261187569419e-04
-6.240052533360418549e-05
1.423243532657297210e-03
7.900540338890940650e-02
-6.132069920932683299e-02
-5.159846666910457014e-01
-4.263895017049135761e-01
9.151435177183275815e-02
6.209987486289556546e-01
-2.843425922825193908e+00
-8.685210181041039590e+00
-1.573399754308117737e+00
1.361097039632301531e+01
-2.780650341053918250e-04
-1.471704014455256448e+00
-2.359651805562293347e+01
-1.284269689479776666e+01
4.201522173971549279e+01
3.356731237789637134e+02
-2.354089550510231277e+02
-6.464973137639636889e+02
-1.593644712666431928e+02
4.235445884870014197e+03
-6.809359497158890516e-03
4.346606423530891689e-02
3.964196426542746732e+00
-8.397129806249072459e+00
9.673834355612310532e+00
-2.153400269566578515e+02
-3.683020244753666361e+01
2.890269379882606415e+01
7.264316920106956559e+02
-2.394297056233862804e+03
-3.836515767295181362e-04
1.245221087416557432e-01
1.517151658915409485e+01
3.954958310105097041e+01
-1.034949720994794234e+03
-1.308702960759366761e+03
-2.202058738187677420e+02
1.818771541628323803e+03
-1.798337053396376723e+04
-1.898193685097960406e+04
7.795979621832707315e-05
1.455304676187040069e+00
2.210549448137279285e+02
-6.751407715714116797e+00
-4.130011842253940813e+03
-4.139100668380878051e+04
-8.475672906921417962e+03
-1.994221726048636629e+04
1.272300045015729847e+04
-4.782118035231491667e+05
-3.740745367116533751e-04
4.018243546794487919e+00
8.875056699046118069e+01
1.605645303434564539e+02
4.438354250026360432e+02
4.000641979196703687e+03
5.593653041621081684e+03
8.627302436645115449e+03
-1.851243231293809231e+03
3.729535083248911542e+04
-3.984377333419803695e-04
-8.238962226866238581e+00
-1.613011120074054361e+02
-2.253833269337376350e+02
5.633185610867544710e+02
-1.027533819507490261e+04
-8.988991126296878065e+03
-2.757155552161078231e+04
6.448992505200797314e+04
-1.184790173689535004e+05
-7.987636205956337974e-05
-7.314082487516573750e+00
-2.172015461579364342e+02
2.235774620928318654e+02
-5.228463727450657643e+03
1.605690904192635571e+04
-8.371454934636578855e+02
1.931739356344352564e+04
-1.927081013999508286e+05
2.070239070674606482e+05
1.449758103249389174e-04
4.167031355526436442e+01
3.034826339130299402e+03
4.089326494841446902e+02
-5.316421219373787608e+04
-4.730269107234815019e+05
-8.880012220615056867e+04
-1.984854987961575389e+05
1.346264258440914855e+05
-1.122802923510433547e+07
-6.220657494968980829e-03
-1.286662987922079504e-01
-9.362517218257084828e-01
2.755466486972386053e-01
4.386275552186114784e-03
-2.014534882952589978e-02
9.866614043874986223e-03
3.128764557088087317e-02
-3.456085852461780218e-03
9.762299079801030691e-03
-4.697107273843442038e-02
-1.349530713681890592e+00
-7.949976148310133439e+00
-5.766482997910360453e+00
8.595747148087183875e-01
5.920549688671724375e+00
-1.691146109609099923e+01
-1.781351037441271856e+01
2.581557900730398813e+01
-3.517851148117874516e+01
-8.896508862782619431e-01
-3.307584035459789362e+01
-4.130404776493971895e+02
-1.618401346537047232e+02
5.272986074064007198e+02
4.238376319843820056e+03
-3.324579100120393377e+03
-7.979933845753227615e+03
-1.018586442393021798e+03
-1.377974025230983841e+02
3.947187686830662678e-01
8.104549082631551826e+00
1.522541136083551692e+02
-1.417224069977102090e+02
1.146850889956529045e+02
-2.840210961116443286e+03
2.831287144555001873e+02
3.354435179250335295e+03
5.893608337795346415e+03
-4.949478598573032855e+02
5.942006671073671135e-03
1.906359484192747589e+00
1.942698866700879137e+02
5.062180212225629816e+02
-1.307161863804490349e+04
-1.528967315764907107e+04
-3.619697278260734947e+03
1.198558484232827686e+04
-1.367489581342138990e+05
-8.701420643487555935e+03
-4.493870320156392179e-02
1.584473132222052882e+01
2.797723931453554997e+03
-1.793951306539643440e+02
-5.105144794669945986e+04
-5.248625258602016838e+05
-1.063442538438291667e+05
-2.397189167461993347e+05
2.213631055273176389e+04
4.658549799588773021e+04
-8.796466710519505738e-02
5.827137272680589319e+01
1.231582895597776314e+03
2.415945789780444102e+03
5.470120747634498912e+03
5.593658454016781616e+04
7.465135116492575617e+04
1.025200470198607509e+05
-6.166362692817374045e+04
-1.171966619207440817e+04
1.920509694624106534e-01
-1.210086769265115265e+02
-2.660442851378775231e+03
-4.089027869872305473e+03
1.394330521437539755e+04
-1.203259335908489156e+05
-1.366014079844668740e+05
-3.950381135627983022e+05
8.850973084196188720e+05
1.129359039523461979e+05
3.580675144538928573e-02
-2.031736937045966940e+01
-1.590746497130622402e+03
6.696042796016747161e+03
-1.352991981199488800e+05
1.592982864804753917e+05
-1.714808789453234931e+04
3.717046555568977492e+05
-3.561770222923354246e+06
-2.864558829745318508e+05
8.969686537994946487e-03
-1.251216599375842975e+01
1.595255853873602291e+03
-1.779249500268777865e+03
-3.660510671986247416e+03
7.826156179943260213e+04
4.263499365664785728e+04
2.034899946085186966e+05
-2.564366865231548727e+05
-8.802292425788370019e+04
-7.880631347112032614e-02
-9.524815618284608876e-01
1.629843027451744475e-01
1.131196667941445355e-01
1.104357226513044514e-02
2.378366968343379254e-03
-2.253007907843859042e-02
3.901105267510645343e-03
5.231000374918118225e-04
-3.085017648975401424e-04
-9.830529200333834039e-01
-2.417829900527408427e+01
-3.732721566075078812e+01
-1.389405112177670958e+02
-1.232769549239991669e+01
-1.185656530148840648e+00
2.687880297502667304e+01
-6.538543342678560855e+00
-1.373095915884272600e+00
1.116240415814450770e+00
1.061390044911030422e-01
-5.805546889129051635e+01
-3.507154278661578815e+02
-1.375285292899520300e+03
8.278991074393494500e+02
2.009957084133541727e+01
-5.785336738935011454e+03
2.274982748869838815e+03
-2.969931861993242350e+01
4.837764992344651773e+02
1.251311138699902348e-01
-1.364555074417359606e+02
-8.776509011896581569e+02
-3.553139888896593220e+03
5.232731488207457005e+03
-3.517964074925342288e+02
-1.658503633226777310e+04
7.527335329708711470e+03
3.639954452053605678e+02
-4.390584799369613052e+02
1.030878881147333746e-02
-1.165053798605750934e+01
9.620000384231929047e+02
6.307535408258616371e+03
-1.462907297988372447e+05
1.650098602077000396e+04
-3.006941672626500440e+04
1.028599262492434900e+04
1.217404171436040087e+04
4.752107280131345419e+02
1.437401262107485932e-03
-4.702574244302075712e-01
5.565076713555497889e+01
1.041737172875308630e+02
9.482982874656985587e+03
-4.486655770786635912e+03
1.203792280733184816e+04
-9.915306125845458155e+03
1.600518781709966561e+03
-6.414835035396348394e+04
1.993494786178170997e-02
-2.348195839824326114e+01
4.018514428254489758e+03
1.980001705211134322e+04
3.618130449708797823e+04
-9.564830852673823756e+03
4.138367728449727292e+05
-2.641388071790154791e+05
-6.965092073934157088e+04
-3.016283694400946388e+03
1.082010943034910581e-03
-5.275538566206020796e+00
1.960142141278164445e+03
9.692808269493740227e+03
1.386959859487118229e+04
-5.188288293822150990e+03
1.967630045806601702e+05
-1.282293154680526059e+05
-2.815994303906775895e+04
-2.119030629871550263e+04
-2.677679333517971353e-04
-4.210604316397851821e-01
2.177129686733521226e+02
9.549229872672819965e+02
1.288231929524845327e+04
-6.032439549168049098e+02
2.444733855675143786e+04
-1.112954282989945204e+04
-1.173058773253787876e+04
2.425532960768809062e+04
-1.882952506946172994e-04
2.406160724739681012e-01
7.322672866540365533e+01
-4.712552926600859138e+01
5.250487059216810621e+02
-2.271503521647315210e+04
1.678004078827831836e+04
-3.183969626015787799e+04
1.418561707410677627e+04
-6.118308576220104005e+05
