# -0.9J_-0.1g_0.89012theta_1.0472phi_10Chi_0.01delta_500N
-1.008878008251002040e-03
3.221632234754633894e-01
3.042686582019061281e-01
-2.244541875600683245e-01
8.507135891507451309e-01
-3.762701220392104438e-04
3.611949061837880885e-03
1.136082307511813994e-01
-1.291618643612138864e-02
8.546368613514654378e-02
1.788400624834644848e-02
-2.260076203853645183e+01
-1.529248087274704559e+01
-3.162695241186819661e+00
1.472383543425917729e+01
-1.483913438103185989e+00
-2.738522667066106697e-01
-1.886834277678894622e+01
-1.783264492987885586e+00
9.044727866795225779e+00
8.601321672386053399e-03
-2.642934613200349503e+01
-2.039118586598546656e+01
-3.801191046605830959e+00
1.185762859015084736e+01
2.918946097962908048e+00
-2.143189229441194499e+00
4.534417257753133157e+01
2.360246280304948208e+00
-1.525104382630315847e+01
7.158870058969741103e-04
-1.017022613038718104e+00
-4.179725147911828920e+00
1.971675446366044415e+00
-2.679547169031275189e+01
1.494717899150067808e+01
-5.239435029887823170e+00
1.239310448941718334e+02
-8.694467234686101831e-01
2.702536989198299580e+02
-5.010242211556235198e-02
1.597480471000946523e+01
-5.382584262187977231e+01
7.300768073610726105e+01
-7.422368382391942987e+02
2.774610591813771521e+02
-8.840028441713772622e+01
1.914186621164893950e+03
-4.824468777227478711e+01
4.735960061810963452e+03
1.215160005881959077e-01
-1.250574681112681885e+00
2.599024602054224697e+00
5.432080701177165594e+01
-7.616848284359363674e+00
-1.795137100143222142e+02
5.211044656848041967e+01
-4.853662313218210329e+02
-2.629940572316698777e+01
-4.252394319366757145e+02
2.128508378709043428e-02
6.752103918788260328e-01
1.446351470489180002e+00
9.960087677335227596e+00
9.416815631780966811e+00
-4.282178649098553080e+01
1.222095959386912334e+01
-6.902325401701072849e+01
-6.407190312282932787e+00
-8.209963097260371967e+01
-8.264124933205200252e-01
1.420545789891194122e-01
-2.346041769241138386e+00
-3.613660343191074844e+02
2.370544503856314805e+03
-2.630337448350850309e+02
-4.813876438490895637e+00
5.437421057084398853e+03
5.574555572883632522e+02
-1.105375164779037004e+04
9.174187511124030567e-03
1.356727769820062213e-01
-9.543634223436325836e-02
4.870962655581453760e+01
-2.967752107971925852e+02
-4.243003171262001416e+01
4.197194003866930423e+00
-2.240841070167255111e+03
1.767517044395862342e+02
-6.033064992758115295e+03
-4.885364535740168712e-01
-2.539594472312038498e+00
6.625984987222761191e+00
8.856706206817037810e+02
-2.072194796282758034e+03
-3.410278492598296907e+03
1.432923593974462392e+03
-3.598562742292780604e+04
1.111083777588424937e+03
-1.225521872141246276e+05
-2.945109975406438180e-02
1.791325031060071044e-02
-3.554632554439845354e-02
-9.059901988041687559e-01
-2.317028873842601477e-01
-2.521378438490678442e-01
3.503254154946022769e-02
-7.418845554367301497e-03
-9.966048601590723338e-04
7.336676456697415437e-03
3.205226457103582671e-01
-2.050297994258944811e+01
2.716528763291458759e+01
-4.966999872374485925e+00
-3.086459208520174080e+00
1.563155103074286956e+01
-1.096236417694627319e+00
-7.779226042030942256e-01
4.179855893220935092e-01
-1.785919749063234474e-01
-3.292298426282579960e-01
1.614986856778009638e+01
-2.159882052373012939e+01
-1.313375249337054917e+01
-9.794754932039548834e-01
5.227383081331587533e+01
-4.362799596142990843e+00
-5.392941352277813571e+00
9.836064847099674768e-01
-3.763105921550931043e-01
8.854394013323100276e-01
1.359160174616060779e+01
-1.722184903487747576e+01
7.899428489690384936e+01
2.021190366614904121e+01
-5.165460724096889322e+01
1.253297060462839951e+01
-5.659454809849887624e+01
-1.885187559937258328e+01
2.893750893728660003e+02
-3.810231825867230193e-02
-1.260665507113034156e+00
2.052455491473867966e+00
6.557359210386326254e+01
1.202482739212301865e+01
-2.358303892193270315e+02
4.924832982359312439e+01
-3.480315782642763622e+01
-4.435962198119970878e+01
2.189560583456718916e+02
-5.753103808844870631e-02
1.558475979065926609e+00
5.005922247734862829e+00
1.157532959385335062e+03
2.158064612226966688e+02
-4.934010716130498622e+03
1.074061971368805644e+03
1.404104965689314213e+02
-1.143280398900231148e+03
8.668385861362393143e+02
-1.125783650310732339e-02
1.558008666289664168e-01
8.191911901610590130e-01
2.501923690763937600e+02
4.569419869967274650e+01
-1.161910431068246226e+03
2.576859270664984933e+02
1.155082429232300285e+02
-2.239250515709792353e+02
-9.685466242353366795e+01
-2.915140910121094466e-03
-3.295744665607799190e-02
8.006445504532526680e-01
1.406477302341706945e+02
2.602929201122208269e+01
-8.491662491076499464e+02
1.816957002967676544e+02
2.047683933172778552e+02
-1.597940900427262534e+02
-6.213664974109756258e+02
9.793548508106645310e-04
1.414008539887034344e+00
2.506291680357851881e+00
-3.418798713010007617e+01
1.348784128165744534e+01
-2.847824732639683134e+02
-1.383399695620244074e+03
2.127285875235987191e+02
4.086661582052473022e+03
-1.055192200762937915e+02
2.953728845573794226e-03
-1.539103014468293562e+00
-2.892050906182093151e+00
1.569537381395744724e+01
-6.279821237715755444e+01
-4.995160342907962331e+03
2.252433209304521824e+03
3.837460262802825127e+03
-4.562874222695721073e+03
-1.593761320454506131e+04
-9.999935334658544006e-01
-6.978415873524826223e-03
8.614487537138610165e-03
2.796119301034400914e-02
6.298893183551678918e-03
6.495516284055887976e-03
-1.658866814240578550e-03
2.877125300590126049e-04
-1.926392843661666105e-04
-6.171658969880948074e-05
-1.617472308266480058e-02
-5.618292073751082194e-01
-5.376918735602637112e-01
2.886851057651115271e-01
8.727275049828191467e-01
1.129780730615822737e+00
2.163745347794232643e+01
-1.030974388903997507e+00
3.028486378329144202e+01
1.119936915202399685e+00
2.634844872699583940e-03
-6.949572012108439223e-01
-7.821680438933095170e-01
4.887613520192869432e-01
-3.649965918134938647e-01
5.271377498088480884e+00
4.806878760618600666e+01
2.960633068512410926e+00
-3.528742677295678476e+01
-1.053211305941929909e+00
-2.636600820236390669e-02
-1.258486665133583780e-02
-7.587067472944904190e-02
5.658974450638013659e-02
-8.770563135908188146e-01
3.609633873662509984e-01
-6.143130447561888641e-01
3.515124792687765343e+00
7.466388591140949993e-01
9.595849127271602441e+00
5.537260109359189766e-05
2.609176124954382114e-01
-7.816051336944311867e-01
1.264976571358688018e+00
-1.708444951970205139e+01
-8.651413268571951365e-01
-5.079756542977697364e+01
4.092905427797202123e+01
1.718091090755547157e+02
1.526758708305193579e+02
7.563090377417042241e-04
5.828749002198323481e+00
8.752611691745627809e+00
-9.121588292260131681e+00
2.049867890859596642e+01
-1.836761945176227186e+02
-1.355155613088371410e+03
-4.217136619593230051e+01
2.619416266957384323e+03
2.130229691027810475e+02
4.669020761727827587e-04
-2.908265036979745943e+01
-3.717429075791981319e+01
3.571715927157303838e+01
9.167543358634252515e-01
3.722152476396375960e+02
3.512159719900226719e+03
1.350983198202186486e+02
-2.604661488841508344e+03
-2.539135731328551060e+02
8.016673335225126071e-04
-1.104555057494273740e+00
2.539259878812230031e+00
-8.367566442348858047e+00
1.072811042442868938e+02
-8.966455027902851782e+01
-3.197955856779764190e+02
-3.586100364714809530e+01
1.427861843370099905e+03
-3.820986906389426281e+02
1.592818575066799703e-04
-2.041638692891438467e+01
3.578792423874241990e+01
-1.264614697307180364e+02
1.163556269212161169e+03
-5.571377829756571373e+03
-3.308849920459974237e+04
4.089378027956518622e+02
1.224866207975958969e+05
1.228743772175756021e+04
2.124488589233151860e-04
-5.968416258760093074e-01
1.959889781559289945e+00
3.834427242337031316e+01
-1.977724625516424624e+02
9.987112114078552167e+02
6.736440623376338408e+03
-2.029178186742879234e+03
-2.420586279142021885e+04
-7.235990923720134560e+03
