# -0.35J_-0.65g_0.31416theta_0.0phi_10Chi_0.01delta_500N
-5.777069520113302659e-01
4.802803440654735967e-01
-6.347206144866158750e-01
6.644294502677208780e-02
-1.309151991504340085e-01
5.301530903850189269e-02
-5.703390740790494767e-02
8.036643107063851099e-02
5.331020421791055064e-02
2.816667420410159245e-02
6.292962530624287565e-01
-1.415303708319684883e+00
8.696482967471610426e-01
-1.307973064116640494e+00
-6.475470174679774260e+00
5.507679396451220732e+00
-1.255588247787088996e+00
3.985858684619154602e+00
6.988432422690733503e-01
6.594382721632664479e-01
-4.995739359016808101e-01
3.190310476920966698e-01
-7.595482030306230925e-01
-3.897900121454767941e+00
-1.422608030261023782e+00
6.511599810015153977e-01
6.313245333950147753e+00
-1.153643583862849820e+00
-5.437552501937925165e+00
-1.916910523781893749e+00
2.275738043576049432e-02
-3.889452935602162320e+00
-2.514928585436691844e+00
-8.280853326170687012e+01
-5.463779224338210838e+01
4.173975991635785476e+01
1.540429493338837688e+02
-6.773839929892633904e+01
-1.222153176651814874e+02
2.025142177825307215e+02
-1.525011951341893601e-01
-6.398907518329354005e+00
1.083856580954914328e+00
-4.308279290250857763e+00
-9.567053912829545936e+01
8.293009698605592916e+01
-9.059283895917207019e+01
-1.473844458057115148e+01
1.881762819185652091e+01
-2.469024462556202479e+02
-5.392986830988282659e-02
-5.700866012307140629e+00
6.256109563586452760e-01
-2.258153719182084274e+01
-8.478305584066858103e+01
9.832814234762440719e+01
6.004423954230785121e+00
-2.682747546839155106e+01
-2.369965465358273704e+01
-1.168236685958026300e+02
6.717088021343362025e-02
-4.339894663173258782e-01
-6.638164364178511079e+00
-2.452151662535837033e+02
-4.453625009410223612e+01
6.507298695253462029e+01
7.983039520735588894e+02
-3.361329661308347454e+02
-4.699109729301395646e+02
1.911785123157655335e+03
6.913022048357392313e-02
2.967800683512963555e+00
-2.185417470945052010e+00
-5.334420514929174573e+01
-6.950376811134439947e+01
6.245653845719878916e+01
1.633215178230780751e+01
-3.473864068234025240e+02
-2.083641188519437719e+02
2.683239660086012464e+02
-5.541281634211021878e-02
5.216458658501902379e-01
5.471473876044083973e+00
1.628202535134908260e+02
2.630397756354575733e+01
-2.284667617691539121e+01
-4.832467447967397902e+02
2.717595259321682875e+02
4.869019861031961796e+02
-1.131774101116799329e+03
2.296096032720660804e-02
-5.512355317970688562e-01
-2.259669395813138859e+00
2.242444965374472758e+02
2.258471335275802119e+02
-1.300407995490558619e+02
-1.970217265855223161e+02
1.410151197103543382e+03
6.733830108703500628e+02
-6.646465537993664839e+03
-5.776494900170018321e-01
-7.898727285093697370e-01
-9.847523112620147623e-02
8.012445338099584424e-02
1.230144582284783267e-01
5.304278576547052926e-02
9.808010013729694110e-02
9.352032988954104079e-03
5.333903044819123668e-02
-1.621046573213378444e-02
-7.473585120690684480e-01
-1.438470976442032034e+00
-3.058487556443192923e-01
-3.763703848608583868e-01
-3.359366986755378814e+00
-2.191041253920453791e+00
-5.632454168579258180e+00
-3.789399016882045945e+00
-5.057670746873832890e+00
1.298428775963026638e+00
-2.951132870829140109e-01
-8.565152030921603377e-01
-7.367094255203778808e-01
-7.013335253919351864e+00
-4.904566971153929145e-01
-5.098376444135164220e+00
-1.459056845810264180e+00
3.230483938142788336e+00
2.114026079681172732e+00
-7.394740420868515240e-01
1.206889735348464776e-01
-3.466871949177539047e+00
-6.642903511089748747e+00
-1.181514551539641218e+02
-1.605412824219897061e+01
-9.284436285722699722e+01
4.180994130950087140e+01
-2.313419331986558447e+01
4.456859204885223136e+01
4.293335809704773283e+02
9.598029927187415322e-02
-2.270224650705011449e+00
1.506741997629127416e+00
3.424882161808798031e+01
-6.042179013675755783e+01
-5.343154293516308329e+00
-1.347607001765195207e+02
-1.279426306776922644e+02
-1.153531455820749017e+02
-1.558110499562383211e+02
-5.396695904345266692e-02
3.394019774934660116e+00
4.626262738690634535e+00
8.482933963323954174e+01
2.285083336148275990e+01
9.843310002845178985e+01
-2.730464419465713988e+01
7.034344685019150667e+00
-2.354868276695185969e+01
-2.325679066846788317e+02
-9.351299598317414086e-02
5.689182062015420094e+00
-5.654447423209743029e-01
-1.583770726574551304e+02
1.027058417418863172e+02
-8.906655378121340050e+01
6.237182494720038903e+02
1.100761978163688326e+02
4.128077053941078702e+02
2.336349258618418844e+03
2.382249982634251917e-02
-3.114285559315008722e+00
3.950148492778668086e+00
9.448238255313718525e+01
-1.578897940389427390e+02
2.473660195756145441e+01
-4.365256865765961152e+02
-5.256562951333006595e+02
-2.999221880063108188e+02
-9.598535323643636730e+01
-5.545603825860837000e-02
4.476689048871201670e+00
-3.186436246440745190e+00
-1.047185228205962204e+02
1.271986457569152975e+02
-2.333743441233422189e+01
4.814711001541692781e+02
2.751108586422517419e+02
4.867563539654062197e+02
7.825410021234451960e+02
-8.515651446012733206e-04
2.677956840162308283e-01
-8.396183696929468976e-01
5.145296898000476631e+02
3.208924004603846356e+02
4.438570163666257713e+02
-5.278880218385329925e+01
2.202932194169902687e+03
2.450613044382506871e+02
-1.342698602733438747e+04
-5.775499652967348574e-01
3.095987436496459577e-01
7.333808579616997170e-01
-1.466214074496428044e-01
7.897473871865866302e-03
5.304484718054087999e-02
-4.105256780052487370e-02
-8.970190526898501326e-02
5.332871076511384173e-02
-1.239953704905123570e-02
1.180266925487206686e-01
-4.086226960103265249e-01
2.619735850803566746e-01
1.856112277533632282e+00
-5.723266283762374229e+00
-3.317916891089616183e+00
3.284388030216973231e+00
-3.698082204855144717e+00
4.359526083426728427e+00
-8.304938277933866797e-02
7.948658041878718938e-01
-2.888336886365514555e-01
-1.766940209729239486e+00
-4.649508373860695265e+00
1.741754381104845040e+00
4.447026983942373057e+00
-1.366152413579071911e+00
-5.695377174371177631e+00
3.324052042540218022e+00
-8.000253594819459746e-01
-1.434897404547708089e-01
-1.036228604603938452e-01
-4.213504894594171546e+00
-6.704961573746189174e+01
-4.787191736870207492e+00
5.105817258105200551e+01
5.982662035036360493e+01
-1.431915044096550957e+02
7.764770786169485461e+01
4.060858703819631614e+02
5.654088766225971729e-02
-4.699325325252460495e+00
4.871192201788172582e+00
4.553621601004054043e+01
-1.114045622724255793e+02
-7.759952774520779428e+01
-1.531962458656484038e+01
-1.101544710350395491e+02
9.641019695352193253e+01
-3.898732113830800472e+02
-5.397496762237311702e-02
2.307324088983790933e+00
-5.253129930976307094e+00
-6.218191334478890298e+01
6.190673399133175536e+01
9.832918720498615528e+01
2.119008903752978412e+01
2.010903878571417280e+01
-2.371476591081906804e+01
3.466091517903599879e+02
2.632599330068912183e-02
-2.629230436887429079e+00
1.703290024493720356e+00
-7.383128247123843835e+01
-4.642782277806132640e+01
2.345198433075656652e+01
3.215289707989675208e+02
-2.673728247357304895e+02
5.786056549079618350e+01
1.814964513395161930e+03
-9.295128590743415020e-02
-5.387380562728688815e+00
-4.384087472633080296e+00
-5.569054220608789763e+01
-2.414930931374806562e+02
-8.722816164302143704e+01
-5.871627393654615190e+01
-8.256599921295371587e+02
5.077571481900862977e+02
-1.510957533268691293e+02
-5.546082233079662610e-02
-5.000474890623337387e+00
-2.284345908315153384e+00
-5.832132395667559877e+01
-1.536657663165917711e+02
-2.267671763491636128e+01
2.182804607633082483e+00
-5.468293392430164204e+02
4.862215212148738601e+02
4.457308310125361572e+02
-2.196263740354029853e-02
-1.433914990832814818e+00
-8.015374681723735906e-01
4.274713785769617971e+02
3.975935809544650823e+01
-2.765584351667987448e+02
-7.392372238799433717e+02
1.929766570936869357e+03
-9.105593201645220915e+02
-1.130014657636148877e+04
