# 0.0J_-1.0g_0.5236theta_1.0472phi_10Chi_0.01delta_500N
-5.773499635790679818e-01
5.597459524169012823e-01
4.261635780020022191e-01
-3.998043232260329316e-01
4.182224218263095455e-02
-1.466538881744512864e-02
-1.760023626373031233e-03
2.641821573106716903e-05
8.057584532624966267e-06
4.650975542665396163e-05
-7.423154576138446537e-01
-2.213886946026409417e+07
1.370359214311635792e+08
1.203386088671379685e+08
5.334216725259960443e+07
7.310050059688556008e+06
5.079771570002220571e+06
-4.687974484282077849e+07
-5.911796327176184859e+05
-1.034290583221449144e+07
-2.959732003347942952e-01
-1.869648497695516050e+08
-4.315536637643409967e+08
-4.857005200857263803e+08
2.083938812329463243e+09
-6.877990342362443209e+08
1.620432235155124664e+09
-7.435638556670207977e+08
2.878983777068520069e+09
-5.217736302253149748e+08
1.541944545047667925e-01
-3.394410461058440208e+08
-5.640476329598997831e+08
-7.227166400839396715e+08
3.371681935782460690e+09
5.095695171535117030e+08
-4.536481523807433128e+09
-3.481612611750125289e+08
3.398172506503560066e+09
-5.621086823937957287e+08
6.520010591194053129e-02
-2.980699661318872571e+08
9.255698107827004194e+08
9.307062752636278868e+08
-2.161297898463114262e+09
-1.559433162734589577e+10
-3.488799172045944214e+09
8.579864411568614244e+08
-1.467604750240631580e+09
1.201050005815735579e+09
-5.655723449852494318e-04
1.715180474030932412e+07
3.742335714609270096e+08
-2.718553406844780922e+09
-6.556919465505311584e+10
-1.654466191588329163e+11
5.093473676996905518e+11
9.816366967932757812e+12
1.194145008398707031e+12
-4.369933905958910645e+12
2.642265328886608897e-03
-3.773681976023225579e+06
2.368805327983618081e+08
-1.975687986195785284e+09
6.837131755021347046e+10
3.132968974439957886e+11
2.592604204360524597e+11
8.882234999581136719e+12
-3.281704713740035156e+12
1.838657421332670703e+13
-5.420112661519731938e-04
-1.455243048671378009e+07
-1.044280509036604166e+08
4.824638767026931047e+08
-9.864996795535667419e+10
2.956235426806184082e+11
3.889957482674925293e+12
9.124383224540978125e+13
3.421405233652791016e+13
1.483214415316555625e+14
8.110225527110224053e-05
8.812379946707794070e+07
3.562711830104534030e+08
2.633120156640344858e+08
4.183183405056939602e+09
1.835942026548047638e+10
1.680078334342573242e+12
-3.203940994107283125e+14
5.943867930590471250e+14
-7.682851745393711250e+14
0.000000000000000000e+00
7.847845685268427432e+07
1.172085010586962223e+09
1.954951556885763407e+09
-1.760114460511735153e+10
1.875286665151873398e+10
-4.253777593074395508e+12
2.359673028317702188e+14
-1.016018346619981375e+15
-1.592258519734839375e+14
-5.773436837931967824e-01
2.170611561250077037e-01
-5.058972323419496098e-01
5.920326664818378326e-01
5.594018778373923556e-02
-5.140591690827301524e-03
-6.513678426140698426e-03
6.717617700869658696e-04
2.143564662423896319e-04
-2.141010571540852183e-04
8.973297559673377999e-02
-2.217753196889396012e+07
1.370082634382983744e+08
1.203030998002657592e+08
5.343672697449119389e+07
6.775443979470511898e+06
4.924569053594333120e+06
-4.068122850333481282e+07
-7.755839095262958109e+07
-8.944185433955049515e+07
6.896153530148126931e-01
-1.869333960115350485e+08
-4.312147519255136251e+08
-4.850324437277814150e+08
2.081842064147865534e+09
-6.973529542179365158e+08
1.579332619544628620e+09
3.720336431921817064e+08
-2.132585206776379108e+09
-1.658550932024175227e+08
-4.253527455722477257e-01
-3.392866412040613294e+08
-5.635872975792104006e+08
-7.216421580331792831e+08
3.366386641610468388e+09
4.938835848359863758e+08
-4.593317533950099945e+09
5.900319310101293325e+08
-2.812642561563529491e+09
-1.205959858409088612e+09
4.541828770931816139e-02
-2.981458680401524901e+08
9.256488520591880083e+08
9.306562070844635963e+08
-2.155859282048488140e+09
-1.558270065345701027e+10
-3.484082941156385422e+09
-1.525138211901899815e+09
2.933586386561151505e+09
-7.469132525734916925e+08
4.725371713840283670e-03
2.782204569989070296e+07
2.877181560423461199e+08
-2.854494262988018990e+09
-6.505205172089226532e+10
-1.636107039279848938e+11
5.143235035393112183e+11
9.750225262752541016e+12
1.540446129845643066e+12
-4.427330021035916992e+12
6.506378172910742309e-03
-1.554861366215727851e+07
3.230911922675808668e+08
-1.850875484538416386e+09
6.793921344842815399e+10
3.120837967625250244e+11
2.562272249741734009e+11
8.965017901707576172e+12
-3.584185852810181641e+12
1.840457548916844531e+13
2.750059167794325753e-04
-2.225158634826441109e+07
-9.539728472681055963e+07
4.395867072329148054e+08
-9.844009616720724487e+10
2.979180332645465088e+11
3.899628675171126953e+12
9.169560228320314062e+13
2.985377031392270312e+13
1.415395606328827500e+14
1.115403040134743673e-04
2.988677910361078382e+08
-1.102173539004965067e+09
-9.017947551779470444e+08
7.794314774378508568e+09
1.371263756830438423e+10
1.672449443558528809e+12
-2.477010909327764375e+14
-4.204851964365897500e+14
-2.270826467562457500e+15
2.323284890645704870e-04
5.656940792467417568e+07
-2.473731882220729291e+08
-3.411189876679736972e+08
-1.003659044055051231e+10
4.940647662204491425e+10
-4.153400419780885742e+12
2.347957218102116875e+14
-9.654411141229487500e+14
-8.536362598638109375e+13
-5.773571601178513202e-01
-7.767946904605677050e-01
7.972707435230289019e-02
-1.922192776491683797e-01
-9.776203744166496457e-02
1.980612376120555532e-02
8.274410745846731002e-03
-6.971024276866508596e-04
-2.225107523410394385e-04
1.678816359294200587e-04
6.525753238285707525e-01
-2.202017601778012514e+07
1.370223078392414749e+08
1.203462576611069590e+08
5.152297488006844372e+07
7.576997856297006831e+06
6.083535996745863929e+06
8.819375416565434635e+07
7.825690605676503479e+07
9.960230923687075078e+07
-3.936297452861081125e-01
-1.869298335544838905e+08
-4.312623612557210922e+08
-4.848697359183818698e+08
2.079744301603741407e+09
-7.037803617074304819e+08
1.576307777185647249e+09
1.896585523245903552e+08
-8.018698594027351141e+08
7.695310678481138945e+08
2.711502847141288863e-01
-3.393243024201812148e+08
-5.632452912495596409e+08
-7.207061095708320141e+08
3.357606521054228783e+09
4.705699049697331190e+08
-4.631421255146494865e+09
4.103828256405051947e+08
-3.783932845296961069e+08
1.548331335271248341e+09
-1.106165208004088185e-01
-2.979600649469937682e+08
9.257134200281298161e+08
9.306086765435374975e+08
-2.165761787816136360e+09
-1.559804823201288414e+10
-3.514829535117037296e+09
5.485390620925997496e+08
-1.319925562445278168e+09
-1.605150159127540290e+08
-4.159696064403424487e-03
-4.049109392444292083e+06
3.238566647452530265e+08
-2.836655580380404949e+09
-6.469550838349799347e+10
-1.635776371401123962e+11
5.135004345872171021e+11
9.761456491081511719e+12
1.387193861354574463e+12
-4.490735244376462891e+12
-9.148458792690231101e-03
3.656012576625010371e+07
2.936195627295345068e+08
-1.856813502981207371e+09
6.725039708545130920e+10
3.119050452435484619e+11
2.545957159905308838e+11
8.942727671662873047e+12
-3.405278060570926758e+12
1.854155396387773047e+13
2.670049851953623502e-04
-2.382010551228283439e+06
-6.139209573293568566e+06
5.493940393427270651e+08
-9.991630883582661438e+10
2.951719485942700195e+11
3.888894031982270508e+12
9.134137236905351562e+13
3.464011742769952734e+13
1.488796374962750000e+14
-1.926376974309591816e-04
-3.868548379384053946e+08
7.513381736436245441e+08
6.640727506891763210e+08
9.893947714969156265e+09
-1.490915718563984156e+09
1.654435470818514160e+12
-3.242505457681554375e+14
6.349848195968981250e+14
-7.005822295560050000e+14
-2.323224972547999201e-04
-1.399117561134147048e+08
-9.330931546233026981e+08
-1.524801310410499811e+09
2.309923259780666828e+09
7.778510530797541809e+10
-4.076406911614970703e+12
2.361372466769172500e+14
-1.006842733270077625e+15
-1.574511982371316562e+14
