# -0.95J_-0.05g_0.94248theta_0.94248phi_10Chi_0.01delta_500N
-1.016281009729746554e+00
4.259770388786635748e-02
4.413079612785424793e-02
1.067027806834591752e-02
-5.965965884834806277e-03
-1.247573027940571599e-03
1.442278967254282881e-02
1.420696497218344127e-03
-7.732149398667966488e-03
1.977163155693585563e-04
5.250252040594036163e-02
-4.923957319725254245e-02
3.845897344055117240e-02
-3.798143488611827046e-02
3.340023269514860726e-01
1.335455160972126798e+00
2.636599636726967288e-01
9.287519396697456742e-01
-6.037051793876266004e+00
-1.968328208095346948e-02
-3.540603278292943357e-02
8.357975428452575628e-02
-9.902914820545667685e-02
5.699342968442819846e-01
6.534491406035979055e-02
8.947918613268074139e+00
-1.574591839278941308e+00
-7.079957293650834815e-01
1.605466062633834401e+00
-4.706416341815683989e-03
-1.839984400433671008e-02
-1.824498574821109831e-01
2.774413461207391185e-01
-2.278825428068790071e+00
-4.726024869636183956e-01
-4.933225422697120166e+01
7.098255870140100399e+00
1.317500528675166427e+00
1.060557365175446343e+01
-1.196066747593999580e+01
2.754198894440883141e-04
-3.904358489823579054e-02
-3.242631122497451751e-02
5.098444975527974821e-01
1.191972222771622292e+00
-2.287327875297521729e+01
2.274709358008192517e+00
-1.165269349231825657e+01
2.403064663950528157e+01
4.449332670773286225e+01
-1.807543815972496816e-03
-4.396632718878298540e+00
6.876470356988938271e+00
-5.359129126860367620e+01
-8.931497644184808848e+00
-1.013780860965377769e+03
1.531726252948784577e+02
1.116866336084208058e+02
9.931972671595161728e+01
-4.837585583437860919e+02
1.372280140739974823e-03
2.401452196919052484e-01
-8.406358151031352588e-02
-2.122245306468561576e+00
-7.000132822320733972e+00
-5.219895308362140440e+01
2.689759074600400979e+00
-3.245686768742318762e+00
5.925234691921036045e+01
-8.550462155504837369e+01
4.404754794797532784e-03
2.196593913280413535e+00
3.094102293887937449e+00
-1.029758515764672211e+02
-1.779563519354488221e+02
-2.977284184105924851e+03
2.320912085694102700e+02
-3.877960011431320027e+02
3.222597906309021710e+03
-6.944240052828135958e+02
-5.910752501485803424e-03
-3.413094261010066077e+00
-4.755109429543305843e+00
1.498044276460448145e+02
2.299746091368723739e+02
5.006372727775135900e+03
-4.021616044305290529e+02
4.618406825970266709e+02
-5.233195641659164721e+03
1.727922060418370620e+03
-1.412406322473468666e-04
-6.564554187052606959e-02
-1.075288851761490028e-01
1.458301451425483641e+01
2.790758638685661097e+01
6.230704154076377677e+01
-4.288602566197589283e+01
2.143016881680816823e+02
1.544415885133293820e+01
-8.555914229106342361e+01
-3.997960418228561214e-03
-3.361411890127103952e-01
2.784077769097680899e-01
-5.340672325993939262e-01
-7.278115694899288668e-01
3.738331484479499173e-02
-3.418714271839147500e-02
-1.265154133306800877e-01
-4.542249586835619274e-02
5.022648716944567993e-02
-4.324533350417497646e-02
-3.775376869526628987e+00
2.536565583777099508e+00
1.448241385371876966e+00
2.195204858095824108e+00
-1.938953315666052946e-01
2.848768215991668851e-01
-3.404472843180904817e+00
-3.922355703301090291e-01
-7.384311863288258726e-01
4.315692583761957662e-02
4.256866223607937982e+00
-3.122033179001082459e+00
-1.077461786046342684e+00
-1.117923376943309455e+00
-2.770830702197439321e-01
3.661418369036255616e-01
-7.221374305471833566e+00
-1.258300264361668308e+00
-1.043427011766011159e+00
-2.400124237622568331e-03
-4.594523208383971546e-01
-2.290641590660092763e+00
2.376185966669611105e+01
3.942139814242272422e+01
-6.006477702824214226e+00
9.574225257975887970e+00
-1.080526723751111717e+02
-1.942961065426428391e+01
5.342437224344008655e+02
-4.093003738245503537e-02
-2.541388053666131519e+00
-8.515387878763480245e+00
9.720596080389516658e+01
1.729902180525511710e+02
-2.218868847239049202e+01
3.485956735033431642e+01
-3.557783314526720346e+02
-6.224133387994794475e+01
1.815322167387545278e+03
5.354896356093958622e-03
1.250679674897164362e-01
4.194440180184087069e-02
3.096417342537395534e+00
3.957187873522310273e+00
1.121087053815711387e+00
-6.899150151112188212e+00
4.549230147076184494e+01
7.968801970316582661e+00
-1.415583015648546050e-01
1.293376354830708952e-01
-4.373815451684705258e-02
1.614505772921989019e-02
9.103024062555968499e+01
2.927043884655899220e+01
1.555268910253571946e+01
-5.179929309089760636e+01
4.598094740818776813e+02
8.571901302269004930e+01
-1.846867822458131741e+03
-7.620075883299740616e-01
2.248438022626528532e-01
-2.443213895100327104e-01
-4.571997980320331294e+02
-6.095276667068335428e+02
-5.116429343209786396e+01
6.523653731113917331e+01
-2.123734399272004794e+03
-3.454052144149628134e+02
-3.254737028664464560e+03
-4.705708677192136924e-01
1.687580522090342261e-01
-1.370837100637893879e-01
-3.015874848344147381e+02
-4.446999278755931755e+02
-3.336335529545986844e+01
1.000918381398867751e+02
-1.584524283849626045e+03
-2.575911564173705415e+02
-3.518298601528398649e+03
-4.504319911831540790e-01
4.233616968876908193e-01
7.826403891596230844e-01
8.632419839705020195e+02
1.731169306886782806e+03
2.995101770866255606e+02
-3.247938186733795192e+03
1.338702451753252717e+04
2.402166714568523730e+03
-2.533866867594692849e+03
-2.135678383144846981e-02
-3.421632600471719715e-02
-5.320788370615625595e-02
-3.760400596707118015e-01
3.109793536847957340e-01
-1.203255275743670138e-01
-8.454505671987441184e-01
-1.858308312751931132e-02
-4.737096759444847649e-02
-2.160450600999603080e-02
-3.095477225699603263e-01
-3.218891730379079608e+00
-4.471060003264253346e+00
2.276022030850854527e+00
-1.827623088051891997e+00
-3.289551444076896924e-01
-1.237275745627462120e+00
-3.873896607248406010e-02
-2.528901630311180537e-01
1.993979881796981157e-01
-3.099798520461635731e-01
-2.721049447568993251e+00
-3.818921573069857356e+00
-5.749172508121916714e+00
3.761638264723716318e+00
9.610486050551116932e-01
4.131170982911732459e+00
3.880932797066006246e-01
6.870521456789878689e-01
-4.336295168352422569e-01
8.867481096288873932e-01
-2.148545074057633730e+00
-2.266108601091864738e+00
1.285471278670208335e+02
-9.112147621551744692e+01
-2.238010061311278776e+00
-9.384836079884557591e+00
2.032378746989314067e+01
-1.260893111720975845e+01
-7.049443930966311882e+02
-2.177654434812189288e-01
6.110440076076693039e-01
6.824842814111898859e-01
-3.309850157580379459e+01
2.325390327718546502e+01
-1.764268220810576215e+00
1.208624057223902426e+01
-1.275917078231018742e+00
5.331952658592874705e+00
6.965984069641936571e+01
-4.171283505745542602e-02
7.855428404152910160e-03
1.898083327153745337e-01
3.820611717749278569e+01
-2.555450538761314760e+01
-1.707278222130485545e+01
-3.120558735838059050e+01
1.067104201012974229e+01
-3.831111946383423117e+00
-4.944503078389359416e+02
-9.179699092472552724e-02
-8.409195687677897268e-01
2.045352731929178436e+00
1.438501538594134217e+03
-9.473567893756033982e+02
-2.106914369901755890e+02
-1.743279728310934161e+03
-1.924574364611157051e+01
-2.198698500851296274e+02
-4.814069955254475644e+03
-5.785532699536087391e-03
-1.304552064976113868e-01
3.064460219717197731e-01
1.447935516525875528e+02
-9.586105634863048408e+01
-1.083369414585610855e+02
-3.137809012712392587e+02
-8.633769747949756379e+01
1.643635152173096614e+01
1.625107648268702860e+03
-3.632712943887106676e-03
7.869719902904535880e-02
-7.695664343210599501e-02
1.479662552128020536e+02
-9.473318615663315256e+01
1.564913538034139435e+02
-5.464107318336258601e+01
9.204065466152775343e+01
-1.022031787180927296e+02
-2.885410381524863624e+03
5.022681182280735838e-03
3.466707223191662912e-01
-6.227012133404240535e-01
6.882100899279330974e+01
-2.546556011600456060e+01
-1.086177583212518982e+01
-8.535289537627331811e+02
-3.562222266809323514e+02
9.727042628706180949e+01
5.943778664103791016e+03
