# -0.3J_-0.7g_0.2618theta_0.2618phi_10Chi_0.01delta_500N
7.309926210179255868e-02
3.878307147101037948e-04
8.633796791763131937e-06
1.240859831076434696e-06
5.104084896341520747e-07
2.788149822459040008e-07
2.741341443390625551e-07
1.820810722510657776e-07
1.924633292111366436e-07
1.395980322299770824e-07
1.529392452554818716e-07
1.174428953407909259e-07
1.300024981103416932e-07
1.040760426282723207e-07
1.146422081203943137e-07
9.460054630786073756e-08
1.030707951313142550e-07
8.676556017574460899e-08
9.360936033263707483e-08
7.953493972142301118e-08
8.552414979010076912e-08
7.251948792630200496e-08
7.855888513833856109e-08
6.574548382626274899e-08
7.273154132028000039e-08
5.954988846900060557e-08
6.824537368518884308e-08
5.449592738358906795e-08
6.551983563353381031e-08
5.122629299500354687e-08
6.518379334122202158e-08
5.016546020838928298e-08
6.779920046813958018e-08
5.117319176634013751e-08
7.363608895870955620e-08
5.351545446193590840e-08
8.284380890795210165e-08
5.619728144840145836e-08
9.552438204798358095e-08
5.829745932813630866e-08
1.111511534432107966e-07
5.915286612096820038e-08
1.269251876517316309e-07
5.845633650682292371e-08
1.360670761494988613e-07
5.627926589933551684e-08
1.316628290463590074e-07
5.297615760923150238e-08
1.160551151445734326e-07
4.899504887736888143e-08
9.821215730699846920e-08
4.471088439304030616e-08
8.341443537329122957e-08
4.037072653060285552e-08
7.242950227172908348e-08
3.612844094547579694e-08
6.444690086509740968e-08
3.209376908268421819e-08
5.844698215419280709e-08
2.834822560563032320e-08
5.368533323365207071e-08
2.493549537033824328e-08
4.973335191963229545e-08
2.185853133299931030e-08
4.633693983963802241e-08
1.909646682608792091e-08
4.332955052494110569e-08
1.662785624827301537e-08
4.061016168421031120e-08
1.444314988253080953e-08
3.813817177007844760e-08
1.254299402581165812e-08
3.592276607687585828e-08
1.092978983061789856e-08
3.400496898984389544e-08
9.600223469905000492e-09
3.243756764029381076e-08
8.541654099276756526e-09
3.126846318159620535e-08
7.732177851825665995e-09
3.053001414970043468e-08
7.143687109997321091e-09
3.023377739573100337e-08
6.746902144505314021e-09
3.036871850789370196e-08
6.516528484472392161e-09
3.089968911247396031e-08
6.435039490444565473e-09
3.175804975839777650e-08
6.495057670774812085e-09
3.280281300280459484e-08
6.701426523919694486e-09
3.371820895305780632e-08
7.074481517068354765e-09
3.387134834205195937e-08
7.656434562189543198e-09
3.243027079426391954e-08
8.523893721208791750e-09
2.915926468123683709e-08
9.811346829979570479e-09
2.501460670899673864e-08
1.175346261227550553e-08
2.126894402302305903e-08
1.475759997697408306e-08
1.857782171246631037e-08
1.949135087683160740e-08
1.708600527043282768e-08
2.676813657187053452e-08
1.681402350028846113e-08
3.620659150519993696e-08
1.787500321852976615e-08
4.167739007399101643e-08
2.057630346366249589e-08
3.264181154118624239e-08
2.546813870829961894e-08
1.891593444492927223e-08
3.295103629765206938e-08
1.145768851662864218e-08
4.117851262819140168e-08
8.049346490746225687e-09
4.245852721447135083e-08
6.394481736526797570e-09
3.170365389620568057e-08
5.525267261179166315e-09
1.948596702596606233e-08
5.046036707435530933e-09
1.226343974186792197e-08
4.778716558027341118e-09
8.602259404665008980e-09
4.637614394587923754e-09
6.736373575657321013e-09
4.578449279199582136e-09
5.761944081039776407e-09
4.576437725507079982e-09
5.258727732422273226e-09
4.616494916129667456e-09
5.025063416055743466e-09
4.688584362332118628e-09
4.958004077033682780e-09
4.785455674404513920e-09
5.001293999969533115e-09
4.901541198457759780e-09
5.122183942653498999e-09
5.032522442975411285e-09
5.300618438241231130e-09
5.175285808164132157e-09
5.523871121465433481e-09
5.328071224771376134e-09
5.783668258411943762e-09
5.490604130693181526e-09
6.074508735050507437e-09
5.664040787369436011e-09
6.392601134959996946e-09
5.850640988746530657e-09
6.735130709800013106e-09
6.053214853038257057e-09
7.099697132548576176e-09
6.274505827618281401e-09
7.483825110447004812e-09
6.516696699372015055e-09
7.884479089333575664e-09
6.781157182002723823e-09
8.297535009375398992e-09
7.068438738298593929e-09
8.717183008409099915e-09
7.378435931150182518e-09
9.135288856830935918e-09
7.710609998504867849e-09
9.540887943501921285e-09
8.064195792297163268e-09
9.920246972043202587e-09
8.438355857321570120e-09
1.025830583655562075e-08
8.832273645532069605e-09
1.054245486724586173e-08
9.245198563182038581e-09
1.076869968380197445e-08
9.676468007250418774e-09
1.094771783381105969e-08
1.012550294349469468e-08
1.110591656599023936e-08
1.059179617144274512e-08
1.127863175255554524e-08
1.107490024987002879e-08
1.149904843557194418e-08
1.157441986626664797e-08
1.178949391905725283e-08
1.209000755517752296e-08
1.215791644702386809e-08
1.262135951633003068e-08
1.259887085158550692e-08
1.316821014025253924e-08
1.309858938941648231e-08
1.373032574574668524e-08
1.364192929134018459e-08
1.430749837207581062e-08
1.421696347975027860e-08
1.489954005812255548e-08
1.481592553136004445e-08
1.550627771617998782e-08
1.543426504106276385e-08
1.612754859979983777e-08
1.606944856443297791e-08
1.676319637005735126e-08
1.672008343262985677e-08
1.741306776438905432e-08
1.738538695974058104e-08
1.807700985891074459e-08
1.806489150798087028e-08
1.875486788660528643e-08
1.875828816401573505e-08
1.944648354449329853e-08
1.946534613637625219e-08
2.015169371502225574e-08
2.018587160154032114e-08
2.087032952169945391e-08
2.091968672245215255e-08
2.160221564875172546e-08
2.166661924683537236e-08
2.234716985955248378e-08
2.242649729618238592e-08
2.310500267132516199e-08
2.319914612381144617e-08
2.387551714448445128e-08
2.398438556649902842e-08
2.465850875759454444e-08
2.478202795951565214e-08
2.545376535690266799e-08
2.559187659317197031e-08
2.626106715700374496e-08
2.641372502036730675e-08
2.708018678862342599e-08
2.724735732154813318e-08
2.791088938709990533e-08
2.809254884673046749e-08
2.875293271238063011e-08
2.894906685284642013e-08
2.960606730223843063e-08
2.981667086280803818e-08
3.047003665113522943e-08
3.069511287798129498e-08
3.134457741353240488e-08
3.158413756205233267e-08
3.222941962994412845e-08
3.248348246296704164e-08
3.312428697277718314e-08
3.339287826757145534e-08
3.402889700902781953e-08
3.431204908733750982e-08
3.494296148075302578e-08
3.524071276635682292e-08
3.586618659570707318e-08
3.617858119665104489e-08
3.679827333561792647e-08
3.712536064426090169e-08
3.773891777211179251e-08
3.808075207882691996e-08
3.868781139302920820e-08
3.904445150986890536e-08
3.964464143555252397e-08
4.001615031991453113e-08
4.060909123046234797e-08
4.099553560780727091e-08
4.158084054446570662e-08
4.198229052438767992e-08
4.255956594454397132e-08
4.297609463188940166e-08
4.354494113524190087e-08
4.397662423997180239e-08
4.453663733038646878e-08
4.498355272335051032e-08
4.553432361390020760e-08
4.599655091453767510e-08
4.653766727860340947e-08
4.701528743550194016e-08
4.754633421199366728e-08
4.803942904476272532e-08
4.855998924485918510e-08
4.906864098564807448e-08
4.957829650697264208e-08
5.010258733273244791e-08
5.060091978119156907e-08
5.114093133853233684e-08
5.162752285295613348e-08
5.218333576978764104e-08
5.265776985380109445e-08
5.322946325434198947e-08
5.369132560748522888e-08
5.427897661129433236e-08
5.472785594372001337e-08
5.533153918162584444e-08
5.576702805182747245e-08
5.638681515513702693e-08
5.680851078217051124e-08
5.744446989095789415e-08
5.785197496363681879e-08
5.850417022664053313e-08
5.889709370365749456e-08
5.956558478998268940e-08
5.994354268441706416e-08
6.062838429456699212e-08
6.099100045074788805e-08
6.169224183215226733e-08
6.203914867054445898e-08
6.275683315311961538e-08
6.308767240951950913e-08
6.382183694321994543e-08
6.413626038573244105e-08
6.488693508531832642e-08
6.518460520875257434e-08
6.595181291377558349e-08
6.623240360989271951e-08
6.701615946441689258e-08
6.727935666555137122e-08
6.807966770156930036e-08
6.832517000224676081e-08
6.914203474631383669e-08
6.936955399586824134e-08
7.020296209194005753e-08
7.041222395301046416e-08
7.126215579956269260e-08
7.145290057806527721e-08
7.231932669895879518e-08
7.249130896636438087e-08
7.337419056158103760e-08
7.352718051334166908e-08
7.442646827379243956e-08
7.456025187291018551e-08
7.547588599855703014e-08
7.559026538020841920e-08
7.652217532323416656e-08
7.661696916493315416e-08
7.756507337421531152e-08
7.764011725882536950e-08
7.860432296941009401e-08
7.865946968277108743e-08
7.963967272395565048e-08
7.967479253306167334e-08
8.067087715445232736e-08
8.068585804909586901e-08
8.169769677037433846e-08
8.169244467389325577e-08
8.271989816068161024e-08
8.269433710525587826e-08
8.373725406190673858e-08
8.369132633497886868e-08
8.474954342847837719e-08
8.468320968040205346e-08
8.575655147892304676e-08
8.566979080265919871e-08
8.675806974234867524e-08
8.665087972425203809e-08
8.775389609663329001e-08
8.762629282640516089e-08
8.874383478986911277e-08
8.859585284886642998e-08
8.972769645862972505e-08
8.955938887518337858e-08
9.070529814070698201e-08
9.051673631234334409e-08
9.167646327060130316e-08
9.146773686259093485e-08
9.264102167874675634e-08
9.241223849144963801e-08
9.359880957016642302e-08
9.335009538305001650e-08
9.454966951264836098e-08
9.428116789490246431e-08
9.549345040121115603e-08
9.520532250189245996e-08
9.643000742857697551e-08
9.612243174186509214e-08
9.735920204220019723e-08
9.703237414759980402e-08
9.828090190037491653e-08
9.793503417843563052e-08
9.919498081590631559e-08
9.883030214805533982e-08
1.001013187080784558e-07
9.971807414561511188e-08
1.009998015312512532e-07
1.005982519543893267e-07
1.018903212155178133e-07
1.014707429665134689e-07
1.027727755909984529e-07
1.023354600938473965e-07
1.036470683176654629e-07
1.031923216773752406e-07
1.045131088031863651e-07
1.040412513904188819e-07
1.053708121273272010e-07
1.048821781561177108e-07
1.062200989449253050e-07
1.057150360396856134e-07
1.070608954117618909e-07
1.065397641054530913e-07
1.078931330829832138e-07
1.073563063755935963e-07
1.087167488283678276e-07
1.081646117013786385e-07
1.095316847306299436e-07
1.089646336586428693e-07
1.103378879926051600e-07
1.097563304442893209e-07
1.111353108322254036e-07
1.105396647618329815e-07
1.119239103884735506e-07
1.113146037192265583e-07
1.127036486170259761e-07
1.120811187225910629e-07
1.134744921843927055e-07
1.128391853599754020e-07
1.142364124738298108e-07
1.135887832985556146e-07
1.149893852719889284e-07
1.143298961750525524e-07
1.157333906805307345e-07
1.150625114856870267e-07
1.164684131724852601e-07
1.157866204787283983e-07
1.171944416954933883e-07
1.165022180494910266e-07
1.179114687794959463e-07
1.172093026290652024e-07
1.186194911058948209e-07
1.179078760818535446e-07
1.193185092601068016e-07
1.185979435983367742e-07
1.200085275877362081e-07
1.192795135930294719e-07
1.206895540919646443e-07
1.199525975966184389e-07
1.213616003272719347e-07
1.206172101596642760e-07
1.220246812929911482e-07
1.212733687473007088e-07
1.226788153338025027e-07
1.219210936438788614e-07
1.233240240342409702e-07
1.225604078491200639e-07
1.239603321155526776e-07
1.231913369884220251e-07
1.245877673407253348e-07
1.238139092120018252e-07
1.252063604036123891e-07
1.244281551041191831e-07
1.258161448442935230e-07
1.250341075921846332e-07
1.264171569403794950e-07
1.256318018522313364e-07
1.270094356172991218e-07
1.262212752253835765e-07
1.275930223503837252e-07
1.268025671300859617e-07
1.281679610713191724e-07
1.273757189717073277e-07
1.287342980793817463e-07
1.279407740697696751e-07
1.292920819500824131e-07
1.284977775666868548e-07
1.298413634393588462e-07
1.290467763514390641e-07
1.303821954085129278e-07
1.295878189863429840e-07
1.309146327309631157e-07
1.301209556254752273e-07
1.314387322055519707e-07
1.306462379436278469e-07
1.319545524803398730e-07
1.311637190630087780e-07
1.324621539707306852e-07
1.316734534846439490e-07
1.329615987742070072e-07
1.321754970211425581e-07
1.334529506014280162e-07
1.326699067257644704e-07
1.339362746946609352e-07
1.331567408335060054e-07
1.344116377542402823e-07
1.336360586938025877e-07
1.348791078706015503e-07
1.341079207146440003e-07
1.353387544422661562e-07
1.345723882979249135e-07
1.357906481251800562e-07
1.350295237876476284e-07
1.362348607457103338e-07
1.354793904113164499e-07
1.366714652461492165e-07
1.359220522276284259e-07
1.371005356205617071e-07
1.363575740744170315e-07
1.375221468450022974e-07
1.367860215213482379e-07
1.379363748200408712e-07
1.372074608097620617e-07
1.383432963219198199e-07
1.376219588252110951e-07
1.387429889210002547e-07
1.380295830369065972e-07
1.391355309484964813e-07
1.384304014624106135e-07
1.395210014307501609e-07
1.388244826128467348e-07
1.398994800301309423e-07
1.392118954716839608e-07
1.402710470110861898e-07
1.395927094460261637e-07
1.406357831716235623e-07
1.399669943222480765e-07
1.409937697969906983e-07
1.403348202407164680e-07
1.413450886263035737e-07
1.406962576506085584e-07
1.416898217801412526e-07
1.410513772934040880e-07
1.420280517438183093e-07
1.414002501467199130e-07
1.423598612996087727e-07
1.417429474127852746e-07
1.426853334933708048e-07
1.420795404807496541e-07
1.430045515977100845e-07
1.424101008992580687e-07
1.433175990616430224e-07
1.427347003360909847e-07
1.436245594655181432e-07
1.430534105809966892e-07
1.439255165134028216e-07
1.433663034912220162e-07
1.442205539526886057e-07
1.436734509861310667e-07
1.445097555631443489e-07
1.439749250010359045e-07
1.447932051202775874e-07
1.442707974831437154e-07
1.450709863530249538e-07
1.445611403705217231e-07
1.453431829062125502e-07
1.448460255573118228e-07
1.456098783237520057e-07
1.451255248846969215e-07
1.458711559920814395e-07
1.453997101071116293e-07
1.461270991334390399e-07
1.456686528851426144e-07
1.463777907554378697e-07
1.459324247585017673e-07
1.466233136298547047e-07
1.461910971440892211e-07
1.468637502623701003e-07
1.464447412914209962e-07
1.470991828654367342e-07
1.466934282803496872e-07
1.473296933151567741e-07
1.469372290079886831e-07
1.475553631443207757e-07
1.471762141595952241e-07
1.477762735062887949e-07
1.474104542041848096e-07
1.479925051441044959e-07
1.476400193757793709e-07
1.482041383663852850e-07
1.478649796424297938e-07
1.484112530318679297e-07
1.480854047153593747e-07
1.486139285059259900e-07
1.483013640140828716e-07
1.488122436554852912e-07
1.485129266583940222e-07
1.490062768080987863e-07
1.487201614605714115e-07
1.491961057395658721e-07
1.489231368885445826e-07
1.493818076494061534e-07
1.491219210811741665e-07
1.495634591374877920e-07
1.493165818016416974e-07
1.497411361749869560e-07
1.495071864574440637e-07
1.499149140972505345e-07
1.496938020442223858e-07
1.500848675684201511e-07
1.498764951736314645e-07
1.502510705799371239e-07
1.500553320330437505e-07
1.504135963927509959e-07
1.502303783711905739e-07
1.505725175749572057e-07
1.504016994887972688e-07
1.507279059321003314e-07
1.505693602483191554e-07
1.508798325196223781e-07
1.507334249974114246e-07
1.510283676022165253e-07
1.508939576247746293e-07
1.511735806600861181e-07
1.510510215022477002e-07
1.513155403499765723e-07
1.512046794793579246e-07
1.514543145165000994e-07
1.513549938822230589e-07
1.515899701454053218e-07
1.515020264816718936e-07
1.517225733715333215e-07
1.516458384792825303e-07
1.518521894553125812e-07
1.517864905221844671e-07
1.519788827680728893e-07
1.519240426423682916e-07
1.521027167925452742e-07
1.520585542914065402e-07
1.522237540938003572e-07
1.521900842872723641e-07
1.523420563140010096e-07
1.523186908175204030e-07
1.524576841621752769e-07
1.524444314403426112e-07
1.525706974121995935e-07
1.525673630399302040e-07
1.526811548765420054e-07
1.526875418295530457e-07
1.527891144141884397e-07
1.528050233581488780e-07
1.528946329155916439e-07
1.529198624564941640e-07
1.529977662886599638e-07
1.530321132619027492e-07
1.530985694646092033e-07
1.531418291901310745e-07
1.531970964000533924e-07
1.532490629235849639e-07
1.532934000375229674e-07
1.533538664017218410e-07
1.533875323460024172e-07
1.534562908202274391e-07
1.534795442789770862e-07
1.535563866030109072e-07
1.535694858002629934e-07
1.536542034115174868e-07
1.536574058725812849e-07
1.537497901187950635e-07
1.537433524480088899e-07
1.538431948170608706e-07
1.538273724880751984e-07
1.539344647945688345e-07
1.539095119470776823e-07
1.540236465433455262e-07
1.539898157773871803e-07
1.541107857381865503e-07
1.540683279427938024e-07
1.541959272411003181e-07
1.541450914106914890e-07
1.542791150923228804e-07
1.542201481617766703e-07
1.543603925010562318e-07
1.542935391877663334e-07
1.544398018577313883e-07
1.543653045125958951e-07
1.545173847077285553e-07
1.544354831816245877e-07
1.545931817693156972e-07
1.545041132778012944e-07
1.546672329246372447e-07
1.545712319387760708e-07
1.547395772061572004e-07
1.546368753422823414e-07
1.548102528210064393e-07
1.547010787348625132e-07
1.548792971349513923e-07
1.547638764402415847e-07
1.549467466805903605e-07
1.548253018597536533e-07
1.550126371545245844e-07
1.548853874973021236e-07
1.550770034297475562e-07
1.549441649606624439e-07
1.551398795513004821e-07
1.550016649793122026e-07
1.552012987416914402e-07
1.550579174191798249e-07
1.552612934123624597e-07
1.551129512915657092e-07
1.553198951706178268e-07
1.551667947736504823e-07
1.553771348161908749e-07
1.552194752174426064e-07
1.554330423626382104e-07
1.552710191726687819e-07
1.554876470475372483e-07
1.553214523913691812e-07
1.555409773165971183e-07
1.553707998584246479e-07
1.555930608824099814e-07
1.554190857946427295e-07
1.556439246828609184e-07
1.554663336846351460e-07
1.556935949257745601e-07
1.555125662942358316e-07
1.557420970962216991e-07
1.555578056682806493e-07
1.557894559699605648e-07
1.556020731791015361e-07
1.558356956249711092e-07
1.556453895282909519e-07
1.558808394520424684e-07
1.556877747611523677e-07
1.559249101797601174e-07
1.557292482912475448e-07
1.559679298871257344e-07
1.557698289274925367e-07
1.560099200237929765e-07
1.558095348765064585e-07
1.560509014106506094e-07
1.558483837737564115e-07
1.560908942858178517e-07
1.558863926995179140e-07
1.561299182917880036e-07
1.559235781984498056e-07
1.561679925259070835e-07
1.559599562934278838e-07
1.562051355319425951e-07
1.559955425173294181e-07
1.562413653310088057e-07
1.560303519166153317e-07
1.562766994455601193e-07
1.560643990843054062e-07
1.563111549099268165e-07
1.560976981707436994e-07
1.563447482993801693e-07
1.561302629074091711e-07
1.563774957414480341e-07
1.561621066187232695e-07
1.564094129431249111e-07
1.561932422467409147e-07
1.564405152075533852e-07
1.562236823691476202e-07
1.564708174555769320e-07
1.562534392153661147e-07
1.565003342488800107e-07
1.562825246859454301e-07
1.565290798016723017e-07
1.563109503715532058e-07
1.565570680155233863e-07
1.563387275651876543e-07
1.565843124842500210e-07
1.563658672808938396e-07
1.566108265240119063e-07
1.563923802751222210e-07
1.566366231857558181e-07
1.564182770610061091e-07
1.566617152828636107e-07
1.564435679176765129e-07
1.566861154024689998e-07
1.564682629152722436e-07
1.567098359258613426e-07
1.564923719302330945e-07
1.567328890532480105e-07
1.565159046448098588e-07
1.567552868082531137e-07
1.565388705805109347e-07
1.567770410690013865e-07
1.565612791006542232e-07
1.567981635765821907e-07
1.565831394274540333e-07
1.568186659491461029e-07
1.566044606514644135e-07
1.568385597100964997e-07
1.566252517475467027e-07
1.568578562885040486e-07
1.566455215866902718e-07
1.568765670372508680e-07
1.566652789409428643e-07
1.568947032471616044e-07
1.566845324998242420e-07
1.569122761653198584e-07
1.567032908829113208e-07
1.569292969965185959e-07
1.567215626407743810e-07
1.569457769180617580e-07
1.567393562672245275e-07
1.569617270974687052e-07
1.567566802153991113e-07
1.569771586858123034e-07
1.567735428893621526e-07
1.569920828424215809e-07
1.567899526690643909e-07
1.570065107316774561e-07
1.568059179022558406e-07
1.570204535302606654e-07
1.568214469176113340e-07
1.570339224431778124e-07
1.568365480326276214e-07
1.570469286886686435e-07
1.568512295486199209e-07
1.570594835221720773e-07
1.568654997593824600e-07
1.570715982264893204e-07
1.568793669685079430e-07
1.570832841189613858e-07
1.568928394597875617e-07
1.570945525472093378e-07
1.569059255375743915e-07
1.571054148969513476e-07
1.569186334987057050e-07
1.571158825826156094e-07
1.569309716486509140e-07
1.571259670493647225e-07
1.569429483034740655e-07
1.571356797726453080e-07
1.569545717758669302e-07
1.571450322454120260e-07
1.569658503976571030e-07
1.571540359871677458e-07
1.569767924829349116e-07
1.571627025245161993e-07
1.569874063716353005e-07
1.571710433958427910e-07
1.569977003966309177e-07
1.571790701378289066e-07
1.570076828806233987e-07
1.571867942792919194e-07
1.570173621593150905e-07
1.571942273325965402e-07
1.570267465462293649e-07
1.572013807873198323e-07
1.570358443474882991e-07
1.572082660982268104e-07
1.570446638589324461e-07
1.572148946706329969e-07
1.570532133514714265e-07
1.572212778600502036e-07
1.570615010698146494e-07
1.572274269487336181e-07
1.570695352364413827e-07
1.572333531447336571e-07
1.570773240297308647e-07
1.572390675615118794e-07
1.570848755894313053e-07
1.572445812098131497e-07
1.570921980119351359e-07
1.572499049851184067e-07
1.570992993391856042e-07
1.572550496507660232e-07
1.571061875475577725e-07
1.572600258310017681e-07
1.571128705544873453e-07
1.572648439901201173e-07
1.571193561969701929e-07
1.572695144280066370e-07
1.571256522382495183e-07
1.572740472594448627e-07
1.571317663500634758e-07
1.572784524026289975e-07
1.571377061086107794e-07
1.572827395688827584e-07
1.571434789995468739e-07
1.572869182460647035e-07
1.571490923849914459e-07
1.572909976899146265e-07
1.571545535189170796e-07
1.572949869060432003e-07
1.571598695330035689e-07
1.572988946436534781e-07
1.571650474302482712e-07
1.573027293807414806e-07
1.571700940730963169e-07
1.573064993099741186e-07
1.571750161793941482e-07
1.573102123341724427e-07
1.571798203284504628e-07
1.573138760513513213e-07
1.571845129242543115e-07
1.573174977456979304e-07
1.571891002210334967e-07
1.573210843786342061e-07
1.571935882990285300e-07
1.573246425827378750e-07
1.571979830649442333e-07
1.573281786475635718e-07
1.572022902482001355e-07
1.573316985192073063e-07
1.572065153768679873e-07
1.573352077880223146e-07
1.572106638047848356e-07
1.573387116886006101e-07
1.572147406823452893e-07
1.573422150915762187e-07
1.572187509573396321e-07
1.573457224950760229e-07
1.572226993722139622e-07
1.573492380334899140e-07
1.572265904709131590e-07
1.573527654621147732e-07
1.572304285644551624e-07
1.573563081619124409e-07
1.572342177660418373e-07
1.573598691387758950e-07
1.572379619673263287e-07
1.573634510208814260e-07
1.572416648274883749e-07
1.573670560631682499e-07
1.572453298025918600e-07
1.573706861464381389e-07
1.572489601062690393e-07
1.573743427804203043e-07
1.572525587354173479e-07
1.573780271078467893e-07
1.572561284648866247e-07
1.573817399096656129e-07
1.572596718325281344e-07
1.573854816081546483e-07
1.572631911547994812e-07
1.573892522759401946e-07
1.572666885341831359e-07
1.573930516381704100e-07
1.572701658282315631e-07
1.573968790889294607e-07
1.572736246886880210e-07
1.574007336885658995e-07
1.572770665296775355e-07
1.574046141811243390e-07
1.572804925663660664e-07
1.574085190034305421e-07
1.572839037793221786e-07
1.574124462915247425e-07
1.572873009514004829e-07
1.574163938979143300e-07
1.572906846429297117e-07
1.574203593999055309e-07
1.572940552165540776e-07
1.574243401099801970e-07
1.572974128314531737e-07
1.574283330957004977e-07
1.573007574577652769e-07
1.574323351928954226e-07
1.573040888580821398e-07
1.574363430109691639e-07
1.573074066254986903e-07
1.574403529597279201e-07
1.573107101660467854e-07
1.574443612553881126e-07
1.573139987086331579e-07
1.574483639472508826e-07
1.573172713279727276e-07
1.574523569175657980e-07
1.573205269183251800e-07
1.574563359138088970e-07
1.573237642415135288e-07
1.574602965572505056e-07
1.573269818997361053e-07
1.574642343628086047e-07
1.573301783612176276e-07
1.574681447535045590e-07
1.573333519664092969e-07
1.574720230805179986e-07
1.573365009311614382e-07
1.574758646382660434e-07
1.573396233515945490e-07
1.574796646855463045e-07
1.573427172352527741e-07
1.574834184599925601e-07
1.573457804751800646e-07
1.574871211933779939e-07
1.573488108866582477e-07
1.574907681375047572e-07
1.573518062049303599e-07
1.574943545706961585e-07
1.573547640970765264e-07
1.574978758240830082e-07
1.573576821683391789e-07
1.575013272902306483e-07
1.573605579677090792e-07
1.575047044483864642e-07
1.573633890154442554e-07
1.575080028742639619e-07
1.573661727868655464e-07
1.575112182589530962e-07
1.573689067491905446e-07
1.575143464229338486e-07
1.573715883436739591e-07
1.575173833323260777e-07
1.573742150166132039e-07
1.575203251140228221e-07
1.573767842129450401e-07
1.575231680707823357e-07
1.573792933955714009e-07
1.575259086867296998e-07
1.573817400614384852e-07
1.575285436536462633e-07
1.573841217279208619e-07
1.575310698715740279e-07
1.573864359581950832e-07
1.575334844690102102e-07
1.573886803723639534e-07
1.575357848080315791e-07
1.573908526436633033e-07
1.575379684971901096e-07
1.573929505231927855e-07
1.575400333966007382e-07
