# -0.6J_-0.4g_0.73304theta_0.0phi_10Chi_0.01delta_500N
-5.874578083842346699e-01
-5.664281427225281718e-01
-4.939550521944596206e-01
-2.255482812986233931e-01
-1.680079131273244097e-01
6.613744718781798537e-02
-2.486808899141901008e-01
-1.464634670740265487e-01
1.740635292229070763e-01
8.187158269377431408e-02
-7.346486029265034690e-01
-1.331685089462987914e+00
-6.990509871827786936e-01
7.701913281394735522e-01
5.351692276322556063e-01
-1.103311033260447660e+00
2.219849524984170763e+00
4.312661795633450090e-01
-1.566905469475425194e+00
-8.491373543527032108e-01
-1.784908236609741017e-01
2.658790575768926190e-01
-4.131791070735701399e-01
-7.828725689028316337e-01
2.423634110780628959e+00
1.583369483542408362e+00
5.531342090141613127e-02
-1.376672575267625431e+00
-1.172037305261653506e+00
9.418522939348735745e-01
-3.047677150491356346e-01
1.261592989615833993e+00
-2.198963252297779503e-01
-7.622352688144123256e+00
-1.569866922709927559e+00
9.025226642895654905e+00
-1.590041741608553139e+01
-7.974114718570177729e-01
7.514294838485095163e+00
-3.046292875355298335e+01
5.091938720411753883e-02
-1.946982975764520507e+00
1.377836141951504167e+00
6.781767455855658433e+00
-1.490650755983975806e+01
-1.211722817325893509e+01
3.188492099921305556e+00
4.944916726461985768e+00
5.549137221296400746e+00
3.385651238153840836e+01
-9.453144985450748217e-02
1.903918287861003700e+00
-7.151106140035927705e-01
-7.390861131663281292e+00
8.820708076692463706e+00
1.494635074047699419e+01
-3.147799205881184559e+00
-4.867058794844703051e+00
-2.790756558033263168e+00
-2.256975271512482806e+01
1.961980767803176706e-01
-9.205848470265388661e-01
-1.629580731332518573e+00
3.656635801872175850e+00
3.102525040965531034e+01
7.294885839822387474e+00
4.324095726237270298e+01
-7.658769920590001057e+00
-3.032386395994529238e+01
-1.665209260802609137e+01
-1.409874901984796147e-01
1.164536622120849296e+00
6.709570037606439608e-02
-9.991720199401082914e-02
-4.679988971242925011e+00
-5.741161672846900599e-02
-1.487017173562203354e+01
-7.671313020276492090e+00
1.486045644986900172e+01
1.055695179965154651e+01
-1.381140521177139091e-01
8.081022739476734218e-01
1.277021556455729678e+00
-1.946167166339113352e+00
-2.278172438949570378e+01
-4.614045821065722031e+00
-3.861660281237936942e+01
-2.685508476796404587e+00
3.865520056142327121e+01
-9.147645405402313301e+00
1.295178846345593771e-01
-8.290284106614340676e-01
-5.584278871327604810e-01
-3.702611186332399740e+01
-5.416477871341767170e+00
3.872052345643289328e+01
-1.371692049632566750e+02
3.680510951566588318e+01
3.784539009919832608e+01
-6.538310780880763105e+02
-5.826790386730986704e-01
7.140197079864321061e-01
-2.425242783323537932e-01
2.606708786153518753e-01
-1.093815527314776909e-01
6.469680828425525276e-02
2.484913690359281668e-01
-1.448606415066930053e-01
1.788189985346435862e-01
-1.034322449750458284e-01
5.239656203136876522e-01
-8.405287301937059974e-01
2.874238747575293129e-02
1.883587876782671033e+00
1.421577839999110582e+00
-8.351911591302775273e-01
-2.806471565917112998e-01
-1.465959942010824024e+00
1.790636218532532853e+00
-2.779679212428833313e-01
-5.458070745441733207e-01
1.000800224117665893e+00
-9.165527474462957791e-01
1.041996180772377933e-01
1.279790722915106427e+00
-1.761481415004960471e+00
-1.872126310590724430e+00
1.155005961584197660e+00
-8.094542227371706034e-01
5.247860219486571998e-01
1.099028807792159085e-01
3.928662786080500680e-01
1.455945018465759189e+00
-1.080513988368378975e+01
-8.554978859946189118e+00
6.098368700902273787e+00
7.450668239751695454e-01
6.729963069520132457e+00
-8.708637167040812699e+00
-2.738423431548224762e+00
-2.901004139635230406e-01
-2.771259602528591270e-01
2.228754514003851828e+00
-3.372546791604362770e-01
-1.140821953933318511e+01
1.363045696387136019e+01
1.066226223841233711e+01
-1.100252431745562376e+01
3.671609997630355782e+00
1.361074193738143556e+01
-9.665918293258111971e-02
-3.386304750538586816e-01
2.045044904167542033e+00
-4.308004248315581819e+00
-1.081841567106435775e+01
1.512753535230746316e+01
5.682153497287384170e+00
8.919743332904433997e-01
-3.297826829741378418e+00
8.476789997744362815e-01
-2.220769054649857632e-01
-1.477553202187751769e+00
8.503385304487225405e-01
1.762091909172236015e+01
8.293726133931903277e+00
-4.261781533384067622e+00
1.928901564703248539e+01
-2.755979448015923339e+01
2.811496441058302054e+01
9.749435546266939312e+00
-1.028854238935859172e-01
-1.294650909527105709e+00
-4.902176022179323134e-01
2.239165392071907590e+01
9.714008009752911121e+00
-6.878508715317404487e+00
5.086840209751289699e+00
-2.983298693305977167e+01
1.840510446587725824e+01
8.525378807581645901e+00
-1.424335290916189656e-01
-1.518982920106471513e+00
6.327684627540287876e-02
2.076873697743902625e+01
9.858196210967157924e+00
-5.084731793351085827e+00
2.129741355828221216e+01
-3.195697907438786700e+01
3.890913664124142457e+01
2.453954291483708516e+01
-1.060387594852504611e-01
-8.095609505084776503e-01
-2.004395764575728767e-01
-8.632226222380321445e+00
3.282160047239016443e+00
-1.888662902278259503e+00
-4.033735608265482142e+01
4.651884755818517903e+01
-2.948964352466072469e+01
-1.415324933550315620e+02
-5.819868916389074887e-01
-1.436746060603958930e-01
7.399166530763638949e-01
-3.202614122156155485e-02
2.815686783710760754e-01
6.604408371200999606e-02
-8.245564841436352546e-05
2.919089369133874290e-01
1.760267121269386281e-01
6.261986465784304123e-02
2.145584690534205474e-01
-4.493975016350862939e-01
-7.823962400043411591e-01
2.094752725643037383e+00
2.251876068445188284e-02
1.932673937441073742e+00
-6.479829155175899080e-01
1.629830130693958878e+00
-2.150457928172126998e-01
-2.115374640524931571e-01
7.268155764213943826e-01
1.937935846271594820e-01
-1.309714313280402331e+00
-1.316301407639840715e+00
1.085841504342379915e+00
1.446542759806266898e-01
1.258833726381477280e+00
1.547443913749959821e+00
1.964744623591645478e+00
4.325368203223095565e-01
1.978947118984603626e-01
2.266138747241621232e+00
1.375875114619100836e+00
-1.517232064464970698e+01
-2.319021111614817166e+00
-1.480138212095223160e+01
-9.929015995741746758e-01
-1.113515117412203814e+01
1.287121570076074306e+00
-1.572103776026339439e+01
2.408185753749239322e-01
-3.575470030608403071e-01
3.574062451363868020e-01
5.981180511889327533e+00
-7.111252892158943517e+00
-1.689717120771308645e+00
-7.099694934490764275e+00
-9.581319269593983279e+00
-9.292025296823522851e+00
9.899888671730037615e+00
-9.625228321433554335e-02
-1.583887897474006046e+00
-1.317821812199016618e+00
1.133708915096528891e+01
1.831049379199189975e+00
1.490839280112698262e+01
-3.390661859760102370e+00
4.713367963047023323e+00
-3.001112842114347590e+00
9.309810654920035455e-01
2.407382549548444869e-02
9.126851658114133459e-01
1.006312595342058469e-01
-8.795755575057020437e+00
7.129152773373959029e+00
-3.779170403264433098e+00
1.349012741028110440e+01
2.150929062760164712e+00
1.979453544306385204e+00
-7.361264785629866303e+00
2.436173960084471457e-01
-5.660706862331817968e-01
1.927266174168430490e+00
2.377891956949460450e+01
-1.694525775960876501e+01
7.180284642258486727e+00
-2.363792239811537854e+01
-3.634797441616301228e+01
-3.344822029270746810e+01
2.764086727758425255e+01
-1.400604081260956035e-01
7.095969609753373097e-01
-1.345462880656158600e+00
-1.885377295960337918e+01
1.301678965556018319e+01
-4.889522828406057897e+00
1.623743068179659588e+01
3.478590486597585141e+01
3.887690721521589410e+01
-2.665101903841195963e+01
5.392740203936594208e-03
-1.434479928224567102e-01
-3.310018601047035047e-02
-5.066194392365441779e+00
-9.622195714754173679e+00
2.827407616239878685e+00
-4.833044950642402426e+01
-1.368330460681869809e+01
4.965496786318533751e+00
-1.841348946577767549e+02
