# -0.65J_-0.35g_0.05236theta_1.0472phi_10Chi_0.01delta_500N
5.154973079018927012e-02
2.114225307006917080e-04
5.823207884296893317e-06
2.955242239505032708e-07
4.862337064534618185e-07
1.963492665557214213e-07
3.311815030778473878e-07
1.898442399524296366e-07
2.963329478067610870e-07
1.815635597420120441e-07
2.827748607495753325e-07
1.732845173420679570e-07
2.748355656682113190e-07
1.654114795553061067e-07
2.688481715991026561e-07
1.580313642377445899e-07
2.637872872535297861e-07
1.511512349768722751e-07
2.593916375939386599e-07
1.447608044726963832e-07
2.556538195420707248e-07
1.388534880958107846e-07
2.526640034791381125e-07
1.334355309319001894e-07
2.505604666087385294e-07
1.285313975411107050e-07
2.495082946238531802e-07
1.241876067910875595e-07
2.496818993528613820e-07
1.204751419127253886e-07
2.512480638475009771e-07
1.174899874690949536e-07
2.543505128570464142e-07
1.153511919935713972e-07
2.590922544639184064e-07
1.141957598356490742e-07
2.655070658624843045e-07
1.141700587257225772e-07
2.735117664763759014e-07
1.154185444872797603e-07
2.828372358801552034e-07
1.180722467979695621e-07
2.929496045909255267e-07
1.222401209609424938e-07
3.029942084097711472e-07
1.280041680836870271e-07
3.118161049801585193e-07
1.354141804062060735e-07
3.181098630667815735e-07
1.444725834829215896e-07
3.207012034803433080e-07
1.550966482827576727e-07
3.188702858371034686e-07
1.670463305784053469e-07
3.125605920348752228e-07
1.798157054061297349e-07
3.023598880559016662e-07
1.925125767062350232e-07
2.892752517439234001e-07
2.037958203244836209e-07
2.744345671294469098e-07
2.119767403827258313e-07
2.588470999395451745e-07
2.153617739803533029e-07
2.432788499166413727e-07
2.127833423563421850e-07
2.282271143504442509e-07
2.040851780409103161e-07
2.139524242731675284e-07
1.902398141609026451e-07
2.005326312946759576e-07
1.729645091532007643e-07
1.879197538568843725e-07
1.541525852534575041e-07
1.759959790202813963e-07
1.354510525594451345e-07
1.646296789130970527e-07
1.180288858463554241e-07
1.537190888433533599e-07
1.025359708155751324e-07
1.432120784542598427e-07
8.919751607731798166e-08
1.331050753422337433e-07
7.795831986614802723e-08
1.234311312572028654e-07
6.861345005493492882e-08
1.142440682946396652e-07
6.089980646316336653e-08
1.056024125186613757e-07
5.454969988930333448e-08
9.755690400827945639e-08
4.931734674953092707e-08
9.014337721503275335e-08
4.499037560412392729e-08
8.338072557590953846e-08
4.139275320457026508e-08
7.727243355235051683e-08
3.838279062435832804e-08
7.181008749976165840e-08
3.584876279082815131e-08
6.697677593136645507e-08
3.370410216558564500e-08
6.274889562127551026e-08
3.188363064421549128e-08
5.909654250877647676e-08
3.034166078426192176e-08
5.598453381844016699e-08
2.905165114507497803e-08
5.337501943997162646e-08
2.800679981407732987e-08
5.123039481327717157e-08
2.722005083535111315e-08
4.951550041871558113e-08
2.671731021530477353e-08
4.819907968956296021e-08
2.652097710878487386e-08
4.725279931244336751e-08
2.664185285069473396e-08
4.664838247464737055e-08
2.707878938349153914e-08
4.635779705249530572e-08
2.781920322270294244e-08
4.635447083271681689e-08
2.884472283634633153e-08
4.661373934078310876e-08
3.013762389779239308e-08
4.711302333939015107e-08
3.168388241231775488e-08
4.783224450721865428e-08
3.347332756348575620e-08
4.875454034020048761e-08
3.549862421129173840e-08
4.986725599849078713e-08
3.775401687440644509e-08
5.116310401796883089e-08
4.023436118412510453e-08
5.264138954790282148e-08
4.293425317319397528e-08
5.430907719486459632e-08
4.584737420885575298e-08
5.618140326573789097e-08
4.896599810381165248e-08
5.828169812307841527e-08
5.228063698579735870e-08
6.064006217078418823e-08
5.577976451728080875e-08
6.329057651732059930e-08
5.944947664121070214e-08
6.626679460841208051e-08
6.327280853529859627e-08
6.959532389402562302e-08
6.722822371479804117e-08
7.328724391284570766e-08
7.128653328228003780e-08
7.732686294895482420e-08
7.540524701737757100e-08
8.165714346447180421e-08
7.951933099428618888e-08
8.616190389841517655e-08
8.352827778581339370e-08
9.064823445288893650e-08
8.728316521695514570e-08
9.483998101697986544e-08
9.058728358043365162e-08
9.840300511354693979e-08
9.324137258432679741e-08
1.010243798071014619e-07
9.517308591216101139e-08
1.025406460856698961e-07
9.664173073638830175e-08
1.030521455346308232e-07
9.838375334602347415e-08
1.029277309767981104e-07
1.015138685600213413e-07
1.026709507443486624e-07
1.071817174606016595e-07
1.027384795235599920e-07
1.161412470927632270e-07
1.034291057144100767e-07
1.282035117970148054e-07
1.048758242959441953e-07
1.413167477404676556e-07
1.070942240958885480e-07
1.503567292692024469e-07
1.100334122331205027e-07
1.474245188913436860e-07
1.136143932418391134e-07
1.283494032326206975e-07
1.177682525474705344e-07
1.016112312047959436e-07
1.224405436328447724e-07
7.990997921498025300e-08
1.275700096077889708e-07
6.712370499429144924e-08
1.330981220227687065e-07
6.093574997610508497e-08
1.389760908056811383e-07
5.840955259909164112e-08
1.451596013702755223e-07
5.769930171157860084e-08
1.516011596469315545e-07
5.787024267095058585e-08
1.582426116289052755e-07
5.847633788082521936e-08
1.650072365229355883e-07
5.930143847028241012e-08
1.717894782977266455e-07
6.023574766559205079e-08
1.784379372808350798e-07
6.122023669374013795e-08
1.847218035590183771e-07
6.222131085477000890e-08
1.902600760764611302e-07
6.321878118375666911e-08
1.943757231079024889e-07
6.419983972889925142e-08
1.958331388455574705e-07
6.515582802432881384e-08
1.925482748651624428e-07
6.608068171609588324e-08
1.819405992935832894e-07
6.697044415003775776e-08
1.632126347929886879e-07
6.782338284643205075e-08
1.401625817777613467e-07
6.863899604488128027e-08
1.190598897670130199e-07
6.941637102142909992e-08
1.034330779249122784e-07
7.015413776102010127e-08
9.318228761793713950e-08
7.085114104428498574e-08
8.679886182686623818e-08
7.150666088575991943e-08
8.287344242334862109e-08
7.212034555777684117e-08
8.045494606159989284e-08
7.269211027747818847e-08
7.896797524891414247e-08
7.322206567135275833e-08
7.807443270838608821e-08
7.371047135895767797e-08
7.757341819876265708e-08
7.415770477352094928e-08
7.733843397973767500e-08
7.456423913599623373e-08
7.727999268368560658e-08
7.493062772588987953e-08
7.732886312368387979e-08
7.525748976946978016e-08
7.743314429591536288e-08
7.554550280611650495e-08
7.755779613908314069e-08
7.579539462017920486e-08
7.768135663362486254e-08
7.600793720703340548e-08
7.779145687626083620e-08
7.618394055621529867e-08
7.788118971404001807e-08
7.632424709280815434e-08
7.794677943070048642e-08
7.642972698042459790e-08
7.798622738218066747e-08
7.650127407036691062e-08
7.799855611774966304e-08
7.653980292895662947e-08
7.798339304703003575e-08
7.654624536380453331e-08
7.794074002896993573e-08
7.652154682528157406e-08
7.787084127336057589e-08
7.646666269922246587e-08
7.777410364087744483e-08
7.638255413683863575e-08
7.765104617014741876e-08
7.627018668775224669e-08
7.750226878996628038e-08
7.613052606557550046e-08
7.732842955804148903e-08
7.596453727841388682e-08
7.713023051721343547e-08
7.577318250697210014e-08
7.690840683012719524e-08
7.555741953459112415e-08
7.666371928085029466e-08
7.531820033488210966e-08
7.639694871681232780e-08
7.505646980847820565e-08
7.610889123115560740e-08
7.477316442916302349e-08
7.580035119732719738e-08
7.446921112749056956e-08
7.547213717469162152e-08
7.414552403132366367e-08
7.512506497243232367e-08
7.380300625888010683e-08
7.475995180277978704e-08
7.344254855856533493e-08
7.437761421225984781e-08
7.306502818809829888e-08
7.397886467644661286e-08
7.267130851399852651e-08
7.356450990957247641e-08
7.226223802863862591e-08
7.313534989048123246e-08
7.183865051885814469e-08
7.269217585134308720e-08
7.140136405482831245e-08
7.223576906257448777e-08
7.095118062036433884e-08
7.176689982819144140e-08
7.048888596543316790e-08
7.128632643898128212e-08
7.001524913139034647e-08
7.079479436397566919e-08
6.953102241500726280e-08
7.029303556015632219e-08
6.903694111668648700e-08
6.978176787129219349e-08
6.853372335649806001e-08
6.926169449248845092e-08
6.802207025320103210e-08
6.873350339071345083e-08
6.750266536123544608e-08
6.819786708525755230e-08
6.697617499437316330e-08
6.765544229426003461e-08
6.644324809597527279e-08
6.710686968172274933e-08
6.590451626341805970e-08
6.655277366433164387e-08
6.536059376210651697e-08
6.599376226517615665e-08
6.481207757530198488e-08
6.543042701476719693e-08
6.425954746777576381e-08
6.486334287697491313e-08
6.370356606959779867e-08
6.429306822637556435e-08
6.314467897698213200e-08
6.372014484121770582e-08
6.258341485340514129e-08
6.314509794230138497e-08
6.202028556031820764e-08
6.256843623741215314e-08
6.145578629236203350e-08
6.199065200486190023e-08
6.089039573239466261e-08
6.141222118786288340e-08
6.032457620346532405e-08
6.083360350563377990e-08
5.975877383774265984e-08
6.025524259404119648e-08
5.919341875320667784e-08
5.967756614660900279e-08
5.862892524852967183e-08
5.910098608183993604e-08
5.806569199618332219e-08
5.852589870182080641e-08
5.750410222886480440e-08
5.795268489978405624e-08
5.694452397719787158e-08
5.738171032790794481e-08
5.638731024720788269e-08
5.681332562249654506e-08
5.583279927689170204e-08
5.624786659107844911e-08
5.528131473178560276e-08
5.568565446265986661e-08
5.473316596129158474e-08
5.512699607292370674e-08
5.418864820632484802e-08
5.457218412378901431e-08
5.364804285358403756e-08
5.402149740367984947e-08
5.311161767216068554e-08
5.347520101798120777e-08
5.257962705569310636e-08
5.293354665241577565e-08
5.205231225763354325e-08
5.239677279053161059e-08
5.152990165571283168e-08
5.186510498327680876e-08
5.101261098876183155e-08
5.133875607362923459e-08
5.050064359120433932e-08
5.081792645460199556e-08
4.999419068514603032e-08
5.030280433266169567e-08
4.949343155916265281e-08
4.979356593584470187e-08
4.899853388140590251e-08
4.929037581969674931e-08
4.850965389792040454e-08
4.879338704227297903e-08
4.802693671092149247e-08
4.830274145715306448e-08
4.755051649151339805e-08
4.781856994989393292e-08
4.708051672449938871e-08
4.734099264485728447e-08
4.661705045243749629e-08
4.687011917249245326e-08
4.616022049461607021e-08
4.640604888326576841e-08
4.571011966956245714e-08
4.594887107326869929e-08
4.526683103194336608e-08
4.549866518842229886e-08
4.483042805559448723e-08
4.505550105812358580e-08
4.440097486051069728e-08
4.461943907855746357e-08
4.397852639844854750e-08
4.419053042226934749e-08
4.356312865515622029e-08
4.376881720263527932e-08
4.315481880617130350e-08
4.335433266737842274e-08
4.275362539158228244e-08
4.294710133868845641e-08
4.235956848683996001e-08
4.254713917882441632e-08
4.197265980134959691e-08
4.215445370524801978e-08
4.159290284677503480e-08
4.176904412191730590e-08
4.122029300862763799e-08
4.139090139876659581e-08
4.085481763927053753e-08
4.102000834486653488e-08
4.049645613636766623e-08
4.065633967049685081e-08
4.014517995575007665e-08
4.029986200535033579e-08
3.980095260923879511e-08
3.995053386988187762e-08
3.946372971064400468e-08
3.960830564411089957e-08
3.913345882811799100e-08
3.927311951048685723e-08
3.881007940577378381e-08
3.894490925391158228e-08
3.849352262189272836e-08
3.862360011108654512e-08
3.818371124649849593e-08
3.830910859383618822e-08
3.788055920869542051e-08
3.800134206040295884e-08
3.758397143913386356e-08
3.770019843863774916e-08
3.729384329994223067e-08
3.740556561978184376e-08
3.701006017385353010e-08
3.711732102152110924e-08
3.673249676450425767e-08
3.683533076916382332e-08
3.646101636206235050e-08
3.655944890128029939e-08
3.619546994565947324e-08
3.628951636708045567e-08
3.593569509473352507e-08
3.602535980042949752e-08
3.568151472310560691e-08
3.576679016042530504e-08
3.543273554450204938e-08
3.551360104284803988e-08
3.518914632460791876e-08
3.526556671164664888e-08
3.495051578156202596e-08
3.502243984953842292e-08
3.471659011446203125e-08
3.478394884500896761e-08
3.448709014609900746e-08
3.454979466901079082e-08
3.426170796788448002e-08
3.431964721283972144e-08
3.404010299504044556e-08
3.409314108613995019e-08
3.382189744732892588e-08
3.386987060489145644e-08
3.360667103278914380e-08
3.364938424635284486e-08
3.339395489103744674e-08
3.343117802709948958e-08
3.318322456762017593e-08
3.321468814235799826e-08
3.297389210756204050e-08
3.299928256832710609e-08
3.276529701497626509e-08
3.278425171440241895e-08
3.255669629829280420e-08
3.256879811295532476e-08
3.234725348364980059e-08
3.235202536259060024e-08
3.213602688025396893e-08
3.213292656430756722e-08
3.192195745769745830e-08
3.191037277590145497e-08
3.170385688581991366e-08
3.168310229656287040e-08
3.148039674881125996e-08
3.144971199884284171e-08
3.125010033042044296e-08
3.120865240555523261e-08
3.101133893588088083e-08
3.095822888276583109e-08
3.076233551830763829e-08
3.069661204030574739e-08
3.050117897754699334e-08
3.042186101497599058e-08
3.022585344046009546e-08
3.013196406267925675e-08
2.993428707551723969e-08
2.982490078345146986e-08
2.962442509137578776e-08
2.949872986119123328e-08
2.929433047844686807e-08
2.915170418682581227e-08
2.894231346088293095e-08
2.878241184137824255e-08
2.856708648751147171e-08
2.838993625431830479e-08
2.816793523197718157e-08
2.797402212358751672e-08
2.774488895119933393e-08
2.753522692118565978e-08
2.729886636720941129e-08
2.707503247075185772e-08
2.683176913888705679e-08
2.659589024826235259e-08
2.634649622112178809e-08
2.610117909397383946e-08
2.584686072718910251e-08
2.559506640004084276e-08
2.533740635389453192e-08
2.508228057574126026e-08
2.482313945050267330e-08
2.456782043793472228e-08
2.430921023776334632e-08
2.405664009024447773e-08
2.380058702123246558e-08
2.355335188209232445e-08
2.330176718571973031e-08
2.306198442556754059e-08
2.281655864330574066e-08
2.258581923194625440e-08
2.234794931453409083e-08
2.212731325066828085e-08
2.189806497417938792e-08
2.168809998038901757e-08
2.146820228220557555e-08
2.126905199256319310e-08
2.105891619894943092e-08
2.087038358333799583e-08
2.067013906573578563e-08
2.049177310482548178e-08
2.030131139038985959e-08
2.013248823830724503e-08
1.995150911261709799e-08
1.979150255910149696e-08
1.961955766642431471e-08
1.946759662366436328e-08
1.930412783192513803e-08
1.915944067629098820e-08
1.900381202610473712e-08
1.886565897851983885e-08
1.871718202780536186e-08
1.858487738516711764e-08
1.844283041259060939e-08
1.831575662425027058e-08
1.817939851856550951e-08
1.805701400582435603e-08
1.792559378817779644e-08
1.780743615989968216e-08
1.768019904447845187e-08
1.756588506604884957e-08
1.744207592799024774e-08
1.733129927005525376e-08
1.721016425315317957e-08
1.710269180844070520e-08
1.698347868052738355e-08
1.687914601995226343e-08
1.676110380199684080e-08
1.665981012588258954e-08
1.654218841109269450e-08
1.644389124621504067e-08
1.632593957523574177e-08
1.623064934980433682e-08
1.611161692614381510e-08
1.601939150166130634e-08
1.589852751750113888e-08
1.580946666457310608e-08
1.568602148660440311e-08
1.560026128726327771e-08
1.547348869308445005e-08
1.539119583122519944e-08
1.526035649881517807e-08
1.518172236218615703e-08
1.504608881551911900e-08
1.497132335821636040e-08
1.483018646915482970e-08
1.475951176359166622e-08
1.461218897527055161e-08
1.454583242141952055e-08
1.439167770712574301e-08
1.432986487621269422e-08
1.416828043644608064e-08
1.411122755450013749e-08
1.394167712483981326e-08
1.388958327639289412e-08
1.371160674865693845e-08
1.366464583668158220e-08
1.347787493444510746e-08
1.343618769171936847e-08
1.324036199491401154e-08
1.320404813824420007e-08
1.299903084357923073e-08
1.296814174156386162e-08
1.275393424770585359e-08
1.272846640995082693e-08
1.250522078542479741e-08
1.248511056729700203e-08
1.225313885404860840e-08
1.223825874087333487e-08
1.199803810461922457e-08
1.198819494767946356e-08
1.174036779394001464e-08
1.173530327119779236e-08
1.148067167948053911e-08
1.148006517223768468e-08
1.121957932703918636e-08
1.122305325694078839e-08
1.095779393338243540e-08
1.096492142365178272e-08
1.069607703854669928e-08
1.070639162782881664e-08
1.043523077802328310e-08
1.044823771618552244e-08
1.017607849416793643e-08
1.019126706542911872e-08
9.919444694658882038e-09
9.936300904941875160e-09
9.666135353745276578e-09
9.684154335335465454e-09
9.416919553918246250e-09
9.435617050392716015e-09
9.172513276229688776e-09
9.191435694359079169e-09
8.933565997602286054e-09
8.952298627477537630e-09
8.700650497095198829e-09
8.718823670404923830e-09
8.474256032831957416e-09
8.491549139931240198e-09
8.254784836540368742e-09
8.270928265221016167e-09
8.042551657956552512e-09
8.057326847611092215e-09
7.837785991597325679e-09
7.851023856512188269e-09
7.640636479630590060e-09
7.652214527779918066e-09
7.451176991287500358e-09
7.461015476609454575e-09
7.269413862647496452e-09
7.277471284093481530e-09
7.095293819456085597e-09
7.101562071476989247e-09
6.928712181544320504e-09
6.933211597528485640e-09
6.769520993530536797e-09
6.772295497761741167e-09
6.617536839774242421e-09
6.618649351002478682e-09
6.472548129459454522e-09
6.472076325737711016e-09
6.334321748673252590e-09
6.332354258756567534e-09
6.202608992231496508e-09
6.199242062426378675e-09
6.077150766011057325e-09
6.072485352998321015e-09
5.957682034537943645e-09
5.951821400385013139e-09
5.843935612217531502e-09
5.836983305642157658e-09
5.735645279616448555e-09
5.727703515133962339e-09
5.632548320620128533e-09
5.623716701893824508e-09
5.534387545619246924e-09
5.524762086730297583e-09
5.440912854303605722e-09
5.430585261527621376e-09
5.351882407945830242e-09
5.340939577862388854e-09
5.267063468373971528e-09
5.255587168136105294e-09
5.186232958072387663e-09
5.174299657422503499e-09
5.109177794546603416e-09
5.096858607483406722e-09
5.035695027289154887e-09
5.023055757615696506e-09
4.965591834521276271e-09
4.952693088910916323e-09
4.898685397690533597e-09
4.885582753943605124e-09
4.834802680296987866e-09
4.821546895090441121e-09
4.773780146830428847e-09
4.760417389338223397e-09
4.715463423072598475e-09
4.702035527892802647e-09
4.659706924336955681e-09
4.646251592909653308e-09
4.606373404796439802e-09
4.592924705923825983e-09
4.555333786962640719e-09
4.541922058414379182e-09
4.506466392321757734e-09
4.493118739101827502e-09
4.459656774677340924e-09
4.446397256216898221e-09
4.414797258427180472e-09
4.401647123377798635e-09
4.371786544928125523e-09
4.358764458488676052e-09
4.330529335741825470e-09
4.317651591524211103e-09
4.290935966979327594e-09
4.278216687726781198e-09
4.252922062759907043e-09
4.240373387527143057e-09
4.216408203237243050e-09
4.204040461840420897e-09
4.181319610489594464e-09
4.169141485768324061e-09
4.147585851643645582e-09
4.135604529750358323e-09
4.115140558112364672e-09
4.103361867074140206e-09
4.083921162165318025e-09
4.072349698998140154e-09
4.053868648245917774e-09
4.042507897248620767e-09
4.024927320790640871e-09
4.013779760590306210e-09
3.997044585655244232e-09
3.986111788300359231e-09
3.970170746075201684e-09
3.959453466585675910e-09
3.944258810877498069e-09
3.933757070109094211e-09
3.919264316245742128e-09
3.908977475492791506e-09
3.895145158148482844e-09
3.885071987678633085e-09
3.871861444038219351e-09
3.862000185073428408e-09
3.849375317150665161e-09
3.839723736632661635e-09
3.827650862295803205e-09
3.818206305544476100e-09
3.806653951334656228e-09
3.797413387204780134e-09
3.786352130588990684e-09
3.777312192465923109e-09
3.766714508197119885e-09
3.757871531772577290e-09
3.747711651476467540e-09
3.739061707686307251e-09
3.729315486886360312e-09
3.720854412049534384e-09
3.711499210423422021e-09
3.703222632197347693e-09
3.694237199780303095e-09
3.686140561313589142e-09
3.677504934458547764e-09
3.669583514508595265e-09
3.661278919284340853e-09
3.653527851147527020e-09
3.645536612633707710e-09
3.637950898906103801e-09
3.630256359104943585e-09
3.622830885910352075e-09
3.615417324722391865e-09
3.608146873376535657e-09
3.600999437416549367e-09
3.593878692599142268e-09
3.586983327485612579e-09
3.580006886830556079e-09
3.573350274308682103e-09
3.566512653105879916e-09
3.560082152766363115e-09
3.553377788434169709e-09
3.547161382961368969e-09
3.540584638686188392e-09
3.534570881744298420e-09
3.528116046183573937e-09
3.522294015000925244e-09
3.515955303820231581e-09
3.510314552837815406e-09
3.504086099958287393e-09
3.498616624120114562e-09
3.492492504118011739e-09
3.487184673196404421e-09
3.481158859546010906e-09
3.476003416923282196e-09
3.470069800557404476e-09
3.465057800459741760e-09
3.459210178127741271e-09
3.454332956657794059e-09
3.448565020609951774e-09
3.443814160641914328e-09
3.438119490074488562e-09
3.433486788254747208e-09
3.427858837715007435e-09
3.423336271690078904e-09
3.417768357543664021e-09
3.413348053403912952e-09
3.407833340527147519e-09
3.403507541816691458e-09
3.398039026226650618e-09
3.393800060644804518e-09
3.388370553054927850e-09
3.384210802221094186e-09
3.378812907056408902e-09
3.374724773827139759e-09
3.369350868219478119e-09
3.365326743339725546e-09
3.359968952960855785e-09
3.356001182202824442e-09
3.350651355519745850e-09
3.346732205523658972e-09
3.341381885293348350e-09
3.337503506220125219e-09
3.332143897835156705e-09
3.328298287539137892e-09
3.322920226457959191e-09
3.319099190093405809e-09
3.313693104351587218e-09
3.309888212991222946e-09
3.304444084694954107e-09
3.300646632156133795e-09
3.295153952473675927e-09
3.291354908318091971e-09
3.285802633386232476e-09
3.281992593645671076e-09
3.276369092424231258e-09
3.272538219069678530e-09
3.266831223385526206e-09
3.262969219648090270e-09
3.257165760464087579e-09
3.253261759330886960e-09
3.247348111238639705e-09
3.243390648100803349e-09
3.237352262503639482e-09
3.233329195826467451e-09
3.227150631473601252e-09
3.223049070431982816e-09
3.216713921369217012e-09
3.212520147162313102e-09
3.206010967615375766e-09
3.201710351613968143e-09
3.195008578683654546e-09
3.190585495643946182e-09
3.183671368821252873e-09
3.179109106963229886e-09
3.171961590516140979e-09
3.167242257825101513e-09
3.159838961794577477e-09
3.154943390714807992e-09
3.147260498181776675e-09
3.142168149934314359e-09
3.134180347938249567e-09
3.128869218436105462e-09
3.120549642810877173e-09
3.114996330529574351e-09
3.106316526310617854e-09
3.100495522582139091e-09
3.091425410992670470e-09
3.085309969729349853e-09
3.075817865115958454e-09
3.069379329504013113e-09
3.059431997319980174e-09
3.052639931402905986e-09
3.042202592992003119e-09
3.035024790149749642e-09
3.024061388307801245e-09
3.016463927679011929e-09
3.004937255382528061e-09
2.996884612487986977e-09
2.984756628554656170e-09
2.976211858754528644e-09
2.963444080267984012e-09
2.954369085054814325e-09
2.940923093153711416e-09
2.931278990692676168e-09
2.917117064438833237e-09
2.906864677192165802e-09
2.891950567341172246e-09
2.881051042281954502e-09
2.865350896906377713e-09
2.853766473405619165e-09
2.837249914840079966e-09
2.824944846511942169e-09
2.807586198304291996e-09
2.794527831668041879e-09
2.776307475415513421e-09
2.762467472785998044e-09
2.743373308464448659e-09
2.728729013868698372e-09
2.708757967278610853e-09
2.693293826466770612e-09
2.672453349207920841e-09
2.656162390421243127e-09
2.634471864542513119e-09
2.617357151777931739e-09
2.594849072998432301e-09
2.576924988910599750e-09
2.553645892144589256e-09
2.534939228024912333e-09
2.510950107441008180e-09
2.491500781447357301e-09
2.466877062145225709e-09
2.446738420184046614e-09
2.421569271736254793e-09
2.400807838850796733e-09
2.375194845816904463e-09
2.353889499170134640e-09
2.327944678527595235e-09
2.306185220206090066e-09
2.280028444651599420e-09
2.257913609481805948e-09
2.231669551330699378e-09
2.209304537669563971e-09
2.183099302725931340e-09
2.160592962209829378e-09
2.134550603168105904e-09
2.112012446590582770e-09
2.086251585107143708e-09
2.063788809175437660e-09
2.038419561460225433e-09
2.016134257515658258e-09
1.991255626734285338e-09
1.969242341065538700e-09
1.944940282302180246e-09
1.923284042415463555e-09
1.899630068890681818e-09
1.878404955729792807e-09
1.855455564422504594e-09
1.834723847023992376e-09
1.812520514716510502e-09
1.792332327400280100e-09
1.770902075478257421e-09
1.751295577721127440e-09
1.730651978410431156e-09
1.711653913537035698e-09
1.691798415773462843e-09
1.673424971703763977e-09
1.654348422980359636e-09
1.636606297331299094e-09
1.618290542862892086e-09
1.601178114263130993e-09
1.583597667965812485e-09
1.567106253956975235e-09
1.550229710898755602e-09
1.534344669482987113e-09
1.518136216426249715e-09
1.502838140959689921e-09
1.487258793111638271e-09
1.472524513523990237e-09
1.457533219416690331e-09
1.443336715220859962e-09
1.428891303205234107e-09
1.415204501830158427e-09
1.401262479857528337e-09
1.388055946026306242e-09
1.374575171858954645e-09
1.361818699222082705e-09
1.348757941412277232e-09
1.336421060555203823e-09
1.323740472093195063e-09
1.311792890383553235e-09
1.299454414729232369e-09
1.287866403590117414e-09
1.275834131523406665e-09
1.264576874725195946e-09
1.252817366101565903e-09
1.241863280335717064e-09
1.230345861283402525e-09
1.219668898791429825e-09
1.208365937078367413e-09
1.197941868897714168e-09
1.186829034342874763e-09
1.176635722380728521e-09
1.165692215694091777e-09
1.155709864814648317e-09
