# -0.65J_-0.35g_0.05236theta_1.0472phi_10Chi_0.01delta_500N
-8.218160283013978967e-03
9.402454909844705500e-02
-9.344479830362270034e-01
3.228159544732588371e-01
4.940399290407756702e-03
-3.801612365209154631e-02
2.273628724496880651e-02
-1.060753684980138556e-01
1.153737818186947872e-02
3.918454785703168360e-03
8.373168693053925637e-02
-1.455872021459929000e+00
1.397651135809923062e+01
2.604594622917586921e+00
7.404450254139841370e+00
-1.539810175313207274e+01
2.757059723044811861e+01
-9.598146013416840105e+01
4.618990753959430862e+01
2.442150747450014592e+00
-9.100825791599158610e-01
1.603184399891562961e+01
-2.988228509168883420e+02
5.884748900895008461e+00
-5.377242960497204649e+02
3.453306577395741897e+03
-1.577339424849675140e+02
2.034552787614283034e+03
5.213557965816476099e+03
6.759472939009602896e+02
3.275089572711236130e-01
1.488624249453442294e+00
2.667986071315222674e+01
-1.562878106393875157e+02
-6.360314856243410304e+02
-1.674065537358742858e+03
-1.412932854808846741e+03
1.906596465071635976e+03
-1.691131366730091941e+03
2.757809817350504090e+03
6.443815067731006006e-03
7.643818603180765336e+00
-4.804265517980426239e+02
-6.617584200399001020e+02
-4.802990928922973399e+04
2.136972631401751278e+04
3.998154180337116850e+04
2.659588306336661481e+04
9.756654674368041742e+04
3.064236560899211327e+05
4.087766009421039959e-02
1.680115732622734726e+01
-3.319966147890045249e+03
1.603837294771791221e+03
-2.174182979296224585e+04
1.229211875732757384e+06
4.388031866526698577e+05
-3.445818899538907572e+05
-6.487222207522040699e+05
2.048076227826722516e+03
2.931974740165348148e-02
2.808881257475696813e+01
-4.819855526339319596e+01
-1.501845603800117715e+03
3.854582860924078705e+04
-4.099437984931397950e+05
-2.264482726683813089e+05
1.331202369111080188e+05
2.083591097913972917e+05
-2.297905085555900296e+05
1.234285506298415935e-01
9.528932493507892332e+01
-1.450529909206855791e+03
-2.264797482025257068e+03
-2.955799296777776544e+04
-2.890483813769180560e+05
-1.175987431541631522e+05
1.805617319375529478e+05
3.567871792072762037e+05
3.056879682194853667e+05
9.410050818415338636e-03
3.447506748165338308e+01
5.284166829123202660e+03
-1.404370409810615229e+03
1.048202586138205952e+05
6.534642649451353354e+05
2.322975621524378075e+05
-4.245067204108097940e+05
-1.850669860908520874e+06
-1.694595286746207625e+06
6.296622610438397730e-03
3.842352814465320954e+00
6.848315999558196836e+02
2.802669337992819692e+03
3.023804598850861657e+05
3.201498313673288010e+01
-2.343159411379045632e+05
-2.701455678735923721e+05
-1.556915264930400066e+06
-3.538563167228054721e+06
-9.113434086433135073e-02
9.742687566990474446e-01
1.469010531883901682e-01
1.420908719097956352e-01
-1.905557949767277409e-02
6.455338567404361044e-03
-1.938646869279541177e-02
1.302742154316468420e-03
-1.730099305358657113e-03
-9.149750417845556880e-04
9.571958647128158137e-01
-2.088088646088423062e+01
3.336678830564181197e+01
1.047159487546653907e+02
-1.530590411892799452e+01
4.216046632699081975e+00
-1.605504203104199945e+01
1.088493339680933342e-01
-2.665077471637184559e+00
-7.534383502358877882e-01
1.362921994391394498e-01
3.409655442747460086e+01
-2.064566404257220995e+02
-6.822927850667622351e+02
-1.622967815968384002e+03
4.836801737060491746e+02
-2.210245549197721175e+03
-8.816535920072842600e+02
-9.771833629252593312e+01
-4.765507825845463117e+02
1.403780090558034988e-01
1.023854194529496056e+02
-6.538978495704632223e+02
-2.231117464542957350e+03
-8.300526697381188569e+03
1.522065351261551996e+03
-8.248595504781878844e+03
-3.862869183116336899e+03
-5.903819593577426303e+02
2.164256271542120373e+02
-1.861777507625530723e-02
-1.484769734937779440e+01
-1.564880399280902793e+03
-8.120187571896229201e+03
-5.070786213873903034e+05
-1.195077483473760221e+05
3.617795165275782929e+05
7.744117785044903576e+04
-3.123530498801153954e+03
-1.970033793071786931e+04
-6.193428219378206527e-03
-3.949522622489754387e+00
-4.318106581053680202e+02
-1.471237650494750596e+03
1.133340138363485166e+05
5.795219943065531697e+04
-1.655894574943994812e+05
-5.967755622098490130e+04
-3.214570433864811093e+03
-3.240178219494393124e+04
-1.938723578470469971e-02
-1.567743298467513036e+01
-2.064779001303853420e+03
-8.228532821292275912e+03
3.573204782895965036e+05
1.723583840262354934e+05
-6.410600074012591504e+05
-2.283708676646136737e+05
-8.089799883421424965e+03
1.580581483679387311e+05
-1.422945804316429110e-03
5.761100344594387995e-02
8.583797387558674927e+02
3.869875302579119762e+03
-7.753236447253332881e+04
-6.067890364946569753e+04
2.255262696980843903e+05
9.605301865050836932e+04
5.423074203839955771e+03
-5.918122099300937407e+04
-1.384504719152428089e-03
-2.220648703987647909e+00
-1.266170841537815761e+02
-6.253860574738428113e+02
-2.616392589819190562e+03
2.160541515438347233e+03
-7.033590984131105870e+02
-1.224059782260443171e+03
-1.134894456852455551e+04
-1.496058909055490176e+03
-1.108083960207611714e-03
-6.365206735893813583e-01
-3.931194123246294794e+02
1.587560922249872419e+02
-2.079368728678153275e+04
2.743798805172469656e+04
1.450674318117606745e+05
5.417825255004657083e+04
8.128241069139749015e+03
-6.593706773518909467e+05
-9.958073342117123028e-01
-9.148666900548792225e-02
-3.185017564113395809e-03
-7.942023640274282689e-03
6.166737423098055115e-04
-1.175365459795753466e-04
5.526059032614755563e-04
1.614398165879133741e-04
1.705396549334264357e-04
-4.935530553342287177e-04
-9.128814285317006505e-02
-7.671211744119030285e-02
8.705126089449475302e-01
3.738860695532319478e-01
7.727135632950098421e-01
-2.192436858873717753e+00
2.471963327279599998e+00
-8.191885008415008329e+00
-1.576841177982241327e+01
7.051037958022162400e+01
-3.963000144951501699e-03
9.652092034016659383e-01
-1.969746719829749892e+01
-4.402532386104510920e+00
-4.704560914992248399e+01
3.144816965563153985e+02
-1.935168560329153964e+00
1.397920581000859954e+02
7.449247467099309006e+02
-2.911628538664556800e+03
-7.617377310053298836e-03
3.182020671109154208e-01
-2.889364932759610038e+00
-9.986519544706428775e+00
-5.917546530452511888e+01
-1.359217097091588471e+02
-1.286044400628635458e+02
1.790369711237994750e+02
1.033613223478536725e+02
5.447191912694415805e+02
6.271567102348325588e-04
7.618328048939353447e-01
-4.227669820371317400e+01
-6.050373643580309135e+01
-4.331475722652317017e+03
2.090087137013000756e+03
3.677388375361052113e+03
2.444028827539763370e+03
1.273329581660064832e+04
1.050896153731669074e+04
7.200826080005117075e-05
2.218057374509021962e+00
-3.024129664997773261e+02
1.314666644001038662e+02
-2.133708272685487373e+03
1.123534151386117446e+05
4.015609242754652951e+04
-3.112220398978168669e+04
-2.954544929264479651e+04
-6.071847307765745791e+05
6.734722461770082953e-04
2.311502611026179377e+00
6.476876272524881628e+00
-1.304237402025993049e+02
3.569498077750939046e+03
-3.744323780199880275e+04
-2.041105301748146667e+04
1.122048507801412779e+04
8.069149220797507041e+03
1.739110474480132107e+05
1.838678240827180466e-04
6.667919689468444489e+00
-8.386612520240709046e+01
-1.766534564086580303e+02
-2.545919662690926089e+03
-2.579420507669876315e+04
-9.548414545361652927e+03
1.301012519626628273e+04
2.563157583067228552e+04
1.398675978048124816e+05
2.653367239028481966e-05
-1.858332052331176598e+01
7.394444247980715090e+02
1.650380284645919744e+02
1.262872648892644611e+04
3.089056035359864109e+04
1.075181174576147896e+04
-3.107356044364707850e+04
-1.615482161522589449e+05
3.774670688177552802e+04
1.284816211820334424e-04
6.851658137010728922e+01
-2.687377189079702021e+03
4.066567842450755279e+02
6.885650091896703088e+03
5.982650710003369022e+05
1.872883783333052124e+05
-1.607905181449548691e+05
6.209014671558126429e+04
-7.418680726710686460e+06
