# -0.2J_-0.8g_0.10472theta_1.0472phi_10Chi_0.01delta_500N
-5.793395229442149796e-01
7.447861296548280441e-01
3.010583576861788901e-01
1.016558649996389396e-02
-1.455214406539115379e-01
5.313618573555550090e-02
-5.797477384532593453e-02
-7.473181124613857695e-02
5.102227534440501033e-02
2.462685234589582009e-02
7.608657146710047225e-01
-1.805142131025093688e+00
-1.930928894313562738e-01
3.055186702584475000e+00
-5.555384908969624114e+00
5.414880068763275212e+00
-3.458255837472310024e+00
-4.328522749402740288e+00
2.688641412807511344e+00
1.147102250266818890e+00
2.428794204012356128e-01
-2.702709073238602697e-02
-4.436299687352117660e-01
-5.396837303642674222e+00
1.587347362415533203e+00
-2.724727020298221003e+00
-6.175566389600075645e+00
-2.109380512637035743e-01
5.320812173879253315e+00
1.875503067209802976e+00
2.217389935233769066e-02
3.901579174599553834e+00
-4.968629500579651470e+00
-1.196554636709997652e+02
3.900389341882556948e+01
-7.139462832695470240e+01
-1.762189433461676344e+02
-9.769717795387160209e+01
1.386498858144198323e+02
-2.059678710781897450e+02
-1.431378220529651024e-01
-5.397620519528445904e+00
9.390114718794101423e-01
2.402605202259126216e+01
-8.384125370431829083e+01
7.313799144927794771e+01
-1.315135316714651879e+02
1.176430340827732834e+01
5.993342996354135721e+01
-2.656853398612228716e+02
-5.156786807075482842e-02
-5.492831610689504984e+00
2.317121266811835056e+00
6.601641597551177654e+01
-7.517809181518069295e+01
1.099094224168932072e+02
2.493912937993494694e+01
5.448763763746177347e+01
-2.574561164707745320e+01
-8.372812148450300640e+01
5.990928414670328161e-02
3.123175990361549026e+00
6.310877510489131481e+00
2.255768761511982632e+02
9.969185897450360301e+01
4.819383843578336268e+01
1.013245969068178397e+03
3.209117265808713455e+02
-5.594191607185532575e+02
2.206707010716861532e+03
-6.758410377176171657e-02
-3.926798499319855473e+00
-4.555762216737700987e-01
-9.595407839687000262e+01
3.445499172411778233e+01
-6.642843570010369092e+01
-1.493723210483119033e+02
-4.783745054510361001e+02
2.768975670530795128e+02
-9.436695458095188087e+02
5.016748468353528223e-02
2.301820403794168968e+00
5.340837444330166051e+00
1.555531129069534870e+02
5.214422666131667938e+01
2.490156505839983225e+01
5.549060829753548205e+02
3.125304377344011755e+02
-5.610132163705825405e+02
1.254199286507367560e+03
1.416156609507430997e-02
3.707305279923396868e-01
1.881056937618474256e+00
-4.409719605692115465e+02
3.531868259579737241e+02
-3.656931059059668314e+02
1.928361826514173174e+02
-2.216464808146180985e+03
5.720846239493657777e+02
-6.894581228321658273e+03
-5.763035258499517033e-01
-6.350276996637452820e-01
4.951436713857564342e-01
-1.315996170750206029e-01
6.458050845329622869e-02
5.389564287175387797e-02
9.400965419991204330e-02
-1.310767443190653109e-02
5.142058172117199705e-02
-1.267451279354160285e-02
-5.926138424418533335e-01
-8.869005337059704397e-01
5.716507636942927961e-01
-3.230391085041665611e-01
-3.403268075034938445e+00
-3.981766328395059951e-01
-5.549563587972918377e+00
4.932891370347274318e+00
-5.928290082454568122e+00
1.604755718118796803e+00
5.382824050816920058e-01
7.388279644535634683e-01
-1.376680236362464615e+00
-7.542121343543336742e+00
-1.813118132582332231e+00
6.105706571065431021e+00
3.094605423180785131e+00
1.918403920782272509e+00
-3.349005328208056742e-01
4.668384835915767583e-01
-1.356440469000262106e-01
4.908281591500062713e-01
-7.403147470002870101e+00
-1.201242321433588103e+02
-2.405608863901182559e+01
9.956919611522020830e+01
-4.110163884824590497e+01
-4.799288006155609310e+01
-1.820849685637657345e+01
-5.329379507525839017e+02
5.293296361519495008e-02
-2.955032260481443629e+00
-2.498378740062742409e+00
-3.903924854541490674e+01
-8.333091985788567513e+01
2.493303774269818618e+01
-1.797760642531782196e+02
1.492824113775029957e+02
-1.510457620093405637e+02
-2.704492361965139935e+02
-5.233537338353583257e-02
7.956560681589003314e-01
-5.963537077313469936e+00
-9.849003602698624604e+01
-1.909548697723589328e+01
1.104989560778250137e+02
-5.933032706495703223e+01
-4.601946433155609029e+00
-2.461123536727462735e+01
-3.713332085616071936e+02
-8.892749023574418599e-02
5.543620658687316904e+00
-2.504851878693386436e+00
8.315303331639896101e+01
1.791488207158190562e+02
-8.165993851311461071e+01
8.264473242540764204e+02
-2.570398733561720519e+02
5.206314085732810781e+02
2.485820592365253106e+03
-1.834314210829741248e-02
4.884260057971569147e+00
2.002022242669107222e+00
-1.587146284369903881e+01
1.788250818015256982e+02
-6.899890612214538699e+00
4.311302159376490977e+02
-6.704968114185072636e+02
3.495402495920857859e+02
-8.502857907715813326e+02
5.055824953523703480e-02
-5.750401907925400735e+00
-6.827226379974374870e-01
-3.417047032055903344e+01
-1.611610686461832813e+02
2.416318533499920562e+01
-5.559117583326802787e+02
3.207180043547342621e+02
-5.632002616418075149e+02
-6.811877539721094763e+02
8.786425513950056609e-03
-3.373442787999982873e-01
4.524549701670422808e-01
-6.704738436836070150e+02
1.121894388576234718e+02
5.021784244699354645e+02
1.809787375295383782e+01
-2.482755208131258769e+03
6.377121292780365138e+02
-1.490018738695727188e+04
-5.770237644920466202e-01
-1.133936016473914704e-01
-7.968178912205449160e-01
1.215462198072237987e-01
8.198154886118666496e-02
5.329836439013729832e-02
-3.617048327929669321e-02
8.757342924365038583e-02
5.096540453088391209e-02
-1.241909443649038582e-02
-1.719244243324072885e-01
-6.850974075978005784e-01
-6.229005767951804051e-01
-5.162809490124100620e-01
-7.419883130650973158e+00
-5.027482855558959685e+00
3.538500845103628389e+00
2.147230527997315175e+00
3.248045780525504966e+00
1.275336213282296516e-01
-7.815242584643830037e-01
-4.558166561912505022e-01
-1.573429743100046796e+00
-3.530623095686459934e+00
-1.995241031402225085e+00
-3.364962306986957863e+00
3.164951815232640575e-01
-7.213492163614946051e+00
-5.000944182886215117e+00
8.043312695202549101e-01
1.134506827880931573e-01
6.678332497062938744e-02
-3.216319935571837707e+00
-6.523366779481850131e+01
6.705299868223294268e+00
-2.837717429195480889e+01
-6.616811241672590427e+01
-1.911011058101903473e+02
-1.205329736579800226e+02
-3.766478470335526936e+02
9.111497715529434660e-02
-7.146110339733887429e+00
-2.916179364133292484e+00
-8.372078912764740366e+00
-1.384196567333464145e+02
-9.850624098069350509e+01
-3.732004210746747219e+01
1.228607560211748648e+02
9.008675472356297576e+01
-5.481498369397562556e+02
-5.168349364876783508e-02
4.714042311611617464e+00
3.637004398730109056e+00
3.292004597040131841e+01
9.474072157058120069e+01
1.097540627348077891e+02
3.645567547497464034e+01
-4.911752373656040049e+01
-2.446854903436259576e+01
4.620082305230893098e+02
2.909118315155777290e-02
-3.317303646126178673e+00
-2.447572932537608603e-01
8.440469237229463317e+01
1.451240937822009514e+01
3.485894888705028194e+01
4.166846895992824784e+02
1.968062841768143869e+02
4.251488668617150068e+01
2.229020043714449912e+03
8.572273342410220709e-02
2.604355701312661697e+00
-6.904788935888796608e+00
-1.800070353610626910e+02
1.749978968466141112e+02
7.272279216230901966e+01
-2.396459563800108583e+01
-1.071733269946777227e+03
-6.193047078242683483e+02
-7.706548024725761934e+02
5.015896308272515397e-02
3.462618962337011830e+00
-4.674028078901955929e+00
-1.217587265385032396e+02
1.078530795442626413e+02
2.303118262378277947e+01
-3.447572770963042821e+00
-6.262992513284608549e+02
-5.563186673353104652e+02
-6.628147194018554273e+02
-2.259329578161514696e-02
-1.202844285927578971e+00
1.755813079459267234e+00
-3.364860853116516068e+02
2.970194681547604887e+01
-1.377158583878845661e+02
-1.426508903488551425e+02
-2.145831050821349891e+03
-1.136070468549207135e+03
-8.109171219822234889e+03
