# -0.6J_-0.4g_0.15708theta_0.15708phi_10Chi_0.01delta_500N
-3.506855205720891822e-01
2.531767538607320733e-01
5.028156805817982078e-02
-9.210940351933526449e-01
2.146757661113256332e-02
6.377927216434264857e-02
-4.516580698903895352e-01
-3.152371745259274771e-01
2.443856353785061053e-01
-3.336321585090457065e-02
2.673359478398329991e-01
-1.743901232588618067e+00
-2.629259692520258818e-01
-3.824956800265456036e-01
-4.752955661168146717e-01
2.271603102697491300e-02
-2.133160377798290486e-01
-1.947273305916797925e-01
9.257390807960257095e-02
-9.886522617658115297e-02
-4.402368594574687655e-02
2.507689668431849483e-01
3.401274176504489044e-01
8.368899388345976686e-02
-7.783443170796539023e-02
-1.228709270393176567e+00
-1.070946599068714478e-01
3.493384355771637639e-01
3.349218076910749353e-01
-4.715290012294701683e+00
9.233237442272953510e-01
4.024706189224799280e-01
2.824463689250616277e-02
7.362040292582975987e+00
6.445198648053968027e-01
-8.479884591349778900e-02
-2.677523587139623018e+00
-8.847058022367924934e+00
7.311173240725580946e+00
-7.361468179433965364e-01
1.717950329050509789e-02
-4.722614097066274996e-01
6.310957489082874572e-02
-6.735288431421616595e-01
-6.164144851343935638e-01
-6.039268719056504198e-01
1.571300077397951023e-01
2.287811924482151760e+00
4.465879329146250631e-01
-3.171720699105458952e+00
-5.330025627592865217e-02
-3.163757576112557340e-02
-9.195820670997512103e-01
-6.642414907631374876e-02
4.467341303470405700e-01
6.103053170489385337e+00
2.549615527492993944e-02
-2.641631190214609237e+00
-3.747079258112464561e-01
2.126500222028871789e+01
-3.973383141863143231e-01
-1.947501887787022046e-01
4.595296184834602067e-03
3.020126273504784464e+00
2.469188820136594964e-01
3.709144113065487303e-01
-1.084947559476872492e+01
-2.149311578630033992e+01
1.823492003876559409e+01
8.731668084892840742e-01
-1.864835643128760212e-01
-1.206801699335816325e-01
-4.721840129604338299e-01
5.026562709594710299e+00
2.497226825138651574e+00
3.661066893153671842e+00
-1.128169840171932492e+01
-3.643712807448864766e+01
1.419169432297855593e+01
2.200875203030970084e+01
-3.522047407502531535e-01
-1.670410197913083927e-01
-1.879612924911814309e-01
1.001084246776709819e+01
5.773526405600752920e-01
2.575854832038017683e+00
-2.431476737130095955e+01
-5.267743497695398958e+01
4.711889996498469202e+01
1.513824590042285401e+01
1.443727587009155551e-02
1.224467750367613655e-01
6.460303196498990985e-01
-3.818197061663646807e-01
-1.145717163111711789e+00
-4.876465144496311410e+00
7.259357429400087325e-01
6.966981704751299631e+00
5.783640584049064559e-01
-3.819859241882156198e+01
-1.119309617763776687e+00
-2.519986753689907322e-01
2.415562034656055027e-02
3.048453644854213218e-01
-1.874663811993419055e-02
5.926328031175846778e-02
3.788879292208331001e-02
1.498858910188492488e-01
5.713944448611568694e-02
6.709524021259645650e-03
-2.481961505026042403e-01
-1.803021232183794342e-01
1.188909324014669894e-01
-7.022833896065289487e-04
4.211133010669402821e-01
-5.274162200046799143e-01
9.753744507721061330e-02
-9.801750870162263540e-01
-1.147134388300592889e+00
-6.717238216367474313e-02
-4.024771778058043592e-02
-1.347094676696635185e-01
1.293720648173010579e+00
-8.376802987205422824e-02
-4.664588489871699939e-01
-4.214939107974896793e+00
-4.547858951556518758e-01
5.616558932903038537e-01
7.385637675198286622e-01
1.927940964232035981e+00
-3.016725453301894455e-01
-1.067785348862191307e-02
-6.961007255127939219e-02
3.526305131041916896e-01
-2.311916707927651748e-01
6.760837060809827825e-01
-9.758618871563160546e-01
4.888179057441766617e-01
9.683139143865404641e-01
1.140648350397818200e-01
-4.722375815390529412e-03
3.030547753372599407e-01
4.759460854251351680e-01
1.716022370030939048e-01
-2.593165679564199078e+00
-1.705992692062678673e+00
-8.970573780501206462e-01
5.402141159517129587e+00
6.210376514616783084e+00
1.189158923427721559e+00
-6.439611258214250622e-02
5.621905741191478567e-01
-4.184081771558832763e+00
7.649355071568461062e-01
1.373019333915626250e+00
3.107465228176351957e+01
2.815209367820040942e+00
-4.119915359698041790e+00
-3.038881217350917208e+00
6.559920969504736021e+00
2.732997267946082193e-02
6.282983108023547369e-02
4.401790622486936866e-01
1.104096327792296162e+00
-9.615059490889447114e-01
-2.661578618451059697e+00
-7.419034034286020152e+00
2.855755391199628956e+00
4.543750194036844547e+00
-4.147972738232088008e-01
1.523148988050050667e-01
-1.256475883020276907e+00
-7.936415488939496665e-01
-9.986536655858168077e-01
9.972367406510095122e+00
5.869654971804798116e+00
5.830493274428009798e+00
-4.050674245800150430e+01
-4.588666042046828153e+01
-6.391256668724268897e-01
1.792056780335502669e-02
5.818132565322884364e-01
5.059411471341086486e-01
6.420480671817371254e-01
-4.926970569442730152e+00
-1.063964151032070093e+00
-2.877224600007847854e+00
1.758632931048803272e+01
2.403755817433533082e+01
4.108084078777369363e+00
4.655870382180381239e-02
-5.474659339855588724e-01
-7.574386578660451397e-01
-2.938471302218255699e-01
6.125478120674439364e-02
-9.190459908993920957e-01
2.553711551591603124e-01
-6.359027625999250866e+00
-8.162279953270800803e+00
-8.114122978278070164e+00
-9.756766015770404477e-02
9.531449333492773845e-02
-2.743163847410035605e-01
-2.468085427592994763e-01
-2.905046527398144063e-01
-1.346269876838820378e-01
8.830319982118848277e-01
-3.486644638055457213e-01
3.053564899571210023e-01
-7.535416937816654705e-03
8.530192595505937947e-02
-4.699650886227138002e-01
2.981015080540612705e-01
-2.311755646855052360e-01
1.412345474380173771e+00
3.429379817193517477e-02
3.547968623915188080e-01
2.584733915563858231e-01
6.540343823815604196e-01
-1.617348855000753927e-02
2.122517937777582686e-01
-4.028692688794616172e-01
5.051714069458818734e+00
-1.624000931610740939e-01
-1.031115818643433046e+00
1.257608833883003596e+00
9.618743950602427484e-01
-6.021974679318338186e-01
-4.105112889989421393e-02
-1.421054043172139403e-01
1.815591765703388205e-01
2.126038620670522850e-01
-6.537498028265763261e-02
1.599973215638950785e+00
-8.063251599661154234e-01
3.148073321732084429e-01
-4.984543759058486678e+00
-6.169220151536096708e-01
-9.143239013467080456e-02
-3.149145207191830220e-01
-2.908556974149140717e-01
1.405753901118661053e+00
1.206355290195646690e+00
7.185646260020800424e-01
-1.207109951876826415e+01
9.548520187095838052e-01
-8.788948387860346934e-01
1.403217639917834436e+00
1.181105281057138745e+00
-5.778860078489187480e-01
1.096386385077504771e-01
-4.225658284598562964e-02
1.309879552063546226e+00
4.359982415308592540e-01
-1.088700958364501981e+00
1.480944458878902248e+00
-2.526073991843796218e+00
5.205818077170344671e-02
-2.895906535090997380e-01
4.004113286311039133e+00
8.292529075881106548e-01
3.273867865523639176e-01
-6.167350850385012739e-01
6.634557554249602696e+00
-8.165181760849870019e-01
2.353657113484405095e+00
-3.876709925203778795e+01
7.744564461205365458e-01
-3.732897659468010776e+00
-1.062761242211950785e+00
-1.913134950191035244e-01
4.158703541285363459e-01
5.460494755835236802e-01
1.718796315781720707e-01
2.449774479594338139e+00
5.373856484509472592e-02
2.398082113281294614e+00
-9.912373216269358522e+00
-1.041490984898399752e+00
4.743642352853120414e+00
-4.003623878922112911e-01
-4.719876333301091798e-01
-7.476250321286666799e-03
-8.972597687147542134e-01
-1.997931724319383928e+00
-7.283907192306529610e-02
8.533211816001132988e+00
-7.302516933929683596e+00
1.386894699105041084e+01
2.472598685387107587e+00
3.523696516362997272e-02
-7.337090223936785227e-01
-7.389391983277565634e-01
1.021803482811825869e+00
-2.029659726703319933e+01
1.417281904292489569e+00
-8.906873465720170913e+00
1.857426448115060325e+01
2.156023334997590979e+01
-1.345887817752975479e+01
