# -0.05J_-0.95g_1.0472theta_1.0472phi_10Chi_0.01delta_500N
-5.774056940275390515e-01
3.186265783105516336e-01
-7.449999381867810078e-01
2.641201307169278520e-02
-2.000555107697789704e-03
-1.358093300638160694e-02
-1.058045944824160048e-02
-8.422469388086547409e-03
-1.077492452564273243e-02
-3.249861830195149436e-04
5.588497072058635773e-01
-1.148466343448048210e+00
1.038708506217865368e+00
2.720177511812787330e+01
-2.979370742779814307e+01
-2.224783672793853384e+01
-2.087690487037847209e+00
-3.238282744364743593e+01
-2.969100124716153477e+00
3.818036270527555009e-01
-5.946824923240453531e-01
2.522865734208726840e-01
-1.004136395080146738e+00
-1.044419416390680944e+01
-2.005854968567248520e+01
1.022686229095638488e+01
3.868091426380793507e+01
-2.983914171000032312e+00
3.234195672491477325e+01
1.777623090796984995e+00
-2.438599500855075791e-02
-8.272121649903430907e+00
2.124475480978040309e+01
2.485520504782628450e+03
9.343471850968800254e+02
2.100659117677738323e+03
-8.195056807262311850e+03
-9.451674200993347768e+02
-4.109361037154642872e+03
9.317871250724355923e+04
1.160316149786719611e-02
4.101579966739132743e+01
1.035280617865889319e+00
-1.399915669237067050e+03
3.595172895895563670e+03
-7.060438824520854723e+03
-4.077857252243760740e+03
2.735484797173769039e+03
-2.807880498803746832e+03
-2.059228866712699164e+04
-2.547357603652943264e-03
-2.101315322574392042e+01
-1.286077730049007783e+01
-7.609673030718416157e+03
-3.682696474287598676e+02
-4.670563070304698340e+04
3.476083884116822446e+04
3.145258459212448088e+03
8.092461747783055216e+03
-8.281441644837999484e+05
1.760692411178519518e-02
3.526512208142840166e+00
-3.963319360800513635e+01
-1.359324413325806290e+03
-9.043645966450769265e+03
4.657848598003976076e+04
3.958769611244693806e+04
-4.524800045828451402e+03
1.841701215120524648e+04
-5.215046391459528240e+05
-8.665506097791061610e-03
-3.210274410787518207e+01
8.500723577983960055e+00
1.870221486447911730e+03
-2.230440517287546754e+03
5.322730153645853534e+03
1.093082768460515354e+03
-3.247376334021551884e+03
1.029081792067607012e+03
1.231961570598233084e+04
1.109243738424020229e-02
-8.466641062394245409e+00
-3.208394740290032132e+01
-2.857997758473414251e+03
-4.147689956849882947e+03
6.769911832041945672e+03
1.903401626894167566e+04
-1.032751997354159130e+03
1.460901325472536882e+04
-2.168300707837621740e+05
3.559509082738874217e-04
-9.983331792354721568e-01
-1.578130963665877573e+00
9.606192629082119674e+04
1.521461191890366172e+04
2.402305021008133772e+05
-9.629038501635742141e+05
-1.184043319438883373e+04
-2.205169425169808674e+05
5.432146849523920566e+07
-5.773917021417868112e-01
-8.044986426016569325e-01
9.667456624111185615e-02
-1.147632695202104036e-02
2.386991428560427536e-02
-2.369325207464835492e-03
1.706286901594114905e-02
-8.409552841007335647e-03
-1.077772717304511033e-02
1.348854238732821948e-03
-7.944702005636972153e-01
-1.599231742380257337e+00
8.079541467911925332e-03
1.346517304542132010e+01
-1.837273236644741203e+01
1.990980753549228410e+01
-3.458547964223470217e+01
1.359497475906637298e+01
2.948540196704950134e+01
-3.568377946515355781e+00
-1.865298699702596374e-01
-7.783699115228531751e-01
-5.535164158061213202e-01
-2.186489794478915627e+01
-3.379424775594543462e+01
-2.228878481968519054e+01
-3.520761597238587726e+00
2.952446112224050978e+01
-1.359598559009886110e+01
1.640107442120245951e+00
2.148258648279847451e-03
5.712361424103803209e+00
3.294581711410020120e+01
3.117156709601625153e+03
1.763084254852181857e+03
4.084085112329599269e+03
-8.202429925279247982e+03
-1.900632253733846255e+03
4.487575433504131979e+03
8.538000459011398198e+04
-2.692002380170739964e-02
2.931830408313518177e+01
1.502436076415514599e+01
-5.709598881454954835e+02
2.963394526269322796e+03
-7.050990789545292500e+03
-2.091789542611188153e+03
-2.194525163867846004e+03
-2.154066601911039015e+03
-7.084116015065282409e+04
-1.398278255631491170e-02
3.157592567592982746e+01
-2.681658375306013653e+01
-9.436437300757614139e+03
3.128826780506838645e+02
-3.628106317675540049e+04
4.060785995163824555e+04
2.346409247963261805e+03
-2.000276418059008574e+04
-8.684826042054673890e+05
-1.101333273510369734e-02
1.751020066584205637e+01
1.296265496690886287e+01
-6.838842533003955850e+02
-7.215203417368930786e+03
4.071103527020361798e+04
5.001346185308806162e+04
5.069583203248417703e+03
-2.210479162228698897e+03
-4.342116796237102826e+05
-8.651803044125872671e-03
2.338667928438972510e+01
2.356647795019436487e+01
1.001562381007176327e+03
2.739598415908380503e+03
-1.722612465032192631e+03
-5.205068856232307553e+03
-3.259606602409439802e+03
1.040985084776570147e+03
1.454967747894075274e+03
1.109472097279695646e-02
-2.354654773578905136e+01
2.337315540937796143e+01
5.020384783396206331e+03
-3.967225283853293831e+02
1.307996155654622999e+04
-1.541414211323305972e+04
-1.039198167533339074e+03
1.460135663547950571e+04
3.536232613465860486e+05
-1.407945412759182592e-03
2.836353000208512665e+00
-2.843614794324175854e+00
1.066991434937133163e+05
-3.569824918586110289e+04
3.274537181935369736e+05
-9.326767736155011225e+05
-1.148378856764785269e+03
3.563760770882843062e+05
6.376417825516372174e+07
-5.772612947705468844e-01
4.859753633896286007e-01
6.484919366871377822e-01
-1.494247718881018885e-02
-2.187966389961253436e-02
1.596998988698117641e-02
-6.472982075968847053e-03
-8.402676723558075850e-03
-1.077849343117069300e-02
-1.029599552871341773e-03
2.356601989270671049e-01
-4.812352012066574147e-01
1.328051646746745695e-01
3.021736133937103830e+01
-1.218676033697895278e+01
2.694565195962558946e+01
1.819634983200672451e+01
1.880865221392436126e+01
-2.651869017838724929e+01
-1.480597745529188991e+00
7.814028219185600310e-01
-6.538976780803653632e-01
-1.672064293402965474e+00
-2.805301763940779836e+01
-1.704322213043390732e+01
3.053938064219799742e+01
-1.054857451569767512e+01
-2.651721578796369272e+01
-1.874018605852018382e+01
-1.712460120871899694e+00
2.224788915391657032e-02
-1.140299756403985043e+01
3.921028319605281354e+01
3.519018662232982024e+03
8.024112853136145986e+02
3.092713061649216797e+03
-6.483103321621405485e+03
2.848115672943232767e+03
-3.802130407189563925e+02
4.611783420261241554e+04
1.532398187792026988e-02
2.305273112890941789e+01
-2.095790812780403911e+00
-1.531759660554939728e+03
2.561833914348068902e+03
-8.772865881774450827e+03
-3.080187498414425136e+03
-5.603301629238345640e+02
4.963391810120351693e+03
-3.924107195030753792e+04
1.653011067030405248e-02
1.737144654635810781e+01
2.570078564454939141e+01
-7.934227456218732186e+03
1.553303002749439884e+03
-4.654001493455471063e+04
4.671400793147564400e+04
-5.566114654137040816e+03
1.192866254828568162e+04
-7.776599842375856824e+05
-6.611614177564041628e-03
-3.501464897465071147e+01
-1.268296018201748421e+00
5.557689150817681139e+02
-8.717711905736821791e+03
3.460939035741529369e+04
3.974873020312878361e+04
-4.336883174954331821e+02
-1.621225033248286491e+04
-4.470879187871529721e+05
-8.658260385118569935e-03
8.725092847926989137e+00
-3.205178616248471002e+01
-2.871160840977041062e+03
-4.971001730349063337e+02
-3.651704853166673274e+03
4.054226036081007805e+03
-3.256759810149341774e+03
1.048336123031772559e+03
-1.334000722126376058e+04
1.109545893047121645e-02
3.201274770834605476e+01
8.701889482430967604e+00
-2.170021436560347865e+03
4.546442048771467853e+03
-1.990304902348199903e+04
-3.597173323840328976e+03
-1.063731548890652221e+03
1.460809198980346264e+04
-1.380086637519611104e+05
1.053279121961941261e-03
2.022933871841553266e+00
1.107990600287696248e+00
5.771381196656680549e+04
-1.960151833793570040e+04
2.583890223685211677e+05
-8.786295385711059207e+05
1.322387272438634500e+04
-1.368763890063427971e+05
5.820557957534143329e+07
