# -0.4J_-0.6g_0.41888theta_1.0472phi_30Chi_0.01delta_500N
1.655797070191864229e-01
1.563570393184229553e-05
1.622668987630794954e-07
4.125937586819566789e-09
5.799411899683195947e-10
2.253960706159983888e-10
4.244246732365617347e-10
2.026222317540389982e-10
3.896894360401174694e-10
1.837345242096452775e-10
3.583586857117014177e-10
1.664534029096942474e-10
3.299513352662377836e-10
1.501950256385005852e-10
3.038398942948608446e-10
1.352653337625541829e-10
2.797097221984104794e-10
1.222075116539161577e-10
2.576627062443885637e-10
1.113714500861513996e-10
2.381598550020763866e-10
1.028420798300070065e-10
2.218377593523465633e-10
9.651159783208427729e-11
2.092329022451564480e-10
9.215224159766636966e-11
2.005031981883243686e-10
8.945724669782375004e-11
1.952627971350416668e-10
8.806242579795172189e-11
1.926127729158662053e-10
8.756883367546777132e-11
1.913562056252349080e-10
8.757421854800236689e-11
1.903408157742374319e-10
8.770893446129976266e-11
1.888446088418125473e-10
8.766091243023481585e-11
1.867769211518780118e-10
8.717428226207899183e-11
1.844289357960641869e-10
8.603258787564516315e-11
1.818747650563232631e-10
8.405852632641785864e-11
1.785712779688256933e-10
8.114653018456294143e-11
1.735689072171774562e-10
7.730459989277359825e-11
1.661638675725861952e-10
7.267355744346019670e-11
1.564304359549914123e-10
6.751173428495693620e-11
1.451910577282739815e-10
6.214523152623202031e-11
1.335051138973790134e-10
5.689142831884390206e-11
1.221555727006314117e-10
5.198741414882983800e-11
1.114774360704825144e-10
4.756029429916465133e-11
1.014917139435980928e-10
4.364232710346952490e-11
9.212633610932437809e-11
4.020704354632027768e-11
8.336468382044147424e-11
3.720175206502339631e-11
7.527710478648121272e-11
3.456911273287227856e-11
6.797294082179344670e-11
3.225775913390894034e-11
6.153746218393721582e-11
3.022602948822536258e-11
5.599658831959137096e-11
2.844186830634463694e-11
5.131860082710851522e-11
2.688153154439390835e-11
4.743493618711118598e-11
2.552757905467297069e-11
4.426324927003396952e-11
2.436717725955685989e-11
4.172273806651269766e-11
2.339048740328008752e-11
3.974183755204729062e-11
2.258885274879914195e-11
3.825841044405001615e-11
2.195318237068371514e-11
3.721656022864762985e-11
2.147262325112423710e-11
3.656188333977283990e-11
2.113278902287191541e-11
3.623582913337474911e-11
2.091457111487552261e-11
3.617340693676125228e-11
2.079452481972784854e-11
3.630297290093044936e-11
2.074571195472284019e-11
3.655035583822829193e-11
2.074084303128229986e-11
3.684652752253932377e-11
2.075623910583993219e-11
3.713553125662920406e-11
2.077585758482648129e-11
3.737997258957261431e-11
2.079324218441285817e-11
3.756150040092883100e-11
2.081021663752846002e-11
3.767530933602339512e-11
2.083184880246548780e-11
3.772120790049636267e-11
2.085850271501663479e-11
3.769306805798564681e-11
2.087828306936190618e-11
3.756755969715344144e-11
2.086370865026401581e-11
3.729693910952090408e-11
2.077822209794816182e-11
3.681047772269436690e-11
2.058816458477446817e-11
3.603187753859357713e-11
2.027382113753240948e-11
3.491152078926919061e-11
1.982822667295625877e-11
3.346163204050253540e-11
1.924959079022354369e-11
3.177378343213880729e-11
1.854259125450652801e-11
3.000244258613514211e-11
1.772575241667809074e-11
2.832346022520811538e-11
1.683507168808674958e-11
2.689338224714866273e-11
1.591447715680867329e-11
2.582812414077813250e-11
1.500267867953800259e-11
2.520300257662917404e-11
1.412560032414782433e-11
2.506613136295092281e-11
1.329586420836075940e-11
2.545249869742180859e-11
1.251731812310770919e-11
2.638977670438007238e-11
1.178928302841356856e-11
2.788121276023562223e-11
1.111071946393676651e-11
2.984071721069680655e-11
1.048153906890074463e-11
3.192628507431646614e-11
9.903247565520036054e-12
3.324891832079119185e-11
9.378906515340358161e-12
3.235832410966054921e-11
8.911985675365267896e-12
2.867773849127573061e-11
8.506498201105581338e-12
2.397074017517263256e-11
8.165409418173176331e-12
2.016257457487195058e-11
7.891373455095284848e-12
1.761965912594806123e-11
7.686318847991162045e-12
1.599701002326763977e-11
7.552040637321705181e-12
1.494803752792087933e-11
7.490280923719708181e-12
1.425346943237759917e-11
7.502383836219958985e-12
1.378707054105345891e-11
7.589591616072229051e-12
1.347543465494796130e-11
7.752093076082598171e-12
1.327389383655918292e-11
7.989002921616298211e-12
1.315284791136468012e-11
8.297582726431185057e-12
1.309108982723221959e-11
8.673009405257150901e-12
1.307250401209608118e-11
9.107608569639000232e-12
1.308530774606720292e-11
9.590940751883759607e-12
1.312178372578213035e-11
1.011025571940517746e-11
1.317865163043839700e-11
1.065078959560218792e-11
1.325583382219732898e-11
1.119556758284140598e-11
1.335567619796073940e-11
1.172305214202174792e-11
1.348060564297087822e-11
1.220479504975101967e-11
1.363137651475256147e-11
1.260678173254516664e-11
1.380604834528779962e-11
1.289576231753228058e-11
1.399986491427797716e-11
1.305260284773133880e-11
1.420629650737179137e-11
1.308202787819211435e-11
1.441761647007379705e-11
1.301333301047373705e-11
1.462671212918453546e-11
1.288847425302957478e-11
1.482668298654609485e-11
1.274259819129894208e-11
1.501029260901772850e-11
1.258990681032624306e-11
1.516844203381406734e-11
1.241957562609921214e-11
1.528970228366860066e-11
1.220547330423951872e-11
1.536096728358119042e-11
1.192348718238605250e-11
1.537021726690357995e-11
1.156879488622323665e-11
1.530959515290906551e-11
1.116317355609090245e-11
1.517758664219335437e-11
1.074151764850061429e-11
1.497825058282954424e-11
1.033325805620141346e-11
1.471599784421879943e-11
9.950461271537388756e-12
1.438899180997415301e-11
9.588457346946112797e-12
1.398384710103103457e-11
9.234608490695219278e-12
1.347726175385264628e-11
8.875780700436607547e-12
1.284887996279930413e-11
8.503386930079469786e-12
1.209976154460103114e-11
8.114899120434362054e-12
1.126241983519570574e-11
7.712741831879593658e-12
1.039466200042155717e-11
7.303575855326134673e-12
9.557532885652501815e-12
6.896208241314535264e-12
8.797100465458213563e-12
6.500534558718705972e-12
8.136679759632598888e-12
6.126039461246460399e-12
7.580284686920961826e-12
5.781506889981470237e-12
7.120159981436555496e-12
5.473704037172419009e-12
6.743045302517188296e-12
5.207417104582375395e-12
6.434994839563874389e-12
4.985799493571029227e-12
6.184093422478814193e-12
4.809985551186918998e-12
5.981348999237808786e-12
4.679840111535570862e-12
5.821659851466491029e-12
4.594504089137227720e-12
5.703048808596116797e-12
4.552540278052693959e-12
5.625529516934121750e-12
4.552457917930552780e-12
5.590716571752367215e-12
4.592783313272955893e-12
5.599677232735967410e-12
4.672194911637934939e-12
5.653210869250672268e-12
4.789949575153215376e-12
5.750349293797926620e-12
4.945412854212705305e-12
5.888703027996988723e-12
5.138523428031821476e-12
6.063255119086695593e-12
5.369379552812579307e-12
6.266160721121009263e-12
5.638481202236298849e-12
6.486012768113024813e-12
5.946236756126311316e-12
6.707344198317052147e-12
6.292945991574534850e-12
6.911519659561103039e-12
6.678125450922724152e-12
7.078303040999296681e-12
7.100123661054794236e-12
7.189034448510957624e-12
7.555174788604456909e-12
7.229959711139301885e-12
8.036099695485911705e-12
7.194410760922203341e-12
8.531496228612036403e-12
7.084749950669103539e-12
9.024054499382523685e-12
6.912134329893054865e-12
9.490953605772864942e-12
6.695204158148914026e-12
9.905233832996946669e-12
6.456727986657556677e-12
1.024123365164996325e-11
6.218744939170944660e-12
1.048200659516495053e-11
5.999025702226606305e-12
1.062436921490468941e-11
5.809561043749708521e-12
1.067632866867695067e-11
5.656219823675142017e-12
1.064614170536194860e-11
5.540695045055514942e-12
1.053213572631021446e-11
5.461580510141227165e-12
1.032706176465125245e-11
5.416150129473529846e-12
1.003506532627581997e-11
5.401702358813257268e-12
9.686465651275720447e-12
5.415945236627378412e-12
9.330634816709233904e-12
5.457420276762818156e-12
9.013413213100672366e-12
5.525338802220535734e-12
8.760914510602407140e-12
5.619204468092391092e-12
8.579681367340818494e-12
5.738547080523891882e-12
8.464559221139960045e-12
5.882435795167564538e-12
8.407072726639574564e-12
6.049696286966347173e-12
8.399327326932421529e-12
6.238344074032763919e-12
8.435882267483478333e-12
6.446230063962266021e-12
8.513253401915389057e-12
6.670666685058372450e-12
8.629189718950392125e-12
6.908755098350800309e-12
8.782066591799001843e-12
7.157180851013577049e-12
8.970846572155216751e-12
7.412859080954471203e-12
9.194194571703717409e-12
7.673122729493101181e-12
9.451121330256647751e-12
7.936209759625351513e-12
9.740408614899153053e-12
8.202079204309718899e-12
1.006085844070702479e-11
8.473063076473563297e-12
1.041102012532956793e-11
8.753672804775128893e-12
1.078970320128096086e-11
9.050217743150815379e-12
1.119543167773404301e-11
9.369011846376896146e-12
1.162684046762111478e-11
9.715141217803902317e-12
1.208239167429537493e-11
1.009102114582330721e-11
1.256081106002007767e-11
1.049649126362771310e-11
1.306085804634240345e-11
1.092921123985148096e-11
1.358106019445036894e-11
1.138599128885267009e-11
1.412042783820649687e-11
1.186390055674107395e-11
1.467793251010877400e-11
1.236120221541561975e-11
1.525326746521042312e-11
1.287807591385658151e-11
1.584653958438130635e-11
1.341668295579794179e-11
1.645847249284685960e-11
1.398086684927549255e-11
1.709109640384635965e-11
1.457533592081438657e-11
1.774710806332136206e-11
1.520540059112966020e-11
1.843016973469340149e-11
1.587573553598955388e-11
1.914483548298843381e-11
1.659046237591513048e-11
1.989642017945914272e-11
1.735215589059753239e-11
2.069002687871419792e-11
1.816284626485966170e-11
2.153089326826549776e-11
1.902305380626505100e-11
2.242407286200155606e-11
1.993354497812415893e-11
2.337367868963062528e-11
2.089458802580048768e-11
2.438353080906060045e-11
2.190717967841304715e-11
2.545652330236891416e-11
2.297233578730447743e-11
2.659525636560317638e-11
2.409159501202411145e-11
2.780168129576328902e-11
2.526669214751016584e-11
2.907757112995188191e-11
2.649957477934634285e-11
3.042457447582967027e-11
2.779256772144733690e-11
3.184403058869591486e-11
2.914780680024123760e-11
3.333741114713418559e-11
3.056734720121749132e-11
3.490619046735277117e-11
3.205382380106163361e-11
3.655222626663065675e-11
3.360953187740632933e-11
3.827707113737720452e-11
3.523708972135522765e-11
4.008259602920761635e-11
3.693896345508268713e-11
4.197082677427869987e-11
3.871788435935400868e-11
4.394390486278528741e-11
4.057652488867464781e-11
4.600412176968672316e-11
4.251754883230912465e-11
4.815400137315800790e-11
4.454399343112526221e-11
5.039585354526531592e-11
4.665864201537500147e-11
5.273245167220472659e-11
4.886464788260330382e-11
5.516642411812360705e-11
5.116496466482669143e-11
5.770072328965003104e-11
5.356297544841807911e-11
6.033817026948474068e-11
5.606165555007240971e-11
6.308191913065195606e-11
5.866439355849679181e-11
6.593497216477727280e-11
6.137484325329502196e-11
6.890058330120831692e-11
6.419625842114417799e-11
7.198187780601051221e-11
6.713240801546688074e-11
7.518240759713288816e-11
7.018686036595762979e-11
7.850568278885896077e-11
7.336360496204480405e-11
8.195477987162289238e-11
7.666632851208978959e-11
8.553375236386271067e-11
8.009904715866294709e-11
8.924600912463239375e-11
8.366584831665390314e-11
9.309538054935468705e-11
8.737090742543597656e-11
9.708560613203545558e-11
9.121847153623174758e-11
1.012205156752838410e-10
9.521297763316028772e-11
1.055042331494818167e-10
9.935891805785263938e-11
1.099406536645935386e-10
1.036607621741068181e-10
1.145337526086964655e-10
1.081233981245257800e-10
1.192879200887386150e-10
1.127514545650031172e-10
1.242075008119726720e-10
1.175497914437251288e-10
1.292965880966059877e-10
1.225236051048850419e-10
1.345597574971248017e-10
1.276777965557052988e-10
1.400015125340156300e-10
1.330178427903824795e-10
1.456265787423470313e-10
1.385488921447746849e-10
1.514394447690164625e-10
1.442764938020826892e-10
1.574450885905863986e-10
1.502061390530360984e-10
1.636486340512629916e-10
1.563436856437546310e-10
1.700550917724876586e-10
1.626947894778733304e-10
1.766694924347913717e-10
1.692654668489585533e-10
1.834972926607454113e-10
1.760618510013417124e-10
1.905440197204912146e-10
1.830898001793790777e-10
1.978152200888216736e-10
1.903558758199207384e-10
2.053167433654500833e-10
1.978663606590769907e-10
2.130545826190340521e-10
2.056279810431035378e-10
2.210348617903266076e-10
2.136472070078754350e-10
2.292639121842853729e-10
2.219308382930793535e-10
2.377480775731690865e-10
2.304858584029856670e-10
2.464942898111416136e-10
2.393193571411595777e-10
2.555093472187915430e-10
2.484382839919259306e-10
2.648000423030210909e-10
2.578503023769602413e-10
2.743739772005924553e-10
2.675624758011619746e-10
2.842386937155658566e-10
2.775825633731382783e-10
2.944014507970910221e-10
2.879181766466391961e-10
3.048704494995569614e-10
2.985773540613795178e-10
3.156535465262474543e-10
3.095676885203265971e-10
3.267591550297461140e-10
3.208976105250253399e-10
3.381956615091142368e-10
3.325749964734350499e-10
3.499717962918602462e-10
3.446086255361677592e-10
3.620963098720566898e-10
3.570064917852393118e-10
3.745781447921517644e-10
3.697777105419568187e-10
3.874267101357098370e-10
3.829306299005261074e-10
4.006510753954458807e-10
3.964743190081448281e-10
4.142608546626021872e-10
4.104178800894285968e-10
4.282658406317542692e-10
4.247704476814938182e-10
4.426757886142649319e-10
4.395412934076406078e-10
4.575005846573445593e-10
4.547396784856818946e-10
4.727504823844636254e-10
4.703755877330309675e-10
4.884356198650335410e-10
4.864582973827583239e-10
5.045665300642190934e-10
5.029977400773723893e-10
5.211537198801389767e-10
5.200040682337402612e-10
5.382077223955106312e-10
5.374873348497445963e-10
5.557394150305523973e-10
5.554576774670178345e-10
5.737597331018516396e-10
5.739255294668344745e-10
5.922795128776404120e-10
5.929014360131785553e-10
6.113100685971574465e-10
6.123961029129589949e-10
6.308624794541721711e-10
6.324201356923282064e-10
6.509483075633198169e-10
6.529846251936674650e-10
6.715787107951428873e-10
6.741005719154921505e-10
6.927654689903959331e-10
6.957790665411979770e-10
7.145203203499491065e-10
7.180316336773920655e-10
7.368547593536752956e-10
7.408695267992361194e-10
7.597809286228943547e-10
7.643043420838237164e-10
7.833107494513934362e-10
7.883479051721262003e-10
8.074563779027502744e-10
8.130119696816609424e-10
8.322298156583143091e-10
8.383083897912497402e-10
8.576435419778019751e-10
8.642495562412395905e-10
8.837099525888325669e-10
8.908474324841410536e-10
9.104414243009297610e-10
9.181145629014675126e-10
9.378508107443770544e-10
9.460632357097416200e-10
9.659508106890869955e-10
9.747061914876349315e-10
9.947541568936557914e-10
1.004056173961872372e-09
1.024273737645610436e-09
1.034126026706005212e-09
1.054522807701090440e-09
1.064928581634542437e-09
1.085514436557297489e-09
1.096477168931389075e-09
1.117261896229702612e-09
1.128784832931228975e-09
1.149778473759251688e-09
1.161865105419124405e-09
1.183077848220224080e-09
1.195731215087681248e-09
1.217173387772037877e-09
1.230396993235031042e-09
1.252078957077585787e-09
1.265876059714251079e-09
1.287808311628895065e-09
1.302182200816078012e-09
1.324375284281613612e-09
1.339329360022800829e-09
1.361794075365184695e-09
1.377331591166108862e-09
1.400078648040926294e-09
1.416203143459402765e-09
1.439243263188801869e-09
1.455958207980952104e-09
1.479302346591045153e-09
1.496611218094089140e-09
1.520270235251369307e-09
1.538176702358812988e-09
1.562161602807062642e-09
1.580669238909461632e-09
1.604990957064892484e-09
1.624103533728795179e-09
1.648773058649188487e-09
1.668494646011085204e-09
1.693522929364372687e-09
1.713857140304692798e-09
1.739255398951917528e-09
1.760206476652565600e-09
1.785985573061450110e-09
1.807557453242394895e-09
1.833728531704944872e-09
1.855925584929498879e-09
1.882499765837428709e-09
1.905326111394737268e-09
1.932314378553316519e-09
1.955774567531779129e-09
1.983187982174246050e-09
2.007286388260312872e-09
2.035136073744389104e-09
2.059877412481860267e-09
2.088174402819597312e-09
2.113563201796663666e-09
2.142318622956023138e-09
2.168359882623622132e-09
2.197584522918211774e-09
2.224283171734387178e-09
2.253988335771465982e-09
2.281349202052223043e-09
2.311545781544045279e-09
2.339574206355341259e-09
2.370273134393578933e-09
2.398974268629354937e-09
2.430186565652804489e-09
2.459565830187503906e-09
2.491302439416371533e-09
2.521365212774168470e-09
2.553637184733263261e-09
2.584388900374176046e-09
2.617207034285637339e-09
2.648653551109060856e-09
2.682028953779486000e-09
2.714175934764900397e-09
2.748119262281310187e-09
2.780972633018716747e-09
2.815494795810957659e-09
2.849060508274326376e-09
2.884172422488929392e-09
2.918456542063552341e-09
2.954168992142400054e-09
2.989177665970143531e-09
3.025501563951272076e-09
3.061241053707572803e-09
3.098187193440627280e-09
3.134663812613056755e-09
3.172242768362216231e-09
3.209463153096897595e-09
3.247685923959119266e-09
3.285656476613175197e-09
3.324533484475836750e-09
3.363260980458324697e-09
3.402803176528421379e-09
3.442294289531131688e-09
3.482512229503114270e-09
3.522773827626203945e-09
3.563678207465390318e-09
3.604717330389473270e-09
3.646318699689826582e-09
3.688142215326473802e-09
3.730451345371947729e-09
3.773066408553649483e-09
3.816093839976239595e-09
3.859507575942646853e-09
3.903263939316157583e-09
3.947483740081514734e-09
3.991979488777687311e-09
4.037012603649471130e-09
4.082258349485693232e-09
4.128112324043756509e-09
4.174118625988873775e-09
4.220800839780046639e-09
4.267578160391310128e-09
4.315096277049221443e-09
4.362655031248954522e-09
4.411016734802450625e-09
4.459367526179685817e-09
4.508580458736968967e-09
4.557733743501978156e-09
4.607805802866742415e-09
4.657771817762037186e-09
4.708710923439447107e-09
4.759500300617764586e-09
4.811314162082571873e-09
4.862937265253176698e-09
4.915634170977355747e-09
4.968101260675413718e-09
5.021689179831203790e-09
5.075010716804628317e-09
5.129497727199981362e-09
5.183684102141287396e-09
5.239078480751295392e-09
5.294139998193238275e-09
5.350449891368906564e-09
5.406396901567679840e-09
5.463630651923466118e-09
5.520473513544741260e-09
5.578639620170505544e-09
5.636388415934867414e-09
5.695495300835256976e-09
5.754160448069437015e-09
5.814216484465111685e-09
5.873808250934143613e-09
5.934821914336347138e-09
5.995350598689068621e-09
6.057330539141588910e-09
6.118806292703941447e-09
6.181761245279311209e-09
6.244194283788361228e-09
6.308132821196599434e-09
6.371533362147558458e-09
6.436464287527097034e-09
6.500842490632780956e-09
6.566774484905406605e-09
6.632140730514969518e-09
6.699082471432063500e-09
6.765446712688380486e-09
6.833407282006492180e-09
6.900779856686934049e-09
6.969767868684585788e-09
7.038158696375943915e-09
7.108183322755965683e-09
7.177602694902117050e-09
7.248672764530736059e-09
7.319130817458180754e-09
7.391255341571664150e-09
7.462762164892766385e-09
7.535950095467029820e-09
7.608515748708151500e-09
7.682776275527274150e-09
7.756410725464920918e-09
7.831752934756363374e-09
7.906466332931967204e-09
7.982899267743230498e-09
8.058701789264053074e-09
8.136234500227513880e-09
8.213136051969002547e-09
8.291777960911680516e-09
8.369788451598428333e-09
8.449548456719416798e-09
8.528678208062175196e-09
8.609565688611883097e-09
8.689824484664321946e-09
8.771848691321716141e-09
8.853246502326027672e-09
8.936416732826737286e-09
9.018963604093939732e-09
9.103289013566721571e-09
9.186994957354966435e-09
9.272484920740929469e-09
9.357359734035270620e-09
9.444023458057970103e-09
9.530077262840161475e-09
9.617924201110750854e-09
9.705166707913732957e-09
9.794206222045790481e-09
9.882647379618251496e-09
9.972888834077854670e-09
1.006253858033016517e-08
1.015399120486686269e-08
1.024485951849822677e-08
1.033753285774843122e-08
1.042962932679655470e-08
1.052353263666335000e-08
1.061686743991897945e-08
1.071201012106586836e-08
1.080659286234771428e-08
1.090298449700868837e-08
1.099882507403841230e-08
1.109647496856377649e-08
1.119358313114531739e-08
1.129250067958859404e-08
1.139088627184032784e-08
1.149108081809895606e-08
1.159075370240441578e-08
1.169223478517230128e-08
1.179320447904250150e-08
1.189598171118808290e-08
1.199825809753684194e-08
1.210234058763878579e-08
1.220593337232921588e-08
1.231133079655121909e-08
1.241624965655066444e-08
1.252297135769840684e-08
1.262922606749827154e-08
1.273728136726778375e-08
1.284488142804059107e-08
1.295427995172802543e-08
1.306323523899106046e-08
1.317398634622357887e-08
1.328430624154946088e-08
1.339641943503189568e-08
1.350811369678056584e-08
1.362159822689826622e-08
1.373467643521616868e-08
1.384954188347249411e-08
1.396401355422537127e-08
1.408026932711919662e-08
1.419614396754901448e-08
1.431379945093755108e-08
1.443108676682921192e-08
1.455015131197252104e-08
1.466886071905200020e-08
1.478934378509254242e-08
1.490948477885638381e-08
1.503139553667174492e-08
1.515297760498208524e-08
1.527632570381706815e-08
1.539935843248589352e-08
1.552415293955391873e-08
1.564864564793408374e-08
1.577489610378764905e-08
1.590085798319121579e-08
1.602857384620560485e-08
1.615601451791150316e-08
1.628520487313605962e-08
1.641413368075955913e-08
1.654480790332358546e-08
1.667523425876789759e-08
1.680740145229209363e-08
1.693933466807628394e-08
1.707300431947192737e-08
1.720645361539737255e-08
1.734163486646020691e-08
1.747660961325701809e-08
1.761331183306548992e-08
1.774982104480620588e-08
1.788805335236398366e-08
1.802610648736894339e-08
1.816587821027721906e-08
1.830548424680000595e-08
1.844680438043886947e-08
1.858797271688947994e-08
1.873085062399649249e-08
1.887359013500377633e-08
1.901803478963678000e-08
1.916235494886708975e-08
1.930837548850443495e-08
1.945428516547057778e-08
1.960189058659665053e-08
1.974939902432756892e-08
1.989859861433853350e-08
2.004771458036559788e-08
2.019851729725271918e-08
2.034924997966208651e-08
2.050166492794799563e-08
2.065402314085322948e-08
2.080805923275632492e-08
2.096205218460778954e-08
2.111771848655836352e-08
2.127335485148096706e-08
2.143066016473698874e-08
2.158794904229619460e-08
2.174690235136866686e-08
2.190585259931280523e-08
2.206646278722127299e-08
2.222708306338584227e-08
2.238935920356675800e-08
2.255165839633146987e-08
2.271560908271190785e-08
2.287959605056626949e-08
2.304523016019294829e-08
2.321091358682914467e-08
2.337823985285709555e-08
2.354562845308637570e-08
2.371465584545130858e-08
2.388375828389088062e-08
2.405449520082679404e-08
2.422532026861439990e-08
2.439777557846157584e-08
2.457033160739841669e-08
2.474451414249157309e-08
2.491880989609262737e-08
2.509472796006180431e-08
2.527077209802150665e-08
2.544843440731821591e-08
2.562623532109241529e-08
2.580565046489729272e-08
2.598521672898844399e-08
2.616639317997332254e-08
2.634773316976445393e-08
2.653067954490778423e-08
2.671380153881966368e-08
2.689852639716585366e-08
2.708343883846055267e-08
2.726995047789655392e-08
2.745666172909410471e-08
2.764496857794473805e-08
2.783348709108128230e-08
2.802359736567150898e-08
2.821393125651153846e-08
2.840585347671046615e-08
2.859801103861644308e-08
2.879175339175007923e-08
2.898574291659370438e-08
2.918131355110053559e-08
2.937714312876887839e-08
2.957455035720028618e-08
2.977222814117123922e-08
2.997148025269736904e-08
3.017101413614349027e-08
3.037211925348307695e-08
3.057351741375067466e-08
3.077648363404771924e-08
3.097975407150089440e-08
3.118458949132798155e-08
3.138974021206679008e-08
3.159645272784077278e-08
3.180349155458091696e-08
3.201208913409278099e-08
3.222102409680153465e-08
3.243151485248223389e-08
3.264235377232958331e-08
3.285474562150461509e-08
3.306749621589870610e-08
3.328179688756353432e-08
3.349646707230616446e-08
3.371268435858371938e-08
3.392928177603683518e-08
3.414742370473247801e-08
3.436595615616693908e-08
3.458603015822390077e-08
3.480650524477507119e-08
3.502851916077172157e-08
3.525094446417251106e-08
3.547490613496034840e-08
3.569928910398868353e-08
3.592520597587650024e-08
3.615155433951266450e-08
3.637943401078659111e-08
3.660775512247119414e-08
3.683760517486560946e-08
3.706790656027508598e-08
3.729973443747982274e-08
3.753202349925467128e-08
3.776583666549875462e-08
3.800012063456240338e-08
3.823592650756360432e-08
3.847221281195212821e-08
3.871001876782331597e-08
3.894831477395957364e-08
3.918812798073710199e-08
3.942844075271025873e-08
3.967026869199184131e-08
3.991260557820604886e-08
4.015645537408786781e-08
4.040082325903008557e-08
4.064670219022272613e-08
4.089310829076636885e-08
4.114102355295373723e-08
4.138947491433327490e-08
4.163943339878083737e-08
4.188993708062100256e-08
4.214194581171844972e-08
4.239450877087447337e-08
4.264857497502137603e-08
4.290320414949614956e-08
4.315933469110247677e-08
4.341603681335370762e-08
4.367423847253971077e-08
4.393302057605151025e-08
4.419330038647684160e-08
4.445416919904263760e-08
4.471653386940798035e-08
4.497949586910509484e-08
4.524395240857708480e-08
4.550901445157416727e-08
4.577556933039019460e-08
4.604273816077292816e-08
4.631139810633996196e-08
4.658068019936263349e-08
4.685145185708179735e-08
4.712285383583186359e-08
