# -0.15J_-0.85g_0.41888theta_1.0472phi_10Chi_0.01delta_500N
2.049506401666914557e-02
1.483791329651029276e-04
5.235647181245324722e-06
2.182024730221499704e-06
3.540758526977600591e-07
9.681123286464069789e-07
2.851278187038250724e-07
4.878312848308469885e-07
2.324046927588325612e-07
2.764718585705453560e-07
1.892414297509288684e-07
1.827657769841484619e-07
1.553001652329325093e-07
1.364482817817686539e-07
1.292096970339101597e-07
1.105456869980126544e-07
1.092873553335051760e-07
9.441733371030076751e-08
9.403023096124992988e-08
8.349339351666811613e-08
8.225420735458931283e-08
7.560411921416105896e-08
7.307610050734600504e-08
6.961417043870819329e-08
6.585181489037751568e-08
6.488072781294593214e-08
6.011408383779917787e-08
6.101808845079535410e-08
5.552318879365563810e-08
5.778262816528758986e-08
5.183046922230275361e-08
5.501454416893192693e-08
4.885213720008644073e-08
5.261074265627933839e-08
4.645070968523230344e-08
5.050880364460550553e-08
4.452190788804969720e-08
4.867400903635955350e-08
4.298542617017805870e-08
4.708952862818428554e-08
4.177844319366036299e-08
4.574970751621634696e-08
4.085082358684683201e-08
4.465533980214193221e-08
4.016169794646344362e-08
4.381031988896772106e-08
3.967676834361947945e-08
4.321883826405948991e-08
3.936597899798713854e-08
4.288304479484390727e-08
3.920143042548972905e-08
4.280109924789519918e-08
3.915535288102231670e-08
4.296555650001376591e-08
3.919804459589399687e-08
4.336193666251090354e-08
3.929573612694712920e-08
4.396723255695265132e-08
3.940842255312480324e-08
4.474808732650353629e-08
3.948783594058731902e-08
4.565846428714017876e-08
3.947593251435026236e-08
4.663684219010285872e-08
3.930455685598186125e-08
4.760333153673298430e-08
3.889730473780943683e-08
4.845765634954690522e-08
3.817493240266129249e-08
4.907968735656079181e-08
3.706566694541015483e-08
4.933501584549488717e-08
3.552094463691147547e-08
4.908836478928664759e-08
3.353489631498883750e-08
4.822631604556450884e-08
3.116241510591824867e-08
4.668676907235162429e-08
2.852754889000006722e-08
4.448628937336005451e-08
2.581430907750576921e-08
4.173203551710748056e-08
2.323755840018138835e-08
3.860815568072240596e-08
2.099981867701913212e-08
3.533867347661955120e-08
1.924568378639820022e-08
3.214188649598490776e-08
1.802859157171980429e-08
2.919435447542636527e-08
1.730652700525229132e-08
2.661404256785161520e-08
1.697411374799668372e-08
2.446078058710010446e-08
1.691317950649186891e-08
2.274643851539566074e-08
1.703091982685434217e-08
2.144814526237609636e-08
1.727260936628977262e-08
2.052121450457487075e-08
1.761691347142683782e-08
1.991044988431096501e-08
1.806585379869887880e-08
1.955872149294876061e-08
1.863604532904665414e-08
1.941191767479061927e-08
1.935295030052049548e-08
1.942035988724242495e-08
2.024771080318325654e-08
1.953773738422939960e-08
2.135548885607848657e-08
1.971899219626978626e-08
2.271407117043081796e-08
1.991844260998910145e-08
2.436121654436998469e-08
2.008911515925993779e-08
2.632851437937952001e-08
2.018390926585080776e-08
2.862809828777132898e-08
2.015877692030739198e-08
3.122633711136494322e-08
1.997749931139280440e-08
3.399643075729681460e-08
1.961692843236183333e-08
3.664465859898372121e-08
1.907107059733172894e-08
3.862996366056392523e-08
1.835248647740449853e-08
3.917456344549991814e-08
1.749032758241150476e-08
3.756113199493706275e-08
1.652548941335075587e-08
3.373094506858385913e-08
1.550408534020988828e-08
2.856556745125241870e-08
1.447091139142337539e-08
2.330195085067628056e-08
1.346454623150769110e-08
1.876125157685408605e-08
1.251484089753718931e-08
1.518602899484930558e-08
1.164239855175285837e-08
1.248575901676384681e-08
1.085932314132815388e-08
1.046987587355575440e-08
1.017063305012826780e-08
8.957163763098119281e-09
9.575876893892822623e-09
7.806285313162698943e-09
9.070651971613418461e-09
6.915227368852279024e-09
8.647882070968909780e-09
6.212711373397229376e-09
8.298819767803843434e-09
5.649601517278763720e-09
8.013794190794474454e-09
5.192272912907270437e-09
7.782746378662245294e-09
4.817933107455092536e-09
7.595586543883896412e-09
4.511408552278438587e-09
7.442427862137851078e-09
4.262963884200760896e-09
7.313742464872912525e-09
4.066624639995007712e-09
7.200469528295530891e-09
3.918699026240986629e-09
7.094128826479932640e-09
3.816341235329083774e-09
6.986970266810393294e-09
3.756365213711126265e-09
6.872177777270856719e-09
3.734744665452669903e-09
6.744127531514542383e-09
3.746933083008707428e-09
6.598665452953217718e-09
3.788570181639815103e-09
6.433338266290806724e-09
3.856015026017450511e-09
6.247511387956250798e-09
3.946489620191043618e-09
6.042324176431351640e-09
4.057928452633939307e-09
5.820461994867227042e-09
4.188673868211360318e-09
5.585774932659376649e-09
4.337154074436062293e-09
5.342800522886846314e-09
4.501560610812407107e-09
5.096272453432343534e-09
4.679542548006393952e-09
4.850687768205684902e-09
4.867937565552230589e-09
4.609981838908583742e-09
5.062565624655849515e-09
4.377332896811941192e-09
5.258132492469348416e-09
4.155083425212220985e-09
5.448302577180196929e-09
3.944757112395271121e-09
5.626001992546210181e-09
3.747144973757610166e-09
5.783975185937811545e-09
3.562428392285454677e-09
5.915555353441487790e-09
3.390317280395758582e-09
6.015503960799515992e-09
3.230188888314106864e-09
6.080700375550811316e-09
3.081215865279129121e-09
6.110446271814904013e-09
2.942477774200896866e-09
6.106240288724608313e-09
2.813047375027417636e-09
6.071053010613639395e-09
2.692056673002827917e-09
6.008313769385239730e-09
2.578741116252635825e-09
5.920936092434878286e-09
2.472460184577988021e-09
5.810696028440800217e-09
2.372701169366013961e-09
5.678158333222411912e-09
2.279069577706067957e-09
5.523162639296899742e-09
2.191270973128124936e-09
5.345690969742080900e-09
2.109088943089592004e-09
5.146800846472527065e-09
2.032363225653904880e-09
4.929279870088125549e-09
1.960970810667182573e-09
4.697784813437464848e-09
1.894811367840241861e-09
4.458432596977309865e-09
1.833797054543959434e-09
4.218014554011901036e-09
1.777845988153408144e-09
3.983109516507893099e-09
1.726877039417031005e-09
3.759350199364444784e-09
1.680807832381901068e-09
3.550982550311379797e-09
1.639552241476471319e-09
3.360735177272652088e-09
1.603018290228061083e-09
3.189934170263912937e-09
1.571107568902881295e-09
3.038760015002924625e-09
1.543714405919227943e-09
2.906555291424029732e-09
1.520725843161700875e-09
2.792117227751545186e-09
1.502022180140214705e-09
2.693939920464038770e-09
1.487477998412267449e-09
2.610395118406760575e-09
1.476963576732644500e-09
2.539855249520301100e-09
1.470346530891144054e-09
2.480769182169738973e-09
1.467493567077895819e-09
2.431702866864979640e-09
1.468272189405182665e-09
2.391355290518704913e-09
1.472552255373218994e-09
2.358559039016707281e-09
1.480207554595559103e-09
2.332271542384147614e-09
1.491116060583303099e-09
2.311560991665242676e-09
1.505161012175929365e-09
2.295592520427432747e-09
1.522231275072990436e-09
2.283611122137481192e-09
1.542220653248023188e-09
2.274930614962470062e-09
1.565027879892993009e-09
2.268923830539581452e-09
1.590555329127896466e-09
2.265017554037369459e-09
1.618707987382256285e-09
2.262692254287996828e-09
1.649389854576015449e-09
2.261487317027099921e-09
1.682500096883032038e-09
2.261012086412852108e-09
1.717928343381257018e-09
2.260961470165992970e-09
1.755546731025099615e-09
2.261135256515930862e-09
1.795203285925948684e-09
2.261458231273773708e-09
1.836720523740131139e-09
2.261998004025987333e-09
1.879902834266406608e-09
2.262976734238538070e-09
1.924551317303617049e-09
2.264772875080980893e-09
1.970479955811962877e-09
2.267908878383319595e-09
2.017527058046663332e-09
2.273019853430653038e-09
2.065559899120824901e-09
2.280796870026808239e-09
2.114474084704894981e-09
2.291901436851194020e-09
2.164190282638509446e-09
2.306862993947330197e-09
2.214650331102244657e-09
2.325996248717097542e-09
2.265813640055037845e-09
2.349380302082737075e-09
2.317654045744250671e-09
2.376904861740131655e-09
2.370157020225761964e-09
2.408346140743024117e-09
2.423317170667095387e-09
2.443432264751216918e-09
2.477136041657992267e-09
2.481883327697337481e-09
2.531620239851211534e-09
2.523430739465132018e-09
2.586779871534483806e-09
2.567824817481299447e-09
2.642627271808567173e-09
2.614836871121507143e-09
2.699175986115541545e-09
2.664258915166973319e-09
2.756439968105913682e-09
2.715902378953923361e-09
2.814432956477994945e-09
2.769596435938645238e-09
2.873168005423461901e-09
2.825186291429200241e-09
2.932657140351248352e-09
2.882531659200203123e-09
2.992911119131679749e-09
2.941505524223000226e-09
3.053939276019122579e-09
3.001993199210208859e-09
3.115749442347790979e-09
3.063891594497075869e-09
3.178347904462629109e-09
3.127108577739700698e-09
3.241739424311910467e-09
3.191562316336410950e-09
3.305927273628240831e-09
3.257180514231200176e-09
3.370913300868189862e-09
3.323899584383049595e-09
3.436698006991086639e-09
3.391663703184679057e-09
3.503280633060120801e-09
3.460423861140504799e-09
3.570659252156856409e-09
3.530136956388594457e-09
3.638830860866502754e-09
3.600765092823695184e-09
3.707791473350101134e-09
3.672274164766745015e-09
3.777536211330253702e-09
3.744634099937671720e-09
3.848059492511278204e-09
3.817817751927586076e-09
3.919354843045452541e-09
3.891800544032893919e-09
3.991415249251526441e-09
3.966560071965420946e-09
4.064233181409729420e-09
4.042075749749371775e-09
4.137800603515461878e-09
4.118328549907501084e-09
4.212109506980175274e-09
4.195300727270871346e-09
4.287150554572248897e-09
4.272975327386718424e-09
4.362914113786093023e-09
4.351337201839628513e-09
4.439390090225733141e-09
4.430371001392412753e-09
4.516568085750573654e-09
4.510062311250259702e-09
4.594437475380937899e-09
4.590397210811721402e-09
4.672987427267415813e-09
4.671362178976358283e-09
4.752207019994388027e-09
4.752944015297781429e-09
4.832084906182505514e-09
4.835129775177267661e-09
4.912609747326411204e-09
4.917906716796190828e-09
4.993769995951461492e-09
5.001262293921178371e-09
5.075553946032204369e-09
5.085184032604145693e-09
5.157949744356079143e-09
5.169659537458680436e-09
5.240945397428267727e-09
5.254676509993441139e-09
5.324528783143855800e-09
5.340222702343429996e-09
5.408687676159099186e-09
5.426285918644610703e-09
5.493409704597475494e-09
5.512853967181232082e-09
5.578682390427453553e-09
5.599914636199228274e-09
5.664493165963487657e-09
5.687455737351599051e-09
5.750829368871922894e-09
5.775465070852543906e-09
5.837678248804260699e-09
5.863930084396148952e-09
5.925026971962642451e-09
5.952839215261097295e-09
6.012862627399168985e-09
6.042179882351721008e-09
6.101172240222471865e-09
6.131939821331014098e-09
6.189942332309603732e-09
6.222106694845119109e-09
6.279160614342343443e-09
6.312668185355473794e-09
6.368813506960594917e-09
6.403611933764272828e-09
6.458887793411418675e-09
6.494925585274237780e-09
6.549370211371501854e-09
6.586596699986425309e-09
6.640247437044998042e-09
6.678612841528511272e-09
6.731506055504776169e-09
6.770961553414611528e-09
6.823132714184928472e-09
6.863630359753968111e-09
6.915113974109560485e-09
6.956606768533269718e-09
7.007436371692874041e-09
7.049878274360719179e-09
7.100086431603686956e-09
7.143432360053967103e-09
7.193050664537042373e-09
7.237256500588270594e-09
7.286315571826954978e-09
7.331338164995841382e-09
7.379867649934111496e-09
7.425664820555141738e-09
7.473693395490768318e-09
7.520223939654925152e-09
7.567779309989376650e-09
7.615003007073383538e-09
7.662111905798587699e-09
7.709989455768792331e-09
7.756677708229999827e-09
7.805170864582340658e-09
7.851463263822244179e-09
7.900534651391970070e-09
7.946455141553128525e-09
7.996068360955620473e-09
8.041639941060831525e-09
8.091759545117668224e-09
8.137004294240040353e-09
8.187595773127044751e-09
8.232534871545488835e-09
8.283564678357304137e-09
8.328218385036210404e-09
8.379653884927075288e-09
8.424041602029704241e-09
8.475851069419838946e-09
8.519991331839503677e-09
8.572143926118821897e-09
8.616054434172037130e-09
8.668520201690943109e-09
8.712217835616442188e-09
8.764967696301128579e-09
8.808468526758022908e-09
8.861474672345484198e-09
8.904793978541172861e-09
8.958028219601163559e-09
9.001180506088813919e-09
9.054616711781049655e-09
9.097615729586365921e-09
9.151228022109318747e-09
9.194086745535080719e-09
9.247850517671438092e-09
9.290581304343006740e-09
9.344472239609827325e-09
9.387086696429672871e-09
9.441081443015254110e-09
9.483590480676024514e-09
9.537666422573380376e-09
9.580080311569769811e-09
9.634215568180058893e-09
9.676543944186699334e-09
9.730717357747293857e-09
9.772969251466624500e-09
9.827160351505303191e-09
9.869344196539418207e-09
9.923533192893229939e-09
9.965656841909053942e-09
1.001982462107983936e-08
1.006189540187618702e-08
1.011602347071470300e-08
1.015804816621376108e-08
1.021211869855108117e-08
1.025410354898005268e-08
1.030809931577332738e-08
1.035005009374987900e-08
1.040395445991642111e-08
1.044587646730512550e-08
1.049967337541186588e-08
1.054157146484563304e-08
1.059524541540835853e-08
1.063712400959458973e-08
1.069066004664622887e-08
1.073252315721301023e-08
1.078590684881469057e-08
1.082775809747566983e-08
1.088097551995451343e-08
1.092281815616854097e-08
1.097585587645642529e-08
1.101769279773956963e-08
1.107053785763862857e-08
1.111237162762002041e-08
1.116501152596919280e-08
1.120684439192398494e-08
1.125926707044311043e-08
1.130110098301451500e-08
1.135329480909181888e-08
1.139513143816064844e-08
1.144708518941022921e-08
1.148892594255255370e-08
1.154062879169820828e-08
1.158247483082763828e-08
1.163391633114965312e-08
1.167576858805675982e-08
1.172693865751785832e-08
1.176879812062282485e-08
1.181968675945216427e-08
1.186155366794334058e-08
1.191215176494405567e-08
1.195402645659494231e-08
1.200432494260274018e-08
1.204620758643799581e-08
1.209619770339343707e-08
1.213808831562158306e-08
1.218776160225830378e-08
1.222966005720812232e-08
1.227900833953158977e-08
1.232091438587996321e-08
1.236992976140888118e-08
1.241184303308140792e-08
1.246051786175537723e-08
1.250243789086008504e-08
1.255076478336825711e-08
1.259269101164044766e-08
1.264066281806956746e-08
1.268259460822627972e-08
1.273020440850522605e-08
1.277214105583447671e-08
1.281938214868290751e-08
1.286132289023029603e-08
1.290818881856756553e-08
1.295013280980415438e-08
1.299661722773690044e-08
1.303856367402489596e-08
1.308466049473450109e-08
1.312660850597135394e-08
1.317231182587864380e-08
1.321426048986854005e-08
1.325956457048567409e-08
1.330151298250586048e-08
1.334641224450632538e-08
1.338835949506017263e-08
1.343284851807931765e-08
1.347479368771087242e-08
1.351886721749850046e-08
1.356080939289843467e-08
1.360446232379195183e-08
1.364640060435582281e-08
1.368962797359799895e-08
1.373156147818113702e-08
1.377435846000694227e-08
1.381628632946872759e-08
1.385864823143684424e-08
1.390056963486034899e-08
1.394249189167914836e-08
1.398440602983043583e-08
1.402588419918120251e-08
1.406779030915765366e-08
1.410882006860983880e-08
1.415071742604609078e-08
1.419129456828499941e-08
1.423318249048218797e-08
1.427330292272987480e-08
1.431518077051075229e-08
1.435484050837103532e-08
1.439670768907860627e-08
1.443590285745503707e-08
1.447775882523050742e-08
1.451648565289098553e-08
1.455832991195268343e-08
1.459658473024643804e-08
1.463841683541415533e-08
1.467619607926010034e-08
1.471801563423514921e-08
1.475531583809724259e-08
1.479712249771553172e-08
1.483394029617374854e-08
1.487573376515617956e-08
1.491206589132936472e-08
1.495384592537201658e-08
1.498968921193469828e-08
1.503145561554794525e-08
1.506680699149425384e-08
1.510855961714752530e-08
1.514341611263404629e-08
1.518515485908723470e-08
1.521951360133749523e-08
1.526123841410594741e-08
1.529509662965847484e-08
1.533680749546264316e-08
1.537016251251329235e-08
1.541185946096452882e-08
1.544470870747855823e-08
1.548639180435151562e-08
1.551873280992195772e-08
1.556040216146895185e-08
1.559223256148761843e-08
1.563388830330539920e-08
1.566520583754182809e-08
1.570684813790734739e-08
1.573765065120584108e-08
1.577927970376321853e-08
1.580956515130651868e-08
1.585118117534956675e-08
1.588094762245826290e-08
1.592255085792056171e-08
1.595179648130282880e-08
1.599338718325491370e-08
1.602211027675794852e-08
1.606368871521345534e-08
1.609188768667210370e-08
1.613345413912004836e-08
1.616112751860443104e-08
1.620268226948988900e-08
1.622982870450763512e-08
1.627137203897313077e-08
1.629799030523397538e-08
1.633952250449839782e-08
1.636561150364357113e-08
1.640713284243801024e-08
1.643269160447697934e-08
1.647420234759267939e-08
1.649923003274538209e-08
1.654073042689001293e-08
1.656522633279726869e-08
1.660671660646550512e-08
1.663068016604423830e-08
1.667216052180261007e-08
1.669559130870200605e-08
1.673706192243463488e-08
1.675995964893636194e-08
1.680142066616474562e-08
1.682378519091734180e-08
1.686523671494747146e-08
1.688706804687793942e-08
1.692851014136685237e-08
1.694980843397910855e-08
1.699124111855410005e-08
1.701200667879109659e-08
1.705342992443204362e-08
1.707366321487660813e-08
1.711507693509928949e-08
1.713477857416004214e-08
1.717618262814271903e-08
1.719535339002678885e-08
1.723674757345434779e-08
1.725538839573482455e-08
1.729677244062981091e-08
1.731488442576087200e-08
1.735625799197524581e-08
1.737384240027734703e-08
1.741520507954208800e-08
1.743226334101145239e-08
1.747361464594133104e-08
1.749014836005906873e-08
1.753148772213079533e-08
1.754749865488004718e-08
1.758882542631302239e-08
1.760431551295420723e-08
1.764562896047110533e-08
1.766060031129012375e-08
1.770189960903242489e-08
1.771635450199011396e-08
1.775763873868802959e-08
1.777157963025775420e-08
1.781284779299422677e-08
1.782627731382405845e-08
1.786752829824961148e-08
1.788044924450994974e-08
1.792168185186115499e-08
1.793409720480096772e-08
1.797531012972752629e-08
1.798722303778884215e-08
1.802841487528762445e-08
1.803982866666070186e-08
1.808099790175388353e-08
1.809191608022473424e-08
1.813306109851790635e-08
1.814348733931184520e-08
1.818460642462138230e-08
1.819454457104085233e-08
1.823563589114856530e-08
1.824508997104726358e-08
1.828615158353147038e-08
1.829512578898007797e-08
1.833615564935959382e-08
1.834465434424627856e-08
1.838565029093407669e-08
1.839367800876832863e-08
1.843463778034394499e-08
1.844219921944712996e-08
1.848312043759400835e-08
1.849022046722359815e-08
1.853110064120682074e-08
1.853774428972327997e-08
1.857858082749663087e-08
1.858477328557257667e-08
1.862556348492825868e-08
1.863131009767089543e-08
1.867205114841749658e-08
1.867735742597713121e-08
1.871804640618060502e-08
1.872291800603644512e-08
1.876355189489726796e-08
1.876799462782973200e-08
1.880857029977310788e-08
1.881259011581038395e-08
1.885310434191385902e-08
1.885670735007441306e-08
1.889715680355227496e-08
1.890034923550021885e-08
1.894073048924978122e-08
1.894351872643945304e-08
1.898382825866358414e-08
1.898621880599565225e-08
1.902645300529084233e-08
1.902845249810268627e-08
1.906860765704000686e-08
1.907022285810497084e-08
1.911029518696078989e-08
1.911153297318504061e-08
1.915151859355276284e-08
1.915238595878671429e-08
1.919228091940167606e-08
1.919278496567561720e-08
1.923258522904244137e-08
1.923273316430166265e-08
1.927243462307786762e-08
1.927223375436770523e-08
1.931183223189117487e-08
1.931128996117002096e-08
1.935078121184865960e-08
1.934990502859793405e-08
1.938928474758661095e-08
1.938808222589821537e-08
1.942734605193219248e-08
1.942582484107410507e-08
1.946496835358233884e-08
1.946313617736449111e-08
1.950215491741257171e-08
1.950001956162182609e-08
1.953890901681772459e-08
1.953647833233622620e-08
1.957523395201092162e-08
1.957251583901461926e-08
1.961113304322094016e-08
1.960813545078935558e-08
1.964660962714354977e-08
1.964334054718081740e-08
1.968166705735722666e-08
1.967813451597160439e-08
1.971630870280959518e-08
1.971252075420213160e-08
1.975053794836226520e-08
1.974650266864887213e-08
1.978435819112558490e-08
1.978008367224081885e-08
1.981777284105010138e-08
1.981326718568719719e-08
1.985078531629646683e-08
1.984605663034404148e-08
1.988339905239021357e-08
1.987845543482093945e-08
1.991561748537604230e-08
1.991046702655894727e-08
1.994744406454451521e-08
1.994209483799340934e-08
1.997888224363055985e-08
1.997334229946711156e-08
2.000993548442864538e-08
2.000421284070807919e-08
2.004060725119243243e-08
2.003470989072863766e-08
2.007090101022937841e-08
2.006483687619573114e-08
2.010082023757838317e-08
2.009459721786914892e-08
2.013036840476896480e-08
2.012399433322580893e-08
2.015954898609865908e-08
2.015303163656423058e-08
2.018836545520536492e-08
2.018171253120799688e-08
2.021682128601731172e-08
2.021004041569028276e-08
2.024491994975235909e-08
2.023801868363364591e-08
2.027266491527473672e-08
2.026565071449994057e-08
2.030005964770885838e-08
2.029293987999630861e-08
2.032710760705045264e-08
2.031988954343819094e-08
2.035381224753190020e-08
2.034650305500329265e-08
2.038017701932816162e-08
2.037278375443106715e-08
2.040620536289132794e-08
2.039873496782010440e-08
2.043190071325007389e-08
2.042436000829575505e-08
2.045726649564922492e-08
2.044966217730813557e-08
2.048230612592748430e-08
2.047464475927528684e-08
2.050702301015193503e-08
2.049931102435622097e-08
2.053142054318640202e-08
2.052366422962279143e-08
2.055550211042835599e-08
2.054770761132323490e-08
2.057927108163757035e-08
2.057144439448812707e-08
2.060273081499191024e-08
2.059487778353220469e-08
2.062588465719454829e-08
2.061801096665892362e-08
2.064873593874695505e-08
2.064084711370906801e-08
2.067128797477164257e-08
2.066338937630948723e-08
2.069354406668515373e-08
2.068564088791423323e-08
2.071550749952357889e-08
2.070760476202458041e-08
2.073718153916074748e-08
2.072928409081606787e-08
2.075856943922552588e-08
2.075068195143106086e-08
2.077967443088104801e-08
2.077180139489507325e-08
2.080049973079831958e-08
2.079264545495278688e-08
2.082104853258529680e-08
2.081321714461586292e-08
2.084132401550632299e-08
2.083351945483543613e-08
2.086132933574649245e-08
2.085355535529912980e-08
2.088106762979509385e-08
2.087332779410837925e-08
2.090054201442552623e-08
2.089283969646796598e-08
2.091975558581441786e-08
2.091209396722022771e-08
2.093871141727121396e-08
2.093109348764313494e-08
2.095741255926531487e-08
2.094984111803776146e-08
2.097586204361225180e-08
2.096833969316957956e-08
2.099406287584112922e-08
2.098659202778187688e-08
2.101201804025792313e-08
2.100460091354445585e-08
2.102973049824718658e-08
2.102236911819594997e-08
2.104720318669045059e-08
2.103989938570116353e-08
2.106443901820464075e-08
2.105719443864927329e-08
2.108144088239493824e-08
2.107425697509213576e-08
2.109821164303597654e-08
2.109108967032031348e-08
2.111475414073133307e-08
2.110769517647770143e-08
2.113107118931639854e-08
2.112407612109168671e-08
2.114716557921310395e-08
2.114023510998566798e-08
2.116304007366347608e-08
2.115617472456084073e-08
2.117869741171921707e-08
2.117189752377795655e-08
2.119414030550542741e-08
2.118740604112641432e-08
2.120937144286632986e-08
2.120270278992851280e-08
2.122439348314278707e-08
2.121779025657454263e-08
2.123920906168971023e-08
2.123267090767117863e-08
2.125382078534813530e-08
2.124734718460599652e-08
2.126823123679689116e-08
2.126182150603964576e-08
2.128244297053330585e-08
2.127609626804581838e-08
2.129645851506234336e-08
2.129017384309204999e-08
2.131028037141081190e-08
2.130405658057322811e-08
2.132391101489370223e-08
2.131774680881662175e-08
2.133735289394269476e-08
2.133124683178607286e-08
2.135060842825823804e-08
2.134455893211473496e-08
2.136368001337505307e-08
2.135768536865288297e-08
2.137657001677244219e-08
2.137062837933165882e-08
2.138928077904747935e-08
2.138339017977823215e-08
2.140181461293965494e-08
2.139597296212161616e-08
2.141417380718659300e-08
2.140837889981888272e-08
2.142636062065589953e-08
2.142061014107278659e-08
2.143837728752598993e-08
2.143266881526365056e-08
2.145022601550677717e-08
2.144455702952242896e-08
2.146190898347773363e-08
2.145627686866369611e-08
2.147342834702116694e-08
2.146783039844457249e-08
2.148478623375031050e-08
2.147921966245596492e-08
2.149598474490619894e-08
2.149044668549520696e-08
2.150702595614697711e-08
2.150151346944239473e-08
2.151791191620170994e-08
2.151242199705966063e-08
2.152864464974619498e-08
2.152317423152263173e-08
2.153922615449821508e-08
2.153377211535686741e-08
2.154965840323027400e-08
2.154421757147384685e-08
2.155994334248677819e-08
2.155451250432981924e-08
2.157008289530243687e-08
2.156465879736846580e-08
2.158007895833348388e-08
2.157465831580951748e-08
2.158993340347106695e-08
2.158451290760926055e-08
2.159964807912305670e-08
2.159422439783954658e-08
2.160922480932816275e-08
2.160379459719436562e-08
2.161866539221217636e-08
2.161322529583502689e-08
2.162797160166036429e-08
2.162251826754868360e-08
2.163714519418385199e-08
2.163167526560590835e-08
2.164618789456425812e-08
2.164069802800045222e-08
2.165510140974857523e-08
2.164958827362754458e-08
2.166388741953013641e-08
2.165834770534483855e-08
2.167254758533110290e-08
2.166697800776736260e-08
2.168108354347266490e-08
2.167548084838632526e-08
2.168949690802973777e-08
2.168385787920962943e-08
2.169778927278737331e-08
2.169211073521284756e-08
2.170596221020955328e-08
