# -0.6J_-0.4g_0.7854theta_1.0472phi_10Chi_0.01delta_500N
-9.542069626844702501e-01
-5.618958767433265278e-01
1.571830410337219930e-01
1.748347529392525190e-01
4.623136490968414447e-02
2.312580817186902192e-04
1.602966094705410294e-01
2.209060260500831652e-01
3.007532190421514651e-01
-3.531419149349149852e-03
-5.735667485257786025e-01
-4.972287933916210712e-01
2.403213958402454498e-02
-1.467599544102159703e-01
-6.135830917095990156e-01
5.222038197752202487e-02
-1.489293629115226447e-01
-9.699465376974274466e-01
-1.664315309061443759e+00
3.039249328082316466e-03
7.565968608954233565e-02
2.818549882787428351e-01
3.246378627631417157e-01
-1.688655696784557569e-01
-1.344853233150386185e+00
-2.085088998977915775e+00
7.983954251735175811e-01
7.158117198197039288e-01
-4.810958052733031037e-02
6.148581157290891053e-01
2.083272294525398416e-01
-7.113902400885575850e-02
-1.323113804770733037e-01
-8.494248685182667069e-01
-4.228767244723556640e-02
2.884052810098975073e+00
-8.653803510509799901e-01
-1.398792932295970237e+00
-1.540156333757424445e+00
6.516044299093372238e+00
-1.073913186017246557e-01
5.407644866581343690e-01
1.231584795504045315e+00
-1.038216904109596772e+00
-8.112761608666719582e+00
-1.158358093763625085e+01
4.273891914386204860e+00
2.332807677013907011e+00
-1.143338920269656889e+00
-4.730883803142818422e+00
-1.506597414992108253e-01
1.068393048485150265e+00
1.723192051211592579e+00
1.741923932986277554e-02
-1.012419360279859148e+01
-2.069891136452576319e+01
7.293373751436167396e+00
3.218148988364873286e+00
-1.678112570405131621e+00
-2.230811386656635165e+01
7.419222230557834252e-02
-2.620922227024786166e-01
-2.488392301523710270e-01
1.128417137824532457e+00
-1.290934892523298627e+00
-2.378123831752365192e+00
-2.695778371392106632e+00
-2.771916402889265996e+00
-7.812187813388383084e+00
-1.038928142162231971e+01
1.780765106257345687e-01
-7.357387900913954226e-01
2.881086594434166814e-01
-5.276660387008881514e+00
-1.934723660485381203e+01
-1.327444095647642364e+01
4.267815968921181202e+00
-2.578156746022806445e+01
-3.451988519558055657e+01
-2.456818028010080646e+00
-1.870374200883504201e-01
1.038241107589232159e+00
-4.180474242492309145e-01
5.060392165567908940e+00
2.657709603506044260e+01
2.289382315567569037e+01
-2.590472945106812031e+00
3.690422657361828129e+01
6.035621192158193793e+01
2.643816516714510101e+01
-4.190155751297412051e-02
1.378234669201294504e-01
-6.543004345857922344e-01
5.435389428753892638e+00
3.334201714098684377e+00
-2.784589931325236378e+01
9.260251716416441070e+00
-2.896132052419836747e-02
6.256713703268205862e+00
-1.665978669393687142e+02
-2.893486548596724828e-01
5.342510486746164799e-01
5.394737110150757964e-01
-4.738120992136546361e-01
-9.914088481995013413e-02
1.743614001505725541e-01
3.185547535103274153e-01
-5.389412739640179195e-01
3.254215593823627795e-01
-2.435981624444779128e-02
3.292902683968441657e-01
-7.515978703903594127e-01
-3.529411448754259939e-01
-1.112454964716167005e+00
-1.097819081129031815e+00
7.084198357738120677e-01
-1.177197081820551550e-01
4.569529279235332586e-01
4.049896400361348570e-01
-4.967763169992661654e-01
-4.935603626614657458e-01
1.097413426453991425e+00
1.444480540558138681e+00
1.941096574542389430e-01
-2.664567187666277981e-01
5.232387044032450474e-01
-1.204138430071205468e+00
1.586665989796020915e+00
-8.486570813586313822e-01
-4.305416559438397517e-01
-3.729824700397740746e-03
-4.085549084953132848e-01
1.223312998770288207e+00
-6.234478654007430620e+00
-5.979152441793500472e+00
4.682539270059375980e+00
-1.476717808350606731e+00
3.539005214097460161e+00
2.903680770125803279e-01
4.290906751478703818e+00
2.955274707642239762e-01
-8.232875162142123671e-01
1.603077706533388547e+00
-6.588206878706261094e+00
-1.131756672120049600e+01
8.871012928513941631e+00
-5.192343618836161134e+00
7.065633901786690707e+00
-4.577969922923430524e-01
2.279093274654503887e+01
-2.518830293103360707e-02
2.690943833360653903e-01
-1.136013699191751991e+00
5.404239700303379301e+00
6.630690636690642847e+00
-5.655403603748637487e+00
-2.103731290507951726e-02
-1.630727910125689961e+00
-1.543502726960243043e+00
-1.287344665831428081e+01
3.557052858192463196e-01
2.904426533646844444e-01
4.472479457195517316e-01
1.450158574926457433e+01
3.596177360032986048e+00
-2.920229256661339257e+00
-2.075910857933983422e+01
1.558022934867035403e+01
-1.010434628285406156e+01
1.016966411685527127e+01
-4.862799866321654285e-01
-2.607585218990750575e-01
-7.767367292576999871e-01
-1.642653512366445412e+01
-1.145288302406686753e+01
6.888737137812988465e+00
2.099540247298502749e+01
-3.046444597658104314e+01
1.885245571371693529e+01
3.394079123936610642e+01
-2.599670135359512524e-01
-3.224448039156190271e-01
-3.495165797537418406e-01
-1.174071733143454743e+01
-6.726101477426661646e+00
4.734082206095023615e+00
1.680881859846764570e+01
-2.174597290147597306e+01
1.536165940212471170e+01
1.706995330730856253e+01
-1.325784638763543299e-01
-4.104320508183339489e-01
3.291769074320891608e-01
-2.699085743098843082e+00
2.066509627440538210e+01
-2.281629175780974705e+01
1.359522152415008556e+01
-1.601956995588430743e+01
8.209352101832038784e+00
-2.311488473455722499e+02
-4.115947080294394267e-01
2.886496960479162377e-01
-5.056539572546473460e-01
-3.212880654513579626e-01
1.650679315951743276e-02
-3.707486910214821130e-01
-7.600008144980461289e-01
-1.553685412540575794e-01
2.217620876769048344e-01
1.145387666913963987e-01
5.190452171306181306e-01
-9.847436747698099513e-01
1.116103611690041353e+00
-8.029895702000086066e-01
8.197077312701889218e-01
-5.978449869540287676e-01
-5.798153568274377889e-01
-1.096006803572264349e-01
-3.010390272326776088e-03
5.120371495210813695e-01
5.242235069834086936e-01
-4.876791401675584781e-01
8.924149607699850550e-01
1.384959741419738100e+00
-1.199257379323085182e+00
-1.448870495675532721e-01
-1.152589423256075607e+00
-1.030258836924244026e+00
1.008024037265839556e+00
-6.626547140143450587e-01
-6.376786470431740073e-01
-1.275894277888686812e+00
1.443668202073472850e-01
-1.084431032425158925e+01
7.203868671327168016e+00
-6.887032520115934808e+00
-1.331715301659794237e+00
1.177763755014831659e+00
-2.371232050200597019e+00
-2.302329200340042448e+01
1.060854004718940480e-01
7.523565321676580764e-01
-1.537830169954320925e-01
5.005435001817785334e+00
-4.852018873856600578e+00
9.492545582000383453e-01
-1.335364190310350585e+00
-2.359524517413642108e+00
1.594877231217304736e+00
3.039867007801272614e+00
-2.666090554796515799e-01
-5.215340908921456409e-01
3.338015835738629700e-01
-2.862100607758828463e+00
6.888640704072916954e-01
-4.789180484979863373e+00
-2.461317614881686655e+00
-9.071528915976817542e-01
6.426312471023516715e-02
-1.213175812940490594e+01
-3.920296264529057884e-01
-9.402243616028060913e-02
1.099426635907633454e+00
1.995311327689839587e+01
-1.891824675798916289e+01
-1.662116506391864368e+00
-4.357658954905985382e+01
-2.570849937797295581e+01
2.176317766246051377e+01
4.250259284685964900e+01
-1.114083558357565618e-01
6.720469840490460312e-02
6.104421682310706698e-01
8.600734949299470244e+00
-1.159164661600945934e+01
-4.652213736439932745e+00
-1.959008964997555324e+01
-1.649631254446443407e+01
6.010973746293631237e+00
-5.315872183642885496e+00
-1.280947715889986793e-01
-7.148428054890110239e-02
5.123313355157405047e-01
1.057969034220024263e+01
-7.280372577853726490e+00
2.720328772382536009e+00
-2.512802810963862044e+01
-1.094227027032465571e+01
1.790728290621900953e+01
4.097471093785195961e+01
-1.313942595182655566e-03
4.888064005621002850e-01
6.593717100913762952e-01
-1.033239652470834180e+01
-8.883214518021771866e+00
-4.396267445099847038e+01
-2.659654950695778552e+01
-3.283669063422319567e+01
2.472332986747597605e+00
-3.444401518165187781e+02
