# -0.95J_-0.05g_0.41888theta_0.41888phi_10Chi_0.01delta_500N
-1.761108173609361033e-02
9.987960090003688007e-01
3.738599462311317095e-02
-2.641001663358031118e-02
3.881557142125360361e-05
-9.950220351365708735e-04
5.202195041580719940e-04
1.678122345862679985e-05
1.156863969512493399e-04
2.882719451791976959e-06
9.800462346352587506e-01
-1.112695938216912310e+02
8.174753373314728151e+02
-3.045491458074196544e+03
3.372967413830100902e+00
-1.225197975422470051e+02
6.482475610593326110e+01
2.697456755825574870e+00
2.402855598580220686e+01
4.072756432693641071e-01
2.267682596108428622e-02
1.211540853152079762e+03
-3.163876438109457740e+04
1.313841111784030509e+05
4.386493087965446466e+04
-2.330449176352475304e+06
1.819351812823040644e+06
1.419904375511565304e+05
-2.016483153054837021e+05
1.019728202295672090e+05
-2.762040071098286961e-02
-2.846821117317935204e+03
7.744371097817520786e+04
-3.258611918348036706e+05
-1.482093260256974900e+05
8.067918477561233565e+06
-2.285408162358508911e+06
-1.428857261857284931e+06
5.161858820079697762e+05
2.758111610907011782e+05
4.414076052082315091e-05
3.786162055448083930e+00
4.325161669565158809e+04
-2.633810603519677534e+05
-1.033651237019484118e+07
4.446978363939099312e+08
8.706039109058485031e+08
8.726787720702546835e+07
-2.902243878677322716e+07
-2.080401353650317192e+08
9.107495423180828878e-04
1.015788311383485620e+02
1.558713915029862197e+06
-9.004102534490168095e+06
-1.313250171205790937e+08
7.156774052604210854e+09
1.304373016208402634e+10
8.886404762810560465e+08
-4.012376922851581573e+08
7.819320379937331378e+07
5.077635738885339679e-04
4.967702203973897213e+01
8.404894623176464811e+05
-3.757370902160216123e+06
2.464770180638944805e+08
-1.330516320910323715e+10
-2.839774326965021133e+10
-3.920209454307970047e+09
1.034452516725665927e+09
4.850226255430166125e+08
-6.135137595056029062e-05
8.300866390525001748e+00
5.664659751264664810e+05
-3.022372459412340540e+06
4.685432535572677851e+07
-2.515400343656188011e+09
-5.910230360819981575e+09
-1.094071011755928993e+09
2.345085865365177989e+08
1.796875762149411142e+08
8.932953959655927302e-05
3.253844264618727777e+00
3.147066907329223468e+05
3.552679919795615715e+05
2.625729084994141012e+06
-3.253636980236779451e+08
1.234687862223992109e+09
2.315042801033382416e+09
-1.415655047235742211e+08
-7.483822299924541712e+08
2.630367500955210763e-05
3.628699359294722537e-01
9.436287850464635994e+04
1.356496561688801739e+05
-7.124224785584892333e+07
-7.543618764614170790e+07
3.435151164777432680e+08
5.451362900499259233e+08
-3.132048771156523749e+07
-9.464416355767526627e+09
-9.998448677190001632e-01
-1.761251853753234911e-02
-2.818758246516574607e-04
2.457717343398686870e-04
-2.172535981670061695e-07
5.836046499599061421e-06
-2.958368162224081551e-06
-4.429476221944857351e-07
-4.575073666007992512e-07
1.525113349474530729e-07
-1.749116490161725310e-02
-1.195592231887152544e-02
4.768676049383056004e-01
-4.426645256310754450e-01
-6.878744858398960771e-01
6.231275901001612993e+00
-1.320924269784805816e+01
1.538437320575900173e+02
1.041545748371812863e+01
-9.364651684575757429e+01
-4.129599071221927518e-04
1.494579666163273313e+00
-1.037149233326985751e+02
6.191797824801917471e+01
2.144641737254463078e+04
-3.266916122272636130e+03
5.806032928990878645e+03
-6.643260467983291892e+04
-2.563115766367760443e+04
1.221444263533255784e+06
1.567831049120183018e-04
4.603740867378647295e-02
-1.737961777003255648e+01
-3.409026721080448397e+01
1.609657162773098935e+04
1.184926998043289814e+03
1.106140676421896387e+03
-1.197126870181425875e+04
-1.309237107123585702e+04
9.118195822678982513e+05
2.367020023340596031e-06
-2.676534728302114807e+00
1.841452214701924822e+04
1.749441207415571262e+04
-1.226873521226521283e+08
-3.566321771219580434e+06
5.500594712599584833e+06
-3.720887969422641397e+07
-7.019252806423393486e+04
-6.948494507583165169e+09
-1.122556702688861990e-05
-9.294949375120042490e+00
3.925269409237724290e+02
-3.590377975282806801e+03
5.671998602057378739e+06
2.411283528082071338e+06
3.647065429181613959e+06
4.242507084598902613e+06
-1.695067508906145231e+05
3.212583637949411273e+08
-1.110912130321151255e-05
-1.253406739971544503e+01
1.228869398027601846e+03
-1.235208112765934857e+03
1.834559504798141425e+05
-4.037427764027894475e+06
-8.741004836409348994e+06
-4.126449851791738183e+05
1.771058607645837357e+06
6.262856165027635172e+06
2.146267754617186638e-05
1.426441322292640912e+01
-5.774340928336865773e+02
5.208904962085913212e+03
-5.693537106719568372e+06
-2.447056338735417929e+06
-3.260962196557814721e+06
-6.309640957981604151e+06
4.668922696305863559e+06
-3.185784442697491050e+08
2.299758792121905395e-04
8.533170791954444212e+02
-9.251235032862365188e+04
2.316910220254993692e+04
-3.197658040820907429e+07
-5.793983776778712869e+06
1.020198703137625940e+07
-1.190363069804549515e+08
-4.921381368328236043e+07
-1.732699159580987453e+09
1.911471948509879562e-04
-1.973033855128324774e+02
1.028314301358149387e+06
9.479435595503866207e+05
-6.818816659192742348e+09
-1.467549735739702880e+08
4.075818766245101690e+08
-2.050979336085787535e+09
4.864395857595188618e+08
-7.730708924940567627e+11
-3.069451056469567145e-04
2.924008513730391723e-02
-9.650849432113365323e-01
-2.601605442623787789e-01
-7.232472485320873756e-04
-5.223847383425426821e-04
-2.962924708650676686e-04
3.535913833208378064e-03
-7.680392978862118393e-03
2.072078566134859500e-06
1.034328444125232060e-02
-1.338453293856890935e+00
3.423729546020452119e+01
-2.698390258350901050e+01
-2.236491470602096854e+01
1.867582769961633176e+02
-2.527953320275962028e+02
7.179107852381565635e+02
-3.056388754453178080e+03
-2.379540661750671582e+00
-8.890917886269967818e-01
1.505675449963388246e+02
-8.224605609045969686e+03
3.474736189150180962e+03
1.217736261133498279e+06
-2.019160522739783919e+05
3.772117942811108660e+05
-3.760431804111528676e+06
-9.179883045500231674e+05
-3.959169903226236056e+04
-3.791931168239511818e-01
3.482583673161591520e+01
-2.974714886080276301e+03
-2.716146760566957710e+03
9.158011826691916212e+05
4.250560406768736721e+04
1.512538678360272024e+05
-1.672215771030326607e+06
-8.304851764553908724e+05
-2.227552250722699682e+04
-2.538683805634039860e-03
-1.330634634348355121e+02
1.042419056281442288e+06
1.014858010654758895e+06
-6.964495648036001205e+09
-2.505998336794350743e+08
2.164229705523431599e+08
-2.119310286977095604e+09
-4.923763298062652349e+08
1.126575301783694178e+08
-8.600795026609877117e-03
-5.830107798766744054e+02
2.363385804381959315e+04
-2.186043815226833976e+05
3.235324589526343942e+08
1.404035933521605730e+08
2.153778431922469139e+08
2.055971590228945017e+08
2.533750434839832783e+07
2.098060696058866102e+06
-1.334294100014805050e-02
-8.590178955222708055e+02
7.518409225524857175e+04
-9.479638542571112339e+04
1.020969828028318658e+07
-2.306975146184791923e+08
-5.017096787725132704e+08
-1.907877342915028706e+07
2.965974079078993574e+07
-2.978806384918453638e+06
4.495237466647319935e-02
2.840451778230699801e+03
-1.473713887114665704e+05
5.453420315370883327e+05
-3.268712912435020804e+08
-1.584825488346816599e+08
-1.858238615165687203e+08
-4.765697733968865275e+08
2.047721395670008659e+08
4.299120242924375832e+07
-6.701658431959220657e-04
-1.070123417258360519e+02
-3.512636239814909641e+06
-3.185609859599244315e+06
-1.883874160601752520e+09
-1.991931306544873714e+08
4.881315003398690224e+08
-5.987289815319719315e+09
-2.676853210363329887e+09
-2.573459556186315045e+07
-4.040677916764848449e-05
-2.247037622878913066e+00
-9.603331610886029375e+04
5.025321339119197546e+03
8.612301625939188898e+07
-2.408925020449550822e+07
-1.446884871206346899e+07
-1.372301948381257653e+08
-1.746805895450492203e+07
-8.304265468858882785e+07
