# -0.55J_-0.45g_0.15708theta_0.0phi_10Chi_0.01delta_500N
-6.909772435674584878e-01
4.645777424159773239e-01
-4.732837927688325896e-01
4.098923679188943292e-01
1.949051957302864735e-01
-1.206339240370130766e-01
2.409545799810789701e-01
-1.644934213759110808e-01
-1.517798142495074831e-01
-1.768652483959343158e-02
4.971057939970719985e-01
-1.129882933967703673e+00
4.504208195730565745e-01
1.600954633197560151e+00
-3.711722792717215835e-01
-8.943269984953812202e-01
9.017744753359283605e-01
-3.986337276188551826e-01
-2.622827493588230086e-01
-7.448996731500997504e-01
-4.467733767903020459e-01
3.686207124514001565e-01
-5.393059352277209673e-01
4.982369748899130868e-01
-6.068224577569314437e-01
4.392486160013863161e-01
-1.796853495019040681e-01
1.583725609224838848e+00
1.451008907179134555e+00
-1.777295366010909872e+00
4.174024575540932203e-01
1.634572104607989074e+00
3.480458436094209240e-01
-1.137571121445047595e+01
2.049693337467017873e+00
5.242497918627565312e+00
2.165710272846689932e+00
-5.719400099415676841e+00
-8.956338512557007192e+00
-1.588142264774568879e+01
1.713890085206609126e-01
-4.065980478975031454e-01
-4.620646525396654991e-01
2.504400256650931134e+00
-3.433869607168113625e+00
8.956247950647917566e-01
-9.674829335253110063e-01
9.946318789391728643e+00
6.625095615730669962e+00
-4.862911855454337129e+00
-1.043792896216994420e-01
-8.924478959540964595e-01
3.579609053779462813e-01
5.103169014448048380e+00
6.960792771198147655e-01
-5.339347670316684003e+00
-8.430998340698712123e-01
1.337875373930111356e-01
2.162192663623143662e+00
1.628844849753878421e+01
2.167699541104309013e-01
8.142520452719353985e-01
-3.157457540101257232e-01
3.410900672062383343e+00
-1.630490234000284921e+00
-8.851038461439955096e-01
-1.596856649014664598e+01
1.550179277878752160e+01
2.522015496452181793e+01
3.291867685549685518e+01
-1.487351405216104927e-01
-3.574552137710140243e-01
1.320746422754913052e+00
-7.251945300530821648e+00
1.079464467414736717e+01
-9.775780990285245498e-01
1.255619765870140903e+01
-5.407636329160263955e+01
-3.811131369588171225e+01
-5.081653420566079049e+00
-1.471480380318441750e-01
-2.971180777345331370e-01
1.302785150540923809e+00
-9.606936156343985900e+00
7.272058141129954301e+00
5.975776124272648149e-01
2.287986601631377681e+01
-4.025788557973152848e+01
-5.380518773357263740e+01
-2.918445535034353000e+01
-1.005354003510082299e-02
-7.434811924927446913e-01
-1.699490213616957623e+00
-1.470355745524467928e+01
-7.841054074370659599e+00
1.974994878534276310e+01
3.151254198559738384e+01
4.904216685338774084e+00
-2.639382981291117147e+01
-2.125884276132870241e+02
-6.238715170839920221e-01
-6.907538124841899885e-01
-2.766712580658106657e-02
-3.515697957952930164e-01
1.106779876816411518e-01
-2.434032497076851764e-01
4.305168432541786605e-02
3.511044075294576516e-01
-1.690938998358888778e-01
5.779606380543824556e-02
-6.804424016718837454e-01
-1.161797078135496930e+00
-3.354274383272871085e-01
2.039498886660594257e-01
-4.602872772905802767e-02
1.000762881186993081e+00
-5.173168603466008486e-01
-1.257195440392741670e+00
1.010308774282125066e+00
-1.868057051055288242e-01
-6.837459901865514111e-02
-4.190996020952783008e-01
-7.020574084476837173e-01
2.938089540027362667e-01
-1.729977642474916921e+00
1.755879852156243981e+00
6.627123234922995820e-01
-1.016792270228362577e-01
-8.739052424142316200e-01
8.401330242818758620e-01
-3.386962492759432175e-01
1.610885873926117817e-01
2.929020935120267843e-01
-2.254250984090308219e+00
6.324393677322455165e-01
-3.516749081983502112e+00
3.713283225424147460e+00
2.980406864853479831e+00
-3.048936629186981495e+00
4.486323917853635851e-02
1.525687725457978150e-01
-2.085631390868215584e-01
-1.686414531455593835e+00
1.082653803202559883e+00
-9.066020212523445920e+00
7.507812644785328615e+00
5.332598659440978217e+00
8.198713827188079506e+00
-8.408792025297969985e+00
2.758539268919096177e+00
-2.362354542049484585e-01
9.988935768924331882e-01
1.725290371208837659e+00
-3.520719149712432827e+00
7.161358410826730747e+00
-1.286559409771402152e+01
-1.914492217996479173e+00
-1.986747812267291691e+00
2.137700958768109061e+00
1.252231492061320894e+00
2.962513082108143153e-02
-3.674216126377304326e-01
5.583742824990232112e-01
3.777280724026052638e+00
6.087575922597529221e+00
-1.705028272120368893e+00
-2.213197148924743018e+01
-1.599380904073525578e+01
1.538934420939211556e+01
1.815668341392058682e+00
3.277239313141776522e-01
-1.174486663065640535e+00
-3.368327002785834190e-02
3.004076784995963312e+00
1.124524321025949014e+01
-2.889482088166845042e+00
-1.963122643719390936e+01
-4.586521060447009290e+01
3.621511331859073834e+01
-3.244103006050128801e+00
-1.583572748609171077e-01
9.274965879694998527e-01
-7.289610271234845396e-01
-3.335958235115805248e+00
-9.966599484901621508e+00
8.339708452236027636e-01
1.740226684527871726e+01
3.503708207746328185e+01
-3.680453121091035484e+01
4.509579916100688202e+00
5.130801018853847068e-02
-1.197408158508146692e-01
7.356012660758770583e-01
2.913717073398563451e-01
2.771757212037067042e+00
1.888297271985497794e+00
2.443803286969041810e-01
-2.584191830839054571e+00
3.762349762402423803e+00
-1.352074566460182581e+01
-4.634328918415181464e-01
2.404069940758682689e-01
6.616433528586479484e-01
6.436558232596130413e-02
-5.308788139790581173e-01
-1.313574587513884617e-01
-3.844544130021955164e-01
-1.613797044060639452e-01
-1.418863930675192675e-01
-9.079507272259246253e-02
1.974823710643733576e-01
-3.274905867003145010e-01
-8.572229007971032821e-02
9.102445063601382058e-01
7.863175822563605033e-01
4.551655312821986654e-01
-1.119110360962392026e+00
5.233011795244517650e-01
-1.125365061055096705e+00
-4.113559487734121944e-01
6.670647112266709922e-01
-2.251200853556013515e-01
-2.195260494047989397e+00
-4.105802645533213058e-01
-1.307405721673933430e+00
-1.446808176147033720e+00
-1.409155862411823890e+00
-5.017636553321085380e-01
-4.459407451646389964e-01
-3.136457192087558354e-01
2.042478932402124261e-02
7.764678031380733980e-01
-6.108804336426091330e-01
-5.266986866537632928e+00
-3.533726455105168363e+00
-2.573379739732514437e+00
1.013634069045493291e+01
-2.893736070202200583e+00
4.009372452198744163e+00
-2.613237928295442991e+00
-5.313449537837279246e-01
7.232345922874205968e-01
-1.351576716353610763e+00
-2.885748413519776623e+00
-9.779381648566111807e+00
-6.930723705053570605e+00
-3.453816926423777245e-01
1.072347662598462037e+00
8.059437971242028320e-01
-5.378370602167302783e-01
-1.319684840501601508e-01
4.176114441270902256e-01
-1.486860137314472530e+00
-2.527304761614591833e+00
-7.054068997680393416e+00
-6.567488747759060885e+00
2.669700952113022385e+00
-7.880300407087140746e-01
1.320948946141684566e+00
3.629306051929208632e+00
-3.573443716514027590e-01
-1.053279053352732753e+00
-1.202151857505214805e+00
1.284170607815822684e+01
1.255685089055701642e+00
2.744756636269360506e+00
-5.731913082286342132e+01
8.191448360663256878e+00
-1.998796639601909675e+01
1.103916591108380807e+01
-1.577489292627843598e-01
3.465311216746907452e-01
-5.547648026658236198e-01
-2.419436959677927934e+00
1.525872577322758161e+00
-1.891873398046225729e-01
3.924588833760707995e+00
-1.429843508014791453e+01
-4.935747541928741100e+00
-1.819200146186504607e+00
-1.444831721882540443e-01
-1.032668905107418045e+00
-3.877983387622229161e-01
5.538230128252918938e+00
2.690584763890208619e-01
2.001660200835381209e-01
-2.391872215403836321e+01
-1.775929372009300344e+00
-2.322822886528939534e+01
-4.692090377245959232e+00
-7.925953355984080573e-02
-3.766429864794975657e-01
-2.184309036886369626e-01
-1.187293972604265280e+00
-9.635767982155807321e-01
4.308999606347761357e+00
2.174921404969393013e+00
1.146073383495190168e+00
-8.086514144480743127e+00
-4.373199353081462704e+01
