# -0.8J_-0.2g_0.68068theta_0.68068phi_10Chi_0.01delta_500N
-7.153534202861815475e-03
-2.213217503409952436e-01
7.008604746624068349e-02
-5.007715198408819735e-01
7.876052624432315907e-01
2.309827920436047788e-01
-2.463514592294423558e-02
2.433243704330130108e-03
2.730963360468668943e-02
-1.760649417150371779e-02
-3.431498838664093914e-02
-1.282000872363719068e+00
3.574085591707353515e+00
-1.197466639892222595e+01
-4.007770153476998054e+00
-7.223235985976752538e+00
4.014030267926926854e+00
-2.010515852919134261e+00
-4.559977029210786625e+00
2.519471192233172374e+01
1.546637780665145560e-02
4.057395184299511293e+00
-7.817893135470630739e+01
1.085711478084733699e+02
7.244316382091311368e+01
1.025752013585349864e+01
4.088177181730722509e+02
1.976672389267871566e+01
3.679430117229996426e+02
-1.367610233127071524e+02
1.616579874355746071e-01
1.950603438646114540e+01
-3.174340964083796734e+02
1.342031737760588840e+03
8.179264679814092460e+02
2.142985398495260938e+02
-3.259355192573656268e+02
1.336650642420097483e+02
-1.795029234932388249e+02
1.103986659001454314e+02
7.382758129109180389e-01
4.088687086605516186e+01
1.379366262818702467e+02
-1.646130429991958977e+02
-5.080026746759988328e+02
3.043718728354749601e+02
-3.464160362153169899e+03
1.424893822786610542e+02
3.861072692449679380e+03
-7.707054281881663655e+02
-4.841441531156494005e-01
-2.668766315659651056e+01
-6.465241169005980737e+01
-3.658000825049405336e+01
2.798049346780973679e+02
-1.266206053754243896e+02
3.236638506301023426e+03
-1.578846682033813238e+02
-3.986447783144077675e+03
1.199265926964973687e+03
-1.101209370271722804e-01
-2.190366459492922502e+01
4.726816226932103859e+02
9.048759954494992144e+02
4.271131876459322712e+02
2.909726921323011197e+02
-1.877524831496340266e+04
6.425069258828576721e+02
8.655447371551326796e+02
-1.327558421689521310e+04
-4.259456813873276071e-03
-1.871204811389560185e-01
-1.354721728037156403e+01
1.349109805157847291e+02
8.680829685833718656e+01
7.111712556620880754e+00
-1.700363765648460003e+03
1.798140748122646357e+02
1.119660554237255610e+03
-2.572718671951709894e+03
-2.407427527528159250e-01
5.746774892017685232e+01
-7.883864607821435300e+01
-1.491312943095787773e+02
-1.149409640622376401e+03
1.083425480152438240e+03
-5.375869346853184106e+04
3.959115395885312864e+03
7.448092864276109322e+04
-8.895294050796174270e+04
1.668593917978105912e-01
-4.629262964098627720e+01
-9.870626541523283493e+01
-1.551200651588342794e+02
5.605375969206947957e+02
-1.471780968492296324e+03
-3.613730938839699229e+04
2.503022006326958945e+03
3.194547579817871883e+04
-8.149555345030906028e+04
-8.401324008016090861e-02
-9.283431525389257422e-01
-7.942984289324839242e-02
1.089213685317469010e-01
-2.151750705688311172e-01
1.090759480126710507e-01
9.682576200544239231e-03
2.393845862810974490e-03
-2.248902663543455790e-02
-3.635803699525163440e-02
-9.800083568974528037e-01
-2.295767818456343790e+01
1.073755984347498149e+01
3.928867754509679511e+00
2.835922393554583820e+01
-1.137685334548607585e+02
-6.768158912233342761e+00
-2.180385488935715266e+00
1.815390767967231511e+01
3.391839543632231369e+01
-5.870641008939661565e-02
2.894379361481130530e+01
-5.915650557193339409e+02
-1.390778556831064066e+02
-1.227336770079661576e+01
-5.278979390638276925e+01
-4.650278382410797917e+01
-1.014731273026261249e+01
-1.319460823005315042e+01
3.776473320722089255e+01
-2.134695829929150399e-02
5.564018085534399916e+00
8.728772552431178156e+01
3.148800563366331673e+01
-4.230085643155374697e+01
2.125269593650370439e+02
-9.776491857846277611e+00
-3.348658045873062861e+02
1.085634182335296316e+02
2.741542303860966285e+02
-1.156771325716742377e-01
6.566516342099244241e+01
6.553322522304969766e+01
2.307428028393803388e+01
-3.852540175686671091e+02
1.622478789145812016e+03
1.913690405214808266e+01
1.209874433586515465e+02
1.432737628192563989e+03
4.471414094059867239e+03
-1.214475645759905964e-01
1.043429124507505179e+02
1.164290036698552484e+02
4.005853743987938742e+01
-5.546804237075941728e+02
2.303887732492641135e+03
8.898516299291662790e+01
7.294226472355296664e+01
1.555929724132741057e+03
5.180167271277233340e+03
-1.589033050844176692e-04
3.599619923325034776e+00
-4.091302131789959162e+01
4.670131215764983801e-01
-8.188148375905412024e+01
4.271415624805233051e+02
-1.174431308200326924e+02
-2.329720436018592409e+02
9.792921194932719118e+02
2.656169816542738317e+03
-5.311095956602642637e-04
5.159683274740876069e-01
7.349046301788056956e-01
-4.866736226941262800e+01
-9.886528821025459379e+00
-1.119200147604979776e+02
3.978607057822814852e+01
1.639919242896067317e+03
-1.939367054814949825e+02
-5.503111117571036175e+02
1.052558478516324100e-02
-6.238435367652136243e+00
-2.257596532157152280e-01
4.614736524346292867e+01
-1.034931732958820021e+03
5.299487553260866662e+03
-6.790363951493833383e+02
2.152635087624938421e+02
1.260975111254907279e+04
3.683220950604513200e+04
-1.895622726191339286e-02
1.592631807336616490e+01
2.351373414846880294e+01
-9.847872840142143502e+01
2.449446740181140740e+03
-1.219016684081119456e+04
2.935829809099085352e+01
-1.251126416931541371e+03
-2.600997774001792641e+04
-8.452280295952470624e+04
-9.964428146177257695e-01
8.367433833875703719e-02
6.024365005795886616e-03
-6.935204338367251253e-03
1.271360930252752285e-02
-4.300186243239077430e-03
-1.949599163714707583e-04
1.746734427180692733e-03
5.821650547476162106e-04
1.243779598841253473e-03
8.414253063400174704e-02
-6.726108274782691132e-02
2.617799708536732162e-01
-1.008025460648583005e+00
-3.485879890117515867e-01
-4.674705517006599864e-01
-5.990488317795169548e-01
1.340150295315659967e+01
-1.440804236896014334e+00
-4.017819665501962123e-02
3.295436724321961462e-03
2.968003448955209289e-01
-6.204765519440653243e+00
1.033478681159997237e+01
6.727087556252188350e+00
1.434911473171605500e+00
8.938575387006329720e+01
-1.566490503189987749e+02
5.164840729039925549e+01
9.347470716230611743e+01
-2.084307088332407556e-04
1.045731321309723461e+00
-2.135221787362416634e+01
1.128482141587456766e+02
6.962241408680786492e+01
1.951845273134919978e+01
-8.929640404021168365e+01
-1.509353948220742268e+03
8.529487319739577078e-01
-1.294245452728571024e+02
3.823818675893636294e-04
1.684277179998397767e+00
8.736696156793723134e+00
-1.676355339597305871e+01
-3.430637278873545881e+01
1.242976073782560853e+01
-2.662609391457839934e+02
2.736795023815839158e+02
3.403146843514770126e+02
-2.154649208751285414e+02
8.350951822375217090e-03
-7.830327050124100685e-01
-4.343535696792643286e+00
3.410183037830511132e+00
1.670929698862650170e+01
-1.921178691655569093e+00
2.424770973486691048e+02
-1.591647431372156802e+02
-3.481483444793318540e+02
2.583421266422180338e+02
8.349300717689465837e-04
-6.121367328855920054e-01
1.409714520312361685e+01
8.243115796664874040e+01
4.343030231509226979e+01
1.719221582050485253e+01
-1.288481504589029782e+03
-1.205943026512293045e+03
3.836256209392033725e+02
-1.736103934312078991e+03
-1.171334498609745164e-05
-8.614994049235686902e+00
2.664509950222447969e+02
-1.457992948495631254e+03
-9.459398612781030806e+02
-2.542787769845738808e+02
4.804394993906791456e+02
3.930542088440807129e+04
3.739482925506998185e+02
4.063355922022576578e+03
4.358459840718769090e-04
1.191350961314476153e+00
4.083882540530729699e+01
7.105365020930305775e+01
-3.253515695342549208e+01
4.973122520431685700e+01
-5.306713920042603604e+03
-1.722714118718284681e+03
5.484217754377135861e+03
-1.012053309318156244e+04
8.565755890140814232e-05
-8.953299671781632441e+00
7.956436169510564582e+01
1.286772836485017137e+02
1.439084126015500829e+02
-9.294040994544992884e+01
-7.002930776347913707e+03
-5.188814407668896820e+03
1.930036477175402297e+03
-1.856875618777149430e+04
