# -1.0J_0.0g_0.10472theta_0.10472phi_10Chi_0.01delta_500N
-9.575526770663461411e-14
-5.792892441165626606e-04
-3.702112539345255304e-01
5.062356387970943193e-03
2.555552559482213854e-02
5.208691336065743305e-02
2.858676040247102867e-01
3.755526834756429122e-01
-4.592538624333443176e-01
-5.874955932499342781e-01
9.701593980766508589e-05
1.161143867771609803e+04
1.614790539432001412e+08
-9.845769638710644841e+07
1.099157337873003483e+09
5.797450127444920540e+09
6.610719884830992699e+09
9.656204392008409500e+09
-1.819972549487165070e+10
2.888912018243840027e+10
3.644686788113097875e-01
1.831610361199824214e+08
1.414219229748406738e+12
3.283447872670390606e+09
1.654714016889125633e+10
3.373581915834602356e+10
1.851041207010531616e+11
2.432362619304942932e+11
-2.974081928549145508e+11
-3.804884326209494629e+11
-2.937320969055088986e-04
-1.562702507595477819e+09
1.785343573571657538e+08
-1.209186597180012939e+12
-6.504130891000013672e+12
-1.881749312352902734e+13
-6.088126054856537500e+13
-3.857146638199609375e+13
4.854192884559789062e+13
-1.234531457114833594e+14
7.127198510500961336e-03
3.055561867770063877e+08
-4.250723289675227165e+09
2.242206870723427734e+12
2.372537228390488281e+13
1.258415209533201094e+14
4.795356984238962500e+14
-2.111008584964965625e+14
-3.169949695142951875e+14
4.731761601006926875e+14
7.737469295959796892e-03
4.536586983043162346e+09
-4.631160044784389496e+09
-1.382811330470144922e+13
2.685903954996671875e+13
2.768015197314756250e+14
1.622723816491018438e+14
4.417261131483376250e+14
-8.787546148341746250e+14
9.934976400127342500e+14
-1.012350331731799585e-01
-9.317667254486373901e+09
6.022900259707765198e+10
3.364599261194986328e+12
-1.445807336618338750e+14
-2.604450708386519375e+14
-2.723393306944282000e+15
1.047778247259118625e+15
-8.883775060873885000e+14
1.307945549493729219e+14
2.550204081419471178e-02
-1.318117108141875305e+11
-1.516745695616914749e+10
2.082488972994142578e+13
1.845754346767607812e+14
-7.010527783035476562e+13
5.899218104414185000e+14
2.656454890730020500e+15
1.462280133128937000e+15
8.464989935663386250e+14
6.578467729490707593e-03
4.342792889999550171e+11
-4.088022736967046261e+09
-1.811752672365044141e+13
-6.039030130514653125e+13
3.997002885481577500e+14
6.677649291910897217e+11
-1.005100748939701250e+15
-2.085941954662529000e+15
1.155605038007110500e+15
1.933558353442657021e-03
-6.152047741829093018e+11
-9.065842571269391775e+08
-7.180029321209878125e+13
-8.572474441509264062e+13
3.767807428166223125e+14
-2.310237379064703438e+14
-8.468321515146530000e+14
-1.178429835689011250e+15
-6.903009591064686250e+14
-8.781170967178476629e-14
2.645156604818147961e-01
-8.699235338982243358e-05
-7.584724309181434081e-03
-1.262786024023553229e-02
6.031131307435413230e-02
-2.781247166144336716e-03
-1.192445843063517398e-02
-2.931877866201873170e-02
1.283562280317355857e-02
2.774005324966387076e-01
-8.354997749262088623e+11
2.722226086293671727e+08
-1.930902523697087526e+09
-3.216263978718663692e+09
1.531332065914502335e+10
-8.465879401342216730e+08
-3.230637037830646992e+09
-7.265789652208654404e+09
3.554577116914787292e+09
-3.728875965504469897e-05
1.122665163078686744e+08
-3.646983247539943841e+04
-2.707130405984658282e+05
2.413354623789917678e+07
-5.432647512813636422e+04
-9.378122751952266321e+06
-4.464314003006252646e+07
-1.499705797086380422e+07
1.852952812971735001e+07
-4.400151623819325772e-03
-1.104974898658893108e+09
-8.285472019762301445e+07
-1.129990467505981934e+12
1.028830684542670312e+13
7.112182612364792969e+12
-1.877156009453187561e+11
3.864299189543819336e+12
-1.605760249168134033e+12
-1.000392925916372070e+12
-6.102756194302868392e-02
-1.532055964162973213e+10
-1.843563523966069937e+09
2.248982381817930469e+13
-1.375161588291024500e+15
1.430231639596144775e+12
9.283461704248445312e+13
6.248350566435515625e+13
1.368601835397751172e+13
1.284353446579662695e+13
2.270480200202589643e-02
5.703038602498205185e+09
-7.944668766208203137e+07
-1.326201695990004395e+12
3.576414641875258301e+12
1.188974537628958398e+13
-5.735296750878323242e+12
-3.008884851814121875e+13
-1.540921528263513281e+13
1.377015129785717578e+13
-1.132295137098909138e-02
-2.849450878903509140e+09
1.743767916772516489e+09
2.599850731864040625e+13
-2.258078333667801562e+14
-1.754884053584275938e+14
3.035461113284513672e+13
6.493127077855378125e+13
9.516624576602020312e+13
-4.226392638109140625e+13
4.068052258359193263e-01
1.021454879314568481e+11
8.713071667462482452e+09
8.886146667027735938e+13
-6.348842199109461719e+13
-6.530057560842060000e+14
-3.696662245118536719e+13
-3.635561428513588750e+14
1.491470761228325312e+14
7.107375018867365625e+13
4.443368277696115864e-01
1.115679462422610931e+11
1.089808487133691597e+10
1.084867694538958281e+14
5.331487229195265625e+13
-8.198577750214960000e+14
-3.754875752316995312e+13
-3.579662987279945000e+14
2.219723727110575312e+14
4.475494887646282031e+13
4.646339765253036380e-01
1.166665840276133118e+11
-2.317045337112964630e+09
-3.175558680768340234e+13
-2.249693177098871484e+13
2.921441587907415625e+14
-1.154712282048899688e+14
-6.290039724975063750e+14
-3.408250167629358125e+14
2.958629259931863750e+14
-1.000000000000000000e+00
-3.318792653424634721e-13
2.580320952899945279e-13
3.511041900336387494e-14
-3.151882758135586264e-16
6.582177990481430022e-14
-1.029499213176169057e-14
-2.341233995551546354e-15
1.240564203104142241e-14
-5.370512203985170846e-15
-3.166275708381180926e-13
-7.557101484802239977e-01
-1.318530342633111286e+04
-2.725763608021019772e+07
5.597111764569443464e+07
-6.023560385774973780e+07
4.646280962844195366e+08
7.057392207290860415e+08
2.289386072392759323e+08
-1.896172011657899618e+08
-2.618613220596872192e-13
-4.477425560280628436e-01
-8.673817643339498318e+03
-1.796785837866374478e+07
3.729870280094353855e+07
-5.160783986458934844e+07
3.098980266825429797e+08
4.679618435426158905e+08
1.494293703748979867e+08
-1.244846135099513233e+08
-4.440993742454296678e-18
-1.310677336817051470e+07
2.304682609846479416e+09
-7.510306270487193750e+14
-1.213959368320956055e+13
-2.637675458702985547e+13
5.054269496043591797e+12
3.707843434366317871e+12
3.179835173006891602e+12
-1.919093790785774658e+12
2.412349833780247366e-17
1.138925105497248442e+05
1.217181907753957272e+09
-8.453434724284450195e+12
-3.022202010939779297e+12
-5.038199638440968750e+13
-2.174312194541685156e+13
-4.400266503198846094e+13
-2.501913129317085547e+13
1.709985484260371875e+13
1.994931997373328159e-17
-8.338881504956410266e+06
-1.108447655196776962e+10
-1.539259773610559180e+13
-2.517361294865825781e+13
1.786576695544114750e+15
-2.698774752759206250e+14
-4.812122239015790625e+13
3.415908257729717500e+14
-1.624500388671995312e+14
-2.775557561562891351e-17
1.896095300701255619e+05
1.793837883773572445e+09
1.033083618198034961e+13
-7.858223990434371094e+12
1.530272616735911328e+13
-6.641860146761042188e+13
-9.962835685053951562e+13
-3.101750813806452734e+13
2.614872045573992188e+13
1.110223024625156540e-16
4.493322481107341591e+05
2.743226657013761997e+09
-9.644697277871199219e+12
-6.520488197057349609e+12
-1.196424150494541250e+14
-4.773917535192950000e+13
-9.860015909298918750e+13
-5.750806222246847656e+13
3.904635031492384375e+13
-2.775557561562891351e-16
7.983071438444334781e+05
2.437319200402249813e+09
-6.195649112765785156e+12
-2.492495028953482910e+12
-1.899650020395565625e+14
-1.257764288027702539e+13
-5.860925255381734375e+13
-5.797724894764589844e+13
3.486605297160330859e+13
5.551115123125782702e-16
-1.193140724337651918e+05
-9.780175239962259293e+09
8.942116324616287842e+11
4.222178025853506250e+13
-6.012273269400070312e+13
3.481888850996008125e+14
5.261176078517201250e+14
1.674064265909518125e+14
-1.398156442932277344e+14
