# -0.85J_-0.15g_0.20944theta_0.20944phi_10Chi_0.01delta_500N
1.951157795775407960e-02
2.039133861598339652e-04
6.584436222839049990e-06
1.841915727473326540e-06
1.232020319149812530e-06
9.986155969536452689e-07
1.093400778162767598e-06
7.690374959877427240e-07
1.029872601814318320e-06
6.486507261010319869e-07
9.654907695177721646e-07
5.786803910683859262e-07
8.894633865375324810e-07
5.317488132302453289e-07
8.076781933275428760e-07
4.956771016444290401e-07
7.290023466917798182e-07
4.647844112642806026e-07
6.594497114971310511e-07
4.362806516787880821e-07
6.012984576268225712e-07
4.087780510937837087e-07
5.543904950835505611e-07
3.816412207864381689e-07
5.175303546356442448e-07
3.546847681785527269e-07
4.893050796577781740e-07
3.280210186098842977e-07
4.684112740437869044e-07
3.019779346260128598e-07
4.537204042448612361e-07
2.770622695120959427e-07
4.442469885955293342e-07
2.539904452261295135e-07
4.391145577983860247e-07
2.338224801483806195e-07
4.375776522530495419e-07
2.181228428245677902e-07
4.391422734182368512e-07
2.087673822504934392e-07
4.438171007037322591e-07
2.070691751523662311e-07
4.525021109832105265e-07
2.131011367829434836e-07
4.674523614648163792e-07
2.260756988179242186e-07
4.926293226659129645e-07
2.448904239786688722e-07
5.336363326252484225e-07
2.682111393447285857e-07
5.969807596543235713e-07
2.943886945505747029e-07
6.884421564175087616e-07
3.215993032252526172e-07
8.095185338733374869e-07
3.484557724244969676e-07
9.494833400585230898e-07
3.749566140519230302e-07
1.073657454761504877e-06
4.027033219432441930e-07
1.125128277604209156e-06
4.323578884073317421e-07
1.066943672141735641e-06
4.580519690301647998e-07
9.278380330997188997e-07
4.660480844005313402e-07
7.716210212420935254e-07
4.474626402665725503e-07
6.390351754655806102e-07
4.112796138359456432e-07
5.392244218888502526e-07
3.751706237254770230e-07
4.669802946315368842e-07
3.502049184937157041e-07
4.144846723655167893e-07
3.385438043981742480e-07
3.752038693634844732e-07
3.371997832941092505e-07
3.444345889473215832e-07
3.401418055737365592e-07
3.189735563920426736e-07
3.389607055545411172e-07
2.967069081705909748e-07
3.251536605273805654e-07
2.762930416897184027e-07
2.951734688525307693e-07
2.569378340361336324e-07
2.536215304657468979e-07
2.382311173698903530e-07
2.095584577626091399e-07
2.200222216196174031e-07
1.701200640691718715e-07
2.023237635438166121e-07
1.381355792187707118e-07
1.852375161090758459e-07
1.134456590344159969e-07
1.688999022828895480e-07
9.473408024587690144e-08
1.534450764274247296e-07
8.055862714000215549e-08
1.389829509392233235e-07
6.971578990312664799e-08
1.255893928649960210e-07
6.129709261665777241e-08
1.133051642829683302e-07
5.464496096648339077e-08
1.021399841628487495e-07
4.929127344723221705e-08
9.207875247019697605e-08
4.490456622628172649e-08
8.308793817616376438e-08
4.125069824664234868e-08
7.512099109149157087e-08
3.816497557146883680e-08
6.812241499500957576e-08
3.553245526355594888e-08
6.203092308901067563e-08
3.327388679382182210e-08
5.678225920501253757e-08
3.133552759539862432e-08
5.231165530670295865e-08
2.968173150687261305e-08
4.855549197143672390e-08
2.828951569084623737e-08
4.545197068029768067e-08
2.714451755985270389e-08
4.294126176190348344e-08
2.623790920426511589e-08
4.096566153026614883e-08
2.556398947955927331e-08
3.946994960337774162e-08
2.511823334711876889e-08
3.840201246096631407e-08
2.489565142110360562e-08
3.771356215391727060e-08
2.488934152375437732e-08
3.736076339033827255e-08
2.508909421612025868e-08
3.730462574641950687e-08
2.547990519444812263e-08
3.751108554405202959e-08
2.604031206513212577e-08
3.795075726304050206e-08
2.674066075045540387e-08
3.859834044009175212e-08
2.754156963062438804e-08
3.943162623259147393e-08
2.839256790242353441e-08
4.042999573646174984e-08
2.923031367190236875e-08
4.157218003814107414e-08
2.997605412740888330e-08
4.283294027024229952e-08
3.053342799610160063e-08
4.417821873852356352e-08
3.078966905984889642e-08
4.555835113761150653e-08
3.062521944997442613e-08
4.689941960725768603e-08
2.993725065495287295e-08
4.809437033271444164e-08
2.867791307586113351e-08
4.899889462858181361e-08
2.689494712177438974e-08
4.944206252719239336e-08
2.474708410548745516e-08
4.926401926761962927e-08
2.247041759517743394e-08
4.838209471824416801e-08
2.030563891831691776e-08
4.685610556057193325e-08
1.842950477223896290e-08
4.489831805141974210e-08
1.692745418096773464e-08
4.280128997786707578e-08
1.580846689781775852e-08
4.082703322193472837e-08
1.503915439808190989e-08
3.912912351909407860e-08
1.457570012163735703e-08
3.773655733315927709e-08
1.438513900241167890e-08
3.657975957463021522e-08
1.445748769932301385e-08
3.553044610378491324e-08
1.481424600231157790e-08
3.444127542691260142e-08
1.551952356133046410e-08
3.318133993242074717e-08
1.670093451038752478e-08
3.166429506870983988e-08
1.859109329742713988e-08
2.986354573596021240e-08
2.160881815652871413e-08
2.780915486323714797e-08
2.650592372522262259e-08
2.556683536219286676e-08
3.453734193530834503e-08
2.320928460380293405e-08
4.699868938622583453e-08
2.079637159499835555e-08
6.110349273887125963e-08
1.838011366779182826e-08
6.277159268046982442e-08
1.604354615987133654e-08
4.527709659095238125e-08
1.389830714235294279e-08
2.708710133015821814e-08
1.202986013000617617e-08
1.671392670133871384e-08
1.050018057134008045e-08
1.158522197516159143e-08
9.332150612235325227e-09
9.163290981254979737e-09
8.498796972324365115e-09
8.156412422774539952e-09
7.935117569127639946e-09
7.909753060834214017e-09
7.562546133581620951e-09
8.071104990276295357e-09
7.311733448383554049e-09
8.463326468377716596e-09
7.133045098408029267e-09
9.013242998184858764e-09
6.995547432983661386e-09
9.696874055614855143e-09
6.881466494554234454e-09
1.048785524274015541e-08
6.780988702588775226e-09
1.128860310253755048e-08
6.688760064174544627e-09
1.184488982926617364e-08
6.601815445526096106e-09
1.175273385135447826e-08
6.518413205093929813e-09
1.078033210972254979e-08
6.437494748953326734e-09
9.294491470708412737e-09
6.358447491214473488e-09
7.950450067815067019e-09
6.280824637038563354e-09
7.038028958626940426e-09
6.204235548697574657e-09
6.490451194717634977e-09
6.128369057860113900e-09
6.166350618834912159e-09
6.052992491990107972e-09
5.966272927652798848e-09
5.977933015598249841e-09
5.834227859284297696e-09
5.903063338307770935e-09
5.738959559158788239e-09
5.828293626945040619e-09
5.662427524062451878e-09
5.753565451905967453e-09
5.594560213768629151e-09
5.678847612594174878e-09
5.530172160473218290e-09
5.604129800197478722e-09
5.466799706171032160e-09
5.529418116150212114e-09
5.403361749697945881e-09
5.454730475090684212e-09
5.339437878107589415e-09
5.380092804127961966e-09
5.274907426079287005e-09
5.305537299550633543e-09
5.209771397245942603e-09
5.231099225367408420e-09
5.144069978529602001e-09
5.156815916861637057e-09
5.077854470308531394e-09
5.082725736112266352e-09
5.011185652240054523e-09
5.008867215310863567e-09
4.944136364252489794e-09
4.935278457325299192e-09
4.876788462939304245e-09
4.861996688113170315e-09
4.809229118140494836e-09
4.789057922935426430e-09
4.741544824656076948e-09
4.716496556932465195e-09
4.673818642494496765e-09
4.644345384647512296e-09
4.606128439184956376e-09
4.572635249304156826e-09
4.538546075632117152e-09
4.501394731579696265e-09
4.471137117975193715e-09
4.430650467446746590e-09
4.403960830103261439e-09
4.360426709024265227e-09
4.337070275870650485e-09
4.290745473651326369e-09
4.270512358510417018e-09
4.221626501519202964e-09
4.204328198474672687e-09
4.153087279295362947e-09
4.138553577797187596e-09
4.085143148613013317e-09
4.073219486000925975e-09
4.017807449060167126e-09
4.008352761116940336e-09
3.951091648914240619e-09
3.943976493843399322e-09
3.885005741915030708e-09
3.880110333933841633e-09
3.819558550326818589e-09
3.816770844257786743e-09
3.754757878475318810e-09
3.753971807353428198e-09
3.690608270719995256e-09
3.691724567393656910e-09
3.627111932750228727e-09
3.630038410365344747e-09
3.564271793096350082e-09
3.568921062806303165e-09
3.502091699222155722e-09
3.508378977589584365e-09
3.440576666354206803e-09
3.448418272518328954e-09
3.379733149049348663e-09
3.389044941450633461e-09
3.319569528307573287e-09
3.330265697616241864e-09
3.260096565363902232e-09
3.272088657878473889e-09
3.201328017123708566e-09
3.214524041220289085e-09
3.143281092761136766e-09
3.157584924387109714e-09
3.085976966939920260e-09
3.101287922863175663e-09
3.029441171617764144e-09
3.045653933148348316e-09
2.973703884125376047e-09
2.990708677867704795e-09
2.918800067601253558e-09
2.936483217818774820e-09
2.864769428721858268e-09
2.883014256953357637e-09
2.811656164133144874e-09
2.830344241748868509e-09
2.759508470960566511e-09
2.778521203644115244e-09
2.708377808372094982e-09
2.727598308665292062e-09
2.658317908660139020e-09
2.677633089753016586e-09
2.609383551408702473e-09
2.628686353613982725e-09
2.561629128314449956e-09
2.580820772556677655e-09
2.515107042608804051e-09
2.534099194194431134e-09
2.469865996689074188e-09
2.488582721409701695e-09
2.425949232665391792e-09
2.444328633052117245e-09
2.383392791690467863e-09
2.401388228931292462e-09
2.342223857780466415e-09
2.359804688755546954e-09
2.302459242231838607e-09
2.319611030588613714e-09
2.264104054049338733e-09
2.280828245466785682e-09
2.227150583965405635e-09
2.243463666075021000e-09
2.191577413024001337e-09
2.207509604216453329e-09
2.157348737842345251e-09
2.172942267377791679e-09
2.124413890680853052e-09
2.139720939086631903e-09
2.092707019296652735e-09
2.107787387411523120e-09
2.062146887929080502e-09
2.077065450720647134e-09
2.032636759752954408e-09
2.047460744267244318e-09
2.004064332391508046e-09
2.018860434500041460e-09
1.976301714428719888e-09
1.991133045663278236e-09
1.949205460601624355e-09
1.964128291434380763e-09
1.922616721977973713e-09
1.937676972846088004e-09
1.896361619575329645e-09
1.911591045680329186e-09
1.870252012179128626e-09
1.885664046613846340e-09
1.844086905178701157e-09
1.859672231864949681e-09
1.817654914630177577e-09
1.833376464353684084e-09
1.790737636221928646e-09
1.806526294950288827e-09
1.763115675441209530e-09
1.778865667336697656e-09
1.734576004952602871e-09
1.750141760721285881e-09
1.704922186102291636e-09
1.720117140534261409e-09
1.673986924661646918e-09
1.688585437131499362e-09
1.641646535026565716e-09
1.655390068439993106e-09
1.607836161935717155e-09
1.620444582739398614e-09
1.572563902799630418e-09
1.583752085391221811e-09
1.535921202193940627e-09
1.545420058267327191e-09
1.498088051677427924e-09
1.505667725121395508e-09
1.459328010666377520e-09
1.464820091127373868e-09
1.419975845364425886e-09
1.423290638867230446e-09
1.380415836909978472e-09
1.381551505747256804e-09
1.341054466956786907e-09
1.340096269799305598e-09
1.302291140372908705e-09
1.299401164797490676e-09
1.264491422556755884e-09
1.259890881030769893e-09
1.227966018480861818e-09
1.221913762270988567e-09
1.192957767448832071e-09
1.185728528709282743e-09
1.159636845360327161e-09
1.151502169018886197e-09
1.128103114024996404e-09
1.119316734664038786e-09
1.098393664026754448e-09
1.089181887299964503e-09
1.070493372159680082e-09
1.061050101374586410e-09
1.044346534469776595e-09
1.034832046127580706e-09
1.019868120212746527e-09
1.010410510288658143e-09
9.969537381915870031e-10
9.876520174393295472e-10
9.754878610819651549e-10
9.664158899824730264e-10
9.553502300308079338e-10
9.465608541859426806e-10
9.364205804866281390e-10
9.279496121934431079e-10
9.185818972638453854e-10
9.104517045666631761e-10
9.017225144783976899e-10
8.939451295828863365e-10
8.857372761456986501e-10
8.783169572452351590e-10
8.705280670417576735e-10
8.634634353220472962e-10
8.560038943709876899e-10
8.492896040435476724e-10
8.420806289945900543e-10
8.357086796011407619e-10
8.286805676232171046e-10
8.226413109289940436e-10
8.157318914954140009e-10
8.100147889931851383e-10
8.031680833386351175e-10
7.977622673689262658e-10
7.909273546562160674e-10
7.858220282446253680e-10
7.789520818132630806e-10
7.741367695544173056e-10
7.671882995500878732e-10
7.626530600986212613e-10
7.555853022895240847e-10
7.513208194460951287e-10
7.440952803563660649e-10
7.400929051136872804e-10
7.326730493686314994e-10
7.289247852562559182e-10
7.212758526604099626e-10
7.177743660127785382e-10
7.098633669021599949e-10
7.066018373808160812e-10
6.983975607486760804e-10
6.953695706154626967e-10
6.868428549315370300e-10
6.840424361195083484e-10
6.751664775770535596e-10
6.725877577291947278e-10
6.633385574959812897e-10
6.609757296663648994e-10
6.513326515562887072e-10
6.491797858542793592e-10
6.391262065600892027e-10
6.371770793159445729e-10
6.267011145804501890e-10
6.249490380578196903e-10
6.140443174773923601e-10
6.124819766911633667e-10
6.011482564007644197e-10
5.997675589931241970e-10
5.880121317635050143e-10
5.868040721340521700e-10
5.746414256776318711e-10
5.735960041308913110e-10
5.610489886280176494e-10
5.601551542268849292e-10
5.472551019611689452e-10
5.465007504063194466e-10
5.332874913001207267e-10
5.326595245298617169e-10
5.191810823218026249e-10
5.186655243589018855e-10
5.049774638475002395e-10
5.045596372685838688e-10
4.907240570471194087e-10
4.903888130331553689e-10
4.764730061096641939e-10
4.762049974960887285e-10
4.622798314801723402e-10
4.620638140925206651e-10
4.482019094329346980e-10
4.480230538056868340e-10
4.342968590565259219e-10
4.341410535068927832e-10
4.206209277400209171e-10
4.204750542948125789e-10
4.072274666685241882e-10
4.070796342942688697e-10
3.941655799962823421e-10
3.940053031683424227e-10
3.814790124124215346e-10
3.812973227884701201e-10
3.692053175260388561e-10
3.689948200551643655e-10
3.573753359617070245e-10
3.571301989908571764e-10
3.460129678287183311e-10
3.457288612848365288e-10
3.351352219621362083e-10
3.348092120419344794e-10
3.247525012333154481e-10
3.243829135032079231e-10
3.148690756580086676e-10
3.144553365980478749e-10
3.054836907722991035e-10
3.050261602285467839e-10
2.965902607635519945e-10
2.960900638021131104e-10
2.881786013255108162e-10
2.876374663246750328e-10
2.802351624635327239e-10
2.796552715930094622e-10
2.727437321146944749e-10
2.721275873109449515e-10
2.656860884138445667e-10
2.650363947796929709e-10
2.590425865430768989e-10
2.583621536777928495e-10
2.527926727067772412e-10
2.520843334977976131e-10
2.469153230376592911e-10
2.461818686286092784e-10
2.413894091159569644e-10
2.406335385691362315e-10
2.361939947813471609e-10
2.354182774338172572e-10
2.313085703885622400e-10
2.305154191385316541e-10
2.267132318091969781e-10
2.259048854019193943e-10
2.223888116236823291e-10
2.215673157000920903e-10
2.183169610825750355e-10
2.174841983147445639e-10
2.144802422938742815e-10
2.136378798508846834e-10
2.108621065535340376e-10
2.100116451556681729e-10
2.074469439724538889e-10
2.065896850986170412e-10
2.042200388275047409e-10
2.033571180858373979e-10
2.011675654969899110e-10
2.002999331151676354e-10
1.982765558710224203e-10
1.974050513943591707e-10
1.955348890405502230e-10
1.946601901959461329e-10
1.929312100449946318e-10
1.920538549061934607e-10
1.904548877893136113e-10
1.895752755862872384e-10
1.880959636713778656e-10
1.872143815338761527e-10
1.858451201407734842e-10
1.849617433535452963e-10
1.836936253344274219e-10
1.828085246103452843e-10
1.816332863337830879e-10
1.807464344433741260e-10
1.796564039099635569e-10
1.787676818194130950e-10
1.777557293556208671e-10
1.768649320110045533e-10
1.759244234966973999e-10
1.750312646148099727e-10
1.741560171900246519e-10
1.732601335862124801e-10
1.724443741766752122e-10
1.715453298311553219e-10
1.707836563958423136e-10
1.698809518165978177e-10
1.691683079703042950e-10
1.682613772661130851e-10
1.675929758375578823e-10
1.666811458644545810e-10
1.660524965815497473e-10
1.651351065466450640e-10
1.645419625279059332e-10
1.636182626338267222e-10
1.630565819094759983e-10
1.621257668134014495e-10
1.615916986655321426e-10
1.606529144618469612e-10
1.601427762449250537e-10
1.591951227415875480e-10
1.587053802590177883e-10
1.577479163295788806e-10
1.572751646009202957e-10
1.563069123768013730e-10
1.558478607000499987e-10
1.548678120184706920e-10
1.544192700849461759e-10
1.534263937665886365e-10
1.529852604811991741e-10
1.519785110719929939e-10
1.515417658922132990e-10
1.505200940553269609e-10
1.500847909882033899e-10
1.490471558085713340e-10
1.486104203577509632e-10
1.475558037337450495e-10
1.471148330194760334e-10
1.460422564074032835e-10
1.455943226735177375e-10
1.445028663084512612e-10
1.440453241408721136e-10
1.429341488599724896e-10
1.424644462670915915e-10
1.413328179242545830e-10
1.408485115171399647e-10
1.396958278873405227e-10
1.391946022241927197e-10
1.380204221266689622e-10
1.375001131442479921e-10
1.363041873283642372e-10
1.357628097064770906e-10
1.345451128060378882e-10
1.339808907836320565e-10
1.327416534445756031e-10
1.321530544111048314e-10
1.308927943756565243e-10
1.302785580208987919e-10
1.289981113968041707e-10
1.283573124937758079e-10
1.270578498447661017e-10
1.263898891468377385e-10
1.250729433653255455e-10
1.243776115817335439e-10
1.230450855683347097e-10
1.223225811940206485e-10
1.209767257696125852e-10
1.202276749419818265e-10
1.188711735587026762e-10
1.180966385402661112e-10
1.167324363900793560e-10
1.159339380369998073e-10
1.145653524588609483e-10
1.137447904954447381e-10
1.123753336046051843e-10
1.115350407594330111e-10
1.101684832106876220e-10
1.093111551754076002e-10
1.079513913128474442e-10
1.070800142852955127e-10
1.057309742347676869e-10
1.048487916038528834e-10
1.035144104369024913e-10
1.026248408420576554e-10
1.013089556926351959e-10
1.004155188995917302e-10
9.912179455456388467e-11
9.822803455857972172e-11
9.695989422766482693e-11
9.606930379270809551e-11
9.482986898367254597e-11
9.394581900253243231e-11
9.273786238812488021e-11
9.186354071855214750e-11
9.068944867086271228e-11
8.982780389713710571e-11
8.868955196086150282e-11
8.784325026712809722e-11
8.674239974687167390e-11
8.591380016544999082e-11
8.485150087766491520e-11
8.404263506807002766e-11
8.301963998424491085e-11
8.223220552133015110e-11
8.124889485955757188e-11
8.048425849155991649e-11
7.954067070503611486e-11
7.879988005581390567e-11
7.789574758677097618e-11
7.717954958175226363e-11
7.631433734960285377e-11
7.562320160344128423e-11
7.479614644447774838e-11
7.413029195201427757e-11
7.334044147216487006e-11
7.269986509561509749e-11
7.194611476490179666e-11
7.133062024565727128e-11
7.061174784682161168e-11
7.002097425586517532e-11
6.933567108575036818e-11
6.876911996381572859e-11
6.811601848053552772e-11
6.757307904476902385e-11
6.695077682349529766e-11
6.643074886895686765e-11
6.583782892245239536e-11
6.533994324454633544e-11
6.477499084321993992e-11
6.429842708673716725e-11
6.376004339198263002e-11
6.330394533663961949e-11
6.279075807023332913e-11
6.235424650847809923e-11
6.186491805922162332e-11
6.144710139789012617e-11
6.098033460241541743e-11
6.058031736687929550e-11
6.013485937549879126e-11
5.975174883930651304e-11
5.932639327702472153e-11
5.895930439214528185e-11
5.855289211251236665e-11
5.820095096265282410e-11
5.781236962596129267e-11
5.747471552885964122e-11
5.710289819752401692e-11
5.677868466661729435e-11
5.642260755355558925e-11
5.611100222126068479e-11
5.576968177312020593e-11
5.546986537002205369e-11
5.514235472560016911e-11
5.485351925443042205e-11
5.453890420582011446e-11
5.426025030593233995e-11
5.395764476050404288e-11
5.368837836844106778e-11
5.339691934780829920e-11
5.313624763221131992e-11
5.285508983303107456e-11
5.260221641369550454e-11
5.233052626489013013e-11
5.208464572223952560e-11
5.182159494540952883e-11
5.158188656234983529e-11
5.132664515305147820e-11
5.109226589826383272e-11
5.084399449942284553e-11
5.061407117247321092e-11
5.037191278046496861e-11
5.014553336144382184e-11
4.990860429878850117e-11
4.968480846348377920e-11
4.945218865097747178e-11
4.922995754584170872e-11
4.900068006892989463e-11
4.877892553275564974e-11
4.855196565551541927e-11
4.832951912547557931e-11
4.810378299190569535e-11
4.787938468240727452e-11
4.765369817038199741e-11
4.742598724292961553e-11
4.719908572485696615e-11
4.696659270069779273e-11
4.673711278946391515e-11
4.649825587641680839e-11
4.626473084492827717e-11
4.601781856421973463e-11
4.577867964058931599e-11
4.552192283066992484e-11
4.527550938125189655e-11
4.500704647242256029e-11
4.475162873829288584e-11
4.446956877660954162e-11
4.420338745715935369e-11
4.390587565487951484e-11
4.362720269707293061e-11
4.331251261107353782e-11
4.301973683425844156e-11
4.268639137929423567e-11
4.237813048335506133e-11
4.202505017464762009e-11
4.170028671142890525e-11
4.132695747601697009e-11
4.098519050347586267e-11
4.059183559644424652e-11
4.023323231562518441e-11
3.982096446877636390e-11
3.944648891033040264e-11
3.901741244013773442e-11
3.862890348873631100e-11
3.818613508818561306e-11
3.778630729156722044e-11
3.733389150686638368e-11
3.692624087917966375e-11
3.646895282188059532e-11
3.605756636079846982e-11
3.560061689451140708e-11
3.518990494749499515e-11
3.473858608647030662e-11
3.433297466517946452e-11
3.389229766210282078e-11
3.349592701783395758e-11
3.307030677121421611e-11
3.268677986008855295e-11
3.227980696772883667e-11
3.191201786498266704e-11
3.152633842089995190e-11
3.117639196984618468e-11
3.081369277568740459e-11
3.048290875787598233e-11
3.014398821399021601e-11
2.983297092568431463e-11
2.951786713069306498e-11
2.922661614642115655e-11
2.893476294762433918e-11
2.866280183551534174e-11
2.839318863819797012e-11
2.813969330443694825e-11
2.789101173044069173e-11
2.765492626990952147e-11
2.742569436037161070e-11
2.720582803462277329e-11
2.699448858625225339e-11
2.678959209780761509e-11
2.659458583824007471e-11
2.640340787191778051e-11
2.622322455959295535e-11
2.604455123804714649e-11
2.587776263888062916e-11
2.571044306854552484e-11
2.555572195700722226e-11
2.539868307468314210e-11
2.525481192777447828e-11
2.510706544116250429e-11
2.497293791904175426e-11
2.483358173566505156e-11
2.470819937121707336e-11
2.457641530783826909e-11
2.445888122064436576e-11
2.433393039127327253e-11
2.422344137517399067e-11
2.410465829392922478e-11
2.400049616886369389e-11
2.388728220711055686e-11
2.378880507822021925e-11
2.368062181735713101e-11
2.358725558982524719e-11
2.348361832505213166e-11
2.339484873157006568e-11
2.329532029147052985e-11
2.321068552012263672e-11
2.311487051405794291e-11
2.303395446418776325e-11
2.294149401426975425e-11
2.286392037037765778e-11
2.277448758647430295e-11
2.269991447527456551e-11
2.261321615594328003e-11
2.254136968185668460e-11
2.245716756386722164e-11
2.238770315985682011e-11
2.230567897141713437e-11
2.223836399563474622e-11
2.215831373961774116e-11
2.209291451486824232e-11
2.201462705442602433e-11
2.195091404378727435e-11
2.187418291526046656e-11
2.181194363579229990e-11
2.173655781949289319e-11
2.167559974741133919e-11
2.160140906814187948e-11
2.154153130956030082e-11
2.146833153193370591e-11
2.140936352024863940e-11
2.133701409791126810e-11
2.127876810427291084e-11
2.120709793337509828e-11
2.114943262325929916e-11
2.107829701763887597e-11
2.102104135902333589e-11
2.095027961327919812e-11
2.089327764014523702e-11
2.082274227434954795e-11
2.076584127991834870e-11
2.069538742972788898e-11
2.063843720856184789e-11
2.056792197544280315e-11
2.051077415582984115e-11
2.044005606178537956e-11
2.038256350929202511e-11
2.031150201480315314e-11
2.025351829243648963e-11
2.018197336322093294e-11
2.012335229511815490e-11
2.005118403702689156e-11
1.999177930753959928e-11
1.991884766994561824e-11
1.985851248811717305e-11
1.978467702365948229e-11
1.972326386147186046e-11
1.964838353378708588e-11
1.958574392996918893e-11
1.950967701264656406e-11
1.944566143514539624e-11
1.936826545768347919e-11
1.930272325826470464e-11
1.922385505438179220e-11
1.915663448398382596e-11
1.907615030305600365e-11
1.900709864838006824e-11
1.892485437192524303e-11
1.885381817400094625e-11
1.876966964285199480e-11
1.869649502334771572e-11
1.861029847209537740e-11
1.853483162242255310e-11
1.844644425413635779e-11
1.836853203026622461e-11
1.827781274237739456e-11
1.819730343679243785e-11
1.810411368831976123e-11
1.802085798108671933e-11
1.792506286236032199e-11
1.783891495613630568e-11
1.774038441940060089e-11
1.765120337033115925e-11
1.754981368553807746e-11
1.745746497247571443e-11
1.735310036512379373e-11
1.725746018709354732e-11
1.715001847607372445e-11
1.705097022695343440e-11
1.694035440168706669e-11
1.683779341538873183e-11
1.672392395289421444e-11
1.661776192337342321e-11
1.650057615540734040e-11
1.639074258802220822e-11
1.627019867533307744e-11
1.615664970544797676e-11
1.603272934395638793e-11
1.591543265315389436e-11
1.578813617085796945e-11
1.566709203658083230e-11
1.553645154388671581e-11
1.541168928654135233e-11
1.527775765942741377e-11
1.514935599923326547e-11
1.501224234102061720e-11
1.488025016987020170e-11
1.474014500875811269e-11
1.460478412715177289e-11
1.446175999779277594e-11
1.432316573069584110e-11
1.417749922195690237e-11
1.403589726051242437e-11
1.388783022022626832e-11
1.374349111830735990e-11
1.359332138425441962e-11
1.344655630245343253e-11
1.329462102826656324e-11
1.314578271174687720e-11
1.299245705521076941e-11
1.284193794663458673e-11
1.268763211120277212e-11
