# -0.85J_-0.15g_0.0theta_0.0phi_10Chi_0.01delta_500N
-3.483377316415148164e-03
5.800682794826880762e-02
-9.451421016758401183e-01
3.117141042653452376e-01
-1.425833379589242639e-02
-7.667338154478456347e-02
-3.372180380589214019e-03
1.053734447486562526e-03
1.095882889406739943e-03
-5.328646297641208155e-04
5.799299601448548724e-02
-1.457068548087834481e+00
2.326572566528044561e+01
3.706060907825243778e+00
-5.791382898210160590e+01
-2.557359253188153332e+02
-2.570140566971592833e+01
6.430573452613228369e+01
-1.964350038083621186e+00
-3.405738226221740828e+00
-9.212347547125165903e-01
2.263006072429924131e+01
-6.979845203383558783e+02
2.697151061623520363e+01
4.006267533685812396e+03
9.395404645393766259e+03
-7.761390546163560430e+03
3.490242814208351774e+04
-3.246704441173003488e+03
5.088791420498158004e+03
3.040527036394072846e-01
3.770656761329138629e+00
2.191194956756361378e+01
-3.679803585701890256e+02
3.904035050042233252e+03
6.451533463689318523e+03
6.077773727574834993e+03
-1.476240520706096504e+04
7.373428872727905059e+01
1.266488751916455158e+03
-1.388840824096879319e-02
-5.504377280216789359e+01
3.944463668462240548e+03
3.787446943221882975e+03
-1.696555102990729793e+05
-1.853430596963984717e+05
3.872282766197953606e+05
-3.289218695167654660e+05
4.813151527618648252e+05
-3.158116223609155859e+05
-7.527708457126870700e-02
-2.431972587527197902e+02
9.297388619116276459e+03
6.076147088631982115e+03
-1.837656840022285469e+05
-7.092076427036501700e+05
5.594271244148673490e+06
5.996605459804364946e+05
-3.213061787995619816e+05
-1.845823549027888221e+05
-4.202819320238428656e-03
-2.472333672451911823e+01
-7.472518346482855122e+03
5.914762450035717848e+03
3.763612858918529237e+05
5.345153080934762955e+06
-1.208969507225220948e+08
-2.839498047741736472e+07
2.379017092413497157e+06
-2.093815814331454458e+06
4.057870802181223237e-03
6.083900190202182756e+01
3.390415239248330181e+04
-1.465463667624405389e+04
-3.150938808000832214e+05
5.492490917322140886e+05
-2.805888650330378860e+07
-1.630130468308459781e+07
-9.236192954952711007e+05
-4.441846436825372279e+06
7.847854377456544780e-04
-2.599856223373871789e+00
-3.607079260694290042e+03
3.370243595420243992e+02
4.725037648187619634e+05
-3.177325023693260737e+05
2.734391671622713096e+06
-3.212926550958023872e+05
-2.890163744057245925e+07
-1.111791478062453971e+05
-1.729591165742844683e-04
-3.282057352865549671e+00
4.942073087904776003e+03
1.140528334459962480e+03
-3.066965184113931027e+05
-1.857342526892015012e+05
-2.069381497468507616e+06
-4.385780818019182421e+06
-1.601868773122615239e+05
-3.033248001237319782e+06
-5.915411808563342255e-02
9.894771596933001900e-01
9.176759750436172536e-02
9.431096572336970796e-02
1.135277753454425921e-02
1.351351496653767793e-03
1.853940878110225260e-04
-3.584024061018119159e-04
5.731546800066284614e-04
-2.702699885508756087e-04
9.646715487132960787e-01
-3.254401347050055904e+01
8.223657291336240860e+01
2.576885579291299564e+02
3.492259995115290394e+01
2.654481329951430268e+00
8.595997036042727357e-01
-2.549300774200133457e+00
2.079162304767106395e+00
-9.146097772007396598e-01
8.938969252952870537e-02
8.012702909101707860e+01
-7.188840363158453783e+02
-2.425074335986062124e+03
1.573822210168148740e+04
-3.364192881387595662e+03
2.525936073102082347e+01
-1.536282798760885839e+02
3.684654004945740780e+03
-2.852751419155696567e+03
9.169194392591599463e-02
2.512321886033677174e+02
-2.418358067856961043e+03
-8.373900282237056672e+03
7.201329707635696104e+04
-1.814607028912173701e+04
9.186836768596288039e+01
-3.007904052471531941e+03
2.119119589639064998e+03
2.021284136872193585e+03
1.138758795003182167e-02
3.402176255103901070e+01
1.521406176692849840e+04
7.029062242950432119e+04
-2.275285747702397872e+06
8.923622794872130034e+05
1.366136636866062508e+04
7.646002433718779357e+05
6.923042560274168849e+06
-1.182293845024197828e+06
1.270445624706499025e-03
2.583257060480413703e+00
-3.262453782752172629e+03
-1.770690320752134357e+04
8.850393616044559749e+05
-4.388808860384552390e+05
1.220786242084058176e+04
-6.406601061220203992e+05
-6.489148432575963438e+06
6.266886719723738497e+05
1.835818421977680845e-04
8.417558837968281971e-01
1.701751778737426335e+01
5.232616890832340317e+01
1.546598473196693158e+04
1.016393263258046863e+04
-4.226334519416691619e+05
-1.036253218847181415e+05
3.388921613075053756e+03
-3.730725742469701217e+05
-3.164548046958064924e-04
-2.498315293375402479e+00
-1.069161991431115126e+02
-2.895492508906556850e+03
8.365662396180189680e+05
-7.105612376870369771e+05
-9.927041961993117002e+04
-4.180283244816850405e+06
-4.789464598263563216e+07
-1.551810597036651103e+06
7.991840138267749952e-04
2.077879191925046332e+00
3.493549538940983439e+03
2.197056306372231575e+03
6.719778644555547275e+06
-6.309922727097865194e+06
3.494171099609932571e+04
-4.133867660818783939e+07
-4.830623007511239648e+08
-1.744549131722046062e+07
-4.772573277653027204e-04
-5.585987482935151904e-01
-2.732085767556598057e+03
1.920664487691649356e+03
-1.154828111002609134e+06
6.261144490245012566e+05
-3.878038032333384617e+05
-1.308553863422500901e+06
-1.734009014894447848e+07
-4.249849531159968115e+06
-9.982431994106594209e-01
-5.925478372850594144e-02
-1.069574406451851995e-03
-3.375302501901630663e-03
-2.181596780063376742e-04
2.779904446726311955e-05
-3.546394109249183710e-06
3.538978295098865913e-05
-1.248149480230882254e-05
-2.048349924577562333e-04
-5.916785292045222133e-02
-4.717608853878738073e-02
9.090980667594468212e-01
3.769598673100745811e-01
-3.547219067680897009e+00
-1.180524650521799934e+01
9.332827422606906342e-01
-3.026258067660104700e+01
2.688981613042211727e+00
2.611895426500369695e+02
-2.462164041908236622e-03
8.980576107986187884e-01
-2.964145657045868987e+01
-6.593055548957877932e+00
2.202431627922267410e+02
4.139549500440615475e+02
-4.923272568547453147e+02
2.448463396219477090e+03
-2.249154948014767967e+02
-9.558264488680899376e+03
-2.910029253483661319e-03
3.639437939952548384e-01
-6.415200833935808866e+00
-1.534766088753986502e+01
2.328764029968854459e+02
3.229123387615890124e+02
2.918160517877144571e+02
-2.048248277822576213e+01
-6.841970410729889807e+01
-3.639669764737561309e+03
-2.609194213019347180e-04
-3.455445882386224632e+00
2.168323421290311899e+02
2.290865152862386083e+02
-9.691374202121291091e+03
-8.817651893886062680e+03
2.378653370903446921e+04
-2.793902248180758397e+04
2.913394002676609671e+04
1.170131731433829700e+05
-1.781373962489597837e-04
-1.159094863491567651e+01
4.137034786081537163e+02
3.224712938683084644e+02
-8.974750570109408727e+03
-2.985357445372929942e+04
3.330112803725390113e+05
3.708032688817080634e+04
-1.962618313323163602e+04
3.949980455333715072e+05
-3.851655292466167222e-05
7.732416083466830958e-01
-4.745878085325190341e+02
2.863741326083486456e+02
2.313755167246824203e+04
3.183044428412821144e+05
-7.162700101423022337e+06
-1.670172523689549183e+06
1.406037889081092435e+05
-5.270883251544307917e+06
-8.100925338202500704e-05
-2.864874271532243455e+01
2.389177414551778838e+03
-2.486366143715911292e+01
-2.752197549165497185e+04
3.384433024831293005e+04
-1.650324851110621821e+06
-9.603538360879857792e+05
-4.422752133845916251e+04
-2.548803342759457591e+05
9.772978666255544095e-07
2.947601587428055669e+00
-2.518729920340602462e+02
-6.534102871120909128e+01
2.880987037779046659e+04
-1.947030242640970755e+04
1.614260480892779888e+05
-9.267356749242400838e+03
-1.708138949546588585e+06
-5.766625770676152024e+04
1.743802106191407039e-03
2.483352939971993294e+02
-9.209330979649161236e+03
-3.595423996218684351e+03
1.153862033920560498e+05
3.833990874145916314e+05
-5.362104797684059478e+06
-3.013438518264007871e+05
-5.514681965216113895e+04
-2.145271035310487822e+07
