# 0.0J_-1.0g_0.20944theta_1.0472phi_30Chi_0.01delta_500N
6.533143741711648962e-13
7.441944065610331080e-15
5.009757337557780576e-15
5.225616579764126373e-15
5.242721565900485350e-15
5.376670651092099570e-15
5.257952210941491065e-15
5.375488943516892885e-15
5.256124765214408285e-15
5.374221605461095210e-15
5.320888410951515995e-15
5.296022399159113700e-15
5.261237312822263451e-15
5.371712603478769503e-15
5.317874430485719568e-15
5.370472268229951004e-15
5.316395935924145137e-15
5.369242582688512102e-15
5.314937852122985557e-15
5.292822517271085806e-15
5.313503441055150599e-15
5.291002534435269197e-15
5.312097127494447801e-15
5.290601465453461067e-15
5.310724407812877260e-15
5.364463157875523259e-15
5.309390697239676247e-15
5.363314823086356657e-15
5.239264568138213939e-15
5.362189981866416968e-15
5.306853563785529694e-15
5.361089843164852897e-15
5.305650596123611301e-15
5.360013917426807696e-15
5.304488547206411415e-15
5.358959293342222161e-15
5.228176765180872668e-15
5.357919132442758535e-15
5.328501138995452985e-15
5.356877189717011237e-15
5.236045639560558278e-15
5.355785120094276268e-15
5.237596910217084575e-15
5.354497366266969992e-15
5.299209895208230483e-15
5.353291461876817235e-15
5.233628240208652257e-15
5.352725045921021744e-15
5.235876084908473309e-15
5.283769646339534266e-15
5.235032101513895672e-15
5.275483275333724142e-15
5.295563294319200227e-15
5.277381463817979802e-15
5.294727588919471573e-15
5.372575406810110239e-15
5.293921106609945638e-15
5.348581367195484683e-15
5.293142904419471077e-15
5.347728986433252991e-15
5.292392132703490624e-15
5.279157383069014498e-15
5.291667786064019398e-15
5.346056933891244658e-15
5.290968887415361408e-15
5.345238974436472722e-15
5.290294400343202831e-15
5.344433642100834495e-15
5.289643371277306901e-15
5.363324874261135185e-15
5.289014841819185277e-15
5.268161750066457269e-15
5.288407918679788284e-15
5.342095142245178461e-15
5.287821956683481678e-15
5.341341645840098836e-15
5.216245989875242673e-15
5.340601096969441586e-15
5.286709809426201024e-15
5.339873414686547607e-15
5.286182505382256539e-15
5.267596942766532436e-15
5.214482834514841632e-15
5.338456147354262561e-15
5.285183854585055734e-15
5.337766280711486901e-15
5.284711754956884333e-15
5.337088702282783158e-15
5.284257395511030482e-15
5.336423238301883278e-15
5.283820764128073421e-15
5.260149767107051554e-15
5.304703972318351435e-15
5.335127898152965772e-15
5.212866056466208196e-15
5.263644060493630237e-15
5.282615667167678371e-15
5.333878696142668222e-15
5.216882296418700923e-15
5.333270884309490942e-15
5.281899404958458790e-15
5.332673999403268538e-15
5.281567322778686849e-15
5.332087853640867429e-15
5.210936248483273813e-15
5.263821843675882054e-15
5.280954756947579133e-15
5.330946900100594895e-15
5.222181937436261650e-15
5.330391720438964718e-15
5.280411802692455456e-15
5.254173310742003490e-15
5.280166444471155358e-15
5.329311012850677101e-15
5.279938384874301186e-15
5.256607341291950363e-15
5.279727970174151178e-15
5.328268607090760218e-15
5.300690553498379260e-15
5.259874455242495843e-15
5.306543925783020697e-15
5.327263115402961926e-15
5.279202692495248083e-15
5.326773775913840619e-15
5.279062378226462996e-15
5.326293167391589842e-15
5.278939982535131279e-15
5.325821142780438891e-15
5.218358138530285274e-15
5.250354104390136229e-15
5.278744648011066510e-15
5.253193873661071676e-15
5.278671982977039456e-15
5.324455075368210929e-15
5.202980484726927813e-15
5.324015889647863567e-15
5.278574410625262293e-15
5.323584684703511720e-15
5.278548050766891238e-15
5.323161191105416672e-15
5.278535660317466789e-15
5.245893701376962879e-15
5.218715263515018838e-15
5.322337009897325185e-15
5.278550053412577315e-15
5.255401128435968828e-15
5.278575117587832136e-15
5.249686014030550929e-15
5.215154741374007439e-15
5.321156052178002944e-15
5.215697769579816725e-15
5.320776591516857518e-15
5.278714689778622047e-15
5.320404133575751354e-15
5.278780503987796862e-15
5.320038505978900492e-15
5.278854386151487818e-15
5.319679566206380304e-15
5.278935821462548621e-15
5.319327357170322091e-15
5.279024286884874623e-15
5.318981718106020686e-15
5.279118286574445666e-15
5.318642563306262302e-15
5.279217367321623466e-15
5.318309723198479419e-15
5.279324290801085865e-15
5.317983239153167180e-15
5.279435976128139321e-15
5.251210614965497073e-15
5.205465568968215460e-15
5.317348514566900951e-15
5.214408301086942028e-15
5.317040383120016711e-15
5.279804608546733898e-15
5.316738210157462964e-15
5.279939285154780518e-15
5.316441798568384435e-15
5.211701587387319081e-15
5.316151173549282428e-15
5.213098123080014900e-15
5.315866202257179572e-15
5.211204610933784823e-15
5.315586719315912306e-15
5.280552903846774948e-15
5.315312792233468231e-15
5.280725371230853525e-15
5.315044368658482554e-15
5.207565475445109597e-15
5.261292865351403043e-15
5.281100122855229729e-15
5.314523436101302281e-15
5.281305253890896169e-15
5.314270887221786615e-15
5.281523542009392054e-15
5.314023400387507109e-15
5.281748710183977867e-15
5.313780959016306979e-15
5.281983401154147751e-15
5.313543375115393134e-15
5.282229144304466865e-15
5.313310475479196184e-15
5.282477480266435662e-15
5.313082799806540771e-15
5.282735222637227089e-15
5.312859690736926415e-15
5.236754860629841987e-15
5.312641430111265696e-15
5.283261574393443566e-15
5.245851955463626450e-15
5.283519246377111772e-15
5.312218885033842498e-15
5.238410615890432017e-15
5.312014124684573332e-15
5.229267881684152811e-15
5.311814276282762622e-15
5.284248846886418898e-15
5.311618565939695428e-15
5.284475586795082414e-15
5.311426894513519907e-15
5.284688498173781251e-15
5.311239603592384182e-15
5.242172138839176339e-15
5.311057018790667267e-15
5.285073562803649384e-15
5.247382122238434722e-15
5.285249661166473343e-15
5.310702423909660568e-15
5.285421360390394203e-15
5.310531936223258581e-15
5.285577942557540469e-15
5.244039270245891144e-15
5.285718285710737390e-15
5.310202350722399134e-15
5.285856318776624392e-15
5.310043802879193905e-15
5.285990873945784009e-15
5.309889554064687924e-15
5.286099981460046297e-15
5.309738199302184394e-15
5.286214722375093246e-15
5.309590030398815293e-15
5.286322171209798548e-15
5.309445922048709901e-15
5.286408402476182455e-15
5.309306114140750017e-15
5.223899562980846244e-15
5.309168270995042879e-15
5.286524962897138669e-15
5.309036390184482855e-15
5.286587599006331300e-15
5.308907647385348285e-15
5.223871038905097382e-15
5.308782715082725239e-15
5.286721692192016217e-15
5.308660002106971515e-15
5.286764256276186796e-15
5.308540437739549836e-15
5.286783061989485641e-15
5.308422634616178842e-15
5.286781785999610584e-15
5.308311439017656172e-15
5.230553809684644045e-15
5.308199922714724159e-15
5.286225929439282260e-15
5.308098050859815756e-15
5.286904507115111174e-15
5.307991578616744440e-15
5.229382441842565432e-15
5.307891407235057610e-15
5.287006735512756131e-15
5.245535963218334347e-15
5.287038519286670446e-15
5.238493272965076351e-15
5.287034218175633211e-15
5.307612745349510125e-15
5.217607585066431983e-15
5.240036472208747120e-15
5.217038737031854339e-15
5.307842500663804587e-15
5.287149179580981626e-15
5.244744394477890931e-15
5.287163299516910957e-15
5.240043406818010443e-15
5.287118674505727421e-15
5.237153074887139791e-15
5.287135447918222293e-15
5.234897494716084604e-15
5.287178668084385695e-15
5.244828112991911193e-15
4.875091524500672961e-15
5.233999485251748731e-15
4.894531532143535449e-15
5.306932141686108186e-15
4.894235730615431814e-15
5.239940863290614490e-15
4.885075740808674005e-15
5.306805083399768873e-15
4.931207934568605391e-15
5.306749964255039702e-15
4.919078699855332859e-15
5.232502348856190437e-15
4.897811247883825772e-15
5.306647266741588787e-15
4.908435553816053644e-15
5.306597675334411855e-15
4.914113013942808790e-15
5.237701520276427524e-15
4.898647084630281962e-15
5.231261093501937688e-15
4.865369037488938779e-15
5.227345985661825076e-15
4.912289718594653809e-15
5.231999559024663320e-15
4.923965910142741389e-15
5.235881442283730952e-15
4.918932220737971522e-15
4.903711616328588361e-15
4.876237617858498396e-15
5.019908792485021678e-15
4.950000368602749353e-15
5.308576280530929274e-15
4.892079657601089439e-15
5.308535797235416488e-15
4.920824189014406841e-15
4.897700596931772623e-15
4.876367290127516693e-15
5.273253063133348897e-15
4.877170715602128257e-15
4.887583412259300601e-15
4.903220495835682893e-15
4.903671683409893031e-15
4.918871096507058801e-15
4.891304455369801041e-15
4.881873226289639271e-15
4.903896458414857885e-15
4.895237579530577161e-15
4.885108372282922944e-15
4.885328989826528926e-15
4.905505691173097991e-15
4.928977852535027660e-15
4.911797928164852601e-15
4.871056362297275544e-15
4.903037331594377602e-15
4.869577020759197646e-15
4.906497125984014126e-15
4.844120817180097738e-15
4.892551726378536679e-15
4.852139729161941038e-15
4.890053941612915196e-15
4.855970479708961415e-15
4.909833170474100445e-15
4.881862178456816505e-15
4.885505009137754611e-15
4.878235161821369633e-15
4.909864457408757250e-15
4.876323026838773014e-15
4.842664532676891860e-15
4.879918819313868544e-15
4.901162934292544426e-15
4.865341513530113912e-15
4.894145707389123670e-15
4.869254351709242274e-15
4.902742431046091904e-15
4.876581413490682482e-15
4.902408418308321915e-15
4.880074652183187925e-15
4.892832553655131591e-15
4.843296660087848578e-15
4.909369220906164996e-15
4.860577130304866649e-15
4.889628801937450229e-15
4.863603548391502890e-15
4.931783072251980239e-15
4.882264457033609817e-15
4.888218908803822381e-15
4.895092415506351662e-15
4.889303157010855568e-15
4.887814273226404874e-15
4.910584837969435080e-15
4.878811021372807208e-15
4.885699012746849833e-15
4.878421612877792000e-15
4.884560671585455520e-15
4.900009298246834586e-15
4.900209606500848968e-15
4.873299552091144642e-15
4.909969301605053194e-15
4.866931377591453958e-15
4.884473943770705773e-15
4.885999041391729206e-15
4.898193755749803748e-15
4.877529630379783145e-15
4.875415766346938800e-15
4.882225464860258500e-15
4.890960481093887398e-15
4.862219901748720398e-15
4.892104455403477053e-15
4.870164519087064895e-15
4.853289772273075546e-15
4.873370302424846888e-15
4.870628839443770464e-15
4.866057819471324777e-15
4.854077837092354723e-15
4.833945497911430415e-15
4.854294794519621735e-15
4.865296071271797915e-15
4.886514841863480869e-15
4.849885326974755958e-15
4.859623490253578580e-15
4.874040299546100242e-15
4.883543449475671610e-15
4.852141552228301424e-15
4.888320198688343307e-15
4.850273982159709365e-15
4.881505830039493411e-15
4.876559978260541694e-15
4.880723124751767153e-15
4.886176280716874912e-15
4.884460964913116751e-15
4.872941004227480026e-15
4.884066887400387250e-15
4.883705130504631876e-15
4.875776654003690301e-15
4.877010072933417860e-15
4.870635550046737455e-15
4.832457405214829022e-15
4.871067202594658376e-15
4.857098284013653577e-15
4.870312947892938631e-15
4.878607747484026966e-15
4.885615034788889781e-15
4.840882086253767701e-15
4.855591537143934022e-15
4.867146995876840948e-15
4.868694130271076945e-15
4.856403229786647044e-15
4.890268655477880823e-15
4.842766030641815187e-15
4.885195404849406277e-15
4.834498116991635856e-15
4.878780405804347718e-15
4.833223887182156664e-15
4.874076943973715893e-15
4.875496386715666271e-15
4.869014143427381185e-15
4.867887165229238266e-15
4.874076769427661988e-15
4.879017357237440497e-15
4.868612316075310125e-15
4.873120513383948717e-15
4.864440833486322319e-15
4.853252678695953795e-15
4.854113187937861310e-15
4.837516423048592824e-15
4.871117352912708598e-15
4.884463538572018039e-15
4.870851701392964616e-15
4.847769700579674259e-15
4.864414673763274794e-15
4.903204126060754956e-15
4.870438433472595486e-15
4.891550207560628634e-15
4.870378473101888987e-15
4.875108678731449237e-15
4.835817589418335183e-15
4.895561231743426769e-15
4.873135979435391812e-15
4.885908085330602235e-15
4.845678544797641153e-15
4.903304249289764708e-15
4.891319667557397945e-15
4.872604470781172192e-15
4.881594565386859434e-15
4.888353254080124336e-15
4.880105235798149350e-15
4.890672034123678756e-15
4.857674922842986671e-15
4.882125310509615554e-15
4.878708570155244089e-15
4.881532555251562021e-15
4.874582666701772488e-15
4.879324429050200983e-15
4.871271139293996077e-15
4.875745635536591464e-15
4.873114229910983402e-15
4.884236582178305763e-15
4.880950947695279351e-15
4.846713643672557285e-15
4.872201458776614295e-15
4.870001270429870443e-15
4.893458012353830785e-15
4.876661314771831849e-15
4.882782200887969872e-15
4.886365816420028243e-15
4.870114712520920697e-15
4.875308642661316317e-15
4.873831071709104584e-15
4.850924039774043818e-15
4.881085736109176080e-15
4.866919048034796007e-15
4.890203939395512992e-15
4.870986442841433341e-15
4.886769744862842700e-15
4.869394280236119525e-15
4.881084738771801908e-15
4.842513890646326324e-15
4.875258796388760123e-15
4.850111408909634071e-15
4.870623614255137407e-15
4.854078922867347258e-15
4.864019182725074096e-15
4.873772656339341285e-15
4.879960810991631657e-15
4.865037619023919821e-15
4.867544573675401735e-15
4.861114711921484279e-15
4.833922153061305568e-15
4.882148472200256266e-15
4.867331267839220758e-15
4.824201657127961240e-15
4.868829714720322704e-15
4.868004155091217032e-15
4.875724357230345135e-15
4.873202961032482298e-15
4.872156591753874938e-15
4.876140494651933564e-15
4.868082022840812408e-15
4.865930199853711001e-15
4.842167076855579216e-15
4.850120870709670170e-15
4.838991613637422520e-15
4.856125680480050530e-15
4.848318555173827992e-15
4.861967611482967027e-15
4.852347993411277935e-15
4.852347042146999133e-15
4.880133294552184252e-15
4.842784474192818745e-15
4.880293191900663799e-15
4.865050833941910618e-15
4.889846345645586643e-15
4.858807109106731272e-15
4.877518161389333109e-15
4.829785844534019759e-15
4.877782118380268748e-15
4.868258613926811734e-15
4.861044271773841132e-15
4.861499145610101048e-15
4.871985274380301415e-15
4.855459741965933144e-15
4.871995602160280885e-15
4.868576412932475809e-15
4.864573468877597114e-15
4.825382412094627542e-15
4.857790343675340364e-15
4.823777810840386994e-15
4.865349153046158993e-15
4.810395637469877964e-15
4.872451366050363831e-15
4.856742724331165476e-15
4.869367433730029540e-15
4.831648832732951555e-15
4.874603330827188659e-15
4.820529152404488679e-15
4.871652068884257037e-15
4.872713955047963856e-15
4.835906972098952066e-15
4.849085357336794659e-15
4.861896598053364428e-15
4.841067735449243670e-15
4.824869769441813746e-15
4.842425538465260946e-15
4.820979768536713250e-15
4.870898457641877628e-15
4.778452002351061688e-15
4.867376897131313221e-15
4.860837786993824561e-15
4.873212794915464530e-15
4.868450467565249023e-15
4.871076859888168746e-15
4.822314475180101720e-15
4.877609405620630105e-15
4.826348300889433899e-15
4.881032904557338419e-15
4.867520119963012518e-15
4.879120991609102805e-15
4.865438726454937056e-15
4.880910531697281341e-15
4.868613354333020698e-15
4.862422441717202860e-15
4.870335836280532796e-15
4.876495840921758151e-15
4.866572230177678402e-15
4.877374412035045585e-15
4.863452186291023109e-15
4.842411869557193628e-15
4.859608847763582789e-15
4.870313094144113021e-15
4.870832443131476313e-15
4.875781561766264531e-15
4.872857255001943521e-15
4.873172644433294730e-15
4.875749275706631355e-15
4.860238402267744518e-15
4.885269652444809975e-15
4.873690619878362781e-15
4.872392055348565194e-15
4.870077090900603226e-15
4.876534832445896664e-15
4.868320025939164336e-15
4.877109405353016233e-15
4.874967759859326399e-15
4.883353402998436774e-15
4.876276176069522948e-15
4.869051681348647055e-15
4.845911373212638047e-15
4.830140262304571132e-15
4.866357908227569211e-15
4.828171734639135780e-15
4.838291928699423586e-15
4.858169942774792030e-15
4.873382618889478537e-15
4.869736855735308982e-15
4.873799469611163884e-15
4.858366301634875546e-15
4.868058791170385480e-15
4.844860595177059330e-15
4.873627743649991454e-15
4.842696867544812579e-15
4.855021173655636201e-15
4.824969498235068953e-15
4.854906675097054784e-15
4.807235586891075111e-15
4.840381413832212636e-15
4.807388239915505628e-15
4.832305369628678311e-15
4.827941381084544770e-15
4.886122763400138119e-15
4.861085664805622565e-15
4.876939253647369451e-15
4.862523184307240689e-15
4.881309635725997072e-15
4.869224938881779969e-15
4.867805784050058904e-15
4.846437248680436492e-15
4.886104933549680957e-15
4.845532859283697681e-15
4.824914140080983461e-15
4.842591327127923325e-15
4.871138752761006793e-15
4.876678002892458457e-15
4.856180937721864156e-15
4.878597314551903068e-15
4.849034743905277765e-15
4.881007742385152127e-15
4.865635625935920271e-15
4.854240481191932225e-15
4.859686470508130289e-15
4.889822444688548051e-15
4.859877214988322596e-15
4.869437840430854619e-15
4.858472182488425282e-15
4.882718565586106348e-15
4.871700749847542102e-15
4.876913136925101470e-15
4.870672473024737524e-15
4.847877617543378114e-15
4.865679332342785085e-15
4.865441807562821434e-15
4.865788061963611347e-15
4.859580540363475426e-15
4.861812310169207892e-15
4.875711772852336614e-15
4.845897757909744732e-15
4.875839120393397957e-15
4.870131606500822686e-15
4.849458030804891424e-15
4.871538009344648120e-15
4.873209091218611347e-15
4.867047626897051627e-15
4.873200769344859936e-15
4.864549152180919457e-15
4.873100859703466482e-15
4.865494581130938670e-15
4.876620518059081752e-15
4.816913368279155743e-15
4.843978721678318644e-15
4.841533111914552634e-15
4.858131853031946244e-15
4.870976243749156911e-15
4.860674501084279980e-15
4.855708548527961525e-15
4.867626777319633229e-15
4.845643185241708367e-15
4.876223376360768856e-15
4.883319930099651130e-15
4.850232703639257768e-15
4.884272210217536659e-15
4.847768620865077230e-15
4.883637517725619609e-15
4.878071765835912199e-15
4.892147067825575283e-15
4.873893109855794091e-15
4.874037901200315960e-15
4.865849308177296745e-15
4.846563525632670948e-15
4.880994989371896668e-15
4.869924955666843010e-15
4.881265200002638554e-15
4.878629990507722867e-15
4.836258790440679435e-15
4.878516953553162043e-15
4.863791821113628395e-15
4.871443717023393762e-15
4.838070151264585955e-15
4.866633907750436955e-15
4.851266260322769859e-15
4.878461956055197345e-15
4.874720627294091470e-15
4.852593291093214911e-15
4.863968975503429156e-15
4.858780691760255855e-15
4.806294861350036201e-15
4.862784084388401425e-15
4.872032445638839244e-15
4.855126300897376162e-15
4.861776033737775824e-15
4.843970988358010007e-15
4.872950016868512928e-15
4.826948243236025362e-15
4.862407212393944918e-15
4.840822882617837984e-15
4.825196928114305466e-15
4.863707388726970960e-15
4.835544860647569993e-15
4.855357341453928788e-15
4.801641740800752336e-15
4.858275200211085577e-15
4.829147721537179492e-15
4.853779941896411132e-15
4.856189361399325499e-15
4.866696003393698456e-15
4.851578124819342355e-15
4.853830772251923446e-15
4.855462761754113981e-15
4.854802517702987974e-15
4.853063282585413734e-15
4.855949699586172646e-15
4.827234165898121482e-15
4.876328562979442798e-15
4.832412155132491134e-15
4.830575009749663477e-15
4.847147737551576415e-15
4.825168435681700222e-15
4.845064125019239461e-15
4.811500028951462042e-15
4.865431027391892205e-15
4.862661637103009808e-15
4.871009203310818837e-15
4.834723578176200075e-15
4.879788739894258510e-15
4.831379392899910411e-15
4.855929546323543022e-15
4.853338515949018961e-15
4.857372967774395937e-15
4.845522438517105829e-15
4.859954120888179740e-15
4.856253477416995799e-15
4.846961178589612904e-15
4.837617418885517407e-15
4.845061278577088643e-15
4.814623889336624991e-15
4.830504788460427332e-15
4.853289483248038258e-15
4.825407962082574669e-15
4.841745270672721154e-15
4.845771696997549187e-15
4.823468636131460546e-15
4.825596028900545708e-15
4.840319728278232760e-15
4.834325646065623880e-15
4.797526583535166851e-15
4.830295680741576194e-15
4.827342787048940335e-15
4.834297938929772190e-15
4.814067243997808477e-15
4.880644400985224516e-15
4.829640837214092718e-15
4.837234121338555712e-15
4.854884540291285002e-15
4.838976433812061703e-15
4.857021224041121389e-15
4.826044598781569408e-15
4.858142230722165955e-15
4.822016990894580848e-15
4.849213442251912253e-15
4.806995809634738644e-15
4.875108378629462198e-15
4.843070564004459039e-15
4.850360113724154916e-15
4.810894728717766848e-15
4.851435068855945698e-15
4.820205529629943280e-15
4.877136863442901358e-15
4.825279877828809659e-15
4.854419785649270925e-15
4.846558093278579245e-15
4.861842078355707552e-15
4.852538233820907041e-15
4.828870902710501367e-15
4.858315223977516852e-15
4.861934850942138566e-15
4.870321724530800039e-15
4.822598450576691434e-15
4.862758632958635848e-15
4.821987894119254619e-15
4.869166427333807171e-15
4.857531173268446816e-15
4.855011119579895058e-15
4.855513675598705211e-15
4.859332806416308549e-15
4.840605140605157751e-15
4.834019886008787070e-15
4.859134651745491705e-15
4.847091919349368913e-15
4.873152115872164151e-15
4.850799253995540245e-15
4.857091228925322148e-15
4.827840271281830265e-15
4.831167021085128380e-15
4.855912700619908160e-15
4.867605170020114679e-15
4.854810195355588184e-15
4.869503725468194532e-15
4.825607724526160787e-15
4.848349243627557273e-15
4.857948722164370269e-15
4.849595691391273493e-15
4.863369998102488948e-15
4.846527627547428211e-15
4.854106213331328241e-15
4.853241205975230607e-15
4.860990876600306868e-15
4.857123000336157869e-15
4.853512151920155149e-15
4.872008805760266548e-15
4.859169600291218756e-15
4.804630322674317432e-15
4.844755053069185984e-15
4.832610358718633691e-15
4.869122238364263896e-15
4.813499000404075069e-15
4.854129236881186338e-15
4.864497497523931790e-15
4.804640277601475379e-15
4.802979724470573210e-15
4.811206895300328915e-15
4.801918187086903983e-15
4.834263971384494929e-15
4.828182747898744923e-15
4.828950959730444976e-15
4.873229492597272269e-15
4.843006211971642336e-15
4.821033164202715233e-15
4.813278323021386468e-15
4.862935437882867847e-15
4.852336150130028120e-15
4.865459248499145701e-15
4.877492192775185746e-15
4.849163570661505071e-15
4.864618950403505452e-15
4.870077988159236477e-15
4.863895622837964983e-15
4.864804669304996615e-15
4.813500384196897543e-15
4.830849059217301842e-15
4.841609752549199522e-15
4.843447478685998240e-15
4.863096624335567993e-15
4.860744489332712180e-15
4.867240466756351964e-15
4.865266762468817574e-15
4.867057248440191988e-15
4.853918933764031656e-15
4.854253174611254634e-15
4.843338107556545820e-15
4.848788734390088128e-15
4.852192366325422826e-15
4.850462998449173402e-15
4.850145372537962925e-15
4.825736008253859667e-15
4.865488297004238800e-15
4.858429682044018676e-15
4.849325759425129672e-15
4.855233321410678940e-15
4.858093840705598333e-15
4.839238336786241832e-15
4.856114805017611181e-15
4.815047607164326327e-15
4.848282646735809026e-15
4.849215268442838667e-15
4.860976970880738853e-15
4.869603838458842074e-15
4.851757145456529087e-15
4.858153596244665141e-15
4.841914890999413926e-15
4.852699275313365803e-15
4.814823579251127792e-15
4.817765907059682826e-15
4.832643654366651687e-15
4.793911784398900914e-15
4.800666694949268129e-15
4.823428882101658543e-15
4.833397123316852189e-15
4.868684682019479192e-15
4.828803245017579864e-15
4.851902605880848534e-15
4.839815597471916775e-15
4.866933052347581252e-15
4.867420846234185866e-15
4.871800566252990274e-15
4.866396533942302581e-15
4.870349607690154546e-15
4.849247292096958099e-15
4.854894496017895100e-15
4.830008618127631560e-15
4.862201434387429530e-15
4.862422830896752739e-15
4.873655975235953356e-15
4.841222651176901310e-15
4.869169432548686818e-15
4.822725914082209365e-15
4.836634265483297887e-15
4.854514714815604562e-15
4.859158667766487174e-15
4.830120142975025272e-15
4.867574790878517565e-15
4.838054256204309589e-15
4.846732012235077437e-15
4.840558782634993559e-15
4.865671965243659096e-15
4.857065388187230672e-15
4.869578907321626259e-15
4.826052118266118451e-15
4.865531144725867474e-15
4.864236707672348491e-15
4.852426496347529520e-15
4.833523118793121631e-15
4.836582484492088494e-15
4.862308313349668500e-15
4.849565506457647373e-15
4.834927995994378323e-15
4.836008069418788405e-15
4.813842626271449387e-15
4.816632391028860691e-15
4.817411075493088674e-15
4.863905265527261070e-15
4.838347770056443616e-15
4.850750579673221547e-15
4.807079277605378938e-15
4.869419949197877711e-15
4.848679178977674016e-15
4.851424206929603754e-15
4.856356264814967718e-15
4.821218512056374355e-15
4.849705888141679993e-15
4.788093319673752631e-15
4.857917699803918644e-15
4.818422433556981973e-15
4.840852461531178339e-15
4.841617237634388053e-15
4.865020917334819380e-15
4.834919713314190967e-15
4.821626847256960231e-15
4.808466989711498150e-15
4.846809980154333899e-15
4.856447166343099565e-15
4.833877326114511421e-15
4.851466827078364992e-15
4.823356687969168468e-15
4.853021496545290010e-15
4.826457949378139679e-15
4.840266673158647055e-15
4.845973359215547565e-15
4.856525585741975803e-15
4.860334175837262129e-15
4.831987529075624922e-15
4.857609969161096586e-15
4.819568567986829928e-15
4.828550682363385280e-15
4.784998014022672941e-15
4.860838881041673984e-15
4.850121349979862517e-15
4.834046073366833541e-15
4.871034529472546066e-15
4.850371315609104478e-15
4.822327355702593533e-15
4.827716896652146942e-15
4.817138396463242621e-15
