# -0.05J_-0.95g_0.94248theta_0.94248phi_10Chi_0.01delta_500N
-5.773460526640341595e-01
-1.811346976413347742e-01
-7.888826226742624570e-01
-1.684505585001999997e-02
1.496760431535665119e-02
1.305110026841078789e-02
-6.695792376396328058e-03
-7.192016468027903620e-03
9.115475546863928760e-03
2.481227637571598184e-04
9.135333262601437812e-03
-4.923150962056129787e-01
4.668949821906521747e-01
-4.030028022335995530e+01
-1.800827239842484317e+01
5.652729811438688579e+00
3.027031309844196016e+01
-3.003664790475556146e+01
-2.314230958975332442e+01
3.588969790615970656e-01
-8.161615638817092400e-01
-7.069143826210368131e-02
-1.733086902455829748e+00
2.566873326344372330e+01
-1.757241889331259443e+01
-3.230471962636583072e+01
2.955222054567338930e+01
2.312702284484804949e+01
-2.999761929638347979e+01
-4.274296240882900499e-01
-2.281218590369003471e-02
-1.710822148226770878e+01
3.690949927365846861e+01
-3.957264389849704457e+03
1.554055036584338495e+03
-5.616897881618719111e+03
-7.853190690899510628e+03
-3.225934073828708279e+03
2.377030689232053192e+03
1.125798666262004117e+05
3.592925836589005387e-03
-3.605608409416263527e+01
8.059242627020422489e+00
-3.200592101318912228e+03
-3.553672280970537940e+03
-8.098788374133081561e+03
8.917354586554898560e+03
-2.336622728438392187e+03
-6.288030010695397323e+03
3.846878959158946964e+04
1.406852580193196714e-02
-7.055330551187664945e+00
-3.560075475311420945e+01
-9.741259382006437590e+03
-4.472175228098320986e+03
-8.162261785113341466e+04
-1.451502067246301522e+03
-7.481787785531900226e+03
-1.561196023581860027e+04
9.641513684456234332e+05
-5.706048248064437937e-03
3.701682049719131129e+01
1.790367996797737149e+01
-1.011713733354799615e+03
1.155423611059957693e+04
1.349335183965898295e+03
-6.713324027581402333e+04
6.912082739939748421e+01
2.180066450551992966e+04
1.098698537058876827e+06
-7.442073194101328330e-03
-2.436049590993244607e+01
3.029530919601202044e+01
-3.968365989281783186e+03
-2.844114013090942308e+02
-6.752421279933951155e+03
-3.878864639904134037e+02
-4.447856149410363287e+03
-1.398154981049334310e+03
4.294974837918229605e+04
-9.429001819172812271e-03
3.027103969591368227e+01
2.434617946660157273e+01
1.456782347559286109e+03
6.821693551386209947e+03
1.492602935129514663e+04
-2.334631152274547640e+04
1.433557362244043134e+03
2.014024887820021831e+04
2.402583567255572780e+04
-9.904187655109311910e-04
2.738693185885249903e+00
2.394425780577003948e+00
-2.320907044811064407e+04
-1.271973320125240862e+05
-1.133827480252465233e+06
1.711009425631581107e+05
4.775936569208191941e+03
-4.171300864760367549e+05
5.889499806292732805e+07
-5.773615316103846151e-01
-5.926147666157782767e-01
5.513034508729078853e-01
2.138407917436564373e-02
7.104027933886859075e-03
-7.271854808170973841e-04
1.464994764620741914e-02
-7.192364620556203347e-03
9.115314075287317408e-03
7.542903669061081602e-04
-7.113732245822482758e-01
-1.594388197659434736e+00
7.069527188085926728e-01
-2.657034325721163981e+01
-3.359504170828434155e+01
6.346481714216782422e+00
-3.190340979236453478e+01
3.504754106037676564e+01
-1.440734060461881683e+01
-1.092443042484581683e+00
4.001668183409221591e-01
1.693859322744724338e-01
-6.309431184007968652e-01
1.008187585750325610e+01
-3.130225072258633645e+01
2.987162909664888844e+01
3.024526450795502086e+01
1.444684485280374631e+01
3.504067745657440014e+01
3.183413341615449532e+00
1.451705842553791849e-02
1.398463457092277595e+00
2.537183433325670734e+01
-2.941650122904042291e+03
2.614015328189717820e+03
-7.992795303834452170e+03
-9.464175516681416411e+03
-4.097297494229086965e+02
-6.633447402801412863e+03
1.562911817461811297e+05
1.795866600169147148e-02
-4.759330453988527410e+01
-1.044775855586386548e+01
-2.140650639156084708e+03
-4.569252943255773062e+03
-6.488349684515538684e+03
6.542949583625031664e+03
3.962019981446457223e+03
1.084257007039981545e+03
5.713763333520463493e+04
-2.092889135418810834e-03
1.625336996561178182e+01
2.356042293254742859e+01
-9.603295748872298645e+03
-1.096846214742965230e+03
-7.087692495828009851e+04
4.879813910287536601e+03
3.685191737747797106e+03
-1.106810851848206039e+04
9.155392535676966654e+05
1.503623935473754128e-02
-2.214360620443107663e+01
4.121219298072490034e+01
-4.384072463684271497e+03
1.169260416858140161e+04
7.698713595714965777e+03
-7.788718690755315765e+04
-6.512560272240116319e+03
-2.439233675100314940e+04
1.162904062617639080e+06
-7.441861913991777364e-03
3.841614099822898964e+01
5.949034928907541264e+00
1.738210808756163715e+03
3.578712417250239469e+03
3.714049214176163787e+03
-5.650399783006505459e+03
-4.447698258050232653e+03
-1.396662280323014556e+03
-7.564460942029363650e+03
-9.428782591316865400e-03
5.949293053040215717e+00
-3.838882079456807617e+01
5.179549841249675410e+03
-4.672000570230733501e+03
1.277437389459479346e+04
2.459127761063650905e+04
1.431408313651948447e+03
2.013832525621899549e+04
-4.792890021574377897e+05
3.808982294524965108e-04
-6.040546611791391962e-01
7.141331149242369225e-01
-9.432482914157953928e+04
-7.550273627048017806e+04
-1.361533025144478772e+06
8.866086324451334804e+03
3.512447140515280626e+04
-8.710172498395445291e+04
5.537617375129041821e+07
-5.773498273704764649e-01
7.737604620404303635e-01
2.375625826107443661e-01
-4.540075806389016512e-03
-2.207165061090790928e-02
-1.232446512311445065e-02
-7.954933669630383231e-03
-7.191810098996085504e-03
9.115720650663097085e-03
-1.005225834078732295e-03
7.022523449893374181e-01
-1.251319333552673330e+00
-3.675042559268852926e-01
-1.993752085311238886e+01
-1.391175930365179703e+01
-4.784606037735853334e+01
-1.416977626915989052e+00
-5.010640361336794690e+00
3.754896844117864418e+01
-3.504595084107481995e+00
4.159813130659852365e-01
-9.050841314114310698e-01
-9.740733221445321277e-01
2.976552102843049141e+01
-3.793510021491465523e+01
-6.166657051927435518e-01
-2.394950923145828625e+01
-3.757592559009543010e+01
-5.043130135683172810e+00
1.203464724782494361e-01
8.294185715008841123e-03
2.136151243592512738e+00
4.716760381415575409e+01
-4.367403744423765602e+03
2.963450152932681704e+03
-8.199716241336391249e+03
-6.601732273758057090e+03
3.636670251446248130e+03
4.256364936524852055e+03
1.183810206500376953e+05
-2.155214074965145984e-02
-2.579809966258934750e+01
-1.118536899143680152e+01
-1.791189908341449836e+03
-3.143534704900839188e+03
-9.351457329043196296e+03
6.335035324571968886e+03
-1.625924735062296804e+03
5.202846090007303246e+03
8.682715300375968218e+04
-1.197600556713833246e-02
-4.663578315484237891e+01
1.416509704936101244e+01
-1.259538568407652565e+04
-2.665422068785347165e+03
-7.076672066174006613e+04
-7.590685420184145187e+03
3.798342587446819834e+03
2.667458813238625953e+04
1.005823710543320980e+06
-9.330676771716173157e-03
-1.274899416226195292e+01
-2.167737287569165971e+01
-2.817605386985561381e+03
8.702530523937535690e+03
-4.788037567293584289e+03
-7.800486880953077343e+04
6.450441408304002834e+03
2.595363513134425830e+03
1.169545272606675280e+06
-7.441853696682250961e-03
-1.405546327960020392e+01
-3.624518416772885132e+01
2.230470090482001524e+03
-3.294651394382733997e+03
3.039608241763496153e+03
6.040433192813412461e+03
-4.448334863745593793e+03
-1.397874085284856847e+03
-3.534220389522088954e+04
-9.429129609208660584e-03
-3.621944317548350512e+01
1.404225801259994277e+01
-6.635973115830346615e+03
-2.149441967191283311e+03
-2.769961916690073849e+04
-1.245527979948855773e+03
1.433116649959305732e+03
2.013866499274339003e+04
4.607525772101121838e+05
6.075049922153980897e-04
2.515217818539296157e+00
-1.339218130006008201e+00
-1.030419773660771025e+05
-1.623402182962494844e+05
-1.383080179571816931e+06
2.865819545529842726e+05
-3.967357134937873343e+04
5.008402864575213171e+05
6.652819717627219856e+07
