# -0.1J_-0.9g_0.20944theta_0.0phi_10Chi_0.01delta_500N
-5.773562164881294034e-01
7.113242073229903983e-01
3.770787073436195347e-01
-5.432200414208623006e-03
-2.810765228365192867e-02
-1.496285609209898823e-02
1.084169108006703686e-02
-9.525220647340109509e-03
1.100391595893054388e-02
1.083769088847963977e-03
7.937220753735118040e-01
-1.756061880153737542e+00
-4.161187812106274531e-01
5.364066441156472465e+00
-2.835221278500652886e+01
-2.572323291733346196e+01
1.459326884106969580e+01
-2.359058280251130313e+01
1.696134382229457316e+01
1.471425739496763807e+00
1.894455509573312879e-01
1.535420976807615190e-01
-4.484913489309658718e-01
-2.630178524818984087e+01
1.414388463069664148e+01
-2.667403539629026810e+01
-1.002339629881018013e+01
1.691752404035566926e+01
2.357100595149496058e+01
1.790781733513453045e+00
3.702654828165144094e-04
-1.762825148162159650e+01
2.466808071134340352e+01
2.772285827199427331e+03
-1.034702646460893902e+03
5.760141655733910738e+03
-1.736389381309327973e+03
-1.575328939587874856e+03
-3.577328775117340228e+03
5.671557049785127310e+04
2.979377445132813315e-02
2.998003157911545813e+01
-3.104209643277827890e+00
-1.691338495379918072e+02
2.368518687352639972e+03
3.252819710744801341e+03
2.876432126710126795e+03
1.833181780341832336e+03
-1.593777024765543956e+03
-1.801978072581366723e+04
3.128632553982471989e-03
8.093357478012709549e+00
-1.919287332129456303e+01
-2.114603563777071031e+03
-3.499765320783551942e+03
-1.509728053937168079e+04
-1.821664856791088459e+04
-1.405092037768116825e+03
4.606293238421785645e+03
2.463182774132425257e+05
-1.917833851207476070e-02
-2.351121030221586850e+01
-2.887180385078043443e+01
-6.779007151458635235e+03
2.878452522536298375e+02
-2.833793405796745719e+04
1.467466845370943156e+04
2.948916181585540016e+03
1.460092663245118820e+04
-3.868356288398983888e+05
1.003415185219989555e-02
2.818903804917451339e+01
-1.097363163509936612e+01
-1.278986724603285666e+03
2.038948542112642372e+03
-1.170549214038708897e+03
2.347966299566614452e+03
2.657921282796410651e+03
7.659065401209263655e+02
-2.586759601393167395e+04
1.161252984810754937e-02
1.096746341695114602e+01
2.815177841263559344e+01
4.097069645575405957e+03
9.966481641652758299e+02
1.568626456748487908e+04
-2.761083961747175181e+03
-7.967854523341181903e+02
-1.275591789826932472e+04
1.301750244951514032e+05
-9.924755680061675325e-04
-8.791185900051059487e-01
-2.218230461869294956e+00
3.254205465642288618e+04
7.104173475598657387e+04
4.443276244858850841e+05
1.240315765378407668e+05
3.085935154363564288e+04
-1.861671114519062394e+05
4.743789784059310332e+06
-5.773560202964453936e-01
-6.822219852493150993e-01
4.274855168069254807e-01
-2.162583906771281192e-02
1.875825433377850335e-02
1.687067318266883761e-02
7.537459497228434467e-03
-9.525197743006851361e-03
1.100391582126948598e-02
2.046568189116700564e-04
-5.609258240483960822e-01
-8.890834254938357883e-01
3.470091161764191634e-01
-8.379020915150592330e+00
-1.836718825168754066e+01
-1.678267005936282530e+01
-3.183613557470284761e+01
-2.855746711909522784e+00
-2.889376041474048051e+01
-6.724722515396941436e-01
5.926607753353512198e-01
9.166702724568699390e-01
-1.315470577638725658e+00
-3.628679740432863809e+01
4.007902153500247922e-01
1.975524858257367455e+01
-1.082642822778891789e+00
-2.888880777531680266e+01
2.903459733423426226e+00
1.246601617498695330e-01
2.561703925348431457e-02
-4.379061001958773680e+00
3.762946584255472970e+01
2.990790508160494937e+03
4.295809375793595564e+01
2.944990077858508812e+03
-1.628767094413492941e+03
2.375287702850127971e+03
4.088175826794770273e+02
7.406018988118981360e+04
-1.521755913431253708e-02
1.701863456646813688e+01
1.014499353624888478e+01
9.085781388239183798e+02
2.150015461241950561e+03
3.360778162969292225e+03
5.692409044820207782e+03
4.476970639892018085e+02
3.894780744866381610e+03
-1.826643882862108512e+04
1.504457257773733452e-02
-3.812176526144160249e+01
-3.171137986520908836e+00
-2.168258924371399644e+03
-6.752095978019196991e+03
-1.916169055946998924e+04
-2.596513326931467600e+04
-1.853122731761321347e+03
-1.495378471523995540e+04
2.245634460198896995e+05
1.229861009236222179e-02
-7.489417870918308573e+00
1.734353446294610634e+01
-3.525241928211598861e+03
2.342101224295215616e+02
-2.058477374212274299e+04
1.060813335071467372e+04
-2.689083750015938222e+03
-3.326240745016784786e+03
-4.033506441598907113e+05
1.003413194804524296e-02
-4.591043241012391363e+00
2.989924789675936623e+01
2.405330277813779503e+03
8.812386233702085292e+01
2.621027429584046786e+03
-1.625328502698922080e+02
2.657964339601932807e+03
7.660900282723276860e+02
4.002280052502051694e+04
1.161253964785617307e-02
-2.986388175801299028e+01
-4.577794489491535224e+00
-1.184839357116790097e+03
-4.046841897594627426e+03
-1.022132237250678372e+04
-1.219848862538125650e+04
-7.964826642553578040e+02
-1.275675366080368258e+04
7.399699614814408415e+04
1.311518087660334952e-03
-3.025966965560261457e+00
-4.790885778010830487e-01
2.747196630246805944e+04
4.525591450607549632e+04
3.811525797342348378e+05
5.952449991953396966e+04
1.004261976468483954e+04
1.572729682129801367e+05
5.952542664652084000e+06
-5.773560646909643435e-01
-2.910246750775135477e-02
-8.045642921413047599e-01
2.705804128188650515e-02
9.349391414502739722e-03
-1.907802855077167818e-03
-1.837914655758987256e-02
-9.525201379445966468e-03
1.100391537101640810e-02
-1.285144905149918776e-03
-2.327965027964871980e-01
-6.616844116769347028e-01
-7.853812709218024324e-01
-1.015476568609442154e+01
-3.526156527994941570e+01
1.895591828775727805e+01
-8.785191379287101698e-01
2.644631134120822935e+01
1.193241078597485583e+01
-1.046155182080563240e+00
-7.821063308982252327e-01
-2.157201758207504816e-01
-1.542869219127015246e+00
-1.939242304962531094e+01
-1.374949168473746264e+00
-1.120217313294628347e+01
3.465604362809081351e+01
1.197125709144773964e+01
-2.647447353041266638e+01
2.808351040063877146e+00
-2.598730467245802603e-02
2.212463825916767823e-01
1.967462917928970256e+01
1.948239047169319292e+03
-3.066457960443130446e+02
4.259078895211774579e+03
-4.121319315648878728e+03
-7.999267460160633618e+02
3.168466967496202415e+03
6.518758870813423709e+04
-1.457622458575823753e-02
3.497347108774470570e+01
1.474529338607402806e+01
5.589587646983393370e+02
3.192575105085189080e+03
8.688374009557110185e+02
4.377669754204235687e+03
-2.280867808327725015e+03
-2.301079876123194936e+03
-3.376018684774140183e+03
-1.817318901280551638e-02
-1.138990099482619645e+00
2.884147545426419867e+01
6.752288070777173061e+02
-5.172406726875910863e+03
-1.041971085927010427e+04
-2.560918274048528838e+04
3.258180547363405367e+03
1.034780384210367811e+04
2.216941638808347052e+05
6.879746966574788042e-03
2.452327152691428935e+01
-1.963944948789961131e+01
-5.105713044767603606e+03
3.078788875176061993e+03
-2.093799095314062652e+04
1.935643298692238750e+04
-2.598707949120996545e+02
-1.127478970283308627e+04
-3.734944181351794396e+05
1.003413694738110318e-02
-2.359799294836511052e+01
-1.892558542546494849e+01
-1.126352193394485084e+03
-2.127107855416546954e+03
-1.450568346415102269e+03
-2.185524862847816166e+03
2.657933181071895433e+03
7.658360035812793285e+02
-1.383686617189801473e+04
1.161253387575035025e-02
1.889642030348749913e+01
-2.357400269802360171e+01
-2.912154781640744204e+03
3.050056614684384385e+03
-5.464587556256701646e+03
1.495852384325164167e+04
-7.968585995170151364e+02
-1.275585137142228632e+04
-2.025797098719883361e+05
-3.199543836228353820e-04
-4.515234464345250220e-01
5.125516621033652243e-01
5.230446782546745089e+04
5.399922920197709755e+04
4.697234216982807266e+05
3.835349888984937570e+04
-4.110911562686368416e+04
2.821178866788166852e+04
6.403783927832805552e+06
