# -0.1J_-0.9g_0.20944theta_0.0phi_10Chi_0.01delta_500N
-5.773562634282184414e-01
7.407063331165651965e-01
3.424002793302785563e-01
6.429308413575696157e-03
2.897654001560900569e-02
5.068607504445972120e-03
-1.894782182464988321e-02
1.005175773443039988e-02
1.159850225467883196e-02
-1.053724237245309576e-03
7.717633604740389286e-01
-1.780848720497157478e+00
-2.947049007531380438e-01
-6.143180459251299297e+00
3.034113168085229262e+01
6.704483730623288729e+00
-2.867174596853386603e+01
2.549266646823373605e+01
1.627115870315855872e+01
-1.434003396004414288e+00
2.292419991402441792e-01
3.261570233531747159e-02
-4.728503840992450136e-01
2.601875974484345733e+01
-1.387169272363406947e+01
-1.885071191324103879e+01
-2.446847215890150551e+01
-1.628304991128829116e+01
2.546271619559978561e+01
-1.978398612414556723e+00
4.388276117320660222e-04
1.663485287991892392e+01
-2.527395928950572568e+01
2.740853886234835500e+03
-1.199128726211280309e+03
-1.960214658924967353e+02
-6.103144849465658808e+03
-1.654645867119326795e+03
3.618393266413495894e+03
1.266714745659239998e+04
-2.874361218751670874e-02
-2.822992972880021867e+01
3.712727498850231456e+00
-6.767321186831940061e+00
2.335574653698721249e+03
-3.929536279813915371e+03
-2.216168813148163281e+03
1.792337487725228812e+03
1.732618025550945276e+03
7.413045139634763473e+04
-1.580687144196013874e-02
-2.085520086870230116e+01
-3.109419970642296249e+01
6.964921405962536483e+03
7.862678828506637956e+02
-3.708322696098647157e+03
-3.250778400560974114e+04
-2.199764736989458470e+03
1.544557079843681822e+04
3.743735233325702720e+05
9.206002803893414965e-03
1.423980126567140658e+01
-8.918771184865541102e+00
-1.932287331462960935e+02
3.276463942869595030e+03
-2.235258863117906003e+04
3.262206116168365952e+03
2.239388637778542943e+03
-6.432422743982776865e+02
2.532257050901821931e+05
-9.521056134633857845e-03
-2.647981486937483808e+01
1.197761717154052974e+01
-1.195920920855852273e+03
2.065630413532603143e+03
-1.877586997915409938e+03
1.997678222429588459e+03
2.659548004993240284e+03
-7.757943679726326991e+02
2.837963756099752209e+04
1.100640220730342289e-02
1.200549294045232251e+01
2.640045654673751230e+01
-4.025211997015102497e+03
-8.591548010416835268e+02
2.715647426396362334e+03
1.556652299073849827e+04
7.878492156509943243e+02
-1.275693026710293452e+04
-1.752872025976951409e+05
9.861807057260126973e-04
9.586678670293513616e-01
2.082489123835935096e+00
4.372098232532009570e+04
-3.506170584109979245e+04
3.454409044365150621e+05
-2.011908953184650163e+05
-2.568461071615862966e+04
9.302886614980860031e+04
-2.765799974850636907e+06
-5.773559699593466821e-01
-6.668806984643720348e-01
4.702704479715406061e-01
2.187977320343542989e-02
-2.005623098224949483e-02
1.387492351577200231e-02
1.386342237474858137e-02
1.005173556010544207e-02
1.159851207269098870e-02
1.425740721127564774e-03
-5.844112544758955918e-01
-9.133385851361497387e-01
4.682429148054940704e-01
6.996317394944967738e+00
1.843265050816656014e+01
-3.725283841844295551e+01
-6.528073319065055280e+00
1.355241167624682497e+00
-3.018693266303457534e+01
-3.095443235296012396e+00
5.537457906292937437e-01
7.955637553017029795e-01
-1.340361897720111273e+00
3.792723748816380436e+01
-7.321913068199675800e-01
3.292871221595478293e+00
1.948910031298759193e+01
3.021882177045088014e+01
1.359877294309268958e+00
3.032489314157180149e-01
-2.511212335924565761e-02
2.654159819764339900e+00
-3.630170358733504088e+01
2.959059906013601903e+03
-1.191710372325455154e+02
6.690985226303754416e+02
-3.423649241357602023e+03
2.379536792935993617e+03
-3.082204466619763252e+02
1.455226383211642496e+04
1.399177852720528276e-02
-1.720217406063916243e+01
-1.026798181940908705e+01
1.073141746734617072e+03
2.117381833918348093e+03
-6.608172037926167832e+03
-1.350837910139457790e+03
5.367977191887015351e+02
-4.000063851393170353e+03
5.628308488904838305e+04
1.587613402327631498e-02
-1.815505102744022281e+01
1.579883101560090353e+01
3.944608035646162534e+03
1.934506414548161501e+03
-7.773015960718464157e+03
-2.469186724327582488e+04
3.041406718865770017e+03
-8.264427251729006457e+03
3.913273495273896260e+05
9.086223877386535863e-03
-3.265334627210786778e+01
-6.218496902803668291e+00
9.547906934403351897e+02
6.298171302569367981e+03
-3.017407024737175379e+04
-8.020243738568021854e+02
7.831773905127055286e+02
-1.305156438437718862e+04
2.350300408456926525e+05
-9.521037376880002456e-03
2.866957744783950712e+00
-2.892100890204298125e+01
2.386845486106870794e+03
2.916119131850078539e+00
-7.930008259461875468e+02
-2.622346660991795488e+03
2.659553022418529508e+03
-7.755743004013617110e+02
1.127517477058250006e+04
1.100640871549697468e-02
-2.886620487990647277e+01
-2.803166496579024169e+00
1.269082402461654510e+03
3.915124126771982901e+03
-1.484677053688155320e+04
-5.444146689819935091e+03
7.881660980054615493e+02
-1.275631359244881241e+04
1.854325481737163209e+05
2.106892220385295862e-04
-6.457849230477997748e-01
-3.408772792367220639e-02
6.775795343050733209e+04
-4.280684716685074090e+04
3.900558517620421480e+05
-2.813380564997933689e+05
4.189347934044586145e+04
1.047401487193912035e+05
-1.541924812527121743e+06
-5.773560679430616016e-01
-7.382599798427846860e-02
-8.126707635956781361e-01
-2.830908578369786474e-02
-8.920329176218922546e-03
-1.894351459670607501e-02
5.084419852759404501e-03
1.005174563173797352e-02
1.159850352138139598e-02
-3.724987136951963358e-04
-1.873524753852130742e-01
-6.863614990909489011e-01
-6.645184431345801945e-01
1.073962828262444624e+01
3.576602914603990513e+01
3.902702185024327530e+00
2.046838337210504477e+01
-2.684788632271901321e+01
1.391577458951011437e+01
-2.963282748527972243e-01
-7.829877734047338000e-01
-3.371976696088907488e-01
-1.567338289703307463e+00
2.059385282720800703e+01
3.011114160409869012e+00
3.028924832209141371e+01
-2.166669840697083060e+01
-1.393573997186667945e+01
-2.682260710227386014e+01
6.040663488303158468e-01
2.467329429055650780e-02
9.418745842682316183e-02
-1.868018512615377347e+01
1.914703021014806382e+03
-4.701769493799062047e+02
2.556232928367740442e+03
-5.512769803233657512e+03
-7.248899727321401087e+02
-3.310156373237745811e+03
2.904003701021838424e+04
1.475184149379599359e-02
-3.482369515831680928e+01
-1.282795461332880471e+01
7.221493493246750859e+02
3.161725875856053335e+03
-4.519628473990347629e+03
5.370496451571754051e+02
-2.329148664507891681e+03
2.267349888533771718e+03
6.725290526399908413e+04
-6.924085386147056404e-05
2.110536638246794183e+01
-9.986109251325673952e+00
4.460333003428521806e+03
-1.255366462017779213e+03
1.026879807613169987e+03
-2.508070076320974113e+04
-8.415621607504058375e+02
-7.180872871573669727e+03
4.004195095193677698e+05
-1.829222092754365092e-02
-6.868267214065262749e+00
3.304204136303533801e+01
-2.235984662224478143e+03
5.781557727110222913e+03
-2.978442462308150789e+04
8.004577630444644456e+03
-3.022674401344846046e+03
1.369420825389370111e+04
2.612901925486577384e+05
-9.521040959626182049e-03
2.361284590102237502e+01
1.694336775238921433e+01
-1.190884996376799336e+03
-2.068532421673227418e+03
2.670608595465178496e+03
6.245030966915142017e+02
2.659551092931868425e+03
-7.758775279102230797e+02
-4.001710400624242175e+04
1.100640725991030439e-02
1.686072080886697577e+01
-2.359730441607813134e+01
2.756107247726461537e+03
-3.056068297138705475e+03
1.213156688640962784e+04
-1.012254643069611666e+04
7.878040341081227780e+02
-1.275672415447340245e+04
-1.082450806026409555e+04
-1.194884292540826206e-03
-1.678630641917995936e+00
2.409923994390118285e+00
6.214917105614385218e+04
-1.828754393943287869e+04
2.985271269639694947e+05
-2.778103564387763035e+05
-1.593213412130640609e+04
-1.969254284948424902e+05
-1.075840061797238421e+06
