# 0.0J_-1.0g_0.31416theta_1.0472phi_10Chi_0.01delta_500N
2.332908923133018509e-14
1.870990640825102300e-15
1.626308924496068150e-15
1.507913224267368995e-15
1.591376576629129372e-15
1.513331124282085965e-15
1.590995607085972881e-15
1.514377567219524263e-15
1.590928435468762138e-15
1.515391254918595598e-15
1.590881567643162124e-15
1.516395011414478149e-15
1.590852729933251823e-15
1.517387131130338197e-15
1.590841852199195201e-15
1.518366644166163247e-15
1.590848827097119683e-15
1.519332648541320352e-15
1.590873545706801135e-15
1.520284327865367174e-15
1.590915896211889315e-15
1.521220948501348600e-15
1.590975763699254198e-15
1.522141856825415832e-15
1.591053029890164663e-15
1.523046476068363802e-15
1.591147572837662911e-15
1.523934302833842887e-15
1.591259266592501396e-15
1.524804903365908311e-15
1.591387980838927520e-15
1.525657909633801900e-15
1.591533580503161710e-15
1.526493015295586901e-15
1.591695925336016243e-15
1.527309971595662448e-15
1.591874869472269095e-15
1.528108583244143096e-15
1.592070260969124305e-15
1.528888704319011797e-15
1.592281941326311008e-15
1.529650234225233745e-15
1.592509744990819989e-15
1.530393113738229837e-15
1.592753498849150801e-15
1.531117321152979977e-15
1.593013021710515375e-15
1.531822868554277877e-15
1.593288123784492395e-15
1.532509798218436299e-15
1.593578606157193874e-15
1.533178179151669365e-15
1.593884260269485929e-15
1.533828103766811478e-15
1.594204867402771377e-15
1.534459684695154315e-15
1.594540198175489401e-15
1.535073051727884794e-15
1.594890012056726599e-15
1.535668348877451193e-15
1.595254056900944843e-15
1.536245731547118982e-15
1.595632068509787987e-15
1.536805363793714003e-15
1.596023770225931104e-15
1.537347415666178140e-15
1.596428872565447643e-15
1.537872060599503231e-15
1.596847072893590748e-15
1.538379472840904721e-15
1.597278055150095725e-15
1.538869824881221538e-15
1.597721489629811425e-15
1.539343284861290724e-15
1.598177032823799801e-15
1.539800013917829656e-15
1.598644327327696695e-15
1.540240163427107919e-15
1.599123001820704273e-15
1.540663872099021179e-15
1.599612671122141312e-15
1.541071262863247355e-15
1.600112936328249821e-15
1.541462439479908896e-15
1.600623385035003086e-15
1.541837482791406484e-15
1.601143591649502005e-15
1.542196446515463865e-15
1.601673117792951467e-15
1.542539352455940870e-15
1.602211512797698534e-15
1.542866184980190381e-15
1.602758314299660276e-15
1.543176884574080321e-15
1.603313048926292326e-15
1.543471340241182554e-15
1.603875233080073693e-15
1.543749380451511247e-15
1.604444373815956361e-15
1.544010762272152396e-15
1.605019969810911424e-15
1.544255158214564068e-15
1.605601512421621761e-15
1.544482140212093944e-15
1.606188486825406238e-15
1.544691159986670665e-15
1.606780373240480837e-15
1.544881524883061322e-15
1.607376648218131944e-15
1.545052367959338616e-15
1.607976785998672994e-15
1.545202610929708141e-15
1.608580259924937274e-15
1.545330918084775726e-15
1.609186543902229698e-15
1.545435639027495154e-15
1.609795113896034857e-15
1.545514737621283102e-15
1.610405449456862662e-15
1.545565704256503696e-15
1.611017035261574085e-15
1.545585448503766896e-15
1.611629362659654636e-15
1.545570169824413719e-15
1.612241931213367460e-15
1.545515205918392055e-15
1.612854250220011523e-15
1.545414862715934415e-15
1.613465840204773032e-15
1.545262238997510808e-15
1.614076234374854236e-15
1.545049075397467862e-15
1.614684980021263875e-15
1.544765686741208344e-15
1.615291639861167151e-15
1.544401083623282918e-15
1.615895793308919327e-15
1.543943456805891118e-15
1.616497037668559734e-15
1.543381278367269352e-15
1.617094989239847619e-15
1.542705330368578129e-15
1.617689284329849639e-15
1.541911917448864353e-15
1.618279580166518692e-15
1.541007210002042437e-15
1.618865555706841091e-15
1.540011975124750652e-15
1.619446912337892713e-15
1.538965002373992241e-15
1.620023374467954762e-15
1.537922945480108057e-15
1.620594690004684370e-15
1.536955044016939423e-15
1.621160630723250342e-15
1.536133562565507330e-15
1.621720992519857671e-15
1.535523416027295226e-15
1.622275595556673709e-15
1.535175094776130076e-15
1.622824284298689272e-15
1.535122938610585843e-15
1.623366927443908785e-15
1.535387648277875344e-15
1.623903417750696047e-15
1.535979608109040096e-15
1.624433671769861684e-15
1.536898476772779566e-15
1.624957629477633579e-15
1.538124107097457182e-15
1.625475253822440510e-15
1.539595904283784268e-15
1.625986530181202389e-15
1.541188680390850941e-15
1.626491465732476738e-15
1.542714960138983753e-15
1.626990088752401313e-15
1.543984699841771696e-15
1.627482447829622299e-15
1.544891073517723405e-15
1.627968611005316803e-15
1.545439781932911524e-15
1.628448664833850223e-15
1.545705187942144018e-15
1.628922713370709322e-15
1.545773399851053249e-15
1.629390877074349269e-15
1.545713042657031312e-15
1.629853291624436425e-15
1.545570411389591611e-15
1.630310106648047419e-15
1.545374276892947200e-15
1.630761484338019903e-15
1.545141835053275882e-15
1.631207597959699988e-15
1.544883199963344380e-15
1.631648630216432319e-15
1.544604299158449407e-15
1.632084771459598780e-15
1.544308619329188081e-15
1.632516217715751525e-15
1.543998230318574344e-15
1.632943168489295361e-15
1.543674380484057768e-15
1.633365824309543691e-15
1.543337843019151671e-15
1.633784383962678571e-15
1.542989118388031581e-15
1.634199041353476448e-15
1.543847018361961860e-15
1.634609981921367128e-15
1.544951672640300572e-15
1.635017378521273301e-15
1.546058972180392323e-15
1.635421386666916148e-15
1.547168753577956419e-15
1.635822139004679635e-15
1.548280856433972056e-15
1.636219738872535183e-15
1.549395114658896332e-15
1.636614252758187673e-15
1.550511351542286551e-15
1.637005701427224441e-15
1.551629377129967876e-15
1.637394049491758049e-15
1.552748987030041463e-15
1.637779193066021808e-15
1.553869962130133050e-15
1.638160945166084415e-15
1.554992068911683622e-15
1.638539018392421161e-15
1.556115060125100553e-15
1.638913004372070163e-15
1.557238675732196710e-15
1.639282349309829791e-15
1.558362644034170241e-15
1.639646324922120102e-15
1.559486682913142658e-15
1.640003993849899073e-15
1.560610501187152279e-15
1.640354168501491815e-15
1.561733800035427293e-15
1.640695362131481719e-15
1.562856274494032108e-15
1.641025730739429642e-15
1.563977614990725027e-15
1.641343004180881363e-15
1.565097508913276050e-15
1.641644404741792991e-15
1.566215642224662530e-15
1.641926551220127286e-15
1.567331701062349968e-15
1.642185346502308500e-15
1.568445373371561060e-15
1.642415846700288245e-15
1.569556350522148685e-15
1.642612110148916130e-15
1.570664328908417249e-15
1.642767025275433952e-15
1.571769011536302550e-15
1.642872117465398218e-15
1.572870109561732583e-15
1.642917337182600797e-15
1.573967343782588140e-15
1.642890834560560109e-15
1.575060446074344853e-15
1.642778730437608434e-15
1.576149160767555879e-15
1.642564900283114800e-15
1.577233245953338010e-15
1.642230795919611759e-15
1.578312474672088025e-15
1.641755340818156171e-15
1.579386636073910495e-15
1.641114945634614986e-15
1.580455536416838030e-15
1.640283700548832251e-15
1.581519000009496793e-15
1.639233800716134162e-15
1.582576870009801737e-15
1.637936236636190440e-15
1.583629009168817337e-15
1.636361688630084979e-15
1.584675300396972955e-15
1.634481269700376877e-15
1.585715647253152262e-15
1.632265687016173841e-15
1.586749974306472937e-15
1.629676238225376115e-15
1.587778227377181122e-15
1.626602507334226587e-15
1.588800373670023145e-15
1.622008849499801358e-15
1.589816401777427395e-15
1.604951425883414481e-15
1.590826321600666943e-15
1.615829751153056799e-15
1.591830164137175736e-15
1.612291622372144302e-15
1.592827981092039142e-15
1.608185489931537159e-15
1.593819844472904601e-15
1.603884464958753349e-15
1.594805846063995210e-15
1.599497344100182399e-15
1.595786096647696884e-15
1.595096213321524595e-15
1.596760725335429578e-15
1.590739876926995017e-15
1.597729878637311666e-15
1.586477034783604446e-15
1.598693719390105869e-15
1.582346540306449976e-15
1.599652425638464009e-15
1.578377608153325785e-15
1.600606189403354211e-15
1.574590468223233721e-15
1.601555215173901832e-15
1.570997417891580850e-15
1.602499718442022745e-15
1.567604099106253060e-15
1.603439923854261865e-15
1.564772330062062013e-15
1.604376063421492650e-15
1.567772895525883970e-15
1.605308374299973850e-15
1.570584358848019692e-15
1.606237096389438437e-15
1.573215376140690302e-15
1.607162469821288509e-15
1.575675844552778538e-15
1.608084732040241439e-15
1.577976315402992283e-15
1.609004114458573367e-15
1.580127554921216804e-15
1.609920838887376561e-15
1.582140227243739784e-15
1.610835113455885688e-15
1.584024675013038882e-15
1.611747127962131417e-15
1.585790775428918600e-15
1.612657048648742009e-15
1.587447853140588760e-15
1.613565012598385764e-15
1.589004635176286291e-15
1.614471120664985858e-15
1.590469235490014290e-15
1.615375430438868433e-15
1.591849160595952243e-15
1.616277947487079130e-15
1.593151328959710606e-15
1.617178615748791538e-15
1.594382099140072294e-15
1.618077306595353787e-15
1.595547303123951264e-15
1.618973806372030335e-15
1.596652282037581180e-15
1.619867802445332169e-15
1.597701922716856835e-15
1.620758866960484556e-15
1.598700693334291403e-15
1.621646439135144261e-15
1.599652677944814191e-15
1.622529804684815354e-15
1.600561608959588535e-15
1.623408073046758150e-15
1.601430897566383343e-15
1.624280151455578543e-15
1.602263661438590274e-15
1.625144716613075949e-15
1.603062750497353883e-15
1.626000182495828465e-15
1.603830769619957316e-15
1.626844665422318236e-15
1.604570098593263733e-15
1.627675945513523595e-15
1.605282908068547431e-15
1.628491425122599143e-15
1.605971168711304725e-15
1.629288084188999363e-15
1.606636644109094241e-15
1.630062433242266305e-15
1.607280831699535351e-15
1.630810465112749999e-15
1.607904679152467271e-15
1.631527606254725617e-15
1.608506785985607713e-15
1.632208670123062295e-15
1.609055058107974569e-15
1.632847814064132002e-15
1.609209208243690450e-15
1.633438504389791089e-15
1.610219669930781028e-15
1.633973492380513178e-15
1.610781456225584410e-15
1.634444807111868712e-15
1.611319818174065426e-15
1.634843770651971714e-15
1.611844384056788575e-15
1.635161041522262857e-15
1.612357350898027735e-15
1.635386695264363006e-15
1.612859825104307896e-15
1.635510345329104252e-15
1.613352601650117549e-15
1.635521316747019801e-15
1.613836337283348305e-15
1.635408868344087963e-15
1.614311604592188004e-15
1.635162471839085114e-15
1.614778913552194686e-15
1.634772142452485868e-15
1.615238722847386956e-15
1.634228811646802704e-15
1.615691446477948425e-15
1.633524728277837662e-15
1.616137458609106417e-15
1.632653866954014486e-15
1.616577096877174260e-15
1.631612318506169482e-15
1.617010665815686612e-15
1.630398629972066709e-15
1.617438439451666921e-15
1.629014061882914421e-15
1.617860663581133381e-15
1.627462740929096632e-15
1.618277558151404442e-15
1.625751677765361108e-15
1.618689319014230740e-15
1.623890647744310348e-15
1.619096119949569630e-15
1.621891930329484383e-15
1.619498114040135874e-15
1.619769930381541356e-15
1.619895435758456024e-15
1.617540699592753835e-15
1.620288201945928037e-15
1.615221402511049761e-15
1.620676513455623907e-15
1.612829758758914388e-15
1.621060456348100646e-15
1.610383505652717228e-15
1.621440103158352109e-15
1.607899908812880076e-15
1.621815514002577694e-15
1.605395346226930024e-15
1.622186737599892898e-15
1.602884982519399091e-15
1.622553812124619169e-15
1.600382536970333270e-15
1.622916766437911738e-15
1.597900139413653855e-15
1.623275620571910767e-15
1.595448270970645654e-15
1.623630386876612379e-15
1.593035774567636893e-15
1.623981070417608387e-15
1.590669913649104381e-15
1.624327670028684101e-15
1.588356476820807999e-15
1.624670178666091033e-15
1.586099909471965198e-15
1.625008583884463324e-15
1.583903452539524624e-15
1.625342868731851639e-15
1.581769294180689254e-15
1.625673011884354704e-15
1.579698715825139875e-15
1.625998988225172594e-15
1.577692233599175708e-15
1.626320769191778108e-15
1.575749726199834428e-15
1.626638322824099211e-15
1.573870551003347426e-15
1.626951614348935587e-15
1.572053650057001422e-15
1.627260606059253264e-15
1.570297639544845330e-15
1.627565257500127405e-15
1.568600888907346124e-15
1.627865525391887146e-15
1.566961584658973889e-15
1.628161363762570464e-15
1.565377789732310318e-15
1.628452723407537503e-15
1.566176996091169256e-15
1.628739551641604356e-15
1.567722562368112016e-15
1.629021791783308493e-15
1.569217164546607721e-15
1.629299381427715159e-15
1.570662887595428740e-15
1.629572249982827248e-15
1.572061782873911218e-15
1.629840308683739843e-15
1.573415856829735055e-15
1.630103399141836857e-15
1.574727048189485327e-15
1.630360587007397408e-15
1.575997239187118156e-15
1.630590627930554781e-15
1.577228232523330675e-15
1.630862689167801391e-15
1.578421759645570709e-15
1.631105994112997229e-15
1.579579469226343815e-15
1.631343522523686885e-15
1.580702937202793195e-15
1.631575403048467198e-15
1.581793661190267594e-15
1.631801485125101052e-15
1.582853051440761078e-15
1.632021549804605424e-15
1.583882454543924766e-15
1.632235326111902135e-15
1.584883137752840231e-15
1.632442484241260469e-15
1.585856291580157196e-15
1.632642622180900401e-15
1.586803050877724224e-15
1.632835246149963159e-15
1.587724473125891783e-15
1.633019746717131977e-15
1.588621564462637497e-15
1.633195362998966000e-15
1.589495262960185715e-15
1.633361135294765739e-15
1.590346447893004927e-15
1.633515842015561825e-15
1.591175950711344368e-15
1.633657910721334793e-15
1.591984552336962621e-15
1.633785292589101374e-15
1.592772979901796580e-15
1.633895278552617384e-15
1.593541917455203454e-15
1.633984234913836278e-15
1.594292015870533598e-15
1.634047202887782631e-15
1.595023869293669649e-15
1.634077290369072533e-15
1.595738039932662172e-15
1.634064708851874791e-15
1.596435055433178774e-15
1.633995210001725240e-15
1.597115415643738744e-15
1.633847471588627000e-15
1.597779584771453957e-15
1.633588543890457721e-15
1.598427993829119976e-15
1.633165587220749626e-15
1.599061058981344309e-15
1.632490133743552446e-15
1.599679159085435240e-15
1.631406533339016929e-15
1.600282650270422661e-15
1.629625195066506391e-15
1.600871873450734745e-15
1.626574579513427720e-15
1.601447144002069992e-15
1.621071437165282047e-15
1.602008755609792044e-15
1.610697941854826655e-15
1.602556983713255158e-15
1.591631761959192530e-15
1.603092105637409076e-15
1.567364137609137266e-15
1.603614396188094768e-15
1.594663752415666112e-15
1.604124049043139907e-15
1.612342132494285192e-15
1.604621303058942259e-15
1.622054642803576309e-15
1.605106373725917483e-15
1.627420379877995025e-15
1.605579466781989106e-15
1.630576688053351971e-15
1.606040745951430372e-15
1.632567868516240802e-15
1.606490414173616653e-15
1.633905910404938973e-15
1.606928655316194687e-15
1.634854990380144595e-15
1.607355623770182957e-15
1.635559631656509652e-15
1.607771481344984199e-15
1.636103345992936747e-15
1.608176376904818345e-15
1.636536783563050962e-15
1.608570469050011040e-15
1.636891979037880488e-15
1.608953893421419842e-15
1.637189946246691414e-15
1.609326788156138655e-15
1.637444912785658704e-15
1.609689295801640512e-15
1.637666782746626547e-15
1.610041540301185857e-15
1.637862624610874316e-15
1.610383651332334283e-15
1.638037580981630240e-15
1.610715750177877925e-15
1.638195477878860016e-15
1.611037958349834151e-15
1.638339205446111944e-15
1.611350389738188082e-15
1.638470987496860726e-15
1.611653161519561158e-15
1.638592554124474837e-15
1.611946387320063739e-15
1.638705273264740715e-15
1.612230166830905081e-15
1.638810242282093204e-15
1.612504618402912669e-15
1.638908337023731288e-15
1.612769839837348718e-15
1.639000282229609205e-15
1.613025923571122089e-15
1.639086671618850044e-15
1.613272981149771414e-15
1.639167995869860488e-15
1.613511096248544613e-15
1.639244673297601223e-15
1.613740371684542453e-15
1.639317053565249683e-15
1.613960908405191200e-15
1.639385440016574987e-15
1.614172770209309501e-15
1.639450087639270662e-15
1.614376065209081404e-15
1.639511218041679889e-15
1.614570880916437033e-15
1.639569025088907498e-15
1.614757287743343206e-15
1.639623676794965758e-15
1.614935366920523895e-15
1.639675322764559400e-15
1.615105188465642670e-15
1.639724102230362609e-15
1.615266815100875881e-15
1.639770133477754039e-15
1.615420336065249828e-15
1.639813505573879423e-15
1.615565799777131320e-15
1.639854331724114695e-15
1.615703313938850539e-15
1.639892686535727608e-15
1.615832886585037255e-15
1.639928643771443265e-15
1.615954599878879006e-15
1.639962271274719858e-15
1.616068518330699839e-15
1.639993632428856173e-15
1.616174715377711462e-15
1.640022794273662498e-15
1.616273229393909038e-15
1.640049808832556592e-15
1.616364068299546181e-15
1.640074707952924474e-15
1.616447352370401346e-15
1.640097551179851741e-15
1.616523055772360231e-15
1.640118377969253132e-15
1.616591117558532593e-15
1.640137218331295875e-15
1.616651748427446245e-15
1.640154111595863922e-15
1.616704883689825818e-15
1.640169073807559586e-15
1.616750562593578614e-15
1.640182153254758219e-15
1.616788909226440815e-15
1.640193395877895410e-15
1.616819976787524018e-15
1.640202792331429298e-15
1.616843630019247217e-15
1.640210376452344217e-15
1.616859875949866263e-15
1.640216178427996400e-15
1.616868873724769061e-15
1.640220219659736106e-15
1.616870565689404358e-15
1.640222492277874520e-15
1.616864749388185456e-15
1.640223046654927727e-15
1.616851365271117870e-15
1.640221893602309176e-15
1.616830493336612624e-15
1.640219050147450360e-15
1.616802113860095377e-15
1.640214525653552383e-15
1.616766633425939544e-15
1.640208358328371381e-15
1.616724140202859934e-15
1.640200555636567765e-15
1.616674062955899241e-15
1.640191139527584658e-15
1.616616549427757004e-15
1.640180085821701722e-15
1.616551652381128628e-15
1.640167428484469868e-15
1.616478948234736943e-15
1.640153167514789820e-15
1.616399419121947623e-15
1.640137286745606556e-15
1.616312727708153503e-15
1.640119836710507360e-15
1.616218537092130837e-15
1.640100804901467545e-15
1.616117385534817714e-15
1.640080203231048032e-15
1.616009488243177672e-15
1.640058034872669595e-15
1.615894175342077651e-15
1.640034360172443763e-15
1.615770201311804478e-15
1.640009119325702564e-15
1.615639009808359201e-15
1.639982360096944345e-15
1.615501052694766927e-15
1.639954102947231679e-15
1.615356057638333665e-15
1.639924344354519138e-15
1.615203005668090982e-15
1.639893169909715984e-15
1.615043362624485501e-15
1.639860505879175120e-15
1.614875298186219434e-15
1.639826353801779380e-15
1.614699388495825171e-15
1.639790655386325152e-15
1.614515926738733446e-15
1.639753544026203498e-15
1.614325293618531009e-15
1.639714951514566662e-15
1.614126628378519361e-15
1.639674933016818847e-15
1.613919534737860425e-15
1.639633523574542679e-15
1.613705098661110405e-15
1.639590729321944224e-15
1.613482547276050549e-15
1.639546605641696150e-15
1.613251476336080763e-15
1.639500997064210492e-15
1.613014041064225837e-15
1.639454006109478940e-15
1.612771042953560098e-15
1.639405623401830667e-15
1.612520644678635326e-15
1.639355816102998968e-15
1.612263566854150348e-15
1.639304940013631449e-15
1.611999918258066121e-15
1.639252634760239022e-15
1.611728990362937790e-15
1.639199154448736748e-15
1.611451331836987595e-15
1.639144419091401685e-15
1.611162417163667075e-15
1.639088429160532744e-15
1.610862279039392334e-15
1.639031135088621545e-15
1.610556003909524649e-15
1.638972699548169063e-15
1.610238267582775596e-15
1.638912945671081905e-15
1.609914934592878809e-15
1.638852152643842873e-15
1.609581805209167343e-15
1.638790144093307459e-15
1.609241641346309064e-15
1.638726842776810190e-15
1.608893413245225040e-15
1.638662641652494982e-15
1.608532032839744009e-15
1.638597474780717083e-15
1.608153897493703705e-15
1.638531226231306954e-15
1.607761210101741459e-15
1.638463731517387483e-15
1.607357765003522421e-15
1.638395224895076205e-15
1.606938591077314299e-15
1.638325682471094291e-15
1.606511701438615495e-15
1.638255331139138392e-15
1.606063609644641681e-15
1.638183947075140822e-15
1.605599511513755829e-15
1.638111572870845899e-15
1.605110178595833438e-15
1.638037802997230359e-15
1.604607531873989279e-15
1.637962867061933482e-15
1.604080215256736148e-15
1.637886428953904696e-15
1.603544565847359464e-15
1.637808986194637217e-15
1.602979141454106542e-15
1.637730106688765688e-15
1.602373901937523371e-15
1.637649673465231622e-15
1.601725653519519979e-15
1.637567717415876780e-15
1.601039106514505695e-15
1.637484770419664402e-15
1.600344638641587280e-15
1.637400077565272253e-15
1.599635970395672151e-15
1.637313853404430676e-15
1.598889290987720476e-15
1.637225492001525504e-15
1.598087858959047639e-15
1.637135468887476211e-15
1.597236805150024068e-15
1.637043358274506851e-15
1.596378247295565551e-15
1.636949622887304055e-15
1.595496620218762379e-15
1.636852755931544012e-15
1.594602359438610969e-15
1.636752378429542205e-15
1.593701161525005422e-15
1.636648174259230238e-15
1.592768011244402843e-15
1.636540256001177609e-15
1.591763722536819072e-15
1.636426780054942817e-15
1.590736709778785545e-15
1.636308107670049326e-15
1.589667062164114850e-15
1.636182896560989445e-15
1.588564338081055349e-15
1.636050266009421663e-15
1.587468220571938418e-15
1.635912237983788852e-15
1.586347959365052369e-15
1.635765790935137137e-15
1.585182206102952039e-15
1.635608269113379786e-15
1.583953498043389670e-15
1.635438698474479328e-15
1.582688048973191472e-15
1.635254874563146981e-15
1.581379927553931348e-15
1.635059665482182599e-15
1.580050905642248682e-15
1.634849529129924697e-15
1.578768215136714269e-15
1.634618405458249315e-15
1.577492516917446201e-15
1.634370447798278454e-15
1.576244109979066984e-15
1.634104273566194312e-15
1.575016386455288786e-15
1.633816307286111474e-15
1.573826489961642248e-15
1.633499052368076810e-15
1.572693850195789379e-15
1.633144145576317511e-15
1.571547019154701630e-15
1.632762314845225793e-15
1.570436299460769603e-15
1.632345366142549488e-15
1.569411893111601543e-15
1.631879170490641068e-15
1.568663220298516154e-15
1.631369066117293373e-15
1.568553553121976956e-15
1.630810253353259488e-15
1.568439654022003545e-15
1.630183152863783029e-15
1.568325470994368059e-15
1.629468012817764604e-15
1.568223483246144910e-15
1.628656101581199735e-15
1.568160414876817151e-15
1.627769329355235922e-15
1.570526896454849890e-15
1.626759367125078814e-15
1.571428273524833945e-15
1.625660417372345933e-15
1.571152534156117662e-15
1.624475079805132640e-15
1.574603077211773719e-15
1.623137685546997735e-15
1.580013413813988834e-15
1.621610049242671174e-15
1.578000284605742655e-15
1.619976580951480806e-15
1.576283907973536176e-15
1.618159896702184407e-15
1.574880967331352866e-15
1.616178674011530471e-15
1.573774579577701552e-15
1.614069506559707488e-15
1.573503225491325094e-15
1.611920139386468701e-15
1.573554895085180024e-15
1.609820705292185074e-15
1.573615621292679859e-15
1.607739071527885069e-15
1.573658380328707405e-15
1.605557359437521944e-15
1.573694987729116000e-15
1.603248467906325735e-15
1.573737998879943116e-15
1.600802166613824527e-15
1.573797070557583641e-15
1.598239165985842299e-15
1.573897456932222748e-15
1.595870199152139793e-15
1.573992757562917436e-15
1.593784745595522505e-15
1.574031235449633198e-15
1.591683073597623331e-15
1.574132845269911995e-15
1.590335669697669367e-15
1.574231058679579127e-15
1.590487479501878905e-15
1.574274603306108560e-15
1.590781475986458253e-15
1.574353158210163606e-15
1.589924677967431793e-15
1.574434697811990908e-15
1.599171176918688887e-15
1.574492274737646021e-15
1.590463249785655664e-15
1.574543090255904484e-15
1.605584126492742555e-15
1.574621312685751003e-15
1.598978013531454728e-15
1.574679066983392892e-15
1.590846261565900225e-15
1.574707976873635244e-15
1.590842018600547997e-15
1.574776332399343313e-15
1.601487563907994405e-15
1.574800319045998176e-15
1.593941039250592624e-15
1.574800475602179915e-15
1.590980166787471681e-15
1.574902769170862526e-15
1.598995742387180591e-15
1.575233577797296734e-15
1.597449175025537306e-15
1.575598169873053287e-15
1.612505044738588211e-15
1.575930617422727760e-15
1.617255533976853509e-15
1.576237412178018358e-15
1.624269991726739870e-15
1.576539322810161470e-15
1.622352324805291576e-15
1.576792501443936398e-15
1.633659545203041840e-15
1.577096663265379019e-15
1.633107617159216093e-15
1.577417931754687845e-15
1.634711860838948990e-15
1.577690736216107055e-15
1.638006997406804677e-15
1.577989237765327024e-15
1.639968955137399743e-15
1.578251788372284949e-15
1.648090272441997892e-15
1.578491660398438294e-15
1.635702769894138050e-15
1.578787889577834527e-15
1.634576290435774559e-15
1.579063034532969407e-15
1.648090521274662779e-15
1.579285265557101593e-15
1.648090597109233822e-15
1.579554159921521987e-15
1.614892588364420394e-15
1.579760792245867584e-15
1.648090738602143593e-15
1.580028591681352314e-15
1.648090804418383285e-15
1.580326881979640677e-15
1.648090867050820003e-15
1.580547685205112156e-15
1.648090926575041217e-15
1.580746734580247009e-15
1.648090983065316209e-15
1.580939904556118446e-15
1.648091036594616584e-15
1.581120558132698435e-15
1.648091087234634218e-15
1.578296344602244002e-15
1.648091135055791712e-15
1.585956470634971974e-15
1.648091180127269010e-15
1.586202548692374256e-15
1.648091222517010308e-15
1.586467052509830054e-15
1.648091262291744955e-15
1.586737819014010270e-15
