# -0.55J_-0.45g_0.83776theta_0.0phi_10Chi_0.01delta_500N
-5.803196590494830165e-01
6.870182069615058396e-01
3.575246609301514500e-01
2.457656936446015739e-01
1.537742236920917709e-02
4.836971113966240937e-02
-1.235470249666404674e-01
1.213645549870854129e-01
-1.287058590075887965e-01
7.680286700509714182e-02
7.622098251210733810e-01
-1.302231784790918834e+00
-5.824567028789857659e-01
1.952926722596962206e+00
1.288968914572553137e+00
3.796897490854794777e-01
-2.699833947926182809e+00
1.525602028231559659e-01
-2.662701842105316352e+00
1.062959325728877635e+00
1.615216215517595588e-01
-8.252837176591879542e-01
3.244437465551398558e-01
1.023094102044364850e-01
-3.041471890577372772e+00
2.782629294166440115e+00
-4.729598177754126831e-01
2.476881417740991687e+00
4.901857379634492196e-01
1.044194469624844190e+00
1.566464447993493880e-01
-1.771599340870424477e-01
1.681972857786371955e+00
-1.533194113180414142e+01
-1.936075492986013558e+01
5.564486120220376364e+00
2.065506528225462191e+01
-1.104101820066491824e+00
2.378238197998683745e+01
-1.449088327213776317e+01
2.033155015952843314e-01
2.846322527398987390e+00
-2.003908018595663254e+00
-1.565670379945216162e+01
1.847355739224979843e+01
-2.433412216251406335e+01
4.142481441331125325e+01
-1.348456725379251431e+01
9.901398149520998615e+00
9.399476975358662401e+01
-6.479440116984827580e-02
-2.315303339872279320e+00
1.753809897868298995e+00
4.236973055248567377e+00
-1.924466710723774909e+01
2.644142334400225280e+01
-6.122202859897612370e+00
9.656449162436274491e+00
5.478798420984774431e+00
-3.837762172521134119e+01
9.840421130444132469e-02
9.935477529381496753e-01
2.583979005908112025e+00
-3.028463873344053070e+01
-3.800130801825142157e+01
1.856866564583132018e+01
3.914442374828008298e+01
5.461634143146205211e+00
3.943898001883224680e+01
-1.150237999660179753e+02
1.445605115782541139e-01
2.271114735299996301e+00
5.993834224249251497e-01
-2.406629011264528373e+01
-1.621774244519767905e+01
1.531099493497732889e+00
5.165395610855521369e+01
-1.330815111206063683e+01
4.387344397790128880e+01
-1.626640622919211410e+01
-1.153353079899402112e-01
-1.573837446725208089e+00
-1.820349756071292902e+00
3.261618280900491129e+01
3.161133493506490666e+01
-8.279235006540989872e+00
-6.748773093519379529e+01
2.530460072414498285e+01
-7.786789659512038497e+01
-4.212226524272884021e+00
8.153676074332931456e-02
1.098620336174979784e+00
4.045914114271511042e-01
8.249879316681280272e+01
-2.636740704142018643e+01
4.589426973444654578e+01
-3.341159198998557258e+02
1.630913834652714911e+01
-6.151833479885713274e+01
-9.959422429449076617e+02
-5.788559357865087351e-01
-6.537897470236817554e-01
4.166857979114211297e-01
-1.363275790681889033e-01
2.056722271841488758e-01
4.835735100122219576e-02
1.650663728837319655e-01
4.932308359993073377e-02
-1.300415133149211977e-01
-1.005530645742808427e-01
-2.413631609893249763e-01
-4.635625553802313892e-01
-3.396678351912028049e-01
3.273203943996089382e+00
8.704003699728968257e-01
2.223781621783643025e+00
1.339695501583209047e+00
-1.841400682594704907e+00
1.734875856909814162e+00
-8.266756198781419207e-02
-7.414219755280216928e-01
-1.072235360638214230e+00
1.166158107364134722e+00
5.289219627561521087e-01
-1.715720366069183100e+00
-1.716396715768356174e+00
-2.458812240041363228e+00
-1.597730711859127739e+00
2.076792461320599248e+00
1.303215509064827637e+00
9.789710577035970474e-02
9.455344340813311987e-01
3.504085835819823469e+00
-1.921307923927189520e+01
-1.758635519545659420e+01
-2.368064191551781050e+01
-2.127401735596957977e+01
-1.485149797680435135e+01
-3.631093727079973910e+00
-2.234970783970472752e+01
-2.378654642834781840e-01
1.024365072650820885e+00
-8.772538517639901778e-01
-1.717513390952264629e+01
1.439855564919355047e+01
7.140854899176680703e+00
2.621728980351607774e+01
2.903176869868378063e+01
-2.569155694182312999e+01
4.024684389407505591e+01
-6.529442285037435900e-02
-3.586705234500403572e-01
-2.897046400863360294e+00
1.466798450111312846e+01
1.307524364373085746e+01
2.646901282809731626e+01
1.065067473880682236e+01
-6.610741809225716414e-01
5.856335174775200159e+00
8.907463436900581399e+00
-1.737958109114975114e-01
2.775895266848630083e+00
-1.229207376931424900e+00
-4.667452069101814516e+01
1.481156529226215213e+01
-1.089988301750556587e+01
4.167847714062696696e+01
5.296567694962783435e+01
-5.884902514218369873e+01
4.789758014046218371e+00
1.425076018661860199e-02
-1.545421232744593532e+00
-1.192917090616837816e+00
2.853883306568218359e+01
9.004917891510384464e-01
1.595133331769388008e+01
6.298497103923759610e+00
-1.020191288760105053e+01
1.232855228641422229e+01
-3.954832548699861672e+00
-1.165876018908817702e-01
2.372890005745618147e+00
-4.553922492760147933e-01
-4.371155070662519648e+01
1.259638281568572538e+01
-8.500128001007666967e+00
5.595261155960719179e+01
4.672856336371491892e+01
-7.828650804586845879e+01
6.278467247003140983e+01
-8.570212722968641172e-02
1.213429184065174971e+00
-1.684030619303271414e-01
3.966931963995737931e+01
-3.979752530122209464e+01
-8.562906753988997366e+00
-1.846050014919710804e+02
-1.282611700157090695e+02
1.009646142756667615e+02
-5.082605142642269698e+02
-5.796592787570582495e-01
-3.467784312731726076e-02
-7.739514129577940160e-01
-1.104736348064054852e-01
-2.205921578900708613e-01
4.872134381068447123e-02
-4.138567564475209570e-02
-1.697973231478774603e-01
-1.306221623817292454e-01
3.461285432901619469e-02
-5.219254080889429437e-01
-6.737316271439698356e-01
-1.191542611009459574e+00
2.253812897153079753e+00
-6.413331755685115765e-02
-2.595761272215919124e+00
1.018056996636073075e+00
2.661761737140427631e+00
9.388124637156174401e-01
6.236393431452556813e-02
5.790761690646847315e-01
-2.186161495267095467e-01
9.539755196454072772e-01
1.461998426117575800e+00
-2.741306011556400968e+00
-1.069183815441967500e+00
2.027750153396717714e+00
-1.275028073874385548e+00
-2.564470984413709687e+00
2.746368537075314364e-01
-2.547542451642915151e-01
1.965639869388475791e+00
1.618403935156411011e+00
-1.583475924737575902e+01
-1.500597015567779380e+01
1.814467281989195158e+01
1.201521248672175268e+01
-4.423803516119461676e+01
-2.013612925404076037e+01
1.363989115594131007e+01
3.379417029539489442e-02
2.905493156496874896e+00
1.431785104365238814e-01
-1.979098302393110131e+01
1.775581816411899183e+01
1.694982459718173118e+01
-2.676422014349827183e+00
-4.695630235834841848e+00
1.639783477565914893e+01
5.855128537736371186e+01
-6.515154621196408979e-02
2.677288233730559686e+00
1.138206102732543412e+00
-1.866353112231885802e+01
5.960573756692475023e+00
2.638210088668071407e+01
-5.364075426438971839e+00
-9.479926854924096702e+00
5.680521215258121259e+00
2.105870644340515341e+01
7.538785612663069513e-02
-1.401637394423275174e+00
-8.809631313626080651e-01
7.288139075370742681e+00
2.992414833955221898e+00
-8.185764259923727693e+00
-1.056685801904241551e+00
3.124170929702196631e+01
1.913501177022086708e+01
-4.923397175045337804e+01
-1.576964736328820560e-01
-1.189465722757786725e+00
2.998830177647070716e+00
1.723686038524968467e+01
-5.296146619788993348e+01
-1.758048507780998193e+01
2.463175744416123791e+01
-4.980645307572575575e+01
-5.723554853810824739e+01
-1.148584867368018223e+02
-1.162360297528324121e-01
-7.921157399470838412e-01
2.290117856182769529e+00
1.152847733776329164e+01
-4.424647116842540839e+01
-8.582743196804592856e+00
1.024183431650212661e+01
-7.015724466878474175e+01
-7.932690357169335016e+01
-8.588728085218798469e+01
8.341616747131689463e-03
5.463625900531975388e-01
-5.953538633840298189e-02
3.846225517300074159e+01
1.235948398147088900e+00
-1.940121169057345085e+01
-1.152190369670249339e+02
4.695209795985623913e+01
-4.020368849082213103e+01
-4.910219877111604205e+02
