# -0.55J_-0.45g_0.89012theta_0.0phi_10Chi_0.01delta_500N
-5.797347176653501188e-01
4.524995367663015022e-01
6.364585534790340171e-01
-2.479483874358461293e-01
5.273675666083451480e-02
-4.622823489256563251e-02
1.386051785209054810e-01
6.815072281156377143e-02
1.294864911331915502e-01
-8.099589907505785891e-02
7.655347383782220572e-01
-1.155696546996964447e+00
-1.065064390370110914e+00
-1.972860611440620415e+00
5.293201283589913375e-01
-1.404154172749349172e+00
1.944829226083421014e+00
2.181370178543804883e+00
2.440588957034815820e+00
-8.984707598852499366e-01
1.298817368908858905e-01
5.088915486442168179e-01
-3.522354927878742492e-01
-1.460017672791044552e+00
-3.102341470954016689e+00
2.619739052438632143e+00
-2.019814492833037267e+00
1.504777806839030063e+00
1.410495037675269403e+00
2.074217223012893574e-01
-2.778696345266542037e-02
2.656190730889433915e+00
-1.593544667864374098e+00
-1.131654266000810516e+01
-2.480022789478438128e+01
1.843692281097512620e+01
-9.293996994831372760e+00
-3.909835740270998006e+00
1.662398360209911630e+01
3.123029694390196909e+01
2.498486302066510734e-01
2.391649118678658592e+00
4.835001761127051823e-01
2.458890928970876288e+01
-1.052362067822721237e+01
1.687220884262900356e+01
-3.546079369018818284e+01
-4.325208571870859231e+01
-2.655607757643460687e+01
-3.195539523789875602e+01
5.734954959016542314e-02
2.902853280865814067e+00
-6.239450199454910084e-01
-7.469929596505897607e-01
-2.012324144757707245e+01
2.738990332006767758e+01
-1.233854131194647508e+01
-1.793033887344043897e+00
6.006694644842204944e+00
5.294878666785656662e+00
-1.322626696799385493e-01
-1.791500259262327255e+00
-1.628401975352281150e+00
-3.461257158466246153e+01
-3.507861210663393514e+00
-1.796355208498662259e+00
4.031282340564333566e+01
6.377964953022586769e+01
4.817649116694860822e+01
-8.962341791134965874e+00
-8.238718028863926957e-02
4.690680428935887769e-01
-2.825568850274291943e+00
-3.675766325783383337e+01
-2.703958026226509048e+01
1.994640582694432851e+01
-1.387571153595666962e+00
2.837038866330383868e+01
3.652026541519251168e+01
6.269105480360082794e+01
-1.131138861853518973e-01
-6.216462605190510304e-01
-2.419585619993386505e+00
-4.334994001462874280e+01
-1.995212881692997797e+01
8.142148431271778009e+00
5.227933312311724734e+01
5.089350366088490318e+01
8.285594336378755997e+01
8.846081489568689449e+01
-9.141020363860083431e-02
-5.488460863828659164e-01
-1.162621640389958078e+00
8.231824908024869103e+01
-1.658095810722279495e+01
1.937068692757762634e+01
-2.126668246335857475e+02
-2.077362071211174452e+02
-1.120635465008908227e+02
-5.047396405617978985e+02
-5.792971032775302564e-01
-7.777506770850799445e-01
7.339972586575475855e-02
7.860592011522575528e-02
-2.412924177586949215e-01
-4.604705863296458535e-02
-1.164493118221115488e-02
-1.551500391304741766e-01
1.306919943170604947e-01
-2.876041011223598801e-02
-4.955621664108629254e-01
-7.948769515949791753e-01
-2.997372145147308431e-01
-3.215898265107158149e+00
7.419928049316520946e-01
-1.572855235459799106e+00
-2.448994952210121756e+00
5.342170838811566291e-01
-2.453188123945222454e+00
7.491571717308288803e-02
5.979180071381161587e-01
1.275353764688963665e+00
-7.138978778740289188e-01
-1.244454299854932167e+00
-1.853187218359379607e+00
-2.529619654879509572e+00
-3.824164597028030799e-01
-2.904600630929149663e+00
1.430586594737178530e+00
-9.630021327270598119e-01
-2.028647350034315233e-01
1.376460689159493489e+00
-3.128698726674714603e+00
-1.104053206703678924e+01
-2.421664159913480319e+01
-2.381735783045578358e+01
1.724250968501197789e+01
-5.098778872260393769e+01
1.435062584376091799e+01
8.304347810436092914e+01
-1.494429485710011829e-01
8.525972333573975659e-01
1.764386266830314076e+00
2.520770936075111734e+01
-1.077482148432828879e+01
7.640765425179576908e+00
1.071820924176792822e+01
-1.595480136335286581e+01
2.774540757796927437e+01
-4.634752749530477445e+01
5.739424037613756469e-02
-9.152478173376601411e-01
2.827920796020551464e+00
1.781724663744449799e+01
9.602143828523544755e+00
2.748365615421534613e+01
4.157363082569825785e+00
1.275610703191429529e+01
5.829225016692867634e+00
-4.069703769870033483e+01
-6.413695863010491702e-03
7.739713020963645551e-01
1.939389431107598094e+00
2.613898982114003999e+01
-3.081323526637640420e-01
1.862057227711434138e+01
2.723837080508161534e+00
3.010897811366220722e+01
6.340731533806250653e+00
-1.758515003957506906e+02
1.563485962070842727e-01
-3.109568654814731214e+00
-2.631736124115592323e-01
-3.941764839343137794e+01
3.284071589711815164e+01
-9.017341526420276310e+00
-3.994664734546086038e+01
6.023753719000301032e+01
-6.096676983538255712e+01
7.478080845091083972e+01
-1.132082296824557105e-01
2.399917409630099918e+00
6.661054612778335438e-01
3.916549493531946524e+01
-2.730552584503804070e+01
8.348741742828234891e+00
1.810760580631864158e+01
-6.907578008648656009e+01
8.302286166886339913e+01
-5.899675851336888144e+01
2.393092527084625040e-02
-2.458605081553654759e-01
-5.555878526239739212e-01
4.102944172961829139e+01
7.559733315955424970e+00
2.045067977482101895e+01
-8.918596902616725686e+01
-1.442646713850365714e+01
7.084260777815757137e+01
-5.420951104452567506e+02
-5.791346497272320537e-01
3.249906113147915110e-01
-7.104248498178157289e-01
1.697694974121221334e-01
1.887096825320915550e-01
-4.611703779841037909e-02
-1.267291252382923561e-01
8.763774304881963295e-02
1.292702841919289858e-01
1.097958956797721736e-01
-2.704635188107790689e-01
-3.109409900010567385e-01
-9.970958333581814159e-01
-2.413728690567959134e+00
1.711169877347891388e+00
2.972348615198868949e+00
1.149153270251576542e+00
-2.454101530131881592e+00
1.396669317344116472e-02
-1.311984357384941902e+00
-7.281147342165259495e-01
5.787437636969056109e-01
-1.197898552215080903e+00
-2.737399418611596857e-01
-2.663439032951375296e+00
-9.735370576731534886e-02
2.608186714700992948e+00
7.148922886932774778e-01
-2.831977938528278393e+00
-1.263856052337684943e+00
2.308493815349280665e-01
6.843036226304698433e-01
-1.254427915205134969e+00
-1.069298625638044697e+01
-2.484347589699559578e+01
5.390550123543137673e+00
4.418653746683327910e+01
-4.677109829144301401e+00
-3.108415391713322862e+01
4.371330070500947329e+01
-1.006747937208531535e-01
2.729794939453594527e+00
2.458730166875188861e+00
2.480153669582055187e+01
-1.114551728161481314e+01
-2.453605325443234619e+01
-3.605956985476279897e+01
1.100670839773438558e+01
-6.525987075765349310e-01
-7.332805278459572662e+01
5.708441779693093632e-02
-1.989034934687129663e+00
-2.200869768068000276e+00
-1.725478479315252400e+01
1.064614664118185061e+01
2.744836058566195547e+01
8.581062494007751340e+00
-1.025184025646878538e+01
5.749000607182829903e+00
2.923434254825959044e+01
1.392913326296662258e-01
2.591319861825925663e+00
-2.073193396072332995e+00
-1.676044527536277196e+00
-5.434806779355486128e+01
-1.674477150569145323e+01
5.291090381327851588e+01
1.535555109326360324e+01
-5.312252621778139172e+01
-7.498011190397112102e+01
-7.323584067492654170e-02
9.066246240363572406e-01
1.551234835259644340e+00
1.435594695265679555e+01
5.280522771952977479e+00
-1.110722719145065795e+01
-5.134109505650019400e+01
1.341431407106311191e+01
2.506697815995407552e+01
-6.057826007689762804e+01
-1.133141220035716462e-01
-1.782074403606833224e+00
1.749781523552706552e+00
4.143804461144617868e+00
4.725095733550058696e+01
8.310471274161175259e+00
-6.975203701360653952e+01
1.944625283971032559e+01
8.210541672640759714e+01
-3.820391128078475163e+01
6.214564872114024252e-02
1.356151790537501144e-02
-1.053758005338623294e+00
8.097381009667971341e+01
2.636521505051346992e+01
-4.303367340691070098e+01
-2.980275717877909756e+02
-1.473462133028091614e+01
2.783642144012369002e+01
-7.320186078710481752e+02
