# -0.7J_-0.3g_0.36652theta_1.0472phi_10Chi_0.01delta_500N
1.111813455888537583e-01
4.160210509293135891e-04
1.133896160959201860e-05
1.137070700705883908e-06
7.305384560749744726e-07
5.748666479594270445e-07
5.333193525638977245e-07
5.107990255189457514e-07
4.582980261681947570e-07
4.789585409027051868e-07
4.206379697493066047e-07
4.554692455334004191e-07
3.990078302895306718e-07
4.353422027384744251e-07
3.857709425372043046e-07
4.173576200837200172e-07
3.777473715329984964e-07
4.010486711564159672e-07
3.735063623446064070e-07
3.860718412544103393e-07
3.724239219006552463e-07
3.721036697011492287e-07
3.743126415943274630e-07
3.588519024112985309e-07
3.792636012262438327e-07
3.460847884391216167e-07
3.875747659696405388e-07
3.336624376532244873e-07
3.997142200444509977e-07
3.215663838486833863e-07
4.162935712034207468e-07
3.099191461739120479e-07
4.380397904080753834e-07
2.989902922046462368e-07
4.657581410911063238e-07
2.891871292920372920e-07
5.002767306178341700e-07
2.810241532758661784e-07
5.423581026263794263e-07
2.750668194756638875e-07
5.925550651757759583e-07
2.718547196361771260e-07
6.509786044122073015e-07
2.718261960535104441e-07
7.169313769344427935e-07
2.752799780787557340e-07
7.883415528765186890e-07
2.823929641362768889e-07
8.609238276428648881e-07
2.932802034816788759e-07
9.270743675177930025e-07
3.080577585896791787e-07
9.749318311624962104e-07
3.268690217894100473e-07
9.893613890504889035e-07
3.498510786108837802e-07
9.584010694263969869e-07
3.770280770075671750e-07
8.848924561738023133e-07
4.081149111127752306e-07
7.899251180435808035e-07
4.422329754337659979e-07
6.988374818301761419e-07
4.776048691203220580e-07
6.268929108371426647e-07
5.113656862785422587e-07
5.780340347022181766e-07
5.397102073920698096e-07
5.498236700086132741e-07
5.586131167463319245e-07
5.373721564098898702e-07
5.651101800904345053e-07
5.351550004464796460e-07
5.586050631962510572e-07
5.375013121641493043e-07
5.413318242719878279e-07
5.385034084978529179e-07
5.175329135988907095e-07
5.320202766220460847e-07
4.918667598950992272e-07
5.124443605205061284e-07
4.680257583927383739e-07
4.765930922171514554e-07
4.481261347386658103e-07
4.258727975844323744e-07
4.327806908479521928e-07
3.664666037273742284e-07
4.214895201514431417e-07
3.064515336204849297e-07
4.130776970859982501e-07
2.521408651079378264e-07
4.060719346425813857e-07
2.065196009079974064e-07
3.989998185039559510e-07
1.698784536673740659e-07
3.906158287458861953e-07
1.411211656482857452e-07
3.800511351691043638e-07
1.187442699386324310e-07
3.668799038354426571e-07
1.013285704240940663e-07
3.511038374577153324e-07
8.770758792595768162e-08
3.330721108219157022e-07
7.698192032473129093e-08
3.133646741997796648e-07
6.847813363582449325e-08
2.926688147134329008e-07
6.169683600902399835e-08
2.716747875802652648e-07
5.626743947788267570e-08
2.510048398514402069e-07
5.191436431007213447e-08
2.311768948406647339e-07
4.843281818075969220e-08
2.125927571611451547e-07
4.567020022956950225e-08
1.955416382409544322e-07
4.351104649271624614e-08
1.802058114542186338e-07
4.186653926767977111e-08
1.666592550498043550e-07
4.066818513928470158e-08
1.548799465794128980e-07
3.986312812782182333e-08
1.447861865663134668e-07
3.941024866494455388e-08
1.362677826729034507e-07
3.927724588454039030e-08
1.292012595277838007e-07
3.943861381221705990e-08
1.234577257116888360e-07
3.987421725052994237e-08
1.189083621344116992e-07
4.056814181056805147e-08
1.154285088591049761e-07
4.150769088152774592e-08
1.129003336045282239e-07
4.268267959890297608e-08
1.112142000251388162e-07
4.408466648813873485e-08
1.102689308475410914e-07
4.570632937990934619e-08
1.099712378167615633e-07
4.754091882981692551e-08
1.102345878112994907e-07
4.958175693039644946e-08
1.109777699652950508e-07
5.182174821321394052e-08
1.121234091051152987e-07
5.425287498671031049e-08
1.135966371912370519e-07
5.686566003184429491e-08
1.153240847014776884e-07
5.964859453571009353e-08
1.172332976932139018e-07
6.258754582369690655e-08
1.192526406604431631e-07
6.566517626096829925e-08
1.213117253215039842e-07
6.886041966900401942e-08
1.233423787155019009e-07
7.214806407556371573e-08
1.252801838149814021e-07
7.549849501033496772e-08
1.270664417437910851e-07
7.887763394486630362e-08
1.286506532968003615e-07
8.224713818784836899e-08
1.299931289499094985e-07
8.556483879488126785e-08
1.310675234943783066e-07
8.878549360508678601e-08
1.318629655402977793e-07
9.186194509346626544e-08
1.323854496902254879e-07
9.474684324261737513e-08
1.326582311627479708e-07
9.739512501312442785e-08
1.327210902526476902e-07
9.976737457818076173e-08
1.326284988632034628e-07
1.018339754771923551e-07
1.324468841540600705e-07
1.035796312094729054e-07
1.322513018192632277e-07
1.050074918182812505e-07
1.321218767007930236e-07
1.061419455383054894e-07
1.321403349241948277e-07
1.070292087955227944e-07
1.323868207701820335e-07
1.077352151520147702e-07
1.329371266743574740e-07
1.083407624042088612e-07
1.338602668933105867e-07
1.089343887421439500e-07
1.352163201237744173e-07
1.096039571662259240e-07
1.370544753232795808e-07
1.104283510572495315e-07
1.394113171072057459e-07
1.114708923152207418e-07
1.423095246506035738e-07
1.127758193520877555e-07
1.457572503333175297e-07
1.143683108362899705e-07
1.497484137593435847e-07
1.162574128765647169e-07
1.542639707750481512e-07
1.184403900865781416e-07
1.592739581295344264e-07
1.209068871135454538e-07
1.647398908598466527e-07
1.236418135305004138e-07
1.706169969705308643e-07
1.266266665022931241e-07
1.768558236526504254e-07
1.298396690256417721e-07
1.834028852682578467e-07
1.332554041249459302e-07
1.902001349301621426e-07
1.368445787823288515e-07
1.971830114063765896e-07
1.405743090393239889e-07
2.042770206578912477e-07
1.444090118424175902e-07
2.113922322189053808e-07
1.483117433825323931e-07
2.184153026552793499e-07
1.522457205244446470e-07
2.251984125856174981e-07
1.561757677546873079e-07
2.315450310548224404e-07
1.600695140021324457e-07
2.371942952544896306e-07
1.638982629975812750e-07
2.418104942426931619e-07
1.676375420156161525e-07
2.449928148772858563e-07
1.712673806557811627e-07
2.463300945857795906e-07
1.747723785877527934e-07
2.455214130592180665e-07
1.781415917548669283e-07
2.425422019450434904e-07
1.813682237659959832e-07
2.377621498886694801e-07
1.844491167784885630e-07
2.318972310871628594e-07
1.873841213075174236e-07
2.257863127435824852e-07
1.901754842268945065e-07
2.201335069720498345e-07
1.928273339130448987e-07
2.153680821436051780e-07
1.953452283416543522e-07
2.116505103603060474e-07
1.977357111811134336e-07
2.089563458704015698e-07
2.000058630084924619e-07
2.071661330162637437e-07
2.021628730523970323e-07
2.061287382557493776e-07
2.042136621149952803e-07
2.056959170767644861e-07
2.061645772359738708e-07
2.057369968021951225e-07
2.080211661253899404e-07
2.061426396402567026e-07
2.097880300861691136e-07
2.068236304865748811e-07
2.114687481479816173e-07
2.077079110368684500e-07
2.130658619916993808e-07
2.087373655629209697e-07
2.145809097674701317e-07
2.098649525413988610e-07
2.160144968975441065e-07
2.110523473845092475e-07
2.173663927971005485e-07
2.122680827869425886e-07
2.186356437754414067e-07
2.134861125255795160e-07
2.198206942986419749e-07
2.146847126946145372e-07
2.209195087515518838e-07
2.158456477390964149e-07
2.219296924627875123e-07
2.169535303092840097e-07
2.228486042666991549e-07
2.179953371371681109e-07
2.236734612853647367e-07
2.189600311223968993e-07
2.244014336617875112e-07
2.198382687276695993e-07
2.250297284463986882e-07
2.206221682068669416e-07
2.255556628275674184e-07
2.213051232464824897e-07
2.259767269109287431e-07
2.218816498378624112e-07
2.262906365096078181e-07
2.223472568802396576e-07
2.264953766468258096e-07
2.226983335862951530e-07
2.265892364609045616e-07
2.229320497452537791e-07
2.265708362502589134e-07
2.230462683087423615e-07
2.264391473709760100e-07
2.230394723215503376e-07
2.261935055224771838e-07
2.229107080753703974e-07
2.258336179554266379e-07
2.226595435675468757e-07
2.253595648714341741e-07
2.222860380362871445e-07
2.247717952446797805e-07
2.217907170411081332e-07
2.240711171999096978e-07
2.211745486601889356e-07
2.232586832912886376e-07
2.204389184647135355e-07
2.223359714579759317e-07
2.195856027250593067e-07
2.213047631664915216e-07
2.186167401968716473e-07
2.201671209057092759e-07
2.175348031845160381e-07
2.189253671329793729e-07
2.163425684735973115e-07
2.175820659993509050e-07
2.150430886039954284e-07
2.161400077922025995e-07
2.136396637566276064e-07
2.146021950393593157e-07
2.121358144141626108e-07
2.129718285553463200e-07
2.105352549029737233e-07
2.112522925031959548e-07
2.088418678405966405e-07
2.094471378395280005e-07
2.070596795392704108e-07
2.075600639787256369e-07
2.051928365542187831e-07
2.055948992294503595e-07
2.032455828545367176e-07
2.035555805320909947e-07
2.012222378142242771e-07
2.014461327353365308e-07
1.991271762834412158e-07
1.992706495294272056e-07
1.969648088327846972e-07
1.970332720213062359e-07
1.947395638065773948e-07
1.947381721159419973e-07
1.924558694122184447e-07
1.923895315933536837e-07
1.901181359408589941e-07
1.899915272066479576e-07
1.877307433002100720e-07
1.875483162378989320e-07
1.852980272635000530e-07
1.850640179287714455e-07
1.828242646629473839e-07
1.825427037592937575e-07
1.803136623438860863e-07
1.799883840893305564e-07
1.777703472418808967e-07
1.774049970239130984e-07
1.751983555915366510e-07
1.747963981103596714e-07
1.726016255753249103e-07
1.721663505360592601e-07
1.699839884981348400e-07
1.695185191909734508e-07
1.673491634518646357e-07
1.668564622875336227e-07
1.647007512149562199e-07
1.641836257817203535e-07
1.620422293738690399e-07
1.615033383528190495e-07
1.593769485237744779e-07
1.588188072614133221e-07
1.567081292237407297e-07
1.561331150956571574e-07
1.540388595489164839e-07
1.534492170485278472e-07
1.513720934426808392e-07
1.507699391956440800e-07
1.487106498229200480e-07
1.480979773782215221e-07
1.460572121589697641e-07
1.454358966416858228e-07
1.434143286433641546e-07
1.427861312772319424e-07
1.407844128851753281e-07
1.401509853872560195e-07
1.381697450633014461e-07
1.375326339232419410e-07
1.355724735043903455e-07
1.349331241553586881e-07
1.329946166363769029e-07
1.323543775266595561e-07
1.304380652795011962e-07
1.297981918415356108e-07
1.279045852386985792e-07
1.272662437664830563e-07
1.253958201517237730e-07
1.247600915883982124e-07
1.229132945638843827e-07
1.222811781950504511e-07
1.204584171960137303e-07
1.198308342583027133e-07
1.180324843704537140e-07
1.174102815698557659e-07
1.156366835696582774e-07
1.150206365146178693e-07
1.132720971003913553e-07
1.126629136452865173e-07
1.109397058347051252e-07
1.103380293382727101e-07
1.086403930114041686e-07
1.080468055035409920e-07
1.063749480679595259e-07
1.057899733322386988e-07
1.041440704948441108e-07
1.035681770610613196e-07
1.019483736840918899e-07
1.013819777292673064e-07
9.978838876384623643e-08
9.923185693033537376e-08
9.766456840370433591e-08
9.711822052154092366e-08
9.557729057322475861e-08
9.504140229605095840e-08
9.352686225002623576e-08
9.300166760309073835e-08
9.151352306266581179e-08
9.099921690048621455e-08
8.953744886264536608e-08
8.903418923586069076e-08
8.759875521429041576e-08
8.710666565396007476e-08
8.569750080271070777e-08
8.521667251313305180e-08
8.383369075019963309e-08
8.336418471604991336e-08
8.200727983365158096e-08
8.154912884405645922e-08
8.021817560981242053e-08
7.977138619619730591e-08
7.846624143656011600e-08
7.803079572647025121e-08
7.675129938918431868e-08
7.632715688406693757e-08
7.507313307575680636e-08
7.466023234201822189e-08
7.343149034713889893e-08
7.302975063292527185e-08
7.182608589749615407e-08
7.143540867218169796e-08
7.025660376633713173e-08
6.987687418466497860e-08
6.872269972975731093e-08
6.835378802322612292e-08
6.722400359203936081e-08
6.686576638867055348e-08
6.576012137346623984e-08
6.541240294759746939e-08
6.433063739589991950e-08
6.399327085291865766e-08
6.293511627326047656e-08
6.260792466535387225e-08
6.157310479968672868e-08
6.125590218134598662e-08
6.024413374647379071e-08
5.993672616554724394e-08
5.894771956434785663e-08
5.864990599393940207e-08
5.768336599423546298e-08
5.739493920804348367e-08
5.645056559308361952e-08
5.617131298270723777e-08
5.524880116919741867e-08
5.497850550780803411e-08
5.407754713748428747e-08
5.381598729103376040e-08
5.293627079233351668e-08
5.268322237904264539e-08
5.182443350375234827e-08
5.157966950371590194e-08
5.074149183310761167e-08
5.050478315081998825e-08
4.968689857985865263e-08
4.945801455943541341e-08
4.866010375244353069e-08
4.843881264827232593e-08
4.766055547389160701e-08
4.744662487544707829e-08
4.668770081578664752e-08
4.648089803001791296e-08
4.574098657025267087e-08
4.554107896108123754e-08
4.481985995457785360e-08
4.462661524281372661e-08
4.392376925782581698e-08
4.373695577624157845e-08
4.305216442404244798e-08
4.287155133531290871e-08
4.220449757438648970e-08
4.202985504569297720e-08
4.138022347692831879e-08
4.121132281465703949e-08
4.057879995060014983e-08
4.041541369453538293e-08
3.979968821346953339e-08
3.964159019036037160e-08
3.904235318777974969e-08
3.888931851425029930e-08
3.830626370776077928e-08
3.815806876486938665e-08
3.759089272815145048e-08
3.744731507124367872e-08
3.689571741421290272e-08
3.675653564827489620e-08
3.622021920280139584e-08
3.608521279884292341e-08
3.556388379186044951e-08
3.543283285394008711e-08
3.492620105227964684e-08
3.479888602421815048e-08
3.430666488273331093e-08
3.418286618955293663e-08
3.370477296899894501e-08
3.358427059191370243e-08
3.312002646608614243e-08
3.300259944141792834e-08
3.255192958892936208e-08
3.243735542422623948e-08
3.199998909503032883e-08
3.188804309482785096e-08
3.146371365528168246e-08
3.135416814120904594e-08
3.094261309534533752e-08
3.083523652298751014e-08
3.043619749285659111e-08
3.033075343148373114e-08
2.994397610883756522e-08
2.984022209934321944e-08
2.946545614106183219e-08
2.936314238637850453e-08
2.900014126214652308e-08
2.889900916272430265e-08
2.854752992271472965e-08
2.844731042048084927e-08
2.810711338325398119e-08
2.800752511508803002e-08
2.767837344600573889e-08
2.757912068322393883e-08
2.726077984145065346e-08
2.716155020375746877e-08
2.685378723420115731e-08
2.675424918720576180e-08
2.645683180556297748e-08
2.635663193199231777e-08
2.606932737667785622e-08
2.596808745461855327e-08
2.569066104573439522e-08
2.558797494738210408e-08
2.532018829507389780e-08
2.521561881787391044e-08
2.495722761256788394e-08
2.485030333511274158e-08
2.460105464641399481e-08
2.449126696659773861e-08
2.425089597715839322e-08
2.413769660424155724e-08
2.390592269680769756e-08
2.378872193005657155e-08
2.356524407322244599e-08
2.344341034815444540e-08
2.322790169346784540e-08
2.310076300948299715e-08
2.289286502469137295e-08
2.275971308977022711e-08
2.255902853647135061e-08
2.241912654325864038e-08
2.222521258774076024e-08
2.207780785114187323e-08
2.189016888326349457e-08
2.173451157174390292e-08
2.155259269471258082e-08
2.138796193946298586e-08
2.121114395966371870e-08
2.103688239821759182e-08
2.086447952958622200e-08
2.068003681690522158e-08
2.051129859858067393e-08
2.031628345578413978e-08
2.015040256398320061e-08
1.994464149133764630e-08
1.978076908600073353e-08
1.956436791549769084e-08
1.940163779987286662e-08
1.917504008134838333e-08
1.901260202549188513e-08
1.877663614991323435e-08
1.861369739832933664e-08
1.836960309229412695e-08
1.820547522446759803e-08
1.795490035533482010e-08
1.778904682843327447e-08
1.753400782147342594e-08
1.736608607647137433e-08
1.710889000705761009e-08
1.693878157761276390e-08
1.668191428460538222e-08
1.650973738186478234e-08
1.625572848673062463e-08
1.608182992473544495e-08
1.583311058877294795e-08
1.565803735073187102e-08
1.541680837307871228e-08
1.524126254480920750e-08
1.500938839052326667e-08
1.483417184939248882e-08
1.461311112470568185e-08
1.443906743193868035e-08
1.422984348609417948e-08
1.405780395837116583e-08
1.386101283166406517e-08
1.369175198815635666e-08
1.350760013517550400e-08
1.334180336164466218e-08
1.317016519629019209e-08
1.300840918914713840e-08
1.284889440232508810e-08
1.269163918261217505e-08
1.254366130912173347e-08
1.239125154922525589e-08
1.225409159510702103e-08
1.210676460085140862e-08
1.197962598020963135e-08
1.183752381064140256e-08
1.171957696737364005e-08
1.158276054322568773e-08
1.147317714841990036e-08
1.134164074255964808e-08
1.123961839940729119e-08
1.111330342721968740e-08
1.101808224910818883e-08
1.089688970414484768e-08
1.080776237926436405e-08
1.069156359272893078e-08
1.060788042690884841e-08
1.049652608236794952e-08
1.041769637719045346e-08
1.031102385452329223e-08
1.023651467717192285e-08
1.013435387878646377e-08
1.006368719064680696e-08
9.965865074410270804e-09
9.898613800704411268e-09
9.804957801655767994e-09
9.740741365418086230e-09
9.651081915773533072e-09
9.589561577804912182e-09
9.503733904493880177e-09
9.444608131920284762e-09
9.362453396196271490e-09
9.305453410831920407e-09
9.226819835824309861e-09
9.171705457564330706e-09
9.096448264231343636e-09
9.043004021115078775e-09
8.970985959756973561e-09
8.919017553977997720e-09
8.850108829069207690e-09
8.799439909635806621e-09
8.733518056134118354e-09
8.683987293191052326e-09
8.620936958552804828e-09
8.572395387216748407e-09
8.512108048738838338e-09
8.464416653577478585e-09
8.406790293284626606e-09
8.359817803004501869e-09
8.304756555814106847e-09
8.258377404047981799e-09
8.205791187426922954e-09
8.159883665510751605e-09
8.109687817335947947e-09
8.064132236507430452e-09
8.016247062457893195e-09
7.970924109181717702e-09
7.925274539531224166e-09
7.880063666162506678e-09
7.836578813818031321e-09
7.791356656971288400e-09
7.749969373727529530e-09
7.704608203926905310e-09
7.665254603270641943e-09
7.619620791042407840e-09
7.582239728709842579e-09
7.536192216201116967e-09
7.500724705770152606e-09
7.454113487494387262e-09
7.420502044901780654e-09
7.373166666700512132e-09
7.341354548721020667e-09
7.293122654155031362e-09
7.263052982033671613e-09
7.213738942850866176e-09
7.185353669521673938e-09
7.134757372372423427e-09
7.107996080223102784e-09
7.055901961215907988e-09
7.030700452101481161e-09
6.976876908435056679e-09
6.953165567677889577e-09
6.897364932556178853e-09
6.875066846837906221e-09
6.817026147900402187e-09
6.796054976428921267e-09
6.735497770340865360e-09
6.715755382376002354e-09
6.652395013073062627e-09
6.633768954067489448e-09
6.567313635600387852e-09
6.549674512564394954e-09
6.479834664185478504e-09
6.463033624537530021e-09
6.389531880881607090e-09
6.373398427047791743e-09
6.295982651308548469e-09
6.280323124175405821e-09
6.198782592162008719e-09
6.183379751215083782e-09
6.097564323759345628e-09
6.082178520968607616e-09
5.992020174895334571e-09
5.976392631220183849e-09
5.881928088835798446e-09
5.865786733017474202e-09
5.767179220480460593e-09
5.750247345276407915e-09
5.647804819690891542e-09
5.629812509091472207e-09
5.523999273068645485e-09
5.504697082637963393e-09
5.396135615981797159e-09
5.375309467500335501e-09
5.264769956603949234e-09
5.242255733458405594e-09
5.130632083394964565e-09
5.106328102536895833e-09
4.994601133354290969e-09
4.968476696123418031e-09
4.857667372877145005e-09
4.829765980464658205e-09
4.720883410578172394e-09
4.691319991431687559e-09
4.585310004723076144e-09
4.554262413958978778e-09
4.451962521936766535e-09
4.419658443257355875e-09
4.321763795056510316e-09
4.288464820201486165e-09
4.195507824188261040e-09
4.161492705443426527e-09
4.073836758082781153e-09
4.039385673475099895e-09
3.957231461828668325e-09
3.922612682470046414e-09
3.846014196320712767e-09
3.811473954403225388e-09
3.740360760109009760e-09
3.706116542761531630e-09
3.640318974924242438e-09
3.606556010759940561e-09
3.545830488892988589e-09
3.512700905785325147e-09
3.456753365197790545e-09
3.424377370825666238e-09
3.372883576482341098e-09
3.341352010940797494e-09
3.293974216918850375e-09
3.263351898440217047e-09
3.219751807354425527e-09
3.190081219553703247e-09
3.149929532241580748e-09
3.121234516207054972e-09
3.084217539998176198e-09
3.056506769562582869e-09
3.022330617015833564e-09
2.995600733505833821e-09
2.963993313170864817e-09
2.938231654892647803e-09
2.908944845136656090e-09
2.884131760728242397e-09
2.856939369266106073e-09
2.833050140712624428e-09
2.807748365664817470e-09
2.784754766445302858e-09
2.761160615645000241e-09
2.739032156619070377e-09
2.716981930201068142e-09
2.695686837252713786e-09
2.675034493050308290e-09
2.654540459818626794e-09
2.635155956616773001e-09
2.615430713221310959e-09
2.597198397656195721e-09
2.578210132230596222e-09
2.561027208811014698e-09
2.542744869537546720e-09
2.526519980734766332e-09
2.508913484974177787e-09
2.493565409219632566e-09
2.476605782023349964e-09
2.462062255647478820e-09
2.445721710319544498e-09
2.431918369606718623e-09
2.416170348526429902e-09
2.403049787193438618e-09
2.387868969986422770e-09
2.375379902237145628e-09
2.360742193110329273e-09
2.348838714764031108e-09
2.334721211262138433e-09
2.323362150728737012e-09
2.309743103269531133e-09
2.298891449336334131e-09
2.285750213367938031e-09
2.275372615451695144e-09
2.262689598562774148e-09
2.252755928801736497e-09
2.240512536504626616e-09
2.230995507459464783e-09
2.219174088236033332e-09
2.210048917621679943e-09
2.198632708573441174e-09
2.189876828052630757e-09
2.178849903089116903e-09
2.170442702930155628e-09
2.159789920785859321e-09
2.151712527621613899e-09
2.141419485686078815e-09
2.133654567596058724e-09
2.123707554193278321e-09
2.116239150509630796e-09
2.106625103998526853e-09
2.099438478058321096e-09
2.090144946366446523e-09
2.083226452639264663e-09
2.074241554772532015e-09
2.067578528086133063e-09
2.058890921408520329e-09
2.052471575029896098e-09
2.044070419871234204e-09
2.037883757809852589e-09
2.029758690894289347e-09
2.023794430832015673e-09
2.015935648766807946e-09
2.010184159900946469e-09
2.002581941684732696e-09
1.997034170137510758e-09
1.989679531109625852e-09
1.984326973253855413e-09
1.977211187322338361e-09
1.972045761166674315e-09
1.965160469405462787e-09
1.960174627434989861e-09
1.953511770487137865e-09
1.948698342952189150e-09
1.942250217723272359e-09
1.937602209308433302e-09
1.931361575215262095e-09
1.926872693800553884e-09
1.920832063057663983e-09
1.916496356062660472e-09
1.910649050341934877e-09
1.906460490914699177e-09
1.900799907359712384e-09
1.896752941863049336e-09
1.891272723268004426e-09
1.887362008808680052e-09
1.882056033158101451e-09
1.878276495741695271e-09
1.873138863357650488e-09
1.869485656764193961e-09
1.864510678621587815e-09
1.860979147184806856e-09
1.856161337466143644e-09
1.852747022764457458e-09
1.848081091606386598e-09
1.844779786968991455e-09
1.840260631947395051e-09
1.837068171846067427e-09
1.832690842325037431e-09
1.829603254329816296e-09
1.825363012116172190e-09
1.822376578890817524e-09
1.818268835087558566e-09
1.815379902071168396e-09
1.811400150923619136e-09
1.808605219412814498e-09
1.804749210072898387e-09
1.802044871275798394e-09
1.798308425998574588e-09
1.795691441848770417e-09
1.792070566614575627e-09
1.789537787550568780e-09
1.786028564456242900e-09
1.783576955764485428e-09
1.780175591988520426e-09
1.777802218399715880e-09
1.774505096277197135e-09
1.772207113238707994e-09
1.769010664955021682e-09
1.766785319174563388e-09
1.763686102990697079e-09
1.761530723684329985e-09
1.758525396808059434e-09
1.756437390550694605e-09
1.753522703645398186e-09
1.751499546599736223e-09
1.748672336833386561e-09
1.746711570119679204e-09
1.743968755575652838e-09
1.742067977978238089e-09
1.739406552204727324e-09
1.737563413477120951e-09
1.734980437337049012e-09
1.733192631739115618e-09
1.730685225166676764e-09
1.728950482929901211e-09
1.726515820134661427e-09
1.724831899746354903e-09
1.722467214260854824e-09
1.720831892814855180e-09
1.718534404574930637e-09
1.716945465879410154e-09
1.714712466529300498e-09
1.713167692491401869e-09
1.710996469002074396e-09
1.709493622224316433e-09
1.707381458667243332e-09
1.705918268196449085e-09
1.703862430753666194e-09
1.702436572874006353e-09
1.700434288736388321e-09
1.699043365294380299e-09
1.697091800381456960e-09
1.695733311815206036e-09
1.693829543644583577e-09
1.692500856919800466e-09
1.690641841657713160e-09
1.689340152296234693e-09
1.687522684107384074e-09
1.686244965811843289e-09
1.684465626334911234e-09
1.683208574602358751e-09
1.681463675604874619e-09
1.680223634629497713e-09
1.678509139471708200e-09
1.677282014046154671e-09
1.675593444008324744e-09
1.674374583977655565e-09
1.672706884768909297e-09
1.671490945372778617e-09
1.669838402840998551e-09
1.668619162977012637e-09
1.666975136101231243e-09
1.665745270725846214e-09
1.664101926733359316e-09
1.662852715898754998e-09
1.661200833485565381e-09
1.659921784186424423e-09
1.658250267233647573e-09
1.656928630523096904e-09
1.655224006937839074e-09
1.653844153344357834e-09
1.652089899744950437e-09
1.650632490418207674e-09
1.648808145702814963e-09
1.647249076213564730e-09
1.645329086532696504e-09
1.643638083307693076e-09
1.641590281305451191e-09
1.639729068448842456e-09
1.637512651147870141e-09
1.635432549008605417e-09
1.632995550996475816e-09
1.630634319878004089e-09
1.627910031386800294e-09
1.625187780754235778e-09
1.622090383779537697e-09
