# -0.7J_-0.3g_0.36652theta_1.0472phi_10Chi_0.01delta_500N
-5.947037905507802924e-03
1.170244324821908544e-01
-9.353520639546062387e-01
-2.797071352032741154e-01
6.117863532786687458e-03
1.538347909530751387e-02
1.025742738467035238e-02
-3.806712602150324337e-02
8.375891685565984082e-03
5.927064196894742815e-03
4.918970751381741141e-02
-1.375794267440125562e+00
9.114295414199430567e+00
-5.678931631709949635e+00
-2.258800597209800476e-01
4.035449305212504889e+00
2.184745066812201131e+01
-4.437646428474513982e+01
7.718890737841572758e+00
2.259746821152265994e+01
-9.021105833666122065e-01
3.112714892960440594e+01
-4.265807288465149441e+02
1.298951941338913230e+02
2.375703443301779032e+02
-3.561150258080961976e+03
-3.455947583197415497e+03
9.227177698350693390e+03
-2.106001886956739781e+03
1.760045997278933214e+02
-3.800073067756704615e-01
5.906619382561835607e+00
-1.369452171539062419e+02
-1.729840592826871557e+02
-2.148123601866594186e+02
-2.392659669050133289e+03
8.539790438212168056e+01
2.705915543616339164e+03
-4.559324714297221362e+03
6.043733246392422416e+02
8.629939874817768239e-03
-9.315658170392068227e-01
1.119902047158090852e+02
-3.971919059689564619e+02
-9.624555546954919919e+03
5.959241797837852573e+03
-3.790834725769832403e+02
-2.560372577422484392e+04
-1.138393169394480210e+05
-6.238728406281211392e+02
2.705839687711492081e-02
8.615943335042546281e+00
-2.799846397052138855e+03
-1.374963292033511834e+03
2.328238048991259711e+04
-5.825878215097520733e+05
6.933905010756653792e+04
-1.783935004869360419e+05
1.695419238320278964e+04
-5.219155902465141844e+04
6.859196955577806509e-02
5.478428674767702944e+01
-1.372327332523321047e+03
2.540793826528244153e+03
-6.086694371072421745e+02
3.681993244879723352e+04
-6.827747117849887582e+04
9.597723029220280296e+04
4.319873325188671151e+04
7.110721691928421933e+03
-1.716522179925576985e-01
-1.292697532536541019e+02
2.843297032133884386e+03
-5.040236736109614867e+03
-2.985168204546041306e+04
-8.944071370814878901e+04
1.169389750040335202e+05
-4.864045650706909946e+05
-1.027386134320070152e+06
-5.093798761502646084e+04
5.450917901657924280e-02
4.194342035860972118e+01
-9.041444139859336246e+02
-4.019675843635397086e+03
-1.145319211853106099e+05
-8.685270350514729216e+04
-1.743802211687091039e+04
-5.745960512378804851e+05
-2.799626630577714182e+06
-6.189011197776212066e+04
3.348590272496462707e-03
7.266722013954032278e+00
1.201364361273622990e+03
1.085846873021456531e+03
9.429272143511303739e+02
-6.405525172164256946e+04
3.036250118040482266e+04
-1.351981664792623196e+05
-6.709819437362512690e+04
-5.540349613101169234e+04
-7.709837891178171476e-02
9.547869520481317984e-01
1.517818182165376339e-01
-1.122466469415214080e-01
9.076906459857734394e-03
-1.673440569603150668e-03
-2.107790378576971518e-02
-2.193758206743242397e-03
1.627121265898228764e-04
-1.851479210209909813e-04
9.836537379133153403e-01
-2.475219422040946426e+01
4.022205391693189114e+01
-1.457786983070865006e+02
1.084843471837781514e+01
-8.031776264454578707e-01
-2.726699127138806844e+01
-4.314596757327901599e+00
6.316166601724215734e-01
-7.521810212546160557e-01
1.044871938255863553e-01
5.824509174227399200e+01
-3.619344150614837190e+02
1.386380252366370541e+03
5.539458180931156903e+02
-5.000774023082002628e+01
-6.204699902351786477e+03
-2.057062473243518525e+03
2.614383128801322300e+02
3.713767478895517229e+02
-1.230582802609291176e-01
-1.442418114632659467e+02
9.584756099597701677e+02
-3.799173534971052050e+03
-4.340835497130245130e+03
-4.061163234546729228e+01
2.001567065134043878e+04
7.904091908136840175e+03
-1.450939201772374190e+03
4.449710539141092340e+02
8.605133947665969188e-03
1.034732096088005449e+01
7.404715544541794543e+02
-5.193511164000430654e+03
-1.214724315096738137e+05
-5.724178399705057018e+03
-1.876210026627399202e+04
-3.891129841768249662e+03
1.040049763908304703e+04
-9.610444657358809195e+01
-1.004554510506990147e-03
-3.744018553276211025e-01
-6.624888605955305820e+01
2.000981039967142863e+02
-3.464908904562865700e+03
-3.688841848166013733e+03
-7.963221076350627300e+03
-6.220925893125498078e+03
4.217145811914158458e+02
6.674135992909013294e+04
-1.938419874587319833e-02
-2.493418528973030135e+01
-4.627704212469719096e+03
2.269939364875389947e+04
-2.276549370631501733e+04
-4.858229051620937753e+03
-4.873774095913941856e+05
-2.737560042386607965e+05
1.016049108996157011e+05
-6.209086255886954859e+03
-6.411303985886872931e-05
-3.669530090581505810e+00
-1.898461360199772116e+03
9.484566547597416502e+03
-5.716555933108413228e+03
-2.534543044282498158e+03
-2.113152078228241298e+05
-1.266037608821235335e+05
4.365298925215902273e+04
9.677818653298892968e+03
-5.525068135258802589e-04
3.314279694702561563e-01
4.063499238359891592e+02
-1.984941734741360506e+03
1.090783305627687150e+04
3.675978635538863273e+02
5.859602006132776296e+04
3.420058485287287476e+04
-2.021442501862520658e+04
1.207421169444820771e+04
-1.022814452269645409e-04
-1.975137674422739464e-01
8.070591381889390448e+01
1.815184067976740891e+02
-2.415615085520476057e+01
2.734544751276831448e+04
8.929131188113657117e+03
2.074795201520131741e+04
2.949167039781446874e+03
-7.484033389023487689e+05
-9.970071017575461436e-01
-7.740645550384983586e-02
-6.266712293525282876e-03
4.551153899140003393e-03
-3.218259289647232096e-04
-2.101218265643187494e-05
5.317993237847201812e-04
5.671992346730348448e-05
8.392718161165603670e-06
1.065293286291648083e-03
-7.729225115753753095e-02
-6.074461057236157924e-02
5.624960268426334453e-01
-4.295625483468675787e-01
-3.121515922804862439e-02
4.124162823637970710e-01
2.991293852370534356e+00
-1.023034677902582246e+01
4.273571507740953734e+00
-1.019476691061162654e+01
-3.767597805041406501e-04
1.379086045589532405e+00
-2.377542698831523538e+01
1.139019383156118082e+01
1.894579370908767402e+01
-2.759000114332201861e+02
-2.424052762470184916e+02
7.103051392630429746e+02
-1.718168140807519251e+02
3.615644334734734912e+03
6.410899154875743591e-03
-4.928576101374498863e-02
-2.571884767498178181e+00
-9.856555324062608037e+00
-1.660166655606667874e+01
-1.798752511594095154e+02
5.677559331550767041e+01
-3.818285429819292887e+01
-4.599529234390030865e+02
2.138382447936437984e+03
-3.327201829453238740e-04
-5.074366595811011932e-02
8.411875289470938100e+00
-3.050179278795577531e+01
-7.428294251412706899e+02
5.073825593890832693e+02
3.209434908211115101e+01
-3.132506980505568663e+03
-1.384182810065734338e+04
-7.719987347706703986e+03
-4.119497487893597905e-05
8.901196674777934748e-01
-2.178466426657175532e+02
-9.425251852945724806e+01
1.953033694678039865e+03
-4.501925263954122784e+04
5.338796348575472621e+03
-1.450786628196742822e+04
-2.348887014682256904e+03
5.469299183370240498e+05
3.966940960247676258e-04
3.693092983512885397e+00
-9.717624193343490901e+01
1.698032807469713248e+02
-7.379470999214930771e+01
2.513953921911377165e+03
-5.025055267779912356e+03
7.796120083413012253e+03
8.474199039782174623e+02
-2.307291363549120069e+04
2.990250958860728083e-04
-7.356768630767066774e+00
1.578211518885939029e+02
-2.654503439812289685e+02
-1.693687494079361841e+03
-7.020776818715090485e+03
6.851091830264230339e+03
-3.056255766599646813e+04
-6.785474945635728363e+04
7.929475718408636749e+04
-7.931056248874679459e-05
3.328740789937872258e+00
-8.671571100202923787e+01
-1.819702407238071373e+02
-5.299097994511003890e+03
-7.748340508822318043e+03
-9.050963592893965597e+02
-3.025076379894951970e+04
-1.477908517997374292e+05
9.788351629262008646e+04
8.801178298423411141e-05
-2.729065640512096991e+01
3.032772384342328678e+03
7.765254226963029396e+02
-2.820823918065940961e+04
5.521025619205841795e+05
-5.873112346176151914e+04
1.525277146363181237e+05
-6.719891211667571724e+02
-1.369936484421685152e+07
