# -0.9J_-0.1g_0.20944theta_0.20944phi_10Chi_0.01delta_500N
-9.993122538651511011e-01
-3.715538731595419836e-02
1.667871196141193155e-03
-9.545251994143021416e-04
6.795902977985711932e-05
-8.554980478713258276e-05
-3.008437296913041173e-05
1.861123452794976427e-06
4.149355161883573005e-05
-8.315101083421063495e-05
-3.708145446988560245e-02
-2.808076286581098063e-02
-6.814863789077185707e-01
4.318527779350268547e-01
5.484104118171612363e+00
-3.032510470539835268e+01
-3.498242720412326534e+00
1.305058016516864594e+00
4.621526494852857070e+01
-3.781705734268109609e+01
1.664541055612668292e-04
-1.152170437810479120e+00
-4.722035216843959660e+01
1.859851747504142949e+01
7.855348621344569437e+02
-3.039014087574783389e+03
1.756672277947239991e+03
7.558960465556604902e+01
8.736434027976070865e+03
-2.330479675947783107e+03
-1.405256802339225567e-03
2.561715070931184779e-01
3.052725921525237140e+00
-2.308289667255633049e+01
-4.524785269388787015e+02
5.956233312945123544e+02
1.516829693973212670e+03
-1.446344958195637673e+02
1.029450944133589701e+03
-1.485498330922404193e+03
5.135840408098605713e-05
5.583822052234552302e+00
4.327578809353744305e+02
-6.474347472251511135e+02
-4.218976964683307597e+04
7.384409529060896602e+04
-2.760546619166345336e+05
-1.378997988435214793e+05
-8.929977092956670094e+04
-1.656087929409358767e+05
1.307334108772396786e-05
-6.491542618886808391e+00
-1.805684237632862335e+02
6.076300262927996982e+02
2.922675974011663493e+04
-6.252549208748525707e+05
7.698843727254786529e+06
-1.528409788291911245e+05
-2.078687344103032956e+06
-1.718310827361836564e+06
4.636036498225565247e-08
4.066604187885470623e+00
2.221281419503855886e+03
1.536720525503956651e+03
-1.745122227724397671e+05
5.732205959499115124e+06
-7.525475543925678730e+07
2.485515301487687248e+04
1.932645616863274574e+07
1.779880611378778145e+07
2.395743053925578731e-06
1.814858715663911104e+00
1.490124014694208370e+02
1.053203929484567851e+02
1.441098952358157840e+05
1.832171312568556459e+05
1.996666845107301488e+05
5.096242994041726924e+06
1.972996651071241940e+05
-9.531148929144579452e+05
-1.180845971544734285e-05
1.190597525868154207e+02
1.004125346859662386e+04
-1.706511651155578875e+03
-2.839856236456243787e+05
-5.664565951960436068e+05
1.986784436559322104e+07
-4.928589015973729547e+05
-1.017445510882270895e+07
-5.195058287776947953e+06
2.563715377842538586e-07
-5.274731399308353730e+01
-2.111869562782347657e+03
-2.202218719113617681e+03
-2.773919257058254443e+05
-1.477360987214444438e+06
2.126878580772719905e+07
1.086976888951237546e+06
-5.650919246765456162e+06
-3.808567035247693956e+07
-1.377421862869156535e-03
4.654845513069876678e-02
9.354253880049108183e-01
2.766888834927114238e-01
3.656131538278128632e-03
-3.068017568559151462e-02
-4.155078318364736033e-03
1.421174404334217675e-03
-7.230745156013519172e-03
6.116493158328855859e-04
2.860277368476121448e-02
-1.424863759999342117e+00
-2.504264049615572318e+01
1.049583894598092115e+01
1.137258819427158016e+02
-5.926394571758958136e+02
-1.074038732064141755e+02
2.678964304213008063e+01
-2.434307678536874846e+02
6.976919680789877454e+00
9.388786619862734550e-01
-5.137110153427580173e+01
-1.780276238385993565e+03
2.798492586043179813e+02
2.301151300036734392e+04
-9.023680607608369610e+04
4.523222708578596939e+04
2.179680761800801065e+03
2.010762956581750477e+05
1.305363989860986112e+04
3.358421600083874581e-01
-1.426644028597800151e+00
-3.327287202251032454e+02
-8.712291680805388978e+02
-9.782942073108539262e+03
-2.118830391767332912e+03
4.012817436040321627e+04
-2.954741283870920142e+03
9.273285235931685020e+04
-4.909263245006313809e+04
1.489855410549329254e-02
1.677937579985290597e+02
1.237777190563630393e+04
-1.873485298279318158e+04
-1.163690155374847120e+06
1.885762924867574358e+06
-7.594179427239110693e+06
-3.685559821944548283e+06
-9.110136672846158035e+05
-7.076903400470854715e+06
-6.778674835895465156e-02
-6.720678526685306906e+02
-1.825369900297734057e+04
3.878579010581061448e+04
1.353907309255739907e+06
-1.867068047217972949e+07
2.069245018043681383e+08
-4.157103308817525860e+06
-5.542383126895879954e+07
3.816932222990622278e+06
-5.672984103577641962e-03
-7.573893080077652940e+01
5.655526172817553015e+04
4.930062865303832223e+04
-4.681470793613632210e+06
1.542335273885886967e+08
-2.029283380965699196e+09
1.848504795312847476e+06
5.311165809688644409e+08
1.569692737023947202e+07
-2.105830659438075268e-03
-2.131511341434456241e+01
2.520667811285366042e+03
5.782132429066316035e+03
3.927640310068839695e+06
4.891787397405256517e+06
4.624749236860254779e+06
1.369719277570376098e+08
2.914450575372341555e+06
-2.451787585880239308e+07
4.045242066420332017e-03
-3.424513046068926769e+01
2.211413826772918983e+05
8.376130675703307497e+04
-5.897989591086557135e+06
-1.670627392877246067e+07
5.410982473934264183e+08
-1.141619442804237269e+07
-2.753782689388635159e+08
-4.739796771359680593e+07
-3.118153939737713129e-04
-4.519910722769685307e+00
6.668123973759502405e+03
-1.101959331784251117e+05
-1.095334791615016758e+07
1.051019458230274543e+07
-1.753774372882907838e+07
2.642805024156672508e+07
-2.357354921222765744e+07
-1.868742398496930599e+08
-3.705736730208473995e-02
9.664033279407475696e-01
-6.377561838638935721e-02
5.629648732644104703e-02
-4.823594911871202304e-03
3.908270344141705189e-04
1.093007467748266829e-04
3.585525854269802138e-04
1.982039980736605698e-04
2.041025074089881496e-03
9.961443504954411443e-01
-5.213552066382748507e+01
-1.895679411940571129e+02
6.511770243033002998e+02
-5.652544251117274143e+01
5.632347453749124710e+00
2.021144386582770291e+00
2.746976460930376174e+00
5.414981337103296433e+00
7.645223627512818254e+00
-5.181106671811142733e-02
-2.330392863417394835e+02
-2.956802823293963684e+03
1.105827255345039339e+04
1.114283090181026055e+05
1.638086628717029089e+04
1.862040939976297977e+02
-2.120585841759679897e+04
2.695928419305670104e+03
-1.727816434225989215e+05
6.016998335247973617e-02
6.588760210831646873e+02
8.992658556175518243e+03
-3.441951574779750081e+04
-4.536663355202198145e+05
-9.861155319065997901e+04
-4.432358626193653436e+03
7.514719863152324251e+03
1.593741286209092686e+04
-2.153909535242710554e+05
-4.447799199246121014e-03
-5.541878812450082137e+01
9.602748277903592680e+04
-4.842154809486370650e+05
-2.549302137455590814e+07
-1.319435276087547466e+07
-1.311477732744870009e+06
-9.483536891116537154e+07
3.815677176597828045e+06
-1.329078925626147538e+08
5.966909064287140773e-04
2.520591490798439693e+00
2.185696873545082417e+04
-1.241478354789292789e+05
-1.170813168780840002e+07
-9.404961361163455993e+06
-8.123931775111639872e+05
-1.276974303747455627e+08
1.008445441921946825e+06
-5.664787144428522885e+07
8.560425064876454990e-05
9.471528984117179029e-01
9.079870128273607861e+02
-6.801630253083558273e+03
-1.253139474621038185e+06
-9.730506298028200399e+05
-2.945167748676537070e+06
-1.805959998394433409e+07
7.938497457190535497e+05
-2.939565480228782631e+06
-1.759239108980048408e-04
-2.511413961020529939e+00
1.350910206835384270e+04
-2.072048471094351407e+04
1.020292656888719648e+08
1.481993072709206641e+08
2.077569775628007203e+07
3.691585015298270702e+09
4.789705794660288841e+07
-8.401597573302078247e+08
4.827181495169445156e-05
2.014474453152134803e+00
-6.850936193542091132e+03
1.403598954090342158e+04
-3.313402745917662513e+06
-3.218655046118350234e+06
3.552885560109667131e+05
-3.157119287085806206e+07
6.617264446993243182e+05
-4.048783925674386322e+07
4.525839043539344039e-04
6.587433199742895873e+00
-1.707641337951686000e+05
-1.597018498872221389e+05
-1.713727529893200397e+08
-1.199465616379576921e+08
-8.251341083449255675e+06
8.906427045762883425e+08
1.326259824291614741e+08
-4.065101672217630386e+09
