# -0.95J_-0.05g_0.05236theta_1.0472phi_10Chi_0.01delta_500N
-7.713368670880244710e-05
9.200773915701454531e-03
-9.558021552354782902e-01
-2.936894837479019915e-01
1.166670130534816540e-03
1.566764358748004614e-04
-1.872796886779243926e-03
-9.955792173900676612e-03
-2.376103721133681810e-07
-1.508291133696244813e-04
8.159501167338788219e-03
-1.458093215616815153e+00
1.433969831072305112e+02
-3.320445947182919610e+01
4.476189113956409393e+00
-1.342410740526563586e+02
-2.913791829793102806e+03
-1.223293192793595517e+04
1.814931960855922788e-01
-1.476428205730373122e+02
-9.243011328170478436e-01
1.648157105604604453e+02
-3.585136182809266029e+04
-2.821151218940615763e+03
-4.305744758496586233e+06
1.543110272148212534e+05
1.400940060143140610e+06
3.114483188043678645e+06
1.006316915855295520e+05
4.724531644056466408e+06
-2.974843876829488809e-01
-2.202970114936702117e+01
-4.941565214155461945e+03
-1.934711665589513723e+04
-3.100912825524610933e+06
-6.014177149920557858e+05
-1.051893817985117203e+06
-2.162465493478195276e+06
1.331147045591997448e+05
-1.734514651184849441e+07
1.479345240224803773e-03
3.147418762210242527e+00
-3.202776839182914700e+06
-2.438697268634549808e+06
-3.311821157444487572e+09
-2.345839129397867655e+05
-3.376756948165395763e+06
-7.891876376796451397e+06
2.892398656566043198e+07
-5.598615914781938307e+06
1.203032282542461416e-04
-1.349795145016814502e+02
1.396916767384775449e+05
-5.822819614115571603e+05
-1.530567280579265789e+05
-2.229737351538858414e+09
9.860843260064648390e+08
-4.334601812916605473e+08
3.266637276522088647e+08
-4.830361194504090881e+10
2.524812713597768092e-03
2.915687463503689742e+03
-1.139216897447209340e+06
1.173069671241295058e+06
2.084839279045129195e+06
-9.683082917943079472e+08
8.472661980825340748e+08
2.036866004884930253e+08
1.445297033235766292e+08
-1.719845894663229370e+10
-1.191861403345186900e-02
-1.154459572846164701e+04
1.756896126283163205e+06
-2.632047868445345666e+06
-3.342501976307377685e+06
-4.405330684623771906e+08
-1.430528372384147048e+08
-1.009189996101800680e+09
8.091872940064848959e+07
-1.564859237286664391e+10
1.415581512976574308e-07
-4.403872911894221587e-02
2.958782459768248737e+04
3.021302740921825534e+04
2.907208172079658508e+07
-1.080107474532041233e+06
1.885541742852966767e+06
3.263312258448707405e+06
-2.124967919844502583e+07
-2.549400769570752233e+07
-1.340586734091462858e-04
-1.105568965018636902e+02
2.405392105523637496e+06
-1.950709338764644787e+07
7.802441221797721228e+05
-4.057493525641755676e+10
1.346341112119340324e+10
-1.478945739256742477e+10
1.141653177757335472e+10
-2.294257849630769531e+12
-8.788756299995901383e-03
9.997645216060340179e-01
1.395653637937289797e-02
-1.410022323871262979e-02
-3.334618044182666926e-06
1.033906709796419087e-04
2.283600806975719859e-04
2.748638600292063736e-05
-2.096257178038061557e-08
-2.407718027651632723e-05
9.725598879450435552e-01
-2.213372082479350524e+02
3.694602464927813799e+03
-1.203297245278912669e+04
5.185403706477245578e+00
9.967831466396549445e+01
2.216026796733797823e+02
2.240559504329312901e+01
-2.491424971914677627e-02
-2.703777279591432858e+01
1.277996230525970181e-02
3.748970703245358436e+03
-2.136765385161639133e+05
7.630084093280460220e+05
-1.807331569396213354e+03
1.051824433630743623e+07
3.245049658892672509e+07
-6.725937832468640059e+06
-5.788680994684990583e+04
-6.713376793216642737e+07
-1.382766771286833042e-02
-1.165678060318310236e+04
7.230214572798635345e+05
-2.650104117225581780e+06
5.949537180793464358e+03
-7.111935969862686098e+07
-1.371013872480529845e+08
3.480830953863444179e+07
-6.614244309465699189e+04
-7.586866952685996890e+07
-3.813936427210469185e-06
5.980306083307334930e+00
-1.450907115167175562e+03
5.123579070206840697e+03
-2.554882538205045857e+05
6.958946569865160855e+05
5.293891246439486276e+05
-2.043786187034415780e+05
-3.047020028281086311e+07
3.847311912952529266e+06
1.031726967553071850e-04
9.512630248635767316e+01
1.023246995804813318e+07
-6.789923649136921763e+07
6.580865452305431245e+05
-2.536578894638837891e+11
1.147128153986333618e+11
-2.481109040471146011e+10
1.093171291077726707e+07
1.553299996709878159e+10
-2.868568837887240544e-04
-2.138534769792673842e+02
-2.957288647257575765e+07
1.354760098540682495e+08
-7.080219666676990455e+05
-1.125276331962555389e+11
8.915243976740174866e+10
-2.516600823336055374e+10
6.173769261454521120e+07
2.826076923891930542e+11
1.862185093540023742e-05
1.774307503818067744e+01
-6.766941307808488607e+06
3.597854481486928463e+07
-2.496647169304916752e+05
-2.560298919619954300e+10
2.534828320793906403e+10
-8.542434145330860138e+09
1.630915732982391678e+07
1.455923041473142395e+11
-2.050801625049582542e-07
-8.822450687683518547e-03
-2.766136582664318121e+04
-3.145388930941508443e+04
-2.702197372255071998e+07
6.045462145808986388e+06
-2.470855821894264221e+07
1.439013327962735668e+07
-4.828775933890908241e+09
-4.393917957314103842e+08
-4.787618874301140053e-04
-2.885905592864426339e+01
-6.405931127907377481e+07
-6.934894485140468180e+07
4.433147242713907734e+06
1.156853460948402405e+10
-2.898337777425117798e+11
1.630881033842550964e+11
-4.405243672707757354e+08
-4.960360395984947266e+12
-9.999613753308536079e-01
-8.789093664427708591e-03
-2.626697035956798216e-05
7.276743196281896511e-05
-2.795505264740430286e-08
-3.161433256950237413e-07
-6.518157717719351994e-07
3.858022480685494919e-08
-4.512656293700777753e-10
4.926495194005904778e-08
-8.779489807232599904e-03
-6.476662176812801597e-03
8.440981797435131995e-01
-4.136798968267120236e-01
6.301145139781592908e-02
-1.324068639829368621e+00
-2.650841136589626501e+01
-8.697899918877149616e+01
8.914192646457863134e+00
-2.593086008278776777e+00
-2.527522804648040726e-04
9.452114528884064670e-01
-2.366230568664730356e+02
2.741912347649746096e+01
-3.784376307400591031e+04
1.337955993092335348e+03
1.133213178535923362e+04
2.009846297809675889e+04
-4.304701175465578213e+06
6.191057213916740147e+04
-3.373885692333996402e-07
-3.547951851646605204e-01
1.127532821596439483e+01
-1.270853245895519166e+02
-2.724867542295172461e+04
-5.294823663027807015e+03
-9.471258366955209567e+03
-1.746358534733004490e+04
-3.097874647063096520e+06
-1.775677222233595676e+05
1.422439176981834799e-07
5.009215087433940838e-02
-2.815005770952178500e+04
-2.142776709176376244e+04
-2.910791381410411745e+07
-1.379248088242360836e+03
-2.049389651989367121e+04
-7.550483752507621830e+04
-3.311169431317230225e+09
1.887710136229635216e+06
-3.301022887602589871e-07
-1.303032938078930725e+00
1.218654284213501114e+03
-5.117309951334254947e+03
-1.137079033140821821e+03
-1.956957433679870889e+07
8.635230552569538355e+06
-3.839913101716149598e+06
2.966197200262846425e+06
-5.662810118416421413e+08
2.214326021021293953e-06
2.474018747484632286e+01
-9.228037322706355553e+03
1.001476916163091119e+04
3.145637642643917843e+03
-8.495598312838412821e+06
7.270111010274249129e+06
1.068581376659747679e+06
-8.441420124095418723e+05
-2.167840106374033988e+08
-5.169196196267567289e-06
-5.773422571390629088e+01
7.651477466361914594e+03
-1.635757368181810671e+04
-3.927961824517879722e+04
-3.720724388909050729e+06
-2.283190969652639178e+05
-4.686940317838473246e+06
-5.355335883170660585e+06
-1.356360012539475262e+08
-2.127531348248445608e-05
9.317638378911157204e+00
-3.115538623716657981e+06
-2.369999312642804813e+06
-3.221072563806566715e+09
-2.134008653916048934e+04
-7.371653208260937827e+05
-9.122128094248419628e+06
-7.330690172630319824e+11
-2.953910217415853739e+08
1.071527024053021739e-06
2.389113425709810201e+01
3.854729159563787107e+04
-1.769937794031106459e+05
1.229342118653560057e+06
-4.590060966773387194e+08
1.673984285608501434e+08
-1.263766279666468799e+08
-6.930841530993508101e+08
-2.250070634211952591e+10
