# -1.0J_0.0g_0.68068theta_0.0phi_10Chi_0.01delta_500N
-2.035972950783905584e-10
6.581977974151349831e-02
-3.589787460975667351e-05
-3.300332271767085490e-02
-3.114439107554050068e-01
1.818845083605066248e-01
9.296719039843237553e-01
-5.521300333836354430e-04
8.125609915218792896e-04
-7.152601636523189159e-04
1.730052473327731735e-05
-5.592333269379100784e+03
3.528403752092202694e+00
-1.220092837627714744e+01
-1.151370515181725835e+02
6.724049005536356560e+01
3.436883951392485983e+02
-2.041731008859385965e-01
2.991589657551397274e-01
-2.633945740649719092e-01
-1.005866224412512835e-07
3.251427810579719591e+01
-2.051430739688707428e-02
5.748461003346079512e-02
3.768035054493108493e-01
-3.875921671466581730e-01
-1.958016038106547674e+00
-9.405287390950316517e-01
-2.021749884807513808e+01
1.702298057760231842e+01
-2.667673442130344885e-05
-2.877495870804375189e-02
7.856108303505031927e+02
1.145351177414343879e+07
3.172459786498597860e+08
2.492881137209134549e+07
1.015766226335872412e+08
-7.792862354018703336e+05
8.452098925549882697e+05
-7.193229630554410396e+05
-1.774072804599673148e-03
-4.029915944017621876e-01
5.256230330570300430e+04
7.621825669888660908e+08
2.111786855317622375e+10
1.662795999746862650e+09
6.792711300188099861e+09
5.851667850714731961e+07
-6.033052194649349153e+07
5.063884924485588819e+07
1.576239823056875750e-04
1.208592574040447641e-02
4.229919419864659176e+02
-5.975501440792978555e+07
-1.551451258944462538e+09
-6.797797041034464538e+07
3.571431047996283160e+05
1.766007091834561825e+09
-1.868124260608450174e+09
1.578502609999420404e+09
-8.035522436506856506e-03
-6.465645305577439883e-01
-1.385764897538346668e+04
3.058354026761651516e+09
7.958330967612109375e+10
3.585777311131210327e+09
8.955122087875220776e+08
-8.734813110351142883e+10
9.240060149648577881e+10
-7.807566105262452698e+10
5.589159877474205286e-06
-9.932038752581576966e-06
-9.835919197370028566e-02
4.924593229686863197e+04
1.413105159264245071e+06
-8.798899114360980690e+06
3.206162528652474657e+07
-1.750165851022795439e+08
1.697173248701493740e+08
-1.447792088920370042e+08
-4.128010839603571608e-05
8.840217750031430233e-03
3.162059349109636486e+01
-2.471594957808605731e+08
-1.024378664629695535e+09
1.910278566390590906e+09
-1.008172354948395193e+08
-7.438790907759013176e+09
2.400751439956465721e+09
-2.053895869050083637e+09
2.357836506501441234e-05
2.890733186875191901e-02
1.022188923946875292e+02
-7.380284603111335039e+08
-3.341281595417076588e+09
5.554178531842240334e+09
-7.827408395466461778e+07
-2.202490668514037704e+10
7.189707912443265915e+09
-6.155916763297911644e+09
-7.321454384921479493e-11
2.236778062615601516e-08
3.547258858603814585e-05
-1.154173732422313211e-04
-4.774180176580926414e-05
3.677017381843851115e-03
-7.432567937832512336e-04
1.557813069849196298e-02
-2.348796808181903995e-03
3.526447060694709937e-03
6.597043987025611985e-04
-2.004663440808343300e-01
-3.179157089715256461e+02
-5.504645846078621616e+03
2.495064618836912871e+02
-9.395294608236990825e+02
7.192437791378605993e+01
2.377863220614128181e+02
4.921078313804007287e+00
-6.350147335924154923e+00
1.127837597264916697e-01
-3.448226136082207205e+01
-5.468467849381873384e+04
3.056559005614171383e+03
-1.385178808074612391e+02
5.218169545482319336e+02
-3.962259385379061882e+01
-1.320174220200392767e+02
-2.737197421465425773e+00
3.532925435095354061e+00
-9.770052575629782909e-01
-4.013204298193715047e+00
-6.259030095941219770e+03
1.118379810631512165e+09
3.935521082195349783e+07
-6.088212320913747787e+09
1.243517991855667591e+09
1.426190273574408293e+09
-4.078431500308077782e+06
1.173095114957460016e+07
1.483641110188855909e-02
6.142175201465376044e-02
9.504750484697883905e+01
-1.120267740605757833e+08
7.379796700585880876e+07
-4.814943220145221710e+09
9.679642431668297052e+08
-2.146144425462196350e+10
-4.557208222433606386e+08
5.904874765737921000e+08
-8.940713223423489564e-02
-3.240173258270058754e-01
-5.727766281734097902e+02
-1.219568913210771370e+10
-4.392684843060423732e+08
6.713449534962888336e+10
-1.376507940745571136e+10
2.086302256378178711e+11
-1.669118138612481689e+11
2.470457470440462341e+11
-1.852957935203756578e-03
-3.929580048646572239e-03
-1.186909799222189577e+01
-8.323138760724415779e+08
3.249119365882661939e+08
-2.018257433529574203e+10
4.047440739315883636e+09
-8.069683231260826111e+10
6.273223584815443039e+09
-9.463930851690727234e+09
3.086615743599756007e-05
1.170159696847737244e-04
1.968909311381488725e-01
2.501054676456171088e+06
3.237919288040267566e+04
-9.745309040337694809e+06
2.018898251741892425e+06
-5.198046432135109603e+07
4.845660725923616439e+06
-7.556105794536257163e+06
-4.898470349458463208e-05
2.766864457173712037e-03
-3.123297222000251949e-01
-5.915428947056531906e+08
3.380088203336803913e+08
-2.181317349366615677e+10
4.375589364307471275e+09
-6.554413387512705994e+10
-6.869748713008319139e+08
8.080815735936731100e+08
-2.122646162190919609e-04
8.597966275391452987e-03
-1.354443662843632712e+00
-1.889270173574611664e+09
1.076447461195990801e+09
-6.945164527957531738e+10
1.393142555053393173e+10
-2.085824376588883972e+11
-2.541315954628774643e+09
3.093880787653101444e+09
-1.000000016082885468e+00
-4.394139008924915655e-09
-2.062475994377433332e-06
-7.316579667758920142e-10
3.193899806609474076e-11
2.577790727312444390e-11
-7.850670908226973809e-12
-3.877072689067111537e-12
1.015387660089937838e-12
-1.771584426773360870e-12
-1.176925155812168809e-05
-6.345494746774141649e-09
3.603644446484208754e-10
-6.927072516749617981e-08
2.643402847947271824e-05
1.982684749305390673e-06
9.466791329247870566e-05
-2.265564130257917592e-03
9.844268440319139390e-01
4.603349236498945452e+00
6.777868918837083436e-08
-8.696295173634136031e-05
5.271966577311547905e-06
-1.076913414002868101e-03
2.406551597792959685e-01
1.861872712648251701e-02
1.450579299017014545e+00
-4.281170355879893918e+01
2.962695197374479903e+04
4.567710807637200924e+04
-3.534484113289238843e-11
7.915739282748943118e-02
-4.804262546452839691e-03
1.098456398624861885e+00
-4.070284123742710563e+02
-1.125192875484012234e+01
-5.178006218441389137e+03
5.906971044896198437e+05
-5.619095784471586943e+08
1.815340464800060987e+08
9.789442153417041152e-11
-1.413053614306698444e-02
8.576706814553406626e-04
-1.933749069033267320e-01
7.324205604974729056e+01
2.147832543671215344e+00
9.115175461849329395e+02
-1.026553623556370876e+05
9.761291674180959165e+07
-3.125721778635416925e+07
1.919969412378097677e-10
1.224713309020018182e+00
-7.564131396016916808e-02
1.454836415953095141e+01
-1.566134284475739514e+04
-6.813359450965274391e+02
-1.934338097935814876e+05
1.802318979454321042e+07
-1.698620695709906387e+10
4.292676998830761433e+09
-3.772583967047134623e-11
-5.468645484799257439e-02
3.284756345204404779e-03
-9.340040127862372366e-01
1.702106854477485598e+01
-1.272935870042327977e+01
1.748774091001450643e+03
-3.589910285245898413e+05
3.506633571973836422e+08
-1.664279003510330617e+08
4.697236885952550352e-07
5.380269552126061171e+03
-3.282145555580852943e+02
1.336268822608283517e+04
-5.279718361616362631e+07
-5.433941622231913731e+06
1.288320294656524509e+08
-4.534784784379042053e+10
4.639337289555626562e+13
-2.893016717116701953e+13
9.586159764581175096e-07
1.207269961421734024e+03
-3.839672090032693745e+02
-2.166109931575123221e+06
-4.775639353288523853e+07
-4.609931182388358563e+07
-2.856133310075268936e+10
-1.873775987310995102e+10
-1.758533348651766562e+14
1.949580327921187500e+14
2.926263842486580684e-07
-3.184751417265787836e+02
-9.151741948903161301e+02
-7.026406947235028259e+06
-4.046283230755587816e+08
-1.766423968579791486e+08
-8.113643465793054199e+10
-7.030054428965609131e+11
1.198566509731543594e+14
2.640563925167622188e+14
