# -0.8J_-0.2g_0.20944theta_0.0phi_10Chi_0.01delta_500N
2.583381514943379129e-02
7.347866647997911395e-04
4.974015199967410638e-06
7.800938395162386777e-07
1.003571067955379035e-06
4.690508525832488367e-07
9.779609586456085500e-07
4.456350878663837105e-07
9.470206329952951414e-07
4.360001944823035799e-07
9.034268747085092585e-07
4.305926067691058863e-07
8.490095919862798721e-07
4.271637052588456069e-07
7.874487686674105628e-07
4.251264280032577503e-07
7.235709405739462249e-07
4.243875085158150236e-07
6.619475553967097797e-07
4.250229626201833640e-07
6.058839711371679612e-07
4.271455670716568397e-07
5.572298673360063911e-07
4.307955569503286077e-07
5.167321644037617169e-07
4.358105632796876457e-07
4.844978659817889690e-07
4.416939755325975881e-07
4.603318117297185647e-07
4.475464195336694431e-07
4.439091238199239796e-07
4.521552441241123492e-07
4.348263689719087286e-07
4.543232036641222502e-07
4.325870911182277671e-07
4.533982137000638896e-07
4.365634246459052577e-07
4.497642009900077817e-07
4.459588410018286206e-07
4.449685277551796328e-07
4.597861857767106255e-07
4.413951116037375779e-07
4.768724056743033386e-07
4.418034288285975859e-07
4.959029887991651300e-07
4.491868330694557095e-07
5.155166624091465212e-07
4.670450031087157476e-07
5.344471853219475657e-07
4.997279636819650306e-07
5.516840690259536892e-07
5.525712688124355404e-07
5.665962435022116923e-07
6.318537986419395326e-07
5.789529756452129197e-07
7.442272508802406271e-07
5.887892927291611057e-07
8.943150323595895818e-07
5.961285996435780472e-07
1.079015044183471047e-06
6.006549677742596222e-07
1.279031688477431094e-06
6.014809896391614776e-07
1.452108236233342811e-06
5.971688462166598469e-07
1.531945595844182481e-06
5.860744939558397284e-07
1.438297883570134176e-06
5.669330769671756202e-07
1.150266307072948476e-06
5.393994319240604558e-07
8.034553707215125203e-07
5.042419535606652009e-07
5.396082977420934157e-07
4.632440130291675891e-07
3.748649853076855524e-07
4.188591655463751831e-07
2.760192629159483707e-07
3.736766282057733059e-07
2.152331844028595749e-07
3.299516970345277379e-07
1.761933761072938841e-07
2.893433692253769524e-07
1.499563272406496485e-07
2.528594184875926190e-07
1.315585872254795396e-07
2.209403040835412278e-07
1.181522610693420795e-07
1.936038887146566349e-07
1.080543129968972189e-07
1.705946027090614831e-07
1.002438069924501924e-07
1.515069815864892840e-07
9.408603623237406364e-08
1.358748802630808950e-07
8.917783941533783237e-08
1.232320339934750328e-07
8.525797369841454762e-08
1.131448312179053211e-07
8.215506126083624532e-08
1.052287168699248308e-07
7.975602306305421157e-08
9.915180209332983210e-08
7.798679351089128279e-08
9.463164741711346033e-08
7.680042268673996414e-08
9.142951362564370668e-08
7.616958580105919166e-08
8.934400042285722641e-08
7.608162973936911401e-08
8.820614653024392471e-08
7.653512433427683100e-08
8.787444234052203994e-08
7.753731540038265973e-08
8.822975490663279031e-08
7.910249186062626123e-08
8.917007032511359844e-08
8.125145635249951464e-08
9.060580807825576183e-08
8.401237057935006516e-08
9.245684936295412099e-08
8.742317427133131859e-08
9.465144220109311951e-08
9.153572854028907022e-08
9.712679200393745250e-08
9.642188801970606812e-08
9.983093798320986391e-08
1.021817269745210210e-07
1.027257572859591119e-07
1.089541899686174939e-07
1.057911496313214839e-07
1.169306182065048001e-07
1.090304355816760609e-07
1.263716836572132110e-07
1.124766826911790634e-07
1.376275619879563753e-07
1.161989320653132533e-07
1.511594680767817507e-07
1.203059390999789078e-07
1.675562627922035177e-07
1.249430714614522490e-07
1.875305542955091591e-07
1.302760998707302919e-07
2.118624677599349793e-07
1.364565062872365191e-07
2.412384330831722182e-07
1.435690886573525001e-07
2.759256352926277063e-07
1.515755546045245858e-07
3.152773456815007449e-07
1.602808345708436780e-07
3.572202476847102676e-07
1.693496223099755680e-07
3.980305397771102396e-07
1.783812048608124658e-07
4.325810229334239828e-07
1.870188730324612716e-07
4.549020614225307810e-07
1.950473825782957790e-07
4.592468548774538801e-07
2.024381930907064964e-07
4.429055564961621614e-07
2.093312359106113088e-07
4.101633535669978743e-07
2.159694028463516107e-07
3.716849612360131842e-07
2.226189587890344536e-07
3.376351921823563737e-07
2.295116207320326823e-07
3.127529698890855008e-07
2.368187060357329751e-07
2.972007938390816958e-07
2.446456254073043378e-07
2.892435130877846941e-07
2.530353630613161945e-07
2.869016765907733991e-07
2.619748821593014173e-07
2.885072495767656521e-07
2.714015001692664552e-07
2.927508131881554077e-07
2.812085898354041693e-07
2.985861967603671242e-07
2.912517780685466260e-07
3.051395938929935346e-07
3.013579472708054964e-07
3.116716589651388970e-07
3.113391488922907782e-07
3.176011794255503854e-07
3.210119067674684088e-07
3.225701322688691272e-07
3.302195578358687182e-07
3.265018354238708027e-07
3.388525232894866259e-07
3.295964486985259620e-07
3.468606021103556714e-07
3.322421272078265238e-07
3.542535828458611924e-07
3.348773126173808037e-07
3.610906581479354862e-07
3.378691371586441228e-07
3.674628421127501129e-07
3.414513291023791588e-07
3.734739550160050269e-07
3.457218638021927003e-07
3.792246666871046189e-07
3.506746209719150180e-07
3.848018096948795212e-07
3.562389233557701199e-07
3.902730466246032052e-07
3.623123435723989739e-07
3.956857192577292031e-07
3.687826928264355630e-07
4.010683445267382435e-07
3.755405648681030714e-07
4.064334211267332705e-07
3.824853538742344675e-07
4.117806186178559184e-07
3.895273730750316816e-07
4.170998140370960822e-07
3.965879131191306638e-07
4.223737298446679424e-07
4.035983626887522694e-07
4.275801049303474004e-07
4.104990109240190160e-07
4.326934228471595432e-07
4.172378408546768859e-07
4.376862603457432147e-07
4.237694469751767942e-07
4.425303287288494624e-07
4.300541193688861066e-07
4.471972767029048379e-07
4.360571017693899045e-07
4.516593061360451178e-07
4.417479698876563160e-07
4.558896488942338400e-07
4.471001073644166996e-07
4.598629405850073952e-07
4.520903576319500449e-07
4.635555121801589599e-07
4.566987510810876573e-07
4.669456172689075678e-07
4.609082596497326630e-07
4.700136065394009729e-07
4.647045738161605988e-07
4.727420602195064623e-07
4.680759825634142116e-07
4.751158414806406235e-07
4.710128602219646452e-07
4.771220967656693512e-07
4.735076327343398152e-07
4.787501616460127826e-07
4.755550152004152750e-07
4.799913777356686727e-07
4.771516496751018892e-07
4.808389437065006921e-07
4.782958381336699301e-07
4.812879098594479379e-07
4.789875407709711882e-07
4.813353351132330711e-07
4.792287200683259121e-07
4.809803351514857617e-07
4.790234494580163653e-07
4.802237650328260146e-07
4.783777712475172021e-07
4.790687740238795668e-07
4.772994909301890522e-07
4.775204758211013839e-07
4.757979914013849622e-07
4.755857357553925314e-07
4.738840816841324571e-07
4.732730235350111123e-07
4.715698663101616777e-07
4.705922711856460241e-07
4.688686211454310733e-07
4.675547397942576195e-07
4.657946798644600379e-07
4.641728869033585671e-07
4.623633156143672112e-07
4.604602357667319878e-07
4.585906218429877380e-07
4.564312321325147978e-07
4.544933809394114399e-07
4.521011186623417119e-07
4.500889503193086886e-07
4.474858077436068121e-07
4.453951387863944905e-07
4.426017514894768930e-07
4.404300883538838360e-07
4.374658176963376655e-07
4.352121602693908791e-07
4.320951703368419349e-07
4.297598262799743618e-07
4.265071554661115125e-07
4.240915659513442014e-07
4.207191933837059339e-07
4.182257706976312793e-07
4.147486776655599466e-07
4.121806549474887973e-07
4.086128815952014487e-07
4.059741747474555707e-07
4.023288723591985765e-07
3.996239539838590171e-07
3.959134331968759890e-07
3.931472182547699510e-07
3.893829935990429434e-07
3.865607363773933177e-07
3.827535675062699829e-07
3.798807693746720221e-07
3.760406993856232557e-07
3.731230267657661847e-07
3.692594179364091261e-07
3.663026298626699153e-07
3.624241971474867697e-07
3.594340817847161150e-07
3.555489243348205752e-07
3.525312437966501074e-07
3.486468747838016512e-07
3.456073176027249722e-07
3.417306925369330196e-07
3.386748331491760114e-07
3.348123769139185943e-07
3.317456415450809543e-07
3.279032742586297408e-07
3.248309126216919586e-07
3.210140744792381081e-07
3.179411367083566519e-07
3.141548119113491903e-07
3.110861302053688081e-07
3.073348700289454687e-07
3.042750445068337485e-07
3.005629896060277506e-07
2.975163778894946227e-07
2.938472798542533509e-07
2.908179899627288238e-07
2.871952321824037737e-07
2.841871183195369657e-07
2.806137361690550931e-07
2.776303970407462976e-07
2.741090974088761088e-07
2.711538767304872165e-07
2.676870568981378841e-07
2.647630457820081115e-07
2.613528116636755403e-07
2.584628526089334371e-07
2.551110363526968020e-07
2.522577285719885651e-07
2.489659055310891354e-07
2.461516114075793216e-07
2.429211164724145003e-07
2.401479689190512657e-07
2.369799122263184091e-07
2.342498227844726946e-07
2.311451047866079490e-07
2.284597722861208101e-07
2.254190982046130373e-07
2.227800178556052077e-07
2.198039115073585961e-07
2.172123842920459121e-07
2.143012012977804369e-07
2.117583435443641560e-07
2.089122839355385786e-07
2.064190369960886853e-07
2.036381572064234650e-07
2.011952971433841108e-07
1.984795214289025947e-07
1.960876686425371068e-07
1.934367998960059826e-07
1.910964286158034315e-07
1.885101586543886203e-07
1.862216063026934292e-07
1.836995255454514006e-07
1.814630018392263131e-07
1.790046085050222599e-07
1.768202043439767082e-07
1.744249130657998790e-07
1.722926091326006562e-07
1.699597591568467523e-07
1.678794342093406493e-07
1.656082969845918107e-07
1.635797358732133902e-07
1.613695222636784265e-07
1.593924235713151480e-07
1.572422905907795859e-07
1.553162739694240170e-07
1.532253310595971921e-07
1.513499442285626532e-07
1.493172591438998593e-07
1.474919845260595822e-07
1.455165887979964692e-07
1.437408498581801636e-07
1.418217439062220530e-07
1.400949110846495408e-07
1.382310689547652652e-07
1.365524653397658098e-07
1.347428390771082969e-07
1.331117457058217379e-07
1.313552694337966978e-07
1.297709302963143483e-07
1.280665239603640181e-07
1.265281506844163539e-07
1.248747235215080866e-07
1.233814997616270073e-07
1.217779534755532895e-07
1.203290390167768648e-07
1.187742707038839974e-07
1.173688052750831125e-07
1.158617101006709269e-07
1.144988169368683147e-07
1.130382905779350294e-07
1.117170797057786517e-07
1.103020205789350919e-07
1.090215918808065799e-07
1.076509031635591449e-07
1.064103491873968744e-07
1.050829406528089238e-07
1.038813492099689965e-07
1.025961388765018574e-07
1.014325954281148226e-07
1.001885110481846845e-07
9.906210088918758934e-08
9.785808127823236792e-08
9.676789152918191310e-08
9.560288775141151651e-08
9.454800918228011403e-08
9.342098559997172558e-08
9.240051427055157978e-08
9.131044947033049163e-08
9.032348822490267037e-08
8.926937582151662294e-08
8.831503562829530613e-08
8.729588496780255321e-08
8.637328611609417074e-08
8.538812287420515792e-08
8.449639604678127057e-08
8.354426273387563968e-08
8.268254994829365007e-08
8.176250633692005730e-08
8.092996178207098775e-08
8.004108523478127969e-08
7.923687599137186787e-08
7.837826174393033264e-08
7.760156840467933794e-08
7.677232976164695372e-08
7.602234696292071468e-08
7.522161543173566102e-08
7.449755230022136446e-08
7.372447767899767978e-08
7.302555818355674430e-08
7.227930858326858202e-08
7.160477182803769218e-08
7.088453365421455490e-08
7.023363408519142517e-08
6.953861196560316354e-08
6.891061952177578465e-08
6.824003620426881698e-08
6.763423640911928699e-08
6.698733259710071181e-08
6.640302656508961745e-08
6.577906075637644246e-08
6.521556519058481204e-08
6.461381342822717659e-08
6.407046052353280555e-08
6.349021612045459413e-08
6.296635340558045123e-08
6.240692673136610554e-08
6.190191697208462371e-08
6.136263501574748507e-08
6.087585588476611975e-08
6.035606198394400197e-08
5.988690584086904714e-08
5.938595928913296611e-08
5.893383283435690355e-08
5.845110839223832599e-08
5.801543231997953938e-08
5.755031976617429697e-08
5.713052830873708268e-08
5.668243198057680296e-08
5.627797245712109672e-08
5.584631065393128160e-08
5.545664288742320041e-08
5.504084727441612649e-08
5.466544302523035772e-08
5.426495796825045530e-08
5.390330023064400039e-08
5.351758206829777758e-08
5.316916429818003947e-08
5.279768052371978764e-08
5.246200578837026615e-08
5.210423414634780132e-08
5.178081412501840938e-08
5.143624158470183958e-08
5.112459545103001236e-08
5.079271703912659859e-08
5.049237018689454939e-08
5.017268769135185653e-08
4.988317024444620306e-08
4.957519067742187204e-08
4.929603576866930511e-08
4.899926962132295675e-08
4.873001139713120587e-08
4.844397058775286388e-08
4.818414186511576907e-08
4.790833732632199012e-08
4.765746680663104153e-08
4.739140566088196967e-08
4.714901463981577189e-08
4.689219681683880040e-08
4.665779526433146499e-08
4.640970948059361661e-08
4.618279133116958029e-08
4.594291025523343462e-08
4.572294776213221926e-08
4.549072220616432294e-08
4.527715912285380105e-08
4.505201101986075098e-08
4.484425436621185187e-08
4.462556829675742394e-08
4.442297838564034296e-08
4.421009131221166190e-08
4.401196971845738649e-08
4.380415856790602151e-08
4.360973357673621283e-08
4.340620028116472789e-08
4.321460941600459298e-08
4.301446296120127461e-08
4.282473208765848871e-08
4.262696714431077128e-08
4.243798578991922731e-08
4.224145758434356987e-08
4.205195018243095407e-08
4.185534548867938732e-08
4.166383866931224274e-08
4.146564323327430061e-08
4.127042986145738836e-08
4.106889333366320964e-08
4.086799513458202176e-08
4.066109591526233437e-08
4.045222824964483974e-08
4.023764260489298635e-08
4.001818755930748668e-08
3.979327035266679757e-08
3.956026803378551476e-08
3.932205628811699736e-08
3.907222872154579098e-08
3.881748387777319687e-08
3.854731097046439544e-08
3.827262013038832044e-08
3.797849076442889964e-08
3.768044921049922634e-08
3.735890994580373671e-08
3.703440337614247547e-08
3.668251778199800229e-08
3.632910825462582843e-08
3.594491691773233390e-08
3.556130794636558477e-08
3.514434089997595688e-08
3.473085589640005091e-08
3.428260229268127199e-08
3.384156778425016756e-08
3.336577019821867515e-08
3.290167334004433209e-08
3.240431342285380339e-08
3.192362698674006853e-08
3.141252589888164936e-08
3.092317252455468650e-08
3.040723713916635685e-08
2.991777577195699066e-08
2.940603828635570480e-08
2.892474931494464939e-08
2.842541639450646705e-08
2.795949024140726172e-08
2.747920306352324178e-08
2.703418782601321831e-08
2.657760892648005077e-08
2.615717650115425998e-08
2.572691081229847903e-08
2.533290708793787142e-08
2.492968164303410112e-08
2.456236988457898662e-08
2.418536197325700009e-08
2.384375678729402622e-08
2.349096821145988412e-08
2.317317695763298556e-08
2.284178269933817829e-08
2.254530278850422596e-08
2.223193725246761295e-08
2.195388740457384201e-08
2.165485969837957068e-08
2.139214469756466981e-08
2.110359316814957688e-08
2.085301464426365504e-08
2.057102141368087539e-08
2.032935383660987559e-08
2.005004499234999744e-08
1.981409879696689380e-08
1.953375678877884499e-08
1.930045072027295324e-08
1.901566247569849533e-08
1.878212457440082374e-08
1.848998024333051216e-08
1.825368988770714115e-08
1.795203073064818228e-08
1.771100093793353429e-08
1.739869023187451453e-08
1.715166981709097846e-08
1.682883230005814335e-08
1.657548575392753595e-08
1.624364050576875358e-08
1.598464898310823849e-08
1.564666350227796742e-08
1.538369510307682177e-08
1.504352476941394763e-08
1.477905184349710010e-08
1.444129209570071607e-08
1.417827986631472840e-08
1.384762166870427285e-08
1.358915485462010218e-08
1.326986541343231877e-08
1.301879661556648728e-08
1.271433139095140211e-08
1.247301967261202998e-08
1.218582000213693964e-08
1.195599171616289277e-08
1.168746322061421548e-08
1.147018912296757319e-08
1.122081469768680317e-08
1.101657273971402623e-08
1.078609943678935738e-08
1.059488508487381600e-08
1.038253128002255146e-08
1.020398241523224239e-08
1.000862889958150913e-08
9.842143013231935749e-09
9.662489553856783019e-09
9.507321710200498831e-09
9.342004107768825578e-09
9.197342116798578528e-09
9.045012827753673140e-09
8.910030913339721677e-09
8.769409909178849976e-09
8.643304393042348411e-09
8.513207659915897786e-09
8.395218774799148874e-09
8.274571109676698193e-09
8.163994752364317436e-09
8.051832192266459506e-09
7.948024755301741226e-09
7.843490623910698222e-09
7.745869315152352400e-09
7.648206680689324446e-09
7.556247078072832602e-09
7.464789507892055853e-09
7.378021558789047336e-09
7.292183359002863153e-09
7.210186648766921513e-09
7.129453336394335027e-09
7.051852143290909347e-09
6.975771522394810650e-09
6.902229977185259442e-09
6.830404048170050206e-09
6.760621587457835354e-09
6.692699338607485501e-09
6.626406539087475819e-09
6.562077614684676241e-09
6.499032442861105817e-09
6.438021631883151201e-09
6.378006114205941503e-09
6.320068589152523889e-09
6.262885876566288822e-09
6.207803092811416007e-09
6.153274890060529622e-09
6.100851072632991669e-09
6.048815397034069453e-09
5.998874528219816852e-09
5.949183761967509186e-09
5.901567007779387778e-09
5.854086204862345509e-09
5.808649712567346054e-09
5.763255132738360561e-09
5.719868150713691689e-09
5.676445986975978952e-09
5.634989236006971422e-09
5.593434509511980208e-09
5.553798823526351713e-09
5.514014427242345019e-09
5.476099551166007029e-09
5.437995414550140703e-09
5.401708987582335739e-09
5.365201353017753458e-09
5.330458028163464165e-09
5.295468817707144503e-09
5.262189501780047440e-09
5.228645764131194198e-09
5.196756961184685028e-09
5.164590386195097942e-09
5.134023626681000098e-09
5.103170121811453974e-09
5.073861463469942415e-09
5.044260778410148390e-09
5.016150375016113073e-09
4.987745770815171856e-09
4.960777491880957523e-09
4.933515448826348932e-09
4.907636545661893420e-09
4.881466503673660287e-09
4.856627316825701909e-09
4.831501443575325985e-09
4.807655143001290212e-09
4.783528127670214027e-09
4.760630483321504456e-09
4.737459351229721953e-09
4.715468527592890685e-09
4.693212474833369979e-09
4.672088848991320853e-09
4.650709091893478295e-09
4.630415090760260944e-09
4.609874729033045410e-09
4.590374682341228744e-09
4.570638578225900379e-09
4.551898585129597045e-09
4.532933250386560714e-09
4.514921061397253353e-09
4.496694554790586648e-09
4.479379462315826922e-09
4.461861296944966541e-09
4.445214036225942963e-09
4.428375092753307696e-09
4.412367752206222051e-09
4.396180200316197723e-09
4.380786137838217542e-09
4.365223362223354391e-09
4.350417130141286783e-09
4.335453663842038179e-09
4.321210937470311971e-09
4.306822397872613641e-09
4.293119912017425654e-09
4.279282942412901562e-09
4.266098428882007725e-09
4.252790644865409890e-09
4.240102777495451215e-09
4.227302713359282156e-09
4.215091056937807912e-09
4.202778118675537985e-09
4.191023076273257214e-09
4.179177495755575872e-09
4.167860265395975867e-09
4.156463057015839565e-09
4.145565586786290189e-09
4.134598507129963225e-09
4.124103453475878405e-09
4.113548961681134214e-09
4.103439650881014292e-09
4.093280871996223910e-09
4.083541262253605160e-09
4.073761951007106462e-09
4.064376596195870118e-09
4.054961104142685700e-09
4.045915118712731810e-09
4.036848359973407288e-09
4.028127387897900779e-09
4.019394806105720774e-09
4.010984984937474157e-09
4.002572524115378458e-09
3.994460455832478226e-09
3.986354528194116769e-09
3.978527246762682535e-09
3.970714701761972130e-09
3.963159641691051070e-09
3.955627738855649163e-09
3.948332705414032131e-09
3.941069079756294761e-09
3.934022217251357398e-09
3.927014852880540640e-09
3.920204612620183335e-09
3.913441808870845607e-09
3.906856918481912873e-09
3.900327260815623357e-09
3.893956689035651751e-09
3.887649014184002215e-09
3.881481938801849644e-09
3.875385301107442996e-09
3.869411069330751937e-09
3.863514705892121529e-09
3.857722798874606565e-09
3.852016089698076446e-09
3.846396079766344830e-09
3.840868507018588342e-09
3.835410012789072635e-09
3.830051116456974142e-09
3.824743754464227307e-09
3.819543083213276452e-09
3.814376414341134998e-09
3.809323472539965381e-09
3.804286940990336527e-09
3.799371126936406062e-09
3.794453996733758957e-09
3.789664536188251112e-09
3.784855809167463233e-09
3.780181683979049877e-09
3.775470030549981968e-09
3.770899876272892242e-09
3.766273516653445232e-09
3.761795545947771431e-09
3.757242153654604308e-09
3.752844028383153898e-09
3.748350596695796408e-09
3.744019299290078698e-09
3.739571993464962925e-09
3.735293675515862674e-09
3.730877659933747137e-09
3.726637461846071212e-09
3.722236696259472254e-09
3.718018541238037147e-09
3.713615545174573728e-09
3.709401892370637157e-09
3.704977466586246974e-09
3.700749023380372259e-09
3.696281921638313354e-09
3.692017302581836043e-09
3.687483843876678630e-09
3.683159168376408396e-09
3.678532781277759634e-09
3.674121194617228969e-09
3.669371873865993587e-09
3.664842983487072486e-09
3.659936650113424087e-09
3.655255852736054529e-09
3.650153596419912021e-09
3.645281284053045171e-09
3.639938466570613978e-09
3.634829086470144285e-09
3.629194285094079715e-09
3.623795231580987293e-09
3.617809002636886390e-09
3.612059317196736918e-09
3.605652749338837743e-09
3.599481606729564017e-09
3.592574649297771602e-09
3.585899609095983732e-09
3.578399165930563994e-09
3.571124187915594420e-09
3.562921972896725112e-09
3.554935201962085079e-09
3.545905397228615309e-09
3.537076767225932599e-09
3.527073553456212265e-09
3.517252307208965000e-09
3.506107415010152160e-09
3.495119721851653952e-09
3.482640250425798621e-09
3.470287202777792804e-09
3.456254096344015130e-09
3.442310606606181659e-09
3.426478363984394258e-09
3.410693475538633760e-09
3.392791912402523191e-09
3.374891626750486454e-09
3.354630735610806803e-09
3.334324346186139299e-09
3.311403527335245690e-09
3.288394826540674703e-09
3.262517811242515841e-09
3.236522402834048833e-09
3.207418937672142020e-09
3.178188461973688436e-09
3.145643055490214495e-09
3.112996079601982004e-09
3.076882917849474759e-09
3.040740502892803776e-09
3.001059639314904226e-09
2.961481266853264810e-09
2.918394291583867831e-09
2.875607526963096665e-09
2.829459662662728723e-09
2.783875547877124849e-09
2.735200074941457790e-09
2.687407081716194369e-09
2.636904791512117076e-09
2.587637725552186970e-09
2.536131057784111534e-09
2.486217172007615044e-09
2.434584943513815437e-09
2.384875676569335336e-09
2.333979758412291340e-09
2.285280573429176954e-09
2.235898028806699958e-09
2.188908924590561015e-09
2.141680923095214680e-09
2.096956529170655705e-09
2.052360176286254880e-09
2.010292649683756972e-09
1.968635827234929364e-09
1.929458361682254798e-09
1.890893038412948704e-09
1.854698354039805052e-09
1.819245611082938639e-09
1.786012734526812780e-09
1.753592807065169439e-09
1.723216239526611124e-09
1.693678343205014821e-09
1.665995429079798117e-09
1.639144086365385355e-09
1.613958226957908728e-09
1.589574561662333352e-09
1.566673412601264878e-09
1.544531162048778145e-09
1.523699922931502734e-09
1.503576636317775328e-09
1.484607108479985783e-09
1.466291432000190210e-09
1.448987687460168839e-09
1.432283592177734123e-09
1.416465101956757839e-09
1.401193927338398034e-09
1.386696822427127910e-09
1.372697744456457976e-09
1.359375042832319920e-09
1.346504686099958244e-09
1.334225465614165490e-09
1.322356798335302104e-09
1.311005164137562751e-09
1.300026143292352832e-09
1.289499861567517125e-09
1.279311933220291172e-09
1.269521008501886087e-09
1.260037596986536964e-09
1.250902864416423391e-09
1.242047921536143783e-09
1.233499711737005751e-09
1.225206365398677678e-09
1.217183268326818572e-09
1.209392588488650089e-09
1.201840328515123202e-09
1.194499859070781031e-09
1.187370280872316148e-09
1.180434463265812085e-09
1.173684626335404569e-09
1.167111780929685231e-09
1.160703143232570406e-09
1.154456091810375054e-09
1.148353779783081764e-09
1.142398775305538109e-09
1.136570921160708830e-09
1.130876997049999314e-09
1.125294130725052698e-09
1.119832501124646155e-09
1.114466982305388523e-09
1.109210478451187441e-09
1.104035957007406168e-09
1.098958481986166064e-09
1.093949365773703071e-09
1.089025361293631194e-09
1.084156285956525192e-09
1.079360185512728916e-09
1.074605465439518320e-09
1.069911127612342695e-09
1.065244176019706922e-09
1.060624280367976717e-09
1.056016986015681994e-09
1.051442380368940228e-09
1.046864429066813222e-09
1.042303418330922346e-09
1.037721554583877083e-09
1.033139131703503470e-09
1.028516362991131623e-09
1.023873388023611682e-09
1.019168150946135737e-09
1.014420511403663353e-09
1.009585844271642887e-09
1.004683657597257308e-09
9.996664636962210718e-10
9.945534318090343019e-10
9.892939746505952164e-10
9.839070691169327323e-10
9.783389206683049645e-10
9.726086642197027057e-10
9.666594222299839616e-10
9.605111332477657464e-10
9.541043228672020342e-10
9.474607878698963479e-10
9.405194306740112881e-10
9.333054294462284986e-10
9.257577180987332133e-10
9.179069029570394077e-10
9.096942171330525567e-10
9.011581668576149209e-10
8.922451320652741687e-10
8.830041196682251987e-10
8.733896313405359586e-10
8.634633175931299667e-10
8.531903580400143347e-10
8.426459962635326814e-10
8.318074656393853053e-10
8.207627256212367389e-10
8.095005709468665150e-10
7.981185264945514566e-10
7.866144933399529439e-10
7.750904534687939933e-10
7.635493204258042332e-10
7.520913985574665640e-10
