# -0.9J_-0.1g_0.7854theta_0.0phi_10Chi_0.01delta_500N
8.220439003497610753e-02
3.172563823218708034e-04
8.753135473881440621e-06
1.943221097226566982e-06
9.197173680684749517e-07
1.354937103154094518e-06
6.763477477878354801e-07
9.753713639732209504e-07
5.563590228244690347e-07
6.917843658100172068e-07
4.873285973016619462e-07
5.351826136573670314e-07
4.465235879722780374e-07
4.478782771554119717e-07
4.213571725935875812e-07
3.937123647683829161e-07
4.052863828586856883e-07
3.560750080535736624e-07
3.950900366880190792e-07
3.273971714851967660e-07
3.893721119066492766e-07
3.041002255756327902e-07
3.877501712979210747e-07
2.844742940296394476e-07
3.901307513158541767e-07
2.677303932719192006e-07
3.962719711796692311e-07
2.535615113193160990e-07
4.059856601647162279e-07
2.419548521041328450e-07
4.192445792658486767e-07
2.330566906999953672e-07
4.360678905385933993e-07
2.269531468702633363e-07
4.563725731950665717e-07
2.234732812406156093e-07
4.798185709362381876e-07
2.222421522861406282e-07
5.056366503728850173e-07
2.228741151426676731e-07
5.324480507997480745e-07
2.250727309829690494e-07
5.581253098807920930e-07
2.286304468686084180e-07
5.798044558846699078e-07
2.334015533509526244e-07
5.942287146409340965e-07
2.392835211885908500e-07
5.985954761984497351e-07
2.462121659122796282e-07
5.918011954220977852e-07
2.541686055569110612e-07
5.753810223526271310e-07
2.631952010503758914e-07
5.531479168200215008e-07
2.734172365854733040e-07
5.294062325934438995e-07
2.850723295856032977e-07
5.069679727284692406e-07
2.985509739816182958e-07
4.862925666002792659e-07
3.144528413730149886e-07
4.659693408796200229e-07
3.336641377491553883e-07
4.439384494107700327e-07
3.574602205938247065e-07
4.187380262176354168e-07
3.876307586284490353e-07
3.902340836758273216e-07
4.266010145751240362e-07
3.595809603417415664e-07
4.774546443605406214e-07
3.285916589507697460e-07
5.435887113793773702e-07
2.989980712755072147e-07
6.273523524157696936e-07
2.719930038387141077e-07
7.264701778544372590e-07
2.481334962699144752e-07
8.273571353017232489e-07
2.274698020882714287e-07
8.992623292563858070e-07
2.097425817201469515e-07
9.041876474248419079e-07
1.945583966426284070e-07
8.303267886005794928e-07
1.815033955352710469e-07
7.087263169226890279e-07
1.701905147710389006e-07
5.818916834862972803e-07
1.602801311775276786e-07
4.732740077255938656e-07
1.514944969393364229e-07
3.877622162428914268e-07
1.436190991065726256e-07
3.223061765285828946e-07
1.364939587680908110e-07
2.723103671017885207e-07
1.300020384550864840e-07
2.337965113354931922e-07
1.240586180788864052e-07
2.037678460049155960e-07
1.186026496077787676e-07
1.800595419983782151e-07
1.135897598355841051e-07
1.611174232364661335e-07
1.089875347775044992e-07
1.458165161672053949e-07
1.047715640257315375e-07
1.333315080930257452e-07
1.009226692758829325e-07
1.230481553816062206e-07
9.742432610424104016e-08
1.145029414418417675e-07
9.426098936508375945e-08
1.073421847931220282e-07
9.141686743436231815e-08
1.012934090020671910e-07
8.887478744916066247e-08
9.614521485013292941e-08
8.661560019143512819e-08
9.173288111049341977e-08
8.461807128750994496e-08
8.792787783985682666e-08
8.285919854396653529e-08
8.463005146324979375e-08
8.131477786644000296e-08
8.176170660691124982e-08
7.996008294513192477e-08
7.926307374812158793e-08
7.877046357304942875e-08
7.708872698262879549e-08
7.772178680391488464e-08
7.520474267276463476e-08
7.679070943897165425e-08
7.358641158343784581e-08
7.595487897867200685e-08
7.221638681060342361e-08
7.519305101682573057e-08
7.108312138369152969e-08
7.448521190527900180e-08
7.017954483599609206e-08
7.381274134143311874e-08
6.950191482983501691e-08
7.315863698083990986e-08
6.904879957119464028e-08
7.250780705815794839e-08
6.882015677140035657e-08
7.184742276853259748e-08
6.881647970145886335e-08
7.116731096827838565e-08
6.903799224093280103e-08
7.046035780310492685e-08
6.948392412932711222e-08
6.972288569192303131e-08
7.015195843285929828e-08
6.895495806343301783e-08
7.103790906847610687e-08
6.816056163245463968e-08
7.213561378343211912e-08
6.734761764590337478e-08
7.343701866495618440e-08
6.652778867226388202e-08
7.493241862941073424e-08
6.571608073999571311e-08
7.661078469996757396e-08
6.493028207567552854e-08
7.846009519536534643e-08
6.419030513738020987e-08
8.046760385375977072e-08
6.351749027778151984e-08
8.262000990273587291e-08
6.293390447309557067e-08
8.490352358002700691e-08
6.246166135765935249e-08
8.730383906003671301e-08
6.212228939401484033e-08
8.980602104670691908e-08
6.193621651868304283e-08
9.239434654147312825e-08
6.192241442112156389e-08
9.505208199862272715e-08
6.209823274984860792e-08
9.776121103672525298e-08
6.247943757815437876e-08
1.005021033726464396e-07
6.308043617004068599e-08
1.032531118164800822e-07
6.391465292057956918e-08
1.059900799987613571e-07
6.499501155005066997e-08
1.086857438954558145e-07
6.633447733925139946e-08
1.113090170470103581e-07
6.794661989826646352e-08
1.138241672952173172e-07
6.984616679023239568e-08
1.161899264860251160e-07
7.204952981820392815e-08
1.183586314596453201e-07
7.457529518189322075e-08
1.202755766791556576e-07
7.744467462316932413e-08
1.218788655176317228e-07
8.068191700941197612e-08
1.231001590194270761e-07
8.431467753952769812e-08
1.238667986819743518e-07
8.837433516531471094e-08
1.241057511591862466e-07
9.289623766316683002e-08
1.237496041558495087e-07
9.791983667163421513e-08
1.227443714164499156e-07
1.034886513841411270e-07
1.210581740673090434e-07
1.096499677047772100e-07
1.186891495202860400e-07
1.164541370890112769e-07
1.156705408217899919e-07
1.239532858420384967e-07
1.120711832005003883e-07
1.321991798062774993e-07
1.079906340020636897e-07
1.412399154747208549e-07
1.035496763352871529e-07
1.511150344742986179e-07
9.887824361323634427e-08
1.618486061142534774e-07
9.410337981683036362e-08
1.734398290912569326e-07
8.933948781178970282e-08
1.858508303640399970e-07
8.468211440207407955e-08
1.989916750151920372e-07
8.020539670981882736e-08
2.127032430783539922e-07
7.596247835635908494e-08
2.267396571672402272e-07
7.198785276609466264e-08
2.407533370809564082e-07
6.830062843378290783e-08
2.542872944139592026e-07
6.490795756117165334e-08
2.667804495201452493e-07
6.180816481594762488e-08
2.775917538642125679e-07
5.899336220566808365e-08
2.860468631861004439e-07
5.645150642574336581e-08
2.915065355545125789e-07
5.416795051559550262e-08
2.934492860634818119e-07
5.212658177273895584e-08
2.915538609596465729e-07
5.031064190779852944e-08
2.857626257936904970e-07
4.870331173072615774e-08
2.763078771678372943e-07
4.728812316651245901e-08
2.636907302541861190e-07
4.604924297652515584e-08
2.486149480579378507e-07
4.497165645003844848e-08
2.318911365767674303e-07
4.404125928858757640e-08
2.143344778099321120e-07
4.324489053558582044e-08
1.966783678605163524e-07
4.257037127006454963e-08
1.795181530931593097e-07
4.200656623289519046e-08
1.632882180997320906e-07
4.154341551525910194e-08
1.482667779356507768e-07
4.117191687213326586e-08
1.345984054133695338e-07
4.088406658547007167e-08
1.223243091068425257e-07
4.067278630300449801e-08
1.114128794105405419e-07
4.053184173289774661e-08
1.017861652440919051e-07
4.045575670687401842e-08
9.334056656634053789e-08
4.043972779197753860e-08
8.596172962483611003e-08
4.047954399629108366e-08
7.953448943136282078e-08
4.057151419168980766e-08
7.394898243020803079e-08
4.071240303409828434e-08
6.910400557606533349e-08
4.089937425975829817e-08
6.490851288619704324e-08
4.112993983463028927e-08
6.128192413264176761e-08
4.140191467744907130e-08
5.815372596966987881e-08
4.171337432269914252e-08
5.546269109500166937e-08
4.206261467979826300e-08
5.315592597933015201e-08
4.244811517004614987e-08
5.118787913327308968e-08
4.286850373656863633e-08
4.951937157283150515e-08
4.332253043228110663e-08
4.811670482884929883e-08
4.380904550608585730e-08
4.695086739902575537e-08
4.432697748649978532e-08
4.599682143736788171e-08
4.487531305738427890e-08
4.523288054887617878e-08
4.545307963523708908e-08
4.464017139048314122e-08
4.605933023265578537e-08
4.420216841220691119e-08
4.669313069050746746e-08
4.390429279729240753e-08
4.735354883528176460e-08
4.373356904262394660e-08
4.803964476944244400e-08
4.367832994195551391e-08
4.875046134090590730e-08
4.372796628122227918e-08
4.948501401051678149e-08
4.387271668777012723e-08
5.024227978213892133e-08
4.410349396067956582e-08
5.102118390680182160e-08
4.441174402029425300e-08
5.182058683612973236e-08
4.478933051821305402e-08
5.263926416385937449e-08
4.522844632449816622e-08
5.347588860486652467e-08
4.572154294355279858e-08
5.432900301684186109e-08
4.626127462302755481e-08
5.519698996553900518e-08
4.684045260051644184e-08
5.607803287831330281e-08
4.745200476897784369e-08
5.697006757643073415e-08
4.808893712687526302e-08
5.787072112359989760e-08
4.874429470025517784e-08
5.877723420419836120e-08
4.941112105070230736e-08
5.968636206816079303e-08
5.008241734440982533e-08
6.059424770112474829e-08
5.075110364659737576e-08
6.149625907974558118e-08
5.140998731064177721e-08
6.238678064096450611e-08
5.205174516423783222e-08
6.325894731574359189e-08
5.266892854045254527e-08
6.410430876287720149e-08
5.325400215161003903e-08
6.491241294139717369e-08
5.379942954818098811e-08
6.567030514238029567e-08
5.429781865926191831e-08
6.636195567258438539e-08
5.474213985020833091e-08
6.696766498486478875e-08
5.512602494941543537e-08
6.746356025977722926e-08
5.544414769536563042e-08
6.782140458740222676e-08
5.569267270579100647e-08
6.800909209309519417e-08
5.586974283953699732e-08
6.799237231748135931e-08
5.597595317083829947e-08
6.773843880015779468e-08
5.601474067279415278e-08
6.722183411655369036e-08
5.599260629480514272e-08
6.643241252650892479e-08
5.591908904593843938e-08
6.538376698133729681e-08
5.580643557459522879e-08
6.411903287090760673e-08
5.566895553018410951e-08
6.271047677098711333e-08
5.552211514671482766e-08
6.125096708095937907e-08
5.538148213330853954e-08
5.983899400733375891e-08
5.526167194166315029e-08
5.856217731564836179e-08
5.517544509680808605e-08
5.748475290433889043e-08
5.513306480968804743e-08
5.664217891476359007e-08
5.514196990217088626e-08
5.604272393495352657e-08
5.520675351854684365e-08
5.567369405969792375e-08
5.532939436322973594e-08
5.550939018495834882e-08
5.550965993810830466e-08
5.551846176826140369e-08
5.574559564148501866e-08
5.566935811202987664e-08
5.603402448800755555e-08
5.593357419380902597e-08
5.637100255549962179e-08
5.628705283562723477e-08
5.675219835906261438e-08
5.671036240318422115e-08
5.717318434200187836e-08
5.718822821642438467e-08
5.762964358715599549e-08
5.770881527125202584e-08
5.811750311473021739e-08
5.826300935428448372e-08
5.863300903034725082e-08
5.884378343868230177e-08
5.917275816796349560e-08
5.944568699966903301e-08
5.973369960439111236e-08
6.006445204120354668e-08
6.031311687358775051e-08
6.069669702283884401e-08
6.090859915031729335e-08
6.133970785999027620e-08
6.151800767665966253e-08
6.199127729678544354e-08
6.213944225103027094e-08
6.264958755409338454e-08
6.277120894174615990e-08
6.331312459188623424e-08
6.341179409606368025e-08
6.398061519116226211e-08
6.405984074294062616e-08
6.465098037302275640e-08
6.471413061018161224e-08
6.532330027403698114e-08
6.537356828104432244e-08
6.599678710649840560e-08
6.603716779388615081e-08
6.667076348838060482e-08
6.670404094748988926e-08
6.734464464997395232e-08
6.737338691254673816e-08
6.801792366911798391e-08
6.804448289967869040e-08
6.869015881797993461e-08
6.871667574405418030e-08
6.936096293402376295e-08
6.938937434824766375e-08
7.002999449508006767e-08
7.006204290413017012e-08
7.069695021208940516e-08
7.073419484793770311e-08
7.136155894988505983e-08
7.140538756022649027e-08
7.202357680292603001e-08
7.207521762962436033e-08
7.268278309783101837e-08
7.274331671995942315e-08
7.333897728601976108e-08
7.340934775175303719e-08
7.399197651972650982e-08
7.407300129891102635e-08
7.464161398320389615e-08
7.473399193518670331e-08
7.528773788784960328e-08
7.539205465839578670e-08
7.593021090624186027e-08
7.604694190674105775e-08
7.656890820613205808e-08
7.669842160041109390e-08
7.720371019111395397e-08
7.734627617934593066e-08
7.783449286207808412e-08
7.799030205793409811e-08
7.846112991839222558e-08
7.863030908536836702e-08
7.908350263851033861e-08
7.926611982527787025e-08
7.970150299680403053e-08
7.989756871880466578e-08
8.031503185259849120e-08
8.052450121299081981e-08
8.092399697929386230e-08
8.114677290730921343e-08
8.152831176426396186e-08
8.176424875016602426e-08
8.212789475373375563e-08
8.237680255524934721e-08
8.272266811689248467e-08
8.298431663400627061e-08
8.331255855841929280e-08
8.358667908501375171e-08
8.389749595265230025e-08
8.418378516422991674e-08
8.447741371697413382e-08
8.477553692066946724e-08
8.505224844201261511e-08
8.536184231502697463e-08
8.562193964823783609e-08
8.594261481263276220e-08
8.618642960517573486e-08
8.651777302263371759e-08
8.674566315405417993e-08
8.708724038759642813e-08
8.729958756982530004e-08
8.765094486272741280e-08
8.784815239438603354e-08
8.820881865402174076e-08
8.839130932349672854e-08
8.876079795306338147e-08
8.892901207191428071e-08
8.930682271254319638e-08
8.946121626046772559e-08
8.984683641264079338e-08
8.998787930609249070e-08
9.038078587007258232e-08
9.050896033454498700e-08
9.090862103440222851e-08
9.102442006414441201e-08
9.143029482314006675e-08
9.153422073933057215e-08
9.194576294326320084e-08
9.203832603259506995e-08
9.245498373022715106e-08
9.253670096560063282e-08
9.295791801058755249e-08
9.302931184726442081e-08
9.345452895034221450e-08
9.351612618800235959e-08
9.394478191952386470e-08
9.399711263768240211e-08
9.442864437499328835e-08
9.447224092886253472e-08
9.490608572413012784e-08
9.494148180218193139e-08
9.537707722048850852e-08
9.540480695633279236e-08
9.584159184829669810e-08
9.586218898468364493e-08
9.629960421673753477e-08
9.631360132832855868e-08
9.675109045783159101e-08
9.675901821474306067e-08
9.719602813427057880e-08
9.719841461517299156e-08
9.763439613713542144e-08
9.763176619229799419e-08
9.806617460938449527e-08
9.805904924837796974e-08
9.849134484401558637e-08
9.848024068991702041e-08
9.890988922004741833e-08
9.889531797008864804e-08
9.932179111055653076e-08
9.930425906068519925e-08
9.972703480879022479e-08
9.970704239617841996e-08
1.001256054664396722e-07
1.001036468464679967e-07
1.005174890104327590e-07
1.004940516719903324e-07
1.009026720846666093e-07
1.008782364906732236e-07
1.012811419860237490e-07
1.012561812345681840e-07
1.016528866027484605e-07
1.016278661234921681e-07
1.020178943549934206e-07
1.019932716393970966e-07
1.023761541458668349e-07
1.023523784714582840e-07
1.027276553009195695e-07
1.027051675159705987e-07
1.030723875290928827e-07
1.030516198259174312e-07
1.034103408666276119e-07
1.033917166008627321e-07
1.037415056410275013e-07
1.037254391450308226e-07
1.040658724246479632e-07
1.040527688635917838e-07
1.043834319971747426e-07
1.043736872258325180e-07
1.046941753153249790e-07
1.046881757547643417e-07
1.049980934719126984e-07
1.049962160065466766e-07
1.052951776720692371e-07
1.052977895497939551e-07
1.055854192030025632e-07
1.055928779564759321e-07
1.058688094085632206e-07
1.058814627904747859e-07
1.061453396677367327e-07
1.061635255895312993e-07
1.064150013772131469e-07
1.064390478624110185e-07
1.066777859304481415e-07
1.067080110792748907e-07
1.069336847037273224e-07
1.069703966669862921e-07
1.071826890517439832e-07
1.072261860026749663e-07
1.074247902871600013e-07
1.074753604180736353e-07
1.076599796797708491e-07
1.077179011905402835e-07
1.078882484567369529e-07
1.079537895530823032e-07
1.081095877925903850e-07
1.081830066941939966e-07
1.083239888146279091e-07
1.084055337643147518e-07
1.085314426050910052e-07
1.086213518830202469e-07
1.087319402105358801e-07
1.088304421489785679e-07
1.089254726423733718e-07
1.090327856453827999e-07
1.091120308949341502e-07
1.092283634633563212e-07
1.092916059528796468e-07
1.094171567069212203e-07
1.094641888091696882e-07
1.095991465134346999e-07
1.096297704808671115e-07
1.097743140699942119e-07
1.097883420284019279e-07
1.099426406342884844e-07
1.099398945749314246e-07
1.101041075532421326e-07
1.100844193339064158e-07
1.102586962894804090e-07
1.102219076293263416e-07
1.104063884426600344e-07
1.103523509265742844e-07
1.105471657743452584e-07
1.104757408567086303e-07
1.106810102405095461e-07
1.105920692506847616e-07
1.108079040116160952e-07
1.107013282431373847e-07
1.109278295102862119e-07
1.108035101096070164e-07
1.110407694373378980e-07
1.108986074466307022e-07
1.111467068083409867e-07
1.109866132125781768e-07
1.112456250964318078e-07
1.110675207385699861e-07
1.113375079479079662e-07
1.111413237653105959e-07
1.114223394948200932e-07
1.112080164873511438e-07
1.115001043431697267e-07
1.112675935875246377e-07
1.115707875938582092e-07
1.113200502833536334e-07
1.116343748701272334e-07
1.113653823662090577e-07
1.116908523668614406e-07
1.114035862457001208e-07
1.117402068785325271e-07
1.114346589928739635e-07
1.117824258459097496e-07
1.114585983847209650e-07
1.118174973908418246e-07
1.114754029452552846e-07
1.118454103569183079e-07
1.114850719932296576e-07
1.118661543536738228e-07
1.114876056871033283e-07
1.118797197976830274e-07
1.114830050637143987e-07
1.118860979542592265e-07
1.114712720900166795e-07
1.118852809837776375e-07
1.114524097008020385e-07
1.118772619770512311e-07
1.114264218487642692e-07
1.118620351434319211e-07
1.113933135414964842e-07
1.118395954154892623e-07
1.113530908871726873e-07
1.118099389232905096e-07
1.113057612340998930e-07
1.117730628887379157e-07
1.112513329504083766e-07
1.117289656694754387e-07
1.111898156646610054e-07
1.116776467935075478e-07
1.111212202916359156e-07
1.116191069990160847e-07
1.110455590507029048e-07
1.115533482702647329e-07
1.109628454911201908e-07
1.114803738763451770e-07
1.108730945348643277e-07
1.114001884048841694e-07
1.107763225103546112e-07
1.113127977936797882e-07
1.106725471768125019e-07
1.112182093708598110e-07
1.105617877644499639e-07
1.111164318798598040e-07
1.104440649934678444e-07
1.110074755144863416e-07
1.103194011069131029e-07
1.108913519447521601e-07
1.101878198901028378e-07
1.107680743480437007e-07
1.100493466974130402e-07
1.106376574344109065e-07
1.099040084662096525e-07
1.105001174684677092e-07
1.097518337404623774e-07
1.103554722970121586e-07
1.095928526819168310e-07
1.102037413685844006e-07
1.094270970843551763e-07
1.100449457492418051e-07
1.092546003829598209e-07
1.098791081465882188e-07
1.090753976631643421e-07
1.097062529210995107e-07
1.088895256637909763e-07
1.095264061011473024e-07
1.086970227805019876e-07
1.093395953960786263e-07
1.084979290642827899e-07
1.091458502022761284e-07
1.082922862230361824e-07
1.089452016156563703e-07
1.080801376051530340e-07
1.087376824326556831e-07
1.078615281993278414e-07
1.085233271571272919e-07
1.076365046202811159e-07
1.083021719998404149e-07
1.074051150912512910e-07
1.080742548761756059e-07
1.071674094310312944e-07
1.078396154046148783e-07
1.069234390277425673e-07
1.075982949005332980e-07
1.066732568204232159e-07
1.073503363687241685e-07
1.064169172688901551e-07
1.070957844917932904e-07
1.061544763253745562e-07
1.068346856198560231e-07
1.058859914038952927e-07
1.065670877535925096e-07
1.056115213414432452e-07
1.062930405287302316e-07
1.053311263658095077e-07
1.060125951961432483e-07
1.050448680482399387e-07
1.057258046007862092e-07
1.047528092665931319e-07
1.054327231565457999e-07
1.044550141543210013e-07
1.051334068225339846e-07
1.041515480574848637e-07
1.048279130734886905e-07
1.038424774765488963e-07
1.045163008677490279e-07
1.035278700244352633e-07
1.041986306213334614e-07
1.032077943587530763e-07
1.038749641648924040e-07
1.028823201330826838e-07
1.035453647136391037e-07
1.025515179343900216e-07
1.032098968260968097e-07
1.022154592236806787e-07
1.028686263659373835e-07
1.018742162702697299e-07
1.025216204573672796e-07
1.015278620883261572e-07
1.021689474457284034e-07
1.011764703717181224e-07
1.018106768465013019e-07
1.008201154255741474e-07
1.014468793024837567e-07
1.004588720991285821e-07
1.010776265359634922e-07
1.000928157141538056e-07
1.007029912942805332e-07
9.972202199743739274e-08
1.003230473043801410e-07
9.934656700701058773e-08
9.993786921841065413e-08
9.896652706177552251e-08
9.954753255917461898e-08
9.858197867294613203e-08
9.915211366820332771e-08
9.819299846596010734e-08
9.875168964919085948e-08
9.779966311581629457e-08
9.834633831335747760e-08
9.740204927045077101e-08
9.793613812243044191e-08
9.700023348414863373e-08
9.752116813204334824e-08
9.659429214443888880e-08
9.710150793766165094e-08
9.618430140360311571e-08
9.667723761216184037e-08
9.577033711262025147e-08
9.624843765140594966e-08
9.535247475199404202e-08
9.581518892012848433e-08
9.493078936838878389e-08
9.537757258948828296e-08
9.450535550974113436e-08
9.493567008495500041e-08
9.407624716544824314e-08
9.448956302862840078e-08
9.364353770313105184e-08
9.403933318604970439e-08
9.320729981703298061e-08
9.358506241001118227e-08
9.276760547036700124e-08
9.312683258788591374e-08
9.232452584009860482e-08
9.266472559149704138e-08
9.187813127504261864e-08
9.219882322442358672e-08
9.142849124380010109e-08
9.172920717526444118e-08
9.097567429322184440e-08
9.125595896869175995e-08
9.051974800968193565e-08
9.077915991948456174e-08
9.006077898377532934e-08
9.029889109126774229e-08
8.959883277600957198e-08
8.981523325436098847e-08
8.913397388721416925e-08
8.932826684478632768e-08
8.866626573812257894e-08
8.883807193142304885e-08
8.819577064348931924e-08
8.834472817870316709e-08
8.772254980172506483e-08
8.784831481580888526e-08
8.724666327699215708e-08
8.734891061029927028e-08
8.676816999292276947e-08
8.684659384115123254e-08
8.628712773346407444e-08
8.634144227572339291e-08
8.580359313804090436e-08
8.583353315108775451e-08
8.531762171266142557e-08
8.532294315925678634e-08
8.482926783740578306e-08
8.480974843248985016e-08
8.433858478343468090e-08
8.429402453533883312e-08
8.384562473251234025e-08
8.377584645971595436e-08
8.335043880119393545e-08
8.325528862069673000e-08
8.285307707409819958e-08
8.273242486235065676e-08
8.235358863496333168e-08
8.220732845609623427e-08
8.185202160711146786e-08
8.168007211779263413e-08
8.134842320008864480e-08
8.115072801507980947e-08
8.084283975526278021e-08
8.061936778417174372e-08
8.033531680221857065e-08
8.008606255151492423e-08
7.982589911726146160e-08
7.955088295828145139e-08
7.931463078553852769e-08
7.901389918455366892e-08
7.880155526929335366e-08
7.847518098234902557e-08
7.828671548022805912e-08
7.793479770929457137e-08
7.777015385551905275e-08
7.739281836568679316e-08
7.725191243810446637e-08
7.684931163573715602e-08
7.673203296220195121e-08
7.630434593061781472e-08
7.621055694010632780e-08
7.575798943493577043e-08
7.568752575534147849e-08
7.521031015706925947e-08
7.516298075789391604e-08
7.466137597830967998e-08
7.463696336135670274e-08
7.411125471027790555e-08
7.410951514676302390e-08
7.356001414738218707e-08
7.358067796216135626e-08
7.300772212677982685e-08
7.305049403480548474e-08
7.245444658578490273e-08
7.251900607266619983e-08
7.190025562209932521e-08
7.198625738033949793e-08
7.134521755645275024e-08
7.145229196526557165e-08
7.078940099300817802e-08
7.091715465144789315e-08
7.023287487968875125e-08
7.038089119208666593e-08
6.967570857233510102e-08
6.984354837949733746e-08
6.911797189228879061e-08
6.930517415904447153e-08
6.855973518759932659e-08
6.876581773725976002e-08
6.800106939217143715e-08
6.822552969077544947e-08
6.744204608095133327e-08
6.768436207327654436e-08
6.688273752285876379e-08
6.714236851947561015e-08
6.632321673416183035e-08
6.659960434322905974e-08
6.576355752667244748e-08
6.605612663542483362e-08
6.520383455064400852e-08
6.551199435474237727e-08
6.464412333661503827e-08
6.496726841442976364e-08
6.408450033110407451e-08
6.442201175979016135e-08
6.352504292931572776e-08
6.387628944524374075e-08
6.296582949884055721e-08
6.333016869792596487e-08
6.240693940151261038e-08
6.278371897647015397e-08
6.184845300761547584e-08
6.223701202031442482e-08
6.129045170460620649e-08
6.169012189028462738e-08
6.073301789658032552e-08
6.114312499849387992e-08
6.017623500101834647e-08
6.059610012911603883e-08
5.962018743402712404e-08
6.004912844572796550e-08
5.906496059206497931e-08
5.950229349022468885e-08
5.851064082284925467e-08
5.895568116782763024e-08
5.795731539016199560e-08
5.840937971917562226e-08
5.740507243097609425e-08
5.786347968189254236e-08
5.685400090496234521e-08
5.731807383761833246e-08
5.630419053585484044e-08
5.677325714629157723e-08
5.575573175232190868e-08
5.622912666612950077e-08
5.520871561491850368e-08
5.568578146297308760e-08
5.466323368677591110e-08
5.514332250320507151e-08
5.411937800867645408e-08
5.460185253564918398e-08
5.357724098344796836e-08
5.406147596098483165e-08
5.303691527171110615e-08
5.352229868591898584e-08
5.249849368572043886e-08
5.298442796895196492e-08
5.196206907729270059e-08
5.244797225340855269e-08
5.142773421913690981e-08
5.191304098774452468e-08
5.089558168296720829e-08
5.137974443955166622e-08
5.036570371300455871e-08
5.084819349787452326e-08
4.983819209593501214e-08
5.031849946870931888e-08
4.931313802833789479e-08
4.979077386283632822e-08
4.879063198181782081e-08
