# -1.0J_0.0g_0.0theta_0.0phi_10Chi_0.01delta_500N
-8.143485885625523224e-14
6.960158475780492187e-04
-4.894915234301105977e-01
-4.393413266908507975e-03
6.003331527623541330e-02
7.614728155531486076e-02
-1.422121260039112545e-01
1.929361770010104005e-01
-1.842544617059852508e-01
5.110598372628932795e-01
0.000000000000000000e+00
1.612954689995238141e+03
3.300140801032506675e+07
1.298962374321676418e+07
1.701557070204153955e+08
2.412025361564273357e+09
-1.197949562974046230e+09
-1.550196817426404238e+09
2.609701504160271645e+09
-1.735777595441420317e+09
-4.538673027906986457e-01
5.081143017957662791e+07
-2.742414928357553711e+12
7.749448212057101250e+09
-1.060909184154797821e+11
-1.344068629856334076e+11
2.502467861708053284e+11
-3.412029444325850830e+11
3.248615675971812744e+11
-9.014155249258538818e+11
1.279261955981605742e-04
7.684732720469756052e+06
-2.139624709295328856e+08
4.766278256036434174e+09
1.952875482253981445e+12
-2.885966187368557031e+13
5.330801874884159375e+13
2.111240738037943750e+13
1.159043748686114844e+13
-1.718325551720058984e+13
-6.663579381257432876e-01
1.749512852940749168e+09
1.128597008086315674e+12
-4.353238437381519043e+12
-6.506041677850550000e+13
4.777344069388241875e+14
-1.077661161754422500e+15
-7.339046709807463750e+14
-7.792705830065725000e+13
8.857667039598752500e+14
4.884076488999584131e-01
-1.681117291769833803e+09
-8.272152833601030273e+11
5.916536667530787109e+12
1.561872238842235938e+14
6.244278963152741250e+14
2.860491913612828750e+14
1.807072858612738438e+14
9.337992911356978750e+14
-3.854180971102047500e+14
2.252961808855592774e-02
1.410679508069874573e+10
-3.817342028499255371e+10
2.967198513390389453e+13
-2.017924190346670000e+14
2.097641240334561250e+14
-1.009146362685800375e+15
6.385773827305205000e+14
-1.770244295081996500e+15
-4.216619919042183125e+14
5.273388828635768716e-02
1.044021844106785774e+10
-8.940036658860147095e+10
3.291375109942097656e+13
-3.074537446022057500e+14
-2.045368908862400938e+14
-8.916683431172276250e+14
6.728793326180321250e+14
-2.221808710238913000e+15
1.099781139898157422e+13
5.317515946490860429e-02
8.470256994998350525e+10
-8.968827524491246033e+10
-5.631588915321908203e+12
2.702051002278962812e+14
2.139840245838643500e+15
-2.681358538874088000e+15
3.240955298463809375e+14
-7.237375682877422500e+14
-3.707671027961432500e+15
2.962822247363119249e-02
-1.218131575216387939e+11
-5.052159712719741058e+10
1.007779252216676406e+14
-8.229232194198203125e+13
2.569372910870458000e+15
-1.928722572379726875e+14
4.114112998448283125e+14
1.644959622975710000e+15
3.386207753633260500e+15
-1.000000000000000222e+00
-2.698019853982043998e-13
1.659926326048182810e-13
-8.890450162960470243e-18
-7.806255641895631925e-18
1.249000902703301108e-16
2.393918396847993790e-16
1.040834085586084257e-17
1.006139616066548115e-16
-2.811435407401225862e-16
-1.356927277566272110e-12
-2.147298861972334905e+01
8.615612632848002761e+01
3.644926864000928402e+07
1.185952898142184913e+08
6.699705976776434183e+08
-1.798666893554525375e+08
1.438368713436920643e+09
5.426039211029393673e+08
5.636939404916469753e+07
2.129618247556073087e-13
9.403474912700573451e-01
-4.683636240002468476e+00
1.090130013383469544e+06
-6.417308299696922302e+06
-3.626549941401545703e+07
9.707754651807950810e+06
-7.780123179297229648e+07
-2.937063360817424208e+07
-3.049267237773069646e+06
-1.094576611192417986e-08
-3.283875099960805848e+07
-3.196497582715906203e+06
4.497014176174908750e+14
4.293514297161835327e+11
-1.790796773428820312e+12
-3.018501034060819092e+11
-1.247660834130807861e+12
2.043526203277491455e+12
1.666992582425871277e+10
2.417610057414779861e-07
-4.122825341948434711e+06
1.862061524069289118e+07
8.897437616759803467e+11
2.557445661271165234e+13
1.445105139461381562e+14
-3.871187570164341406e+13
3.100024238208544375e+14
1.170895302538820156e+14
1.215032785084122852e+13
8.134922972543598729e-08
-5.740436301585799083e+06
2.671989136397236586e+07
-1.077469261728128418e+12
3.667007308230548438e+13
2.072492399045384062e+14
-5.552269345664939844e+13
4.446275716436421250e+14
1.678925561722868750e+14
1.742482397152491406e+13
1.525136106103046978e-06
-2.712549262999489903e+07
1.242938992272792011e+08
8.112409388859633789e+11
1.705814602863518125e+14
9.639787354933175000e+14
-2.583736424818029375e+14
2.068751596391300000e+15
7.807201897959120000e+14
8.107328748392537500e+13
-2.759669228756651031e-07
-2.469029466281780228e+07
1.132443157171113938e+08
3.698081145631250610e+11
1.554457683917406250e+14
8.783185505452707500e+14
-2.352751259225640938e+14
1.884412106531866500e+15
7.115896114575362500e+14
7.386036654826206250e+13
-1.636368723352934496e-07
-7.601048056028993800e+06
3.347362361623058096e+07
4.190746613291548828e+12
4.595245787556020312e+13
2.598618669792540312e+14
-6.970854833274201562e+13
5.573249265014435625e+14
2.105064045373261250e+14
2.184926464955869141e+13
-1.762704385167531258e-06
2.453253198345796764e+07
-1.135468699568853527e+08
2.603290662535339355e+12
-1.557307769417443750e+14
-8.806734471891073750e+14
2.361298059630078125e+14
-1.889075322801903250e+15
-7.131259437849536250e+14
-7.404601937563467188e+13
-7.737462092990453093e-14
2.881631066417795761e-01
1.022414278597766059e-04
1.137042314148661458e-04
-6.532835884829182871e-02
5.733433742652748188e-01
1.130395041244267873e-01
-3.383080163606920210e-01
-5.254310273861149960e-02
1.682847711655685889e-03
2.749919175339549104e-01
-1.019080651259003052e+12
-3.615498060246347189e+08
3.281609585415066034e+07
-2.087420366906215286e+10
1.836500980598676147e+11
3.608656013820935059e+10
-1.081742236209713440e+11
-1.697911055529583740e+10
9.145312415535202026e+08
-1.302928645807860691e-05
4.822205841720831394e+07
1.709473352691607943e+04
-5.289228282152481843e+05
-4.341555181701205671e+07
-4.139826939815558493e+07
-1.154263768251581490e+08
-3.274688457145794854e+07
8.895664805892843008e+07
-1.181660742967638886e+06
1.216896244912297344e-05
4.024956886003282852e+06
-5.384290698632516433e+04
8.985754937093435287e+09
8.323905966567866211e+12
9.039924685565097656e+11
1.379329057833351562e+12
-6.465985154590615234e+11
-1.687583432006998779e+12
1.600318235195833969e+10
1.652602505177003245e-02
5.449138814026297569e+09
-3.312654400289126486e+07
4.924211062908314209e+11
1.435645201939280500e+15
-1.383309821724040234e+13
2.975424427351429688e+13
-9.705114466312671875e+13
-1.442685864310084375e+14
3.758262277639956665e+11
-8.617186044054278224e-03
-2.849827811569294453e+09
-6.107432000890452415e+07
4.097792196277031860e+11
2.038276916239331500e+15
-3.876730183588135254e+12
-3.393604915170176172e+13
-1.980728950960677500e+14
-1.453877660568492188e+14
-1.091970294181241455e+11
-6.181114993362248899e-01
-1.999986525865704956e+11
9.529552919486689568e+07
8.178179254426132812e+12
-9.016836243736257812e+13
1.680644458715129000e+15
1.377036957151588500e+15
-5.900790218455710000e+14
-9.164529593351461250e+14
1.779750018860502734e+13
5.978599378872540004e-01
1.934058356959549866e+11
3.633952060064561963e+08
9.276617836271632812e+12
-1.441917209349883789e+13
6.687134979342910156e+13
2.223474219537343750e+15
1.305447509056799000e+15
-1.692715864950488750e+15
2.043076698621759375e+13
7.519657877978207228e-02
2.433131160955036163e+10
-1.477106195678172112e+08
-6.758405181342228516e+12
-4.446292166751321250e+14
-7.482782627459370000e+14
-1.332591067981879250e+15
-1.338437253642584219e+14
9.982803265503335000e+14
-1.452548555020416992e+13
8.319670940207456525e-03
2.674116924240615845e+09
1.969259364851437509e+08
7.018904936345289062e+12
-2.558267493687939375e+14
6.106406552478417500e+14
1.473619152624470500e+15
3.954023024411773750e+14
-1.056830962618940750e+15
1.535928422656075000e+13
