# -0.1J_-0.9g_0.41888theta_1.0472phi_10Chi_0.01delta_500N
2.137823700977950492e-02
6.109391941455844964e-05
5.713282643380879200e-06
7.519495348804324726e-07
4.552180978100424375e-07
4.988641096247137294e-07
2.920675915269066292e-07
4.062527840904864276e-07
2.109173813986925991e-07
3.286369163533133701e-07
1.607002131461451934e-07
2.665440180396268153e-07
1.271020826746455978e-07
2.181415686336886579e-07
1.034944805285553297e-07
1.808129526102022478e-07
8.628802802835039835e-08
1.520330773922880202e-07
7.337528021403613688e-08
1.296957758917743689e-07
6.345225179688826784e-08
1.121639332324647045e-07
5.568004722402189553e-08
9.821146949126789851e-08
4.950118810884052564e-08
8.693824078236683008e-08
4.453359280598337739e-08
7.769000659993514404e-08
4.050640898221533250e-08
6.999311166020172785e-08
3.721985470337139968e-08
6.350453177812348637e-08
3.452037399940333231e-08
5.797496316637160368e-08
3.228663994506011385e-08
5.322211932433204549e-08
3.042269555102608636e-08
4.911170407115669176e-08
2.885440797596826165e-08
4.554395100910284635e-08
2.752646954977926296e-08
4.244401700374415848e-08
2.639900256505011482e-08
3.975494278923150728e-08
2.544405188041764487e-08
3.743236000774459054e-08
2.464250761366011315e-08
3.544050084810914789e-08
2.398175176582258411e-08
3.374926631766181867e-08
2.345402207367167643e-08
3.233225791511999712e-08
2.305530789425500982e-08
3.116571048451569309e-08
2.278453385669285367e-08
3.022816678021220986e-08
2.264279740265351395e-08
2.950061526975476829e-08
2.263246581430106607e-08
2.896677170817261949e-08
2.275604509035922806e-08
2.861342570784248076e-08
2.301484682778727194e-08
2.843055732895538234e-08
2.340767894090474513e-08
2.841130557733541689e-08
2.392987998947140826e-08
2.855178200275363777e-08
2.457292270750331026e-08
2.885075695447727638e-08
2.532455038997908977e-08
2.930922800719191636e-08
2.616918214076531455e-08
2.992985064279416188e-08
2.708829434060380177e-08
3.071616457211454851e-08
2.806062180461882515e-08
3.167147474177277673e-08
2.906217143796759092e-08
3.279716240777657437e-08
3.006611551419512882e-08
3.409009362742774037e-08
3.104275862245114552e-08
3.553867645398956329e-08
3.195962527629511227e-08
3.711706066625376924e-08
3.278179637327275872e-08
3.877711824752720896e-08
3.347259240027879342e-08
4.043845245003233018e-08
3.399470136284290307e-08
4.197817031650720980e-08
3.431183980417736303e-08
4.322490316157296781e-08
3.439099791725446252e-08
4.396532989799653668e-08
3.420523873106729831e-08
4.397406643003558504e-08
3.373687822931114219e-08
4.307357668639965006e-08
3.298065971154482254e-08
4.121248104519402839e-08
3.194629359668599148e-08
3.852160617353684047e-08
3.065958513034841925e-08
3.529699251279906581e-08
2.916146864457425786e-08
3.190166222331782929e-08
2.750470905080975806e-08
2.864548453555169333e-08
2.574871018194416072e-08
2.571615296278188110e-08
2.395348103825244526e-08
2.318092851592044378e-08
2.217406313230239471e-08
2.102789965785979081e-08
2.045646370315707237e-08
1.920970029399740181e-08
1.883555378595609523e-08
1.767242586578798800e-08
1.733479530579146401e-08
1.636926885380172842e-08
1.596726023070194353e-08
1.526446125358359046e-08
1.473741238777604632e-08
1.433267821365652529e-08
1.364311071730420882e-08
1.355691646203590067e-08
1.267753775715810354e-08
1.292625836839832477e-08
1.183090542264806106e-08
1.243392328321095109e-08
1.109182858516086548e-08
1.207560529724048576e-08
1.044835744653799530e-08
1.184799878298191453e-08
9.888683049479839837e-09
1.174743136840069585e-08
9.401563977330220699e-09
1.176857808031880951e-08
8.976541033902236472e-09
1.190325663184070453e-08
8.604009645108476795e-09
1.213929410605607364e-08
8.275211440358587975e-09
1.245943288075117953e-08
7.982184859897932503e-09
1.284027411968938262e-08
7.717712262529946746e-09
1.325135970706422618e-08
7.475278301217628198e-09
1.365468776761757830e-08
7.249043958633939221e-09
1.400520984832676274e-08
7.033843911326112824e-09
1.425304207747780305e-08
6.825194369052508769e-09
1.434804651687532038e-08
6.619318274174881256e-09
1.424692929750019476e-08
6.413172335867728026e-09
1.392180827762439282e-08
6.204460887276213699e-09
1.336784023933412856e-08
5.991639669713440420e-09
1.260673409098769643e-08
5.773907412286758392e-09
1.168389611491204703e-08
5.551188854921391480e-09
1.065956701071792654e-08
5.324111269583554063e-09
9.597092961179655866e-09
5.093966205799350005e-09
8.552475890525460605e-09
4.862635020806251513e-09
7.568049447042957078e-09
4.632457863462632563e-09
6.670789792767929936e-09
4.406047197031458923e-09
5.874012740397613592e-09
4.186071139727248683e-09
5.180680711148169704e-09
3.975040770051281345e-09
4.586908151572894340e-09
3.775129413836105128e-09
4.084897038748806062e-09
3.588040361301260052e-09
3.665059299355553451e-09
3.414929166388072985e-09
3.317380967928666079e-09
3.256379459353026838e-09
3.032198854069855977e-09
3.112426670499420250e-09
2.800573610234450004e-09
2.982621344880071921e-09
2.614413213451167399e-09
2.866122226104275271e-09
2.466460419137907392e-09
2.761808651040943504e-09
2.350220151860802989e-09
2.668401953275415412e-09
2.259872282814721293e-09
2.584586437619772410e-09
2.190192850663570430e-09
2.509121894086879437e-09
2.136492477939919729e-09
2.440941275915132290e-09
2.094573527179145722e-09
2.379228814390317904e-09
2.060705246089782152e-09
2.323475431188753702e-09
2.031616102377371321e-09
2.273509971128251619e-09
2.004502456111370643e-09
2.229506777725034334e-09
1.977051536373814054e-09
2.191972503644194027e-09
1.947474284829733616e-09
2.161717534717266913e-09
1.914540646813798806e-09
2.139819301331896799e-09
1.877607317627665179e-09
2.127585209401232135e-09
1.836626925774814855e-09
2.126521148113849293e-09
1.792129112868890314e-09
2.138306992457322675e-09
1.745168230724969479e-09
2.164772969673146154e-09
1.697238505312602392e-09
2.207859482916903976e-09
1.650163740631847215e-09
2.269527213358697703e-09
1.605973447091674378e-09
2.351561459238635651e-09
1.566780241503504032e-09
2.455183852772284430e-09
1.534674667392986605e-09
2.580349554326596678e-09
1.511653313643040013e-09
2.724590568763169204e-09
1.499594508218893425e-09
2.881329066334662833e-09
1.500293422259722738e-09
3.037851155879230627e-09
1.515565563257221193e-09
3.173747382535360729e-09
1.547424577807746332e-09
3.261518436375687262e-09
1.598336985213616492e-09
3.271454870620731521e-09
1.671550068086273796e-09
3.181293920278061696e-09
1.771474006452615430e-09
2.986976501829485782e-09
1.904044134740157225e-09
2.707281957528837032e-09
2.076844608813465760e-09
2.377721738627286155e-09
2.298391436562158549e-09
2.037281918773290833e-09
2.575168658529907874e-09
1.716697390549073838e-09
2.903729175095570801e-09
1.433731466888436777e-09
3.255202448687862878e-09
1.194658620069262875e-09
3.557548242248675193e-09
9.982985434615805324e-10
3.702631155718174689e-09
8.397963760960391453e-10
3.607935973492813450e-09
7.131259842391792278e-10
3.288609732935960245e-09
6.123992766076354996e-10
2.845353770142535983e-09
5.324364458855289587e-10
2.385849469363119219e-09
4.689424453478016022e-10
1.974711766086569979e-09
4.184805419290739686e-10
1.634092413940731733e-09
3.783533007614919861e-10
1.362319087365016764e-09
3.464605966905337034e-10
1.148751185393303902e-09
3.211679562183912143e-10
9.813708212578894488e-10
3.011951279508302999e-10
8.496751927639770571e-10
2.855279551903162005e-10
7.453498425979842866e-10
2.733508470224200286e-10
6.620958896097637028e-10
2.639981679704299428e-10
5.952233292116555014e-10
2.569227581207203725e-10
5.412442851107928250e-10
2.516737641810729865e-10
4.975369345895350048e-10
2.478841479979865565e-10
4.620922051431288228e-10
2.452601310359167956e-10
4.333368620719943732e-10
2.435712693205752885e-10
4.100150770801265219e-10
2.426404876290594095e-10
3.911134918057232756e-10
2.423341214171491725e-10
3.758108165891551245e-10
2.425527719922457272e-10
3.634419827951941144e-10
2.432234156025952617e-10
3.534704207709643634e-10
2.442928621449892016e-10
3.454650144037455397e-10
2.457226514825975559e-10
3.390806380520140477e-10
2.474850484435111617e-10
3.340411381919831807e-10
2.495598701123081258e-10
3.301251506861207078e-10
2.519321271279645010e-10
3.271544218485561377e-10
2.545900090962689294e-10
3.249841355953877133e-10
2.575233752509034700e-10
3.234957455405032709e-10
2.607225356486645692e-10
3.225904235821853406e-10
2.641772898137178261e-10
3.221847630029234718e-10
2.678763967551054936e-10
3.222072409482472592e-10
2.718072599082751935e-10
3.225957834743006116e-10
2.759559437189656267e-10
3.232961879699734544e-10
2.803073401458922505e-10
3.242612142958454529e-10
2.848455732033091047e-10
3.254499758344696665e-10
2.895543017156652591e-10
3.268279946122709365e-10
2.944171475591103403e-10
3.283672196560132688e-10
2.994179044951485733e-10
3.300461957204690606e-10
3.045407417297495387e-10
3.318503871314437494e-10
3.097703103455439393e-10
3.337722986627829085e-10
3.150917488676876943e-10
3.358114714315205100e-10
3.204906224783887986e-10
3.379742371770434895e-10
3.259529312500563518e-10
3.402731777317782247e-10
3.314648386645793151e-10
3.427262645575117491e-10
3.370127010512823382e-10
3.453556874446029441e-10
3.425828686621926111e-10
3.481864212304803168e-10
3.481616029277119019e-10
3.512446161311549104e-10
3.537348985163644985e-10
3.545559285714996440e-10
3.592883986642905263e-10
3.581439088258951457e-10
3.648072778640836245e-10
3.620286670577866070e-10
3.702761576138447981e-10
3.662256922483109921e-10
3.756790666820372006e-10
3.707452179417653005e-10
3.809994783651142639e-10
3.755919203669669065e-10
3.862204716363549621e-10
3.807650458367824442e-10
3.913250627910058203e-10
3.862588049125553456e-10
3.962967960849539849e-10
3.920631838261864158e-10
4.011206295520577313e-10
3.981647358400846798e-10
4.057841989324375102e-10
4.045475205650757996e-10
4.102794892812167606e-10
4.111940048326147902e-10
4.146049449062279105e-10
4.180858556969957150e-10
4.187680429036976490e-10
4.252045684666570861e-10
4.227882335541533686e-10
4.325320792493744524e-10
4.267001323493210958e-10
4.400509868379401471e-10
4.305566796675233415e-10
4.477448846445762514e-10
4.344317964027381576e-10
4.555984654711671901e-10
4.384218208126586430e-10
4.635975692194570841e-10
4.426447553762792594e-10
4.717291719410677202e-10
4.472361816986645954e-10
4.799813376317732251e-10
4.523407938167650105e-10
4.883431729628365135e-10
4.580991191421973770e-10
4.968046194531191386e-10
4.646303503152781174e-10
5.053566206946174108e-10
4.720141735452454118e-10
5.139907862305792083e-10
4.802762167660486125e-10
5.226994393141217418e-10
4.893818989005153610e-10
5.314755199022910560e-10
4.992412095708359897e-10
5.403125203211511413e-10
5.097230163767474827e-10
5.492044284308901921e-10
5.206743200627769431e-10
5.581456775115342150e-10
5.319393298878193565e-10
5.671313148609079777e-10
5.433743085356834431e-10
5.761561146312869986e-10
5.548568856367497436e-10
5.852156111177050119e-10
5.662900577822907008e-10
5.943060417266239584e-10
5.776023302584072832e-10
6.034232562409627154e-10
5.887452708574315179e-10
6.125639510424736196e-10
5.996898973971762103e-10
6.217239247937246365e-10
6.104226199859835642e-10
6.309007152691704064e-10
6.209413930999341193e-10
6.400910274241607583e-10
6.312523362810883498e-10
6.492920521163827190e-10
6.413669420889379778e-10
6.585011213508030795e-10
6.512998914226775938e-10
6.677157209359128904e-10
6.610674001714827834e-10
6.769334757866524120e-10
6.706860361147741524e-10
6.861521393984461067e-10
6.801719181317545922e-10
6.953695831658135982e-10
6.895401550063064735e-10
7.045837863600846578e-10
6.988045980370480090e-10
7.137928231498422743e-10
7.079776712069082447e-10
7.229948691413017214e-10
7.170703471631738467e-10
7.321881748450189948e-10
7.260922060078001748e-10
7.413710549819497199e-10
7.350514728340598414e-10
7.505419180242249755e-10
7.439551968055467648e-10
7.596992028258786455e-10
7.528093123469397370e-10
7.688414279107480148e-10
7.616188286221344016e-10
7.779671574677221267e-10
7.703879060732189078e-10
7.870750007066262697e-10
7.791199444620058210e-10
7.961636331369044309e-10
7.878176989360778826e-10
8.052317283729432553e-10
7.964833720395531211e-10
8.142780281249824706e-10
8.051186761982871279e-10
8.233013047074798421e-10
8.137249119016877238e-10
8.323003761815499837e-10
8.223030520996165057e-10
8.412740284526059396e-10
8.308537271544020679e-10
8.502211262068707136e-10
8.393773279454654907e-10
8.591405562074386253e-10
8.478740296238445296e-10
8.680312361221045919e-10
8.563438206462895713e-10
8.768921158118435161e-10
8.647865372124229066e-10
8.857221308810204488e-10
8.732018856302726095e-10
8.945202639948991141e-10
8.815894920190389515e-10
9.032855015724048968e-10
8.899488466996564326e-10
9.120168430137290669e-10
8.982794048281556685e-10
9.207133921251983474e-10
9.065805625005646124e-10
9.293741610295409295e-10
9.148516473991518432e-10
9.379982260950391898e-10
9.230919551294964554e-10
9.465846827375689357e-10
9.313007748931358321e-10
9.551326449951348178e-10
9.394773639477146886e-10
9.636412450933161655e-10
9.476209689959487960e-10
9.721096337840449068e-10
9.557308132521522472e-10
9.805369799968519534e-10
9.638061273021720743e-10
9.889224712494902035e-10
9.718461413653011808e-10
9.972653130023047706e-10
9.798500891562098802e-10
1.005564729977282692e-09
9.878172104356483044e-10
1.013819964361783907e-09
9.957467541010206469e-10
1.022030277400575249e-09
1.003637980326342767e-09
1.030194948320253287e-09
1.011490162104318815e-09
1.038313272177524832e-09
1.019302587243626933e-09
1.046384574882917826e-09
1.027074559449394149e-09
1.054408182889877314e-09
1.034805399655048157e-09
1.062383450526213087e-09
1.042494446721824045e-09
1.070309755017687027e-09
1.050141058396386741e-09
1.078186486150383583e-09
1.057744611869404373e-09
1.086013054985876840e-09
1.065304504060556028e-09
1.093788893355855017e-09
1.072820152570558124e-09
1.101513450212418656e-09
1.080290995314715945e-09
1.109186192638697218e-09
1.087716491219273034e-09
1.116806608459521267e-09
1.095096120082406790e-09
1.124374204823460769e-09
1.102429382925630930e-09
1.131888508135251267e-09
1.109715789681909176e-09
1.139349064108402771e-09
1.116954916672555507e-09
1.146755437972541268e-09
1.124146301561374285e-09
1.154107213917131822e-09
1.131289531981266626e-09
1.161403995738292459e-09
1.138384216922494935e-09
1.168645406400714557e-09
1.145429983048219036e-09
1.175831088054206665e-09
1.152426477250799840e-09
1.182960702101894922e-09
1.159373366715767284e-09
1.190033929064122071e-09
1.166270338363698414e-09
1.197050468492410541e-09
1.173117098945536091e-09
1.204010038705811240e-09
1.179913374572483646e-09
1.210912377046539176e-09
1.186658910348916176e-09
1.217757239566047040e-09
1.193353470403851257e-09
1.224544400772488618e-09
1.199996836941329263e-09
1.231273653814118177e-09
1.206588810824534193e-09
1.237944810149955324e-09
1.213129210816984706e-09
1.244557699313741374e-09
1.219617873684679964e-09
1.251112168898011566e-09
1.226054650758037365e-09
1.257608084481359837e-09
1.232439411896522066e-09
1.264045328858988587e-09
1.238772043219732957e-09
1.270423803004129335e-09
1.245052447207787852e-09
1.276743424556167075e-09
1.251280541851302353e-09
1.283004128410115858e-09
1.257456260754246863e-09
1.289205866335752163e-09
1.263579577862768457e-09
1.295348606749444363e-09
1.269650408447649398e-09
1.301432334322480434e-09
1.275668752835930016e-09
1.307457049859868617e-09
1.281634602618351583e-09
1.313422770224132997e-09
1.287547963123980114e-09
1.319329527930389980e-09
1.293408852782073955e-09
1.325177370523927967e-09
1.299217303160588831e-09
1.330966361453759921e-09
1.304973358413732871e-09
1.336696578809422206e-09
1.310677074894867583e-09
1.342368114307819158e-09
1.316328520855170095e-09
1.347981074486171186e-09
1.321927778775104166e-09
1.353535580126452981e-09
1.327474938415820759e-09
1.359031765273706118e-09
1.332970101078820980e-09
1.364469778040779081e-09
1.338413379288957712e-09
1.369849807509247260e-09
1.343804896083830811e-09
1.375171973586020901e-09
1.349144784531782139e-09
1.380436488112571042e-09
1.354433187120590067e-09
1.385643549707244112e-09
1.359670256092449493e-09
1.390793368703386357e-09
1.364856152011753287e-09
1.395886167029059570e-09
1.369991044964934308e-09
1.400922178286602222e-09
1.375075112857482299e-09
1.405901646371503570e-09
1.380108542204063495e-09
1.410824826577734917e-09
1.385091527096060464e-09
1.415691984614325127e-09
1.390024269464063395e-09
1.420503395748811177e-09
1.394906978123920956e-09
1.425259344809336912e-09
1.399739859345343170e-09
1.429960125914701626e-09
1.404523159085062183e-09
1.434606042792685423e-09
1.409257093619568667e-09
1.439197408009560457e-09
1.413941898195479609e-09
1.443734542341037246e-09
1.418577814624466581e-09
1.448217775123321156e-09
1.423165090950351532e-09
1.452647442965186809e-09
1.427703978777801446e-09
1.457023890338274229e-09
1.432194736981090012e-09
1.461347469300525760e-09
1.436637628484389124e-09
1.465618538708212573e-09
1.441032922295249924e-09
1.469837462470053147e-09
1.445380889912973839e-09
1.474004614814822447e-09
1.449681809425817645e-09
1.478120371299966294e-09
1.453935961318008537e-09
1.482185116523503817e-09
1.458143631389633166e-09
1.486199228678027220e-09
1.462305108315740974e-09
1.490163132521555496e-09
1.466420684695607709e-09
1.494077197491698054e-09
1.470490656341505881e-09
1.497941836496636396e-09
1.474515322587145741e-09
1.501757457713412276e-09
1.478494985599977989e-09
1.505524473460646005e-09
1.482429949920845229e-09
1.509243299337448666e-09
1.486320533393718335e-09
1.512914354930142905e-09
1.490167028258595426e-09
1.516538063160365600e-09
1.493969754965483207e-09
1.520114849472308743e-09
1.497729028002211560e-09
1.523645142265673618e-09
1.501445164299790670e-09
1.527129372556292872e-09
1.505118481463046675e-09
1.530567974085931917e-09
1.508749300486960162e-09
1.533961381562172866e-09
1.512337942575743953e-09
1.537310032229845323e-09
1.515884730858603260e-09
1.540614365016215659e-09
1.519389990101300487e-09
1.543874819598615499e-09
1.522854045773630073e-09
1.547091840753013952e-09
1.526277224219722773e-09
1.550265867707135858e-09
1.529659853258976659e-09
1.553397342117028128e-09
1.533002261227519813e-09
1.556486705461730742e-09
1.536304776902977422e-09
1.559534397861623807e-09
1.539567731637201270e-09
1.562540876001259049e-09
1.542791461173712105e-09
1.565506575816788379e-09
1.545976285382928546e-09
1.568431940150336032e-09
1.549122533508338939e-09
1.571317410434907939e-09
1.552230536119842831e-09
1.574163436038607119e-09
1.555300624611393638e-09
1.576970449944843104e-09
1.558333140208248161e-09
1.579738895518039132e-09
1.561328410024573442e-09
1.582469213711925656e-09
1.564286761413205634e-09
1.585161842636477379e-09
1.567208524256479146e-09
1.587817219148518502e-09
1.570094028383386610e-09
1.590435778104749263e-09
1.572943603017761937e-09
1.593017952535411059e-09
1.575757576684128971e-09
1.595564174262298106e-09
1.578536277225003208e-09
1.598074872519936279e-09
1.581280032211522243e-09
1.600550474734831710e-09
1.583989167842535585e-09
1.602991406209649299e-09
1.586664010142111754e-09
1.605398089865464067e-09
1.589304883586479677e-09
1.607770946381089384e-09
1.591912112384672605e-09
1.610110393800912509e-09
1.594486019112494341e-09
1.612416847350560691e-09
1.597026925716872012e-09
1.614690719777629901e-09
1.599535152414448127e-09
1.616932838993926644e-09
1.602011019110461061e-09
1.619142774155981826e-09
1.604455120488485757e-09
1.621321348682925555e-09
1.606867221322840757e-09
1.623468963505974729e-09
1.609247912674798108e-09
1.625585609588968633e-09
1.611597508782035454e-09
1.627672499436189554e-09
1.613916322520676260e-09
1.629729613663082733e-09
1.616204664963806568e-09
1.631757340256495781e-09
1.618462846051416011e-09
1.633756063671791850e-09
1.620691174261980231e-09
1.635726164890205912e-09
1.622889956299761793e-09
1.637668021807314428e-09
1.625059497173063538e-09
1.639582009117259008e-09
1.627200100207064355e-09
1.641468495675745075e-09
1.629312067637756580e-09
1.643328226413068094e-09
1.631395699156085157e-09
1.645160806169744747e-09
1.633451293353690612e-09
1.646966605492735386e-09
1.635479146953038193e-09
1.648746723709396732e-09
1.637479554576900217e-09
1.650501138711533381e-09
1.639452809458827699e-09
1.652230200113953903e-09
1.641399202741412509e-09
1.653934453607367188e-09
1.643319023901350257e-09
1.655613839397643953e-09
1.645212560513704780e-09
1.657268892933442625e-09
1.647080098353990915e-09
1.658899946952935162e-09
1.648921921087110127e-09
1.660507330864857225e-09
1.650738310724489394e-09
1.662091369870231594e-09
1.652529547084672801e-09
1.663652385893661236e-09
1.654295908409113869e-09
1.665190696186653671e-09
1.656037670520250452e-09
1.666706614798139024e-09
1.657755107775963834e-09
1.668200451893308503e-09
1.659448491863255750e-09
1.669672513471438078e-09
1.661118093154974100e-09
1.671123101991652051e-09
1.662764179633455553e-09
1.672552516157872030e-09
1.664386842315059191e-09
1.673961050758082288e-09
1.665986705893442802e-09
1.675348996760174355e-09
1.667563847391040259e-09
1.676716641408092083e-09
1.669118526309808102e-09
1.678064268390459856e-09
1.670651000891516160e-09
1.679392157495535575e-09
1.672161526676494318e-09
1.680700584971967694e-09
1.673650357856578429e-09
1.681989823166217143e-09
1.675117745966702290e-09
1.683260141198229061e-09
1.676563940828809976e-09
1.684511803940411707e-09
1.677989190057156136e-09
1.685745073417441130e-09
1.679393739236933372e-09
1.686960207670923719e-09
1.680777831868363718e-09
1.688157461154766207e-09
1.682141709478517126e-09
1.689337085271856653e-09
1.683485611749137958e-09
1.690499327430717479e-09
1.684809775583331725e-09
1.691644431860445466e-09
1.686114436562289498e-09
1.692772639422125329e-09
1.687399827918690383e-09
1.693884187577805475e-09
1.688666180991184331e-09
1.694979310431386787e-09
1.689913724691682238e-09
1.696058238766153876e-09
1.691142686349537603e-09
1.697121199990052737e-09
1.692353287299840765e-09
1.698168418674283353e-09
1.693545761548373893e-09
1.699200115898515097e-09
1.694720319233422253e-09
1.700216509700693496e-09
1.695877182883314619e-09
1.701217814873843098e-09
1.697016569567398417e-09
1.702204243328127324e-09
1.698138694063655502e-09
1.703176003811977556e-09
1.699243777354403744e-09
1.704133302362131497e-09
1.700332014781207255e-09
1.705076341741013669e-09
1.701403623111585183e-09
1.706005321885884139e-09
1.702458809288639568e-09
1.706920439863836177e-09
1.703497778298935326e-09
1.707821890110255467e-09
1.704520733041767866e-09
1.708709863884984217e-09
1.705527874959857698e-09
1.709584550684703102e-09
1.706519402767819361e-09
1.710446135084536278e-09
1.707495513937832807e-09
1.711294802036793573e-09
1.708456403464120738e-09
1.712130731430138727e-09
1.709402264889768432e-09
1.712954101797311299e-09
1.710333289616059157e-09
1.713765088450013679e-09
1.711249667029280338e-09
1.714563864738288195e-09
1.712151584797687603e-09
1.715350601286391854e-09
1.713039228589161361e-09
1.716125466481458256e-09
1.713912782247362153e-09
1.716888625747780196e-09
1.714772428031986500e-09
1.717640251286984003e-09
1.715618345788957306e-09
1.718380496995280248e-09
1.716450714013786452e-09
1.719109520704300248e-09
1.717269708991351839e-09
1.719827478994622337e-09
1.718075505707906400e-09
1.720534526326203009e-09
1.718868276587807461e-09
1.721230815077652481e-09
1.719648193004635713e-09
1.721916495287553814e-09
1.720415424282881486e-09
1.722591714911513422e-09
1.721170137692720887e-09
1.723256620012321414e-09
1.721912499016457305e-09
1.723911354617870302e-09
1.722642672535620695e-09
1.724556056772776878e-09
1.723360820305377779e-09
1.725190873969209485e-09
1.724067102924367735e-09
1.725815940625726410e-09
1.724761679342905491e-09
1.726431392675057011e-09
1.725444706837177612e-09
1.727037364630947385e-09
1.726116340543397136e-09
1.727633988782832627e-09
1.726776734488162082e-09
1.728221395801643649e-09
1.727426041018672758e-09
1.728799714395921929e-09
1.728064410123267619e-09
1.729369071771361568e-09
1.728691991481678718e-09
1.729929593112951211e-09
1.729308931869878261e-09
1.730481402333188480e-09
1.729915377170059464e-09
1.731024621226800861e-09
1.730511471410762725e-09
1.731559370273017424e-09
1.731097357237679742e-09
1.732085768232949621e-09
1.731673175460833131e-09
1.732603932110740473e-09
1.732239065741569155e-09
1.733113977489490682e-09
1.732795165964604390e-09
1.733616018423219951e-09
1.733341612401887518e-09
1.734110167336546105e-09
1.733878540118873219e-09
1.734596535193360250e-09
1.734406082495282468e-09
1.735075231906679869e-09
1.734924371438478117e-09
1.735546365060926927e-09
1.735433537418665981e-09
1.736010041638343139e-09
1.735933709601844476e-09
1.736466366646133819e-09
1.736425016068055186e-09
1.736915444452525870e-09
1.736907581583897975e-09
1.737357376626547356e-09
1.737381532397269756e-09
1.737792265259865522e-09
1.737846991504490970e-09
1.738220209553469630e-09
1.738304080807819688e-09
1.738641308174066574e-09
1.738752920977739683e-09
1.739055658256874946e-09
1.739193631839920695e-09
1.739463355848349677e-09
1.739626331024957334e-09
1.739864495645888981e-09
1.740051135354087476e-09
1.740259170965969494e-09
1.740468160268304470e-09
1.740647474099887290e-09
