# -0.5J_-0.5g_0.31416theta_1.0472phi_10Chi_0.01delta_500N
-1.272835547616058438e+00
2.285614690064164123e-01
4.128288389669713260e-02
2.526609780882290157e-01
2.410838080649797127e-02
-7.203885514231118947e-02
1.836060803133329061e-02
1.463334860667785953e-01
-3.761718732181011399e-03
4.358641156835922625e-02
2.142852659171615437e-01
-1.093368178470788959e-01
-5.970579795595770678e-02
-1.943977790656763530e-03
4.112945443489806063e-01
-3.323405198245692471e-01
-1.530177378623101825e-01
1.623485086732403326e+00
9.147798233661305622e-02
-5.757357064690783385e-03
7.250193102992416594e-02
-7.606350487684818140e-02
-4.920466652186842871e-01
2.749427722296742330e-02
-2.052227898978759013e-01
-2.316499372316670247e+00
9.161398679131879663e-02
-3.633784071423087902e-01
-8.421525492885522102e-01
2.628717504437974931e-02
2.497407673968943254e-01
-2.039642785676675299e-02
2.901889252699897323e-02
-2.538007911740251532e-01
-1.525907696883940512e-01
4.233661785791369980e-01
9.407737330017466038e-01
-6.900493351138596854e-01
-1.061629001423084473e-01
5.650195861274069919e-01
4.965227112469799108e-03
2.073351173456861596e-01
-1.756727322071489072e-01
-1.167777070488637547e-01
-2.502427631575010025e+00
-1.035085587635420579e+00
7.253224109458704660e-01
-8.125861180810751705e+00
-6.954481449241399771e-01
1.475193885247726676e-02
6.713358335143190803e-02
3.665289305216569149e-01
2.341725769524121592e+00
-4.780175317208489871e-01
9.776333176605394026e-01
2.382384967145237198e+01
-3.599685072398953745e-01
2.043047956327703751e+00
-6.579696324698878662e+00
1.446435408065777084e+00
-2.037597477049208228e-03
-1.105897070069716964e-01
7.690016641361116512e-02
1.568968772577057580e+00
1.285838848452688143e+00
1.460098888625423717e-02
-1.130411702785251649e+01
7.560464474466152218e+00
9.433012602381324330e-01
-4.406202196521788572e+00
-1.390611372546291802e-01
-1.452677508440816556e+00
4.027281083034425779e-01
1.310687772802546558e+00
1.823213648943984211e+01
1.734020147214464735e+00
-9.809611873710750274e+00
1.132971941140430800e+02
9.360216366055080783e+00
-1.705763446675741424e+00
4.225725940841952577e-03
-4.500162148596537764e-02
6.301798607600288538e-01
2.601153696839487717e-01
1.118582668867774244e+00
-1.390556180024404931e+01
-5.445953066910668161e-01
4.093334202141444500e+00
2.785882049744912337e+01
-3.644026664751810252e+00
-5.968447719111182742e-02
-5.527980409740227419e-01
2.054487628171103586e-01
3.245927551031426161e-01
1.479189605254434658e+00
-1.000845036295745505e+00
-2.155830426093013674e+00
2.812016869291301902e+01
5.136680331971034796e+00
2.555245827675408643e-01
-6.556375013985267508e-02
-7.044398866033103890e-02
-2.009706082265871607e-01
-2.936393519050358725e-01
2.657406694785107715e-01
4.540845810838674973e-02
1.156625813704092565e+00
3.245674778444315733e-02
1.064892566772177550e-02
-3.753445612166906864e-01
-6.300503137904332751e-02
-3.604760367575035040e-01
-2.126854397674533270e-01
1.555055082196672711e-01
1.544162488735360661e+00
-1.181782358764533504e-02
-3.236509241779733648e-01
-5.740148929215487250e-01
-3.806628120238006452e-02
1.344737136142988565e-01
-1.542153026332063193e-01
-2.904953649119655923e-01
-2.563685822784516510e+00
5.560510844699474708e-02
-4.066324868442082185e-01
5.057310659199090175e-01
-3.305569835241691234e-01
1.176607770600473779e-01
6.277483515869769493e-02
9.566657210990493765e-02
-1.490955918035130612e-01
1.238612005130619448e-01
2.758283308550035610e-03
-1.837621313832449754e+00
-6.993937325098498192e-01
6.298660583036166938e-02
6.037084773862003040e+00
3.847573661381970545e-01
2.599624259514522473e-01
2.727972918969616689e+00
2.724252918733310880e-01
1.557645766859018899e+00
-4.876752741964099358e-01
-6.543686137308873940e-01
-1.656087939567344591e+01
7.657147513650666149e-01
1.175267780965068232e+00
-5.040430348107582503e+00
-6.278829198207527273e-01
2.765459430400085683e-01
-2.717649385973927578e-02
5.592136301320919760e-03
-5.137637996460338030e-01
-9.904736160983799997e-02
-8.357080625364142756e-01
5.007587615663522396e-01
6.019684552467514660e-01
-1.153437820412921283e-01
-1.733770131333048692e+00
8.936493443204616971e-02
1.051779181515400952e+00
-3.196584477034636884e-01
-1.927555077944393958e-01
1.351565777279854608e+01
5.620481565859992701e-01
-7.700626685367341073e-01
-8.331223504774879984e+01
-6.192634129787133013e+00
-2.057720164695602261e+00
-1.648949709028388355e+01
-1.890367827208717932e-02
4.361584797221156884e-01
-1.249159598401232557e-01
-6.341041475542646966e-01
1.059060709784553111e+01
-3.266231444984488141e-01
2.580540903248623508e+00
2.175317976093596073e+01
7.244306599318315332e-01
1.768063473265538976e-01
-5.204093814390367556e-02
5.443318817678177018e-02
-1.539479182843000483e-02
-5.717814132061691534e-01
1.698690043546791983e+00
-2.941305074853270529e+00
3.257274679372297754e+00
1.376081403645212253e+00
2.118013018865403296e+01
-1.694464484073431976e+00
8.156708053567810271e-03
-5.508297481163397791e-01
1.598733722467921281e-01
-1.539777331530952642e+00
-3.926881567250043048e+01
2.011976454636283052e+00
9.314046345917855518e+00
-6.554290996094324839e+01
-5.738838983165067908e+00
1.158118180277412890e+01
-2.830970925945964223e-01
-2.081974222515748096e-01
4.790223258007065416e-02
-1.145861473352281834e+00
-7.789730452932776272e-03
-4.382190387510535162e-02
-4.150952820928243692e-01
-2.765229440378826412e-02
2.345574472989401735e-02
-3.826752784383146699e-01
-2.386736279335278377e-01
-1.723818836886049199e+00
2.655678664488305141e-01
3.063805531695532047e-01
-3.509973098232029298e-01
-1.389027583999116224e-02
1.189185625775564942e-01
3.121347727944157047e-02
1.539112524050736119e-01
1.126632489660217562e-01
4.866519216795722746e-02
2.261966018868849237e-01
-1.271643390853594846e-01
3.758761174042537373e-02
-1.071183482430975928e-02
-6.322371475283019571e-01
1.329592877860849218e-02
-2.735248423383038752e-01
2.446749017510745361e+00
1.266230674497791303e-03
-1.157817158780843236e+00
3.466762293593518285e-01
3.511913148477006918e-02
-1.212425807307101522e+01
5.441814284245406474e-01
-2.010762994390515868e-01
5.228403022662446276e+00
7.191872726426181694e-01
4.657111742711769753e-01
2.948810235048448902e+01
-4.368604980450385700e-03
-3.500519384284729862e-01
2.249430392264949868e-02
6.002589078393785194e-01
-3.652545337751960663e-01
-2.430230861247089369e-01
-2.331984783048574039e-01
-1.364121029485696468e+00
1.030830303856944852e+00
-1.757371070631057464e+00
3.177242747265226347e-02
-3.403353472310194881e-03
3.342580788235951506e-01
1.988747100157043646e-01
2.044069268104027060e-01
3.527146196459437721e+00
5.991851085061285914e-02
1.177876757323649715e+00
-1.154208976641545448e+01
2.451043855323142839e-01
-3.012626062868358212e-01
9.313318670339418293e-02
-6.323017911511509548e-02
7.387000149994659814e+00
-3.433739491213262385e-01
-7.506127468585974682e-01
-2.025544344640622541e+01
-1.893547715161682188e+00
3.390381460990504969e+00
-8.155939608082427128e+01
2.137481724704800440e-02
-3.795221047791953219e-03
1.932181674132233962e-01
-7.939260711388853586e-01
2.209284646885346870e+00
2.106661468811592108e+00
9.418660882856133565e-01
1.599233113966713837e+01
-1.202273980152575739e+01
8.667024052747542839e+00
-3.858538611666344903e-02
-1.532601596156449864e-01
-2.199276502483494600e+00
8.120244845587879512e-01
-2.174966233284996164e+00
-2.657433974497426377e+01
-3.418799661201253670e+00
-1.699249215755506270e+01
1.649623131862389869e+02
-1.436858442996155283e+01
6.843379237371065293e-02
4.267898075758733839e-02
-4.842329634405573985e-02
-4.542859553319919641e+00
-1.503305315310597134e-01
-7.395465725443325367e-01
9.085440052687879131e+00
3.835455447611692548e-01
5.266406655699617190e+00
3.833393987891138011e+01
