# -0.85J_-0.15g_0.83776theta_0.0phi_10Chi_0.01delta_500N
-7.054627214003110491e-02
1.242242271008387883e-01
5.003433258468317213e-01
-7.394951097258749551e-01
7.010072949345812210e-02
-1.465037312475342690e-01
-6.469646794370940146e-01
4.936001553972659273e-01
1.433481503801043722e-01
-2.551133548682567587e-01
6.500688151977693230e-02
-2.156245766520881735e-01
-1.967940017395122809e-01
-1.054386853800217461e+00
6.361412190641159148e-01
-3.652561340002722923e-01
9.004670240507008927e-01
-5.913003816958362080e-01
2.047012499862099488e-01
-4.567175721565707724e-01
3.115487221639288151e-01
-6.663454569917771630e-01
-2.808506383099985459e+00
-5.720568954649422055e-01
-3.663852919733744454e-03
1.446790046030826671e-01
-1.021856770265167746e+00
6.392603962500414960e-01
3.020571082991637679e-01
-1.337370050909600649e-01
1.573444878059924446e-01
-1.216773532008005754e+00
1.083117122960409517e+00
-2.658065172093643724e+01
1.621804176454611124e+01
-9.265075782764595758e+00
3.232982050407223973e+00
8.243080886603264545e-01
4.526552651707037356e+00
6.732659702220111342e+01
-1.841096388918440074e-01
8.781017478282661104e-01
-6.462933623186930543e-01
1.596636224931122960e+01
-1.266711437076605051e+01
6.453218079382394556e+00
-5.164375421089379081e+00
-4.978767977548881341e-01
-2.940959878567621644e+00
-4.850264679619380814e+01
-2.331673606195977782e-03
1.850054939801603904e-01
-4.280579408761123750e-01
6.525158569586325896e+00
-2.810116536665453246e+00
2.215133092210058496e+00
3.535745811163760521e+00
-1.820572246838070063e+00
-1.777133932440327690e+00
-1.207581191206279669e+01
4.452884566184130422e-01
-2.521289842086207877e-01
4.947483972789766815e-01
6.584490717151697936e+01
-2.004108136474987134e+01
1.484666331529839134e+01
8.310178522567402126e+01
-5.119546841814869964e+01
-1.671783810051379149e+01
-1.772096990617597783e+02
-2.383258615748056752e-01
2.303437438210778065e-01
-3.341276518975412890e-01
-5.069817279032429980e+01
3.413572764948820293e+01
-1.586958643905255251e+01
-5.619826320659807806e+01
6.636986998911518754e+01
1.718334448846584905e+01
2.881934680531627464e+02
-5.973872410076585399e-02
-1.346959563772403591e-02
-1.108716417149350070e-01
-1.412527013860532143e+01
4.512081597512937137e+00
-4.316929409512987093e+00
-2.848251201957091894e+01
2.122031451153396020e+01
7.948185717289719676e+00
5.683192065630389322e+01
-5.641179769529114374e-01
-4.273613406975261819e-01
-9.095267689333398631e-02
-6.661870148432641692e+00
-9.305685444834223574e+01
3.648414496126470397e+01
-2.080812649401976273e+02
5.850740693691093242e+01
2.355833652829692326e+01
-8.736672037855138342e+02
-2.272505729928888107e-01
3.488192722572134863e-01
-1.262657426920838488e-01
-3.625208206979158576e-01
-7.102784548220600902e-01
3.288042972715846113e-01
6.069245457506791119e-01
4.746476319735408733e-01
4.934104576418459065e-02
8.152845402629549376e-02
4.796682345305467443e-01
-1.591094724106011382e+00
4.484614694720568395e-01
-1.117971214431910804e-01
-5.169412008562684901e-01
1.633920178195039929e-01
1.612363266823398644e-01
2.116639190463802667e-01
-1.569916093853487501e-02
8.625486117999750513e-02
-1.234660416531117022e-01
2.228861744502446951e-01
-1.092747829458411424e-01
-7.648807455308110903e-01
-1.700009063240675022e+00
-4.682796818273770589e-01
-9.393636232979856171e-01
-2.000795933664635484e+00
-5.106047892617037176e-01
4.977248126588843524e-01
-6.800332882989522654e-01
-3.362328499666493720e-01
-1.960779645003880300e-01
-9.436236552553021184e+00
-1.918790668404403732e+01
4.576071977551148251e+00
-2.335892300842608904e+00
-1.029126796857401516e+01
-2.496051139876044545e+00
-2.203998083658773055e+01
-8.459824226445170625e-01
-6.927297287956430960e-01
-2.260751556628355086e-01
-1.102285096524630248e+01
-2.373509604413274232e+01
3.841371099768282171e+00
-1.624467412444386305e+00
-1.156069437246083531e+01
-2.202857716720752812e+00
-2.120246582246279843e+01
-2.148914254476917696e-01
-1.342602872526604263e-01
1.063872633883956864e-01
3.694090362280949558e-01
2.098052201603701761e+00
5.746045349006689840e+00
5.265941968256853123e+00
8.383879863688871836e+00
-3.766001020891575068e-01
-5.655108349866834416e+00
-2.349803426383580973e-01
-8.077304827263734333e-02
4.237432756698913394e-01
3.224096564836710144e+01
6.452957427846604332e+01
1.999836942249572092e+00
7.006915393760635880e+01
1.224310809771426847e+02
1.714511532028307172e+01
6.711231479921896437e+01
-2.243561997286669940e-01
-1.179149675516881629e-01
6.068958806667983374e-01
3.910605242425744876e+01
8.261528103649023080e+01
9.306276823737666959e+00
9.479109027433392498e+01
1.684847430954127390e+02
1.776727761264539396e+01
6.170050621584136508e+01
-2.097223587721262078e-02
-4.025813494114331703e-02
-1.228004385034579399e-01
8.366694057386121486e+00
9.819626804546150112e+00
-1.785049452829531802e+01
2.033218311898648523e+01
2.973377787026943864e+01
1.829311923616485558e+01
6.004106860718086125e+01
-9.053319472403757381e-03
4.523000429630588681e-02
5.388930005876910734e-01
-6.843435849570481677e-01
6.066548656482618540e+00
5.808728838504542580e+01
6.963518133935504295e+01
1.160272470281559265e+02
-4.121454757872437646e+00
-2.991465925809710598e+02
-1.182541388864035259e+00
-4.047746348137073458e-01
-2.930543020117573616e-02
9.766953431961682142e-02
2.728112767244127851e-02
-9.392618059662960484e-02
-4.857899998087161775e-02
-4.816672370183475160e-02
2.288122234427993340e-01
-1.774462808003266986e-02
-3.332086649492675412e-01
-1.333906136341705961e-01
-8.073664163095756879e-03
-3.592914492318200481e-01
4.541146036202332592e-01
8.996080712445032601e-01
-7.631148316287224287e-02
-5.379025812813215124e-02
-1.351139772249300375e+00
1.484215659125676934e-01
-1.632179437240671993e-01
-1.088368789613101406e-01
-2.779719465758995756e-01
1.783796022525720726e-01
-3.132119379720059160e-01
-2.195317590865884405e+00
3.562881957884399542e-01
8.866011871990251425e-01
-1.796123191998387103e+00
-3.563884776128909970e-01
9.362191036927926258e-02
-1.963314921488022377e-02
1.197729877044871188e-01
-2.185541698081038042e+00
1.798009210103040934e+00
1.683247608696528008e+00
-7.357820787637697757e-01
2.656765223248097607e-01
-1.346586932876491893e+00
8.526732011818431545e+00
8.489210383408946070e-02
-1.333147017636143565e-02
-6.912365785735373747e-01
2.642841154607676657e+00
-3.924443336195134080e+00
-1.656482562077682275e+01
3.213315692343448493e+00
3.407651564837846703e+00
2.612658466037066640e-01
9.021324849108586008e+00
-6.643672551406937243e-02
3.338673723214212186e-01
2.892013618325595559e+00
-6.839956239251514525e+00
1.294590623731746248e+01
7.098432858809071888e+01
-1.351341554417346380e+01
-1.557873009398358199e+01
-3.637954494746096223e+00
-6.700366094517414695e+01
-5.639024972305046665e-03
9.212502078966404440e-02
-2.030339869031852762e-01
7.881985238977486929e+00
-5.409129105067239429e+00
-1.414209206611298786e+00
6.216131111487910310e+00
-5.096270835730328130e+00
8.946708702606954944e+00
-4.476802918709050516e+01
5.458137410368266856e-02
-2.096599542444891051e-01
-1.791349090155070212e-01
-7.972855334007544315e+00
9.133674405986324629e+00
1.678151265860737240e+01
-6.061317863365443870e+00
4.574412329055197013e+00
-2.053755021021042992e+01
2.311872624450671765e+01
-1.561020808145280880e-01
9.089731079406575542e-01
5.272670108085435459e-01
3.261827160496326172e+01
-4.868324862313321688e+01
-1.637902454707992206e+02
3.835736704811509412e+01
-8.744549223934182436e+00
2.316158479794285086e+02
2.465677174361523782e+02
-5.921283750399624485e-02
3.980673984853149716e-01
-3.516861740298642403e-01
1.197427476852581485e+01
-8.993899457038894596e+00
5.853740567871901135e+01
-2.886820130879690183e+01
-7.536917150797227016e+00
2.135019479204866855e+01
-2.722256943168113139e+02
