# 0.0J_-1.0g_0.73304theta_0.0phi_10Chi_0.01delta_500N
-5.773502686363722880e-01
2.726087856475603103e-05
3.682825588819765850e-02
-1.666308313479324954e-01
1.636117920446275575e-01
-5.260359586182530162e-02
-6.139321407919946794e-02
-4.814434675694146543e-02
-5.465095049890281720e-01
-5.146761185064588906e-01
1.455345153980581356e-03
-1.511999193907198047e+13
6.933076014591949463e+11
1.121486493013243652e+12
1.116942602738447510e+12
2.192748216732453125e+12
1.103116312724491943e+12
7.559251883139108398e+12
-2.517205810365920410e+12
-2.190014479172850586e+12
-1.125727807582928286e-02
-3.697297939371131836e+12
-4.072484632398559375e+14
4.416457031680708594e+13
1.354926117230540000e+14
5.162328503552654688e+13
2.935130864574580859e+13
9.134728861860682812e+13
-2.602249676197250781e+13
-2.965353114951956250e+13
-3.073471726574990293e-02
-2.209969626724428711e+12
1.236364618464120625e+14
3.170225054492122500e+14
3.315982873273776250e+14
2.543698287737018750e+13
1.762450190258587109e+13
2.190674200957339844e+13
-1.732137692678762500e+13
1.016874864224360742e+13
5.065613321027003790e-01
-3.597015455489254150e+11
1.767927622414935547e+13
5.146898565358107031e+13
-4.651331700696330078e+12
2.460408280501811719e+13
2.180514067178913281e+13
4.303665116172771875e+13
2.621621895310369062e+14
-2.890041685629853125e+14
-1.327395762343569138e-02
-6.253717091815212891e+12
6.515215453633361719e+13
-6.919763454850910938e+13
5.240982566332301562e+13
6.602555348709142500e+14
2.109842891443843125e+14
1.245397433122549531e+14
-7.497376168478945312e+13
-2.924443711470035938e+13
-1.007657829714786457e-01
-2.449962790906829590e+12
1.044555648335206641e+13
3.840057925131694531e+13
-3.784243437395919531e+13
-1.897007706950965938e+14
6.746793641574748750e+14
8.674932499379648438e+13
-6.615101416330996094e+13
-3.143383732445260156e+13
-1.918534482491180138e-01
-1.742469173022209473e+12
1.651204302033382812e+13
3.394110226315158984e+13
-1.292352767985404492e+13
2.282155005844182031e+13
-7.465732044899929688e+13
1.067151056432615375e+15
-2.713940291482827734e+13
6.640601053887969531e+13
-2.010219152451920843e-01
-9.153263036591636719e+12
8.460561944060407812e+13
-9.861801760624278125e+13
1.389511001928107344e+14
-9.966632326288659375e+13
-1.032560726808374375e+14
9.495932400835692188e+13
-1.074026931595308625e+15
1.581665332507911250e+15
-2.052184208297408441e-01
-1.058807180024816797e+13
4.132873300915533594e+13
1.187283951186287344e+14
-9.072018394159150000e+13
-1.767258360026686719e+13
-1.090230306382346406e+14
6.473062362776783594e+13
1.230549572206251750e+15
-7.926953577104525000e+14
-5.773502756183470641e-01
3.419388040718336023e-03
7.041885586807507258e-02
-4.057174916178173385e-01
3.573425824141479024e-01
-7.414384546158991895e-02
6.864953842089142888e-02
6.787866023450188357e-02
4.662209302720601301e-01
3.377054897942763922e-01
9.422431335863358385e-04
-1.464939897810820703e+13
-3.833091877947158203e+11
-7.570320380502144775e+11
-5.562516745093518066e+11
-1.122314887307474121e+12
-4.716424808611907349e+11
-4.119883038950166016e+12
1.208465444076491699e+12
1.383066417792743652e+12
3.745617747816959442e-02
1.552757262036642090e+12
-4.197758589338769375e+14
2.270862462691515234e+13
1.162724337008873438e+14
1.414440448790632227e+13
1.191291473200423438e+13
-3.940365670908383594e+13
1.571791678011139062e+13
1.027111812089074219e+13
-3.531599273188720106e-02
7.720340748029335938e+11
1.165956260996237812e+14
3.048945347952046250e+14
3.207559601577282500e+14
4.231627194156042480e+12
7.718279162595695312e+12
-5.230703116994592969e+13
6.333521535822213867e+12
3.286713323469018750e+13
2.710489965959533287e-01
2.579889930442363586e+11
1.620570341081597656e+13
4.894799900308357812e+13
-6.912944138941024414e+12
2.018019178158616406e+13
1.973737573345511328e+13
2.764026167382107422e+13
2.670898929922121250e+14
-2.843116479404064375e+14
-6.853081550185323965e-03
3.846620549189992676e+12
4.115743808615696094e+13
-1.103570310607048438e+14
1.553883735609347461e+13
5.881452938642923750e+14
1.772942596717101250e+14
-1.270242519001420781e+14
5.406884575224446289e+12
4.753390633417360156e+13
9.824831741126824336e-02
1.306754092266735107e+12
9.601543736622742920e+11
2.257933025876792188e+13
-5.215709124685843750e+13
-2.171565131188395312e+14
6.621793914525748750e+14
-7.381952273156519531e+12
-3.593761992712389844e+13
-2.863044880515491699e+12
1.955365942443517968e-01
1.024210286124855591e+12
8.640177228173456055e+12
2.162316852754424609e+13
-2.437238339508783594e+13
1.372153825459299561e+12
-8.411000721049178125e+13
9.969406100578708750e+14
-3.997410995056776367e+12
8.716414824021579688e+13
3.524393478730595275e-01
5.243952986859126953e+12
4.949913844029161719e+13
-1.580474738886308438e+14
8.544567692156156250e+13
-2.035802722979063438e+14
-1.513639731990599688e+14
-2.645315541827688438e+14
-9.587612733709387500e+14
1.690988521476663500e+15
1.497006913834026953e-01
6.070525568118041992e+12
7.877239733264680176e+11
5.003894587489750781e+13
-1.525452524124921250e+14
-1.378297754375946406e+14
-1.647041232844552812e+14
-3.511574198102880625e+14
1.363887915878684500e+15
-6.662051928660023750e+14
-5.773502633141576190e-01
-3.446648992406622231e-03
-1.072471135964983835e-01
5.723483331482513981e-01
-5.209543835825055647e-01
1.267474433884486218e-01
-7.256325238771343944e-03
-1.973431448034391328e-02
8.028856981902313117e-02
1.769706262596408286e-01
-2.397591701552374919e-03
-1.467962800889298242e+13
-2.906144559308424072e+11
-5.922382619392397461e+11
-5.038578284549539185e+11
-1.188633663891352295e+12
-6.682311933396719971e+11
-3.776663226531930664e+12
1.484204115847463623e+12
9.328931873166229248e+11
-2.619890058050649076e-02
1.225500901184566406e+12
-4.188904785416250625e+14
2.435703261664646484e+13
1.173155881733543281e+14
1.533149777270604297e+13
1.158229207430787305e+13
-3.281245835056492188e+13
1.556466870751151367e+13
6.543527841261342773e+12
6.605071120195687984e-02
5.869311549502022705e+11
1.171261497569038438e+14
3.058687379862967500e+14
3.212922218703409375e+14
4.635973162474560547e+12
7.248272890262216797e+12
-4.895872258898842188e+13
6.726292732261581055e+12
3.055105405795838281e+13
-7.776103394392475110e-01
2.186173303077276306e+11
1.630877093076642578e+13
4.913792338553897656e+13
-6.792236408351557617e+12
2.032084642264463281e+13
1.970743538608637891e+13
2.841909948873289844e+13
2.670574999306094375e+14
-2.847398901331546250e+14
2.012703962449198525e-02
3.209482302564104980e+12
4.288559719188063281e+13
-1.071730599775557656e+14
1.744333186376735742e+13
5.900566112655767500e+14
1.763485768252110312e+14
-1.148684856528781250e+14
5.656638336951488281e+12
4.017405543768080469e+13
2.517464391130950184e-03
1.073577690737497192e+12
1.429849106034947510e+12
2.352373407424230859e+13
-5.096920449600749219e+13
-2.143479353381624062e+14
6.639205591423131250e+14
1.644021297177721863e+11
-3.946170846875145312e+13
-4.115791204608078125e+12
-3.683148439235866232e-03
8.321483991495880127e+11
8.645860611932275391e+12
2.181015619519259375e+13
-2.284204000253703906e+13
6.713714347813902344e+12
-7.930810876658967188e+13
1.007306439241086875e+15
-1.257566200058325781e+13
8.878516378392789062e+13
-1.514174381366913957e-01
4.329723280223566406e+12
5.165287576326399219e+13
-1.539551409330421250e+14
8.888602061833157812e+13
-1.974945214916041250e+14
-1.492411700433219375e+14
-2.423164928050771875e+14
-9.643571459335290000e+14
1.682980989131710250e+15
5.551772837859239584e-02
5.011577693483147461e+12
3.303753298334971191e+12
5.480557789886698438e+13
-1.486332921548754062e+14
-1.310850017691577969e+14
-1.625386646469612188e+14
-3.258792433087968125e+14
1.357914122241310500e+15
-6.756718818869775000e+14
