# -0.95J_-0.05g_0.2618theta_0.0phi_10Chi_0.01delta_500N
6.871514697193846499e-02
1.930146642998132971e-04
4.295753400709268082e-06
8.552788047350148207e-07
7.181153580324462027e-07
6.579860552380812821e-07
6.830633275852304439e-07
6.341166181791162641e-07
6.474077528735772622e-07
6.132218619385144202e-07
6.094721988424904121e-07
5.944386343178496850e-07
5.728310080427729191e-07
5.777412602515132535e-07
5.396251664929186571e-07
5.631159733653880760e-07
5.107458585730522531e-07
5.504528466931594693e-07
4.862668803115081560e-07
5.395374314068958054e-07
4.658314851586852400e-07
5.300693840392632825e-07
4.489112843539903285e-07
5.216911305429732434e-07
4.349515278568540767e-07
5.140211573528791747e-07
4.234410845282471212e-07
5.066883834093472571e-07
4.139404369411196262e-07
4.993634849434700090e-07
4.060887553736874731e-07
4.917829783222122630e-07
3.996012200577196672e-07
4.837631810575330026e-07
3.942620656008527848e-07
4.752036667047633123e-07
3.899160878138065779e-07
4.660821099312859670e-07
3.864601280801233036e-07
4.564433690546945269e-07
3.838352894178202152e-07
4.463853960701062076e-07
3.820199660126689771e-07
4.360438094880403520e-07
3.810233827428068593e-07
4.255763138091069899e-07
3.808792383160511225e-07
4.151479166697563290e-07
3.816389722008423095e-07
4.049180305276357780e-07
3.833641277886505148e-07
3.950306118509017211e-07
3.861174353031608000e-07
3.856080240987916252e-07
3.899525533816434174e-07
3.767483229282861542e-07
3.949028845459760521e-07
3.685247357295549214e-07
4.009704926037616515e-07
3.609857926062341731e-07
4.081168883579074902e-07
3.541548781725367911e-07
4.162583110905828787e-07
3.480284998250868876e-07
4.252690029273224346e-07
3.425729701158233416e-07
4.349962920300556010e-07
3.377193511266233366e-07
4.452885782549938315e-07
3.333567351727841632e-07
4.560245473351276923e-07
3.293247605795148447e-07
4.670887705039246436e-07
3.254083086693727134e-07
4.781207613133777889e-07
3.213401771108715812e-07
4.876367621173815590e-07
3.168184524511985131e-07
4.911284492957122413e-07
3.115403736475172206e-07
4.797512747363775229e-07
3.052450637905794668e-07
4.457756076104807438e-07
2.977550617406133867e-07
3.939097221288082562e-07
2.890020214660828234e-07
3.386226108961122487e-07
2.790144766902553997e-07
2.897600089799272794e-07
2.678849163929837741e-07
2.494124546558499507e-07
2.557369965798027818e-07
2.165037038372235106e-07
2.426972186684532451e-07
1.896248990482279482e-07
2.288807289847224037e-07
1.676652347865898818e-07
2.143970049747346241e-07
1.497531963267871645e-07
1.993707504502796033e-07
1.351451489988630912e-07
1.839652970588650694e-07
1.231748510883355358e-07
1.683943991665783833e-07
1.132447190487095220e-07
1.529144612739430217e-07
1.048317860353361895e-07
1.377993617433787606e-07
9.749429792942412468e-08
1.233079005350388326e-07
9.087462211669615603e-08
1.096553872380066620e-07
8.469842196732895057e-08
9.699672315158119731e-08
7.877091565378066685e-08
8.542236971715455057e-08
7.297055919301809653e-08
7.496426859096894634e-08
6.723989640768245513e-08
6.560722761554439085e-08
6.157346336366352767e-08
5.730182709680359743e-08
5.600346786541063258e-08
4.997633194371021730e-08
5.058473944816232545e-08
4.354652126935451411e-08
4.538075640678186487e-08
3.792329270608466830e-08
4.045231071769066887e-08
3.301823804611456611e-08
3.584969776465436698e-08
2.874738364987065539e-08
3.160851497656710112e-08
2.503334102126837136e-08
2.774851837273997293e-08
2.180624240303356051e-08
2.427465925207218874e-08
1.900387345679083469e-08
2.117940175278927497e-08
1.657133962011465917e-08
1.844557071916665392e-08
1.446049340374835594e-08
1.604922141522918726e-08
1.262926266450739167e-08
1.396222283954816793e-08
1.104096439597659314e-08
1.215440654508241844e-08
9.663652266961274472e-09
1.059523993482245781e-08
8.469521427108102019e-09
9.255053884008121982e-09
7.434380275536827613e-09
8.105887015052904047e-09
6.537183413042061395e-09
7.122017810086903331e-09
5.759624705939844453e-09
6.280252025923807224e-09
5.085784082090808358e-09
5.560024885262182901e-09
4.501824732477474021e-09
4.943368048358571599e-09
3.995729870683710534e-09
4.414782815991277693e-09
3.557072823584210973e-09
3.961053414217383845e-09
3.176813673153145002e-09
3.571027197673239123e-09
2.847107777207727496e-09
3.235381798407579510e-09
2.561123327767726237e-09
2.946392632003238429e-09
2.312909802930760019e-09
2.697707937862160091e-09
2.097316887372064929e-09
2.484133093190403875e-09
1.909905253386339506e-09
2.301421965668536951e-09
1.746851106005903615e-09
2.146071893841451328e-09
1.604859415161809305e-09
2.015121633023177623e-09
1.481089548454070120e-09
1.905959721234699719e-09
1.373090779854998363e-09
1.816159957756779330e-09
1.278745088530115355e-09
1.743365179915590336e-09
1.196215900505943953e-09
1.685232660624111330e-09
1.123903347639408562e-09
1.639435398184417818e-09
1.060408371481444949e-09
1.603695579867111482e-09
1.004507517250545315e-09
1.575821506854149153e-09
9.551363790321098400e-10
1.553727184800750535e-09
9.113763240536186051e-10
1.535428577296019393e-09
8.724406202664394345e-10
1.519022230155146203e-09
8.376586376002877501e-10
1.502660093128290419e-09
8.064593505435407157e-10
1.484535799110394785e-09
7.783551653279417073e-10
1.462898289760931793e-09
7.529279507382679739e-10
1.436108980728382700e-09
7.298141632581493597e-10
1.402753744451372019e-09
7.086929487954173744e-10
1.361809511358079775e-09
6.892738000797700004e-10
1.312842400685077526e-09
6.712845786932258731e-10
1.256184291334492738e-09
6.544593596905686641e-10
1.193009424956869584e-09
6.385260542543769869e-10
1.125238307087068225e-09
6.231936374938887039e-10
1.055250366321010668e-09
6.081403046405013552e-10
9.854743716174540154e-10
5.930045058068338600e-10
9.179907245289085174e-10
5.773800512766192113e-10
8.542727875622860253e-10
5.608276581444627988e-10
7.951181588328124972e-10
5.428977370211156330e-10
7.407360315948545386e-10
5.231812758616585756e-10
6.909130680168236991e-10
5.013839172945802489e-10
6.451864135439439292e-10
4.774133275227617299e-10
6.029818991272568379e-10
4.514545605689010899e-10
5.637073410090670313e-10
4.239965504952005352e-10
5.268032071923656877e-10
3.957819897647954070e-10
4.917685268305851206e-10
3.676827896316993172e-10
4.581722392541343244e-10
3.405404418864870167e-10
4.256630602238494872e-10
3.150248573947525286e-10
3.939760842176184050e-10
2.915521800012762708e-10
3.629496994258154009e-10
2.702688453353370685e-10
3.325442745469990243e-10
2.510840922323405946e-10
3.028496600137673136e-10
2.337262706985507273e-10
2.740780705201313073e-10
2.178060656319926567e-10
2.465372419911169656e-10
2.028823124302468465e-10
2.205829009815075406e-10
1.885326070614705118e-10
1.965574331245940561e-10
1.744301600513516576e-10
1.747282459491883978e-10
1.604140727104246281e-10
1.552414097067206821e-10
1.465264595103337204e-10
1.381045552268407307e-10
1.329891411400837729e-10
1.232033310628524808e-10
1.201192082497426318e-10
1.103403137877536142e-10
1.082226606200208921e-10
9.927710869152954785e-11
9.751518765603515708e-11
8.976699411168203644e-11
8.808952330443984906e-11
8.157565855366441713e-11
7.992379472619744670e-11
7.449233620938535022e-11
7.291439016291111277e-11
6.833428077801628013e-11
6.691379309696210200e-11
6.294700391146064444e-11
6.176141819030727828e-11
5.820225920505345515e-11
5.730387920616780955e-11
5.399463703778110665e-11
5.340650116493975846e-11
5.023818552170492387e-11
4.995750963786301460e-11
4.686300266078019908e-11
4.686817392049531055e-11
4.381227389453325956e-11
4.407031019801584006e-11
4.103966888720952018e-11
4.151256874853550780e-11
3.850734984688918517e-11
3.915676587359046345e-11
3.618424935097265803e-11
3.697418329384485593e-11
3.404463995147082184e-11
3.494325494884047797e-11
3.206714480460326512e-11
3.304711221684328931e-11
3.023385910206987414e-11
3.127260685031009879e-11
2.852967371989788422e-11
2.960885868461124050e-11
2.694174455966148578e-11
2.804680708844537379e-11
2.545907066803363924e-11
2.657866594055271607e-11
2.407215993070190727e-11
2.519761690972793648e-11
2.277276372475613128e-11
2.389760084799837717e-11
2.155366380264181559e-11
2.267315566101014413e-11
2.040850266037800874e-11
2.151932149418766971e-11
1.933164481752333231e-11
2.043156817383602976e-11
1.831807198276513906e-11
1.940573510817193463e-11
1.736328021311291824e-11
1.843798629711913406e-11
1.646320805828454278e-11
1.752480273283927201e-11
1.561418408219586139e-11
1.666294073531863638e-11
1.481284883189380478e-11
1.584937137067441280e-11
1.405620841621347008e-11
1.508125763982960612e-11
1.334144660652959969e-11
1.435606781835308376e-11
1.266600378190522389e-11
1.367135259387761643e-11
1.202752457432766154e-11
1.302492990959515764e-11
1.142382797822523037e-11
1.241469924580486706e-11
1.085289708960744846e-11
1.183872276915333380e-11
1.031286047653195830e-11
1.129518928514597772e-11
9.801978386352916657e-12
1.078240327209064347e-11
9.318630205922899914e-12
1.029877429728449793e-11
8.861304348048781811e-12
9.842807794237653546e-12
8.428588418905160818e-12
9.413096412004762662e-12
8.019161134592844033e-12
9.008312376783232340e-12
7.631784820184774030e-12
8.627199853698289933e-12
7.265298887356792251e-12
8.268568514528419453e-12
6.918613747989434815e-12
7.931309004129476142e-12
6.590705599952025321e-12
7.614320259351145513e-12
6.280611410178626906e-12
7.316560218220751832e-12
5.987424716975814762e-12
7.037041024711606648e-12
5.710291309057314121e-12
6.774845917129449603e-12
5.448405721593791569e-12
6.529066644144979599e-12
5.201007698806618850e-12
6.298831650808150080e-12
4.967379010616632953e-12
6.083303765604705592e-12
4.746840401307535689e-12
5.881661595135145150e-12
4.538748725202716091e-12
5.693121084812058122e-12
4.342494165897418575e-12
5.516923270412016232e-12
4.157497544002043711e-12
5.352332972046309058e-12
3.983207657640369045e-12
5.198637571396854530e-12
3.819098638446217653e-12
5.055146015489930398e-12
3.664667323968196033e-12
4.921162577026275722e-12
3.519430614047837921e-12
4.796092122914306928e-12
3.382933993091281190e-12
4.679274755632473152e-12
3.254715070354501248e-12
4.570101012930605532e-12
3.134335531181900777e-12
4.467982256887461409e-12
3.021367568186246210e-12
4.372351652103377104e-12
2.915391773690609820e-12
4.282672538485911056e-12
2.815974109741977604e-12
4.198423794365056209e-12
2.722756979172846969e-12
4.119107782887629736e-12
2.635310694313047669e-12
4.044261944146275743e-12
2.553239794344795181e-12
3.973431719671336168e-12
2.476154965949931776e-12
3.906271935471094365e-12
2.403674028924706138e-12
3.842389453079516109e-12
2.335423185744809559e-12
3.781453464805307724e-12
2.271038493758658864e-12
3.723173408613361563e-12
2.210167327821648105e-12
3.667365505963261944e-12
2.152469911595098303e-12
3.613802966218014794e-12
2.097620679833798423e-12
3.562276172469157165e-12
2.045309654448706274e-12
3.512655178565710402e-12
1.995243689226259292e-12
3.464835765615100779e-12
1.947147669856574098e-12
3.418737882737401826e-12
1.900765742427002516e-12
3.374301954962831831e-12
1.855862508816354672e-12
3.331484109253929825e-12
1.812224313250191213e-12
3.290250891016226591e-12
1.769660422815781728e-12
3.250573637901306221e-12
1.728001359079617746e-12
3.212422340705994024e-12
1.687112158189872731e-12
3.175758742384437973e-12
1.646883990178158818e-12
3.140527660176234798e-12
1.607232386773537486e-12
3.106644946440005897e-12
1.568089598662283965e-12
3.073978966278764603e-12
1.529422100598300343e-12
3.042319976292414264e-12
1.491235659143191553e-12
3.011327064976393541e-12
1.453516742780341554e-12
2.980433555157121429e-12
1.416331762477733263e-12
2.948676287966107582e-12
1.379725969209638492e-12
2.914388319652225143e-12
1.343769834681329905e-12
2.874662261654221440e-12
1.308542929245609576e-12
2.824491849648456794e-12
1.274130262445002682e-12
2.755699651783773249e-12
1.240618428091377633e-12
2.656592457023661963e-12
1.208092484845403312e-12
2.515040248578987615e-12
1.176634328027548774e-12
2.327772558024027307e-12
1.146322915591233899e-12
2.110414219864257828e-12
1.117235003396276100e-12
1.893093433050938726e-12
1.089440412350219206e-12
1.701815700526230106e-12
1.062982631457109066e-12
1.546936263683199808e-12
1.037856906548643517e-12
1.426346093312494604e-12
1.014021011635294280e-12
1.333040905677457388e-12
9.914246033075055699e-13
1.259830509584804675e-12
9.700216045194055379e-13
1.200962021742738364e-12
9.497689367093335687e-13
1.152259840560359135e-12
9.306234510157756710e-13
1.110796864850269404e-12
9.125403666716445701e-13
1.074546979614224666e-12
8.954729954403565385e-13
1.042108571859384313e-12
8.793730794056157181e-13
1.012482527762556041e-12
8.641913913091882984e-13
9.850238539234890776e-13
8.498783741857387133e-13
9.592156682679186442e-13
8.363847337345886546e-13
9.347020277277409624e-13
8.236619067856669338e-13
9.112188979734715167e-13
8.116624707280132176e-13
8.885607707685078421e-13
8.003425816879067872e-13
8.665536259931678024e-13
7.896568851764418947e-13
8.450318686178750157e-13
7.795613898404362106e-13
8.238183230342512781e-13
7.700150812368072897e-13
8.027075059261207168e-13
7.609786522634791587e-13
7.814533274819456014e-13
7.524144221134523304e-13
7.597631127164723840e-13
7.442869903023613239e-13
7.372993405827318196e-13
7.365636027613972760e-13
7.136877358921092888e-13
7.292076897176808731e-13
6.886222208844147833e-13
7.221865829606114464e-13
6.617443934044467909e-13
7.154683213277027134e-13
6.328872805235969744e-13
7.090213643386788366e-13
6.020465717338594651e-13
7.028142598338518343e-13
5.694440764632323948e-13
6.968152527835653893e-13
5.355345905348633298e-13
6.909918393389964980e-13
5.009614923498443139e-13
6.853102401473524440e-13
4.664681644379485467e-13
6.797347891803603737e-13
4.327903655170692128e-13
6.742272148500327947e-13
4.005610963300845112e-13
6.687457908240857192e-13
3.702508903626326599e-13
6.632443260835125771e-13
3.421497061665287149e-13
6.576709592132285463e-13
3.163821951071946363e-13
6.519436991686898075e-13
2.929417563280042484e-13
6.460423682200742894e-13
2.717298436199396872e-13
6.398635382750336848e-13
2.525915776617803608e-13
6.333152961969553290e-13
2.353433649965326255e-13
6.262898528923523893e-13
2.197930372884997796e-13
6.186606803909242651e-13
2.057514330863282371e-13
6.102796699021610246e-13
1.930883918312752235e-13
6.009747017605741641e-13
1.816052054779804598e-13
5.905483433993127767e-13
1.712199425833605940e-13
5.787787701148371860e-13
1.617264928446444117e-13
5.654245083392081184e-13
1.530492738352288240e-13
5.502350600971282320e-13
1.451082482804599306e-13
5.329696632836463019e-13
1.378139649047773016e-13
5.134259213228474828e-13
1.311055349595886739e-13
4.914739766626825061e-13
1.249308608539211802e-13
4.671188122760357539e-13
1.192192029659776224e-13
4.405145320874583201e-13
1.139249456205757910e-13
4.120207039412704994e-13
1.090081603105249071e-13
3.821802003073099745e-13
1.044337853439963502e-13
3.516760754008526922e-13
1.001709314836989185e-13
3.212534460839005372e-13
9.619229525923452568e-14
2.916903867814212383e-13
9.247366274220083618e-14
2.636171051183199234e-13
8.899348768919469574e-14
2.375165362719649587e-13
8.573253411306401547e-14
2.136994063514129275e-13
8.267357242780666853e-14
1.922893773599156917e-13
7.980112020920149298e-14
1.732806436540928537e-13
7.710122091094750754e-14
1.565455142378092883e-13
7.456125381168896987e-14
1.419390229414496374e-13
7.216976927027382526e-14
1.292323739267707211e-13
6.991634557335140321e-14
1.182062554249206280e-13
6.779146049745491348e-14
1.086475392001121044e-13
6.578637606628271762e-14
1.003584434434417848e-13
6.389303105593403400e-14
9.316103920472133234e-14
6.210394041579562606e-14
8.689865518336336837e-14
6.041210692047407148e-14
8.143538787510019730e-14
5.881096340820190754e-14
7.665456612776052191e-14
5.729438310797809525e-14
7.245673515437243252e-14
5.585679319469716775e-14
6.875750599622346060e-14
5.449331536183982499e-14
6.548547107459713120e-14
5.320462165469267087e-14
6.258028294702139176e-14
5.199188047192579110e-14
6.001003030912681673e-14
5.084312385004917307e-14
5.767450329191030291e-14
4.977197199281935623e-14
5.559446023410198174e-14
4.875171594097145779e-14
5.371987685787759550e-14
4.774562705255823972e-14
5.202456207722696564e-14
4.681880451752183785e-14
5.048619896204679509e-14
4.594000506147181892e-14
4.909572889469843439e-14
4.510662138566837802e-14
4.780696550743799346e-14
4.431619986231898619e-14
4.663582746581002447e-14
4.356643242820479650e-14
4.556032619074246012e-14
4.285514708828958029e-14
4.457008811090891091e-14
4.218029749015059508e-14
4.365613030927980589e-14
4.153995462016363264e-14
4.281065098837524374e-14
4.093229664283072199e-14
4.202685215052864306e-14
4.035558675085285219e-14
4.129879095173795812e-14
3.981968793315600407e-14
4.062125548606272042e-14
3.928873405206110559e-14
3.998965902217832584e-14
3.879560592851911566e-14
3.939995230706602313e-14
3.832745453238373728e-14
3.884854812629263230e-14
3.788299809989231577e-14
3.833225177753887476e-14
3.746101032509251369e-14
3.784824001646782389e-14
3.706032839847244929e-14
3.739395010053341918e-14
3.667984999268146900e-14
3.696710595552292054e-14
3.631853027988554226e-14
3.656565230664071871e-14
3.597537816582209086e-14
3.618773290392353806e-14
3.564945360543031853e-14
3.583166597486090278e-14
3.533986321021665447e-14
3.549592313824394412e-14
3.504576113514645038e-14
3.517911094285403609e-14
3.476633881416904887e-14
3.487995572301964010e-14
3.450082887119327082e-14
3.459728874493896780e-14
3.424849877881898184e-14
3.433003520663298594e-14
3.400864724956444212e-14
3.407799984492866922e-14
3.378716631130362203e-14
3.383934813725834061e-14
3.357672091924028047e-14
3.361281330721883754e-14
3.337630970978023819e-14
3.339754395697614669e-14
3.318219719754193387e-14
3.317682820189437086e-14
3.300312503108484667e-14
3.299556251196705663e-14
3.281828974912931795e-14
3.282308928030839253e-14
3.265298103013851110e-14
3.265884996435203377e-14
3.249238218915257174e-14
3.250219688520449646e-14
3.233641502340813419e-14
3.235187565981720734e-14
3.218486038789938219e-14
3.220288211559208152e-14
3.203755198395863394e-14
3.206556424000734545e-14
3.190052732071493655e-14
3.192692980704959546e-14
3.176671183262337301e-14
3.179383672655012010e-14
3.165807951278086837e-14
3.167325769839288472e-14
3.155411656089651112e-14
3.156185361609665711e-14
3.145941240856011044e-14
3.145634022446001627e-14
3.137062394274860697e-14
3.133277886648584920e-14
3.128474711108463238e-14
3.125290355558071327e-14
3.120177458570706917e-14
3.117438574677850868e-14
3.112162792493576502e-14
3.109606812791609532e-14
3.104419283866261764e-14
3.101810558327431575e-14
3.095319261302001938e-14
3.094066992574221116e-14
3.088319303942790177e-14
3.086406333395307611e-14
3.081512455779144392e-14
3.078872997800902124e-14
3.074894338507359919e-14
3.071518622589484155e-14
3.068461318503914967e-14
3.066525182818950895e-14
3.062209827537812141e-14
3.059935641984705186e-14
3.056135634706251702e-14
3.053539573163645322e-14
3.050233220950040885e-14
3.047333107093339591e-14
3.044495142967524881e-14
3.041872218107688762e-14
3.038911677141932175e-14
3.036882252858502004e-14
3.033470566213568335e-14
3.029608259575985307e-14
3.028895092382584512e-14
3.024890358426348620e-14
3.024440361379426939e-14
3.020202477686028150e-14
3.020005941141431441e-14
3.015524573184056736e-14
3.013227804274076801e-14
3.010835785105696752e-14
3.008917770883654296e-14
3.006114287777538965e-14
3.004555200203562216e-14
3.001337127460016683e-14
3.000118744690070824e-14
2.994150448270826390e-14
2.995585600027112275e-14
2.989325457374429863e-14
2.990931196984999465e-14
2.984354742724309130e-14
2.986129002390362112e-14
2.979209392134678139e-14
2.981150154555455174e-14
2.973857978985451491e-14
2.975963185120357379e-14
2.968266215941569371e-14
2.970533578523427906e-14
2.962396527105596143e-14
2.964823354634308334e-14
2.956207637116030632e-14
2.958790615473036015e-14
2.949654062583211351e-14
2.952388990268757990e-14
2.942685550112723994e-14
2.945567028266773668e-14
2.935246544420695764e-14
2.938267584014322044e-14
2.927275547758716522e-14
2.930427089799342484e-14
2.918704404451943651e-14
2.921974820962661032e-14
2.909457683943828855e-14
2.912832112411422888e-14
2.899452015225972048e-14
2.902911552564261977e-14
2.888595351608541984e-14
2.892116259822680190e-14
2.876786558459733877e-14
2.880339179366339205e-14
2.863914897481244767e-14
2.867462587723436040e-14
2.849859999122833183e-14
2.853357889017300380e-14
2.834492070456799666e-14
2.837885740504790386e-14
2.817672744860502914e-14
2.820896947664082814e-14
2.799256584029736700e-14
2.802234049367868244e-14
2.779093640025060787e-14
2.781734125800468745e-14
2.757033180986987082e-14
2.759232937780169645e-14
2.732928862296595356e-14
2.734570823637929677e-14
2.706645542396005893e-14
2.707600485787880952e-14
2.678067779464599941e-14
2.678196748031626348e-14
2.647109865030446796e-14
2.646268234524868433e-14
2.613727077231192439e-14
2.611770290191398821e-14
2.577927311281468878e-14
2.574718369253858411e-14
2.539781944453229847e-14
2.535200274213352448e-14
2.499434560131310273e-14
2.493385650472829094e-14
2.457105810661886336e-14
2.449530605373882280e-14
2.413092941806914020e-14
2.403975763862681129e-14
2.367763026275776355e-14
2.357136660800074493e-14
2.321539581862632504e-14
2.309486595584991366e-14
2.274883426553467270e-14
2.261533213678911546e-14
2.228269749841500591e-14
2.213791358741354537e-14
2.182163782313662823e-14
2.166755515231076675e-14
2.136997942252893217e-14
2.120875030472987715e-14
2.093153004522587015e-14
2.076534856142312474e-14
2.050944639500895383e-14
2.034043127993563490e-14
2.010615989521072065e-14
1.993625243687287730e-14
1.972334211930606859e-14
1.955419026429906384e-14
1.936176005294215385e-14
1.919422710977151357e-14
1.902183107975890113e-14
1.885911407957268642e-14
1.870508769254955666e-14
1.854684221276423748e-14
1.841020772345424623e-14
1.825674269515286826e-14
1.813536775607630988e-14
1.798759498964471279e-14
1.788013080779763166e-14
1.773841842422467151e-14
1.764363399405957128e-14
1.750785470686292958e-14
1.742443822371498494e-14
1.729457793249440881e-14
1.722131651937158491e-14
1.709727056414542948e-14
1.703305870600151430e-14
1.691465630954905880e-14
1.685849736266612207e-14
1.674552192927707016e-14
1.669652456588371132e-14
1.658872976921247237e-14
1.654610219738546647e-14
1.644322474159414641e-14
1.640626661440293373e-14
1.630803551079635257e-14
1.627612953356955986e-14
1.618227359577836778e-14
1.615487637042717152e-14
1.606512920372515990e-14
1.604176254953039121e-14
1.595586603226746096e-14
1.593610895733550506e-14
1.585381549590651334e-14
1.583729635000072049e-14
1.575836975612967856e-14
1.574475913248498210e-14
1.566897512262656223e-14
1.565797922211677001e-14
1.558512495138341138e-14
1.557647874744624866e-14
1.550635185269350923e-14
1.549981298765963662e-14
1.543221941315772169e-14
1.542756102642556630e-14
1.536231262312792230e-14
1.535931519567012605e-14
1.529622518406837632e-14
1.529466620307714719e-14
1.523354306826099683e-14
1.523318267353743676e-14
1.517381986064227491e-14
1.517437888746790053e-14
1.511653899860028414e-14
1.511766507574242330e-14
1.506105262955651105e-14
1.506226315862262416e-14
1.500647874813435842e-14
1.500706424855600960e-14
1.495152349918833687e-14
1.495037759601981514e-14
1.489416573699264882e-14
1.488948009279615288e-14
1.483108565969440648e-14
1.481979439535877094e-14
1.475661674376311437e-14
1.473337742345695106e-14
1.466081701132719577e-14
1.461617315006327102e-14
1.452600387422283303e-14
1.444325996273353511e-14
1.432098602782780202e-14
1.417174596964591103e-14
1.399340367092078200e-14
1.375909625919821416e-14
1.346633602789259768e-14
1.307199968685948899e-14
1.268352057330225986e-14
1.208038018084215797e-14
1.157647137088774373e-14
1.083944626444801088e-14
1.028235236107129904e-14
9.531343595738613744e-15
9.008683074406617765e-15
8.354609048642807866e-15
7.922852608987296729e-15
7.410911694781576295e-15
7.080347755443678620e-15
6.701605880038824185e-15
6.456560949921322925e-15
6.181618120003829128e-15
6.000511740305564323e-15
5.800033779365249196e-15
5.664300049592454884e-15
5.515534813624580614e-15
5.411482070867719138e-15
5.298398411134785643e-15
5.216526796645115942e-15
5.128240267733416284e-15
5.062096583899130980e-15
4.991291352419056609e-15
4.936501951702966980e-15
4.880836301919680117e-15
4.833866715334766924e-15
4.788569186525210275e-15
4.747979467417292658e-15
4.709426741970657651e-15
4.673746404246203690e-15
4.640292175512555190e-15
4.608468067734005010e-15
4.578937455481918160e-15
4.550201981687044620e-15
4.523741923370348334e-15
4.497525092796033497e-15
4.473504899358005001e-15
4.421532011397017755e-15
4.399789081393204698e-15
4.378156195348495107e-15
4.358037835235938541e-15
4.337886586447047586e-15
4.319096293079573534e-15
4.300209824207304194e-15
4.282510451318460468e-15
4.264712568725161494e-15
4.247913922851039670e-15
4.231060041116214278e-15
4.215011686283133070e-15
4.198982597245008771e-15
4.183569119691965218e-15
4.168265272293621217e-15
4.153402293082180910e-15
4.138735716625323906e-15
4.124361777523526104e-15
4.110243375556986771e-15
4.096301879913111289e-15
4.082615997116524849e-15
