# 0.0J_-1.0g_0.20944theta_0.0phi_10Chi_0.01delta_500N
3.756367517963373890e-14
2.335773746103265960e-15
1.645057220530585143e-15
1.615189929088136486e-15
1.665293737197513264e-15
1.611563319004695275e-15
1.653677549841225502e-15
1.609659994517865974e-15
1.656225163295763022e-15
1.607818722072193036e-15
1.657856439963681962e-15
1.606026029248891130e-15
1.658662656470923585e-15
1.604282056564868242e-15
1.658775852597652760e-15
1.602587059685037237e-15
1.658299000587115378e-15
1.600941181206755949e-15
1.657298666486435787e-15
1.599344450249148759e-15
1.655804546544467158e-15
1.597796784282548004e-15
1.653810028989989376e-15
1.596297989953204665e-15
1.651271451003408830e-15
1.594847763499584664e-15
1.648105617230489885e-15
1.593445691267462890e-15
1.644186801167172745e-15
1.592091250690191932e-15
1.639347065682183679e-15
1.590783811988147296e-15
1.633388436152676838e-15
1.589522640730279068e-15
1.626121980297809510e-15
1.588306901330778896e-15
1.617451119877532381e-15
1.587135661479098206e-15
1.607496707357419693e-15
1.586007897458825892e-15
1.608273351916398127e-15
1.584922500270748767e-15
1.616801198979163643e-15
1.583878282454608476e-15
1.624735679957878021e-15
1.582873985490549303e-15
1.631504200095098581e-15
1.581908287647682073e-15
1.636882011557642459e-15
1.580979812163560230e-15
1.640927811601252370e-15
1.580087135625084632e-15
1.643844556957403791e-15
1.579228796448345117e-15
1.645868360334499861e-15
1.578403303355032695e-15
1.647211521948335685e-15
1.577609143768750403e-15
1.648044317639959766e-15
1.576844792066771717e-15
1.648495671485113934e-15
1.576108717648776919e-15
1.648660305836304969e-15
1.576125482323017537e-15
1.648606676670904218e-15
1.576410795988356892e-15
1.648383702280129970e-15
1.576709251302370970e-15
1.648025901395046502e-15
1.577020625286387098e-15
1.647557120390406098e-15
1.577344714866757299e-15
1.646993157364129152e-15
1.577681327461353298e-15
1.646343566257184940e-15
1.578030270050423276e-15
1.645612860954045233e-15
1.578391335363653983e-15
1.644801277564622688e-15
1.578764282593769784e-15
1.643905203708171242e-15
1.579148807479385536e-15
1.642917347318732352e-15
1.579544490824609720e-15
1.641826692350253395e-15
1.579950700547465167e-15
1.640618273063274828e-15
1.580366385226531014e-15
1.639272791747268728e-15
1.580789586765472157e-15
1.637766108056108774e-15
1.581216120182363532e-15
1.636068645038283051e-15
1.581635279663093937e-15
1.634144793738590201e-15
1.582011604831182731e-15
1.631952464136710633e-15
1.582164506313361538e-15
1.629443036093711423e-15
1.579950635023588765e-15
1.626562117473811357e-15
1.581361239729647208e-15
1.623251708697605621e-15
1.583692154718729386e-15
1.619454551460035287e-15
1.584476349678910664e-15
1.615121469794344391e-15
1.585080567009217296e-15
1.610222146049166043e-15
1.585643497894040585e-15
1.604758702374995036e-15
1.586194393245051951e-15
1.598779552361368740e-15
1.586741692349787586e-15
1.592388774823994926e-15
1.587287888932432750e-15
1.585745261168218441e-15
1.587833244237688421e-15
1.580551851236314918e-15
1.588376966069048069e-15
1.586761722622674238e-15
1.588917646227561070e-15
1.592641632239683871e-15
1.589453440215556828e-15
1.598038178505773951e-15
1.589981998519037391e-15
1.602852177580816241e-15
1.590501251133506426e-15
1.607037061372498773e-15
1.591007936779559534e-15
1.610588148723645877e-15
1.591499117955723453e-15
1.613528449647296043e-15
1.591971459274118047e-15
1.615895272263629812e-15
1.592421410500147962e-15
1.617729700649054060e-15
1.592845253668393626e-15
1.619069292541627231e-15
1.593239164900418324e-15
1.619943459008407186e-15
1.593599292442913124e-15
1.620370743355405863e-15
1.593921850446105512e-15
1.620357326271677556e-15
1.594203226807032397e-15
1.619896339681833092e-15
1.594440101462990583e-15
1.618967878664678524e-15
1.594629569410367216e-15
1.617539941536683947e-15
1.594769261964781554e-15
1.615570891504349244e-15
1.594857457376267078e-15
1.613014383891225975e-15
1.594893172848991462e-15
1.609827872255205376e-15
1.594876230292615017e-15
1.605985445870086878e-15
1.594807289173771217e-15
1.601494366036065182e-15
1.594687842767986777e-15
1.596412010122069198e-15
1.594520178057318684e-15
1.590856815568756841e-15
1.594307301071894100e-15
1.585005670847671949e-15
1.594052834308087162e-15
1.579073848600629519e-15
1.593760894121613365e-15
1.583180965302985346e-15
1.593435954565357809e-15
1.588668083797124369e-15
1.593082714387595395e-15
1.593693377169286091e-15
1.592705960025134625e-15
1.598179961028578059e-15
1.592310452917227301e-15
1.602104875653887446e-15
1.591900826533168467e-15
1.605484817718361164e-15
1.591481504510701039e-15
1.608360853101068634e-15
1.591056643170253573e-15
1.610785827368147670e-15
1.590630088373328737e-15
1.612815622348221036e-15
1.590205354640074232e-15
1.614503897510582365e-15
1.589785617024566296e-15
1.615899406310585303e-15
1.589373715069349897e-15
1.617044980122404227e-15
1.588972169200998156e-15
1.617977478844913155e-15
1.588583201810418113e-15
1.618728236422230521e-15
1.588208759310149473e-15
1.619323713888390829e-15
1.587850540846704976e-15
1.619786197634041995e-15
1.587510029134385521e-15
1.620134462128791981e-15
1.587188511827238646e-15
1.620384357996531456e-15
1.586887113727889573e-15
1.620549318807868863e-15
1.586606813706644738e-15
1.620640784269601674e-15
1.586348452617246536e-15
1.620668551987983153e-15
1.586112493089912153e-15
1.620641065010689901e-15
1.585899333320228495e-15
1.620565647132531845e-15
1.585712627633762021e-15
1.620448693625254439e-15
1.585549152597225778e-15
1.620295825667187475e-15
1.585410733521702989e-15
1.620112015240881679e-15
1.585297871419768520e-15
1.619901687082532685e-15
1.585211002262696631e-15
1.619668799265967854e-15
1.585150528275665663e-15
1.619416911665391037e-15
1.585116811282512302e-15
1.619149208483391279e-15
1.585110188694287093e-15
1.618868683056173617e-15
1.585130957874094218e-15
1.618577893971911058e-15
1.585179380994283802e-15
1.618279268610493176e-15
1.585255691359713625e-15
1.617974992988162342e-15
1.585360065709821753e-15
1.617667051614183015e-15
1.585492643245766194e-15
1.617357249444161722e-15
1.585653505828611014e-15
1.617047219757406758e-15
1.585842676308650487e-15
1.616738429992022846e-15
1.586060138322757425e-15
1.616432208600256368e-15
1.586305787712577606e-15
1.616129738174733185e-15
1.586579458763440943e-15
1.615832057182815294e-15
1.586880922627829283e-15
1.615540093073231497e-15
1.587209867984653296e-15
1.615254640535525247e-15
1.587565906782032867e-15
1.614976372050711299e-15
1.587948586358169550e-15
1.614705866361166000e-15
1.588357386609099853e-15
1.614443587149643803e-15
1.588791689778050650e-15
1.614189928261682792e-15
1.589250826108180547e-15
1.613945174405441459e-15
1.589734053525252107e-15
1.613709523157072060e-15
1.590240555426900046e-15
1.613483106726278295e-15
1.590769465656604538e-15
1.613265956445258675e-15
1.591319879819581016e-15
1.613058098840787016e-15
1.591890807435895951e-15
1.612859465517658651e-15
1.592481230202146169e-15
1.612669911356259415e-15
1.593090114913774739e-15
1.612489281762717413e-15
1.593716362568265513e-15
1.612317434760120617e-15
1.594358866879988208e-15
1.612154167047180839e-15
1.595016482416017547e-15
1.611999234185366914e-15
1.595688036179895962e-15
1.611852360578731947e-15
1.596372389019087069e-15
1.611713258766220280e-15
1.597068350401922301e-15
1.611581747264773047e-15
1.597774758463707644e-15
1.611457570348748309e-15
1.598490380166718453e-15
1.611340415486733088e-15
1.599214069967441801e-15
1.611230063417474758e-15
1.599944665509142138e-15
1.611126249478416111e-15
1.600681013830410588e-15
1.611028796151524215e-15
1.601421934199657169e-15
1.610937582477710088e-15
1.602166294817966240e-15
1.610852269645949878e-15
1.602912941010578261e-15
1.610772715218995918e-15
1.603660693890914207e-15
1.610698802540202463e-15
1.604408457908525084e-15
1.610630421327992337e-15
1.605155179475733017e-15
1.610567704833109255e-15
1.605899778757493748e-15
1.610510616499133023e-15
1.606641166613498032e-15
1.610458956000683798e-15
1.607378375562559388e-15
1.610412818447950245e-15
1.608110350029076575e-15
1.610372421832438817e-15
1.608836022853502430e-15
1.610338122701055199e-15
1.609554550815932307e-15
1.610309523352352984e-15
1.610264982591583940e-15
1.610287152902078954e-15
1.610966389796871161e-15
1.610271292959263181e-15
1.611657942446922498e-15
1.610261643168704530e-15
1.612338828540797538e-15
1.610258723807320499e-15
1.613008125137229352e-15
1.610262829633092650e-15
1.613665272305836396e-15
1.610273880461892185e-15
1.614309343333397740e-15
1.610292308741664856e-15
1.614939835254523603e-15
1.610318412540388292e-15
1.615555936366101500e-15
1.610352542848982167e-15
1.616157025305958084e-15
1.610395417631693361e-15
1.616742454321034193e-15
1.610447090152886864e-15
1.617311566159724296e-15
1.610507489512869192e-15
1.617863783890579681e-15
1.610577021680836754e-15
1.618397981195086404e-15
1.610657375178187610e-15
1.618913976519099373e-15
1.610747718732874234e-15
1.619410429650296522e-15
1.610848320361744239e-15
1.619887070467125479e-15
1.610958548331435448e-15
1.620342796954789737e-15
1.611080691683796795e-15
1.620776518552453961e-15
1.611211872740963148e-15
1.621187575698185549e-15
1.611352000559780114e-15
1.621573982074071231e-15
1.611500616942985456e-15
1.621934767106418203e-15
1.611657212225682250e-15
1.622267730286043178e-15
1.611820615565912954e-15
1.622570911491480469e-15
1.611989105139375898e-15
1.622841805080018529e-15
1.612160637837462699e-15
1.623076671402369417e-15
1.612332506629320072e-15
1.623270529204235133e-15
1.612506187243994858e-15
1.623415835625634757e-15
1.612673985822619325e-15
1.623493316139550277e-15
1.612830346125157197e-15
1.623387838637213531e-15
1.612969108044960517e-15
1.595234619632406641e-15
1.613083013088982902e-15
1.623501964485573247e-15
1.613158150147678809e-15
1.623545786274122078e-15
1.613189491520611419e-15
1.623327125941495450e-15
1.613165848317102618e-15
1.622977288888042860e-15
1.613069934419257376e-15
1.622498486728982845e-15
1.612881283545538550e-15
1.621878846621929624e-15
1.612577403475916924e-15
1.621101463338153063e-15
1.612148568113607998e-15
1.620152368019389645e-15
1.611576095328960285e-15
1.619016813312467183e-15
1.610823188717451826e-15
1.617684002853775479e-15
1.609869980004637783e-15
1.616140962653180510e-15
1.608725124158855072e-15
1.614384652174709227e-15
1.607385046358394200e-15
1.612426537490969993e-15
1.605847649305928110e-15
1.610290572878684076e-15
1.604135095343726384e-15
1.607994885228619416e-15
1.602258860957604895e-15
1.605594255181694730e-15
1.600954896109356571e-15
1.603139025046261399e-15
1.602092066545878641e-15
1.600707449699583818e-15
1.603111595612367320e-15
1.598306918232448964e-15
1.604121961068039139e-15
1.596041794064927147e-15
1.605038700937389986e-15
1.593897858380369083e-15
1.605920838812524049e-15
1.592365544116631874e-15
1.606706019084686819e-15
1.593053324782931821e-15
1.607359871548902330e-15
1.593693054484286236e-15
1.608031119127446490e-15
1.594338701830222210e-15
1.608700583965096911e-15
1.594947469633569845e-15
1.609255906956136405e-15
1.595561735469652797e-15
1.609688396602499759e-15
1.596110411980026220e-15
1.610140322328093118e-15
1.596657377155316767e-15
1.610604456086507756e-15
1.597186180116582719e-15
1.610988274175214259e-15
1.597702686571509943e-15
1.611315577367160091e-15
1.598136666136821909e-15
1.611618353512396719e-15
1.598591835752734107e-15
1.611839609535938224e-15
1.598976270172419240e-15
1.611966778946000804e-15
1.599371858763022175e-15
1.612037763670925242e-15
1.599263286484620918e-15
1.612111478852945372e-15
1.599721722243059695e-15
1.612165027500751225e-15
1.600154737235932079e-15
1.612138561930649369e-15
1.600288010031907038e-15
1.612086116201369920e-15
1.600462020255054122e-15
1.612042967141660840e-15
1.600305072419913130e-15
1.612088907018753562e-15
1.599807644484900144e-15
1.612055452161167122e-15
1.600030240064894700e-15
1.612043931183494630e-15
1.600279614489118012e-15
1.612033163022545910e-15
1.601531133931695183e-15
1.612164692558266148e-15
1.602412238927040632e-15
1.612364042500839245e-15
1.602332241952616850e-15
1.612538727811094793e-15
1.604715656091998620e-15
1.612693655184654306e-15
1.611626196958473429e-15
1.612124699212609527e-15
1.603607612602228954e-15
1.612406940800825818e-15
1.601005211339085107e-15
1.612445754152546428e-15
1.602545132550703706e-15
1.612797965482853545e-15
1.604730711324248985e-15
1.613773380275128231e-15
1.601749444685667867e-15
1.614141764015550611e-15
1.608937194579751887e-15
1.614589138399452726e-15
1.605533630973826716e-15
1.615488830123980694e-15
1.604006464180078536e-15
1.617395798211775173e-15
1.600557888595471916e-15
1.622011205139311537e-15
1.600304730580102206e-15
1.664663527313641740e-15
1.601025385233457811e-15
1.664663779119978945e-15
1.601698048542723573e-15
1.664664000483215944e-15
1.601874555544235240e-15
1.664664192918423608e-15
1.604514436456652275e-15
1.664664357886129388e-15
1.607479507423574693e-15
1.660268342807347269e-15
1.606933723900606743e-15
1.593506315103206481e-15
1.614758027377345731e-15
1.590419570557057081e-15
1.598130158424105949e-15
1.590132452982543275e-15
1.604299327341671849e-15
1.590769006553442046e-15
1.604535212363633669e-15
1.590933615799812798e-15
1.601293463983341704e-15
1.590781731828006737e-15
1.600588246351738367e-15
1.589958240409914635e-15
1.603033084125533462e-15
1.552605484256780835e-15
1.600969100574855785e-15
1.589171469254067206e-15
1.603740989424782668e-15
1.592066300903615445e-15
1.598295090121250736e-15
1.593099467247223811e-15
1.603839449856023365e-15
1.592690431659903538e-15
1.596251265077634783e-15
1.590790416760215990e-15
1.595123442882110166e-15
1.590604064349389048e-15
1.570780953162964900e-15
1.589741397570105889e-15
1.593488207620966014e-15
1.588830031503253754e-15
1.592974485171294548e-15
1.587910179003734712e-15
1.589567478440004261e-15
1.587856754319684701e-15
1.587871345353247435e-15
1.589935894015715081e-15
1.585950768518642010e-15
1.591964137471655421e-15
1.585234219143602104e-15
1.589816663315264943e-15
1.584512071796340812e-15
1.593861213327039611e-15
1.584968487286699577e-15
1.589104447558126145e-15
1.585497947507098370e-15
1.591869020745893771e-15
1.585008997797014489e-15
1.590189347613847843e-15
1.584883176613382711e-15
1.591722205641971410e-15
1.587198241801536398e-15
1.602146090544688068e-15
1.585617289204664531e-15
1.592974595014067647e-15
1.585303810788891521e-15
1.602420934669048537e-15
1.584716904071514863e-15
1.591064334170743373e-15
1.584977117119161716e-15
1.602145288796328294e-15
1.585239605997752230e-15
1.589812080463992910e-15
1.590575656684252640e-15
1.597414876812150532e-15
1.586428146980910160e-15
1.592751145193491692e-15
1.586406307644846449e-15
1.592261205321494486e-15
1.587114450792869556e-15
1.589946847865906925e-15
1.586446335387602903e-15
1.588111474104179234e-15
1.587346394039357440e-15
1.589969910425379926e-15
1.590200108732208687e-15
1.585957705296809564e-15
1.588645415752278986e-15
1.589835554588821267e-15
1.585928443310347505e-15
1.585641392372622246e-15
1.588491342579238965e-15
1.586438383524380549e-15
1.589517303285594167e-15
1.584796795159071850e-15
1.593718138406797120e-15
1.586061960208946202e-15
1.586286574192203683e-15
1.587151359661502464e-15
1.584379261140695291e-15
1.586303175503802251e-15
1.596192966103203702e-15
1.586121623695196185e-15
1.619378204104262075e-15
1.590238514331068487e-15
1.594683250435098123e-15
1.587766610973843444e-15
1.594201015462878301e-15
1.586842578362940560e-15
1.624982014777341507e-15
1.587317482464096756e-15
1.614054530323263800e-15
1.588327068089556629e-15
1.586060303804785724e-15
1.591352839716972677e-15
1.625509127608542350e-15
1.590875036500001493e-15
1.644200005144013040e-15
1.592958026734567390e-15
1.589280256477054891e-15
1.596591079213346109e-15
1.620342954998886797e-15
1.598808852907589293e-15
1.648772303675112593e-15
1.612637616843501815e-15
1.664654412749299310e-15
1.615960159950698465e-15
1.612024797470026082e-15
1.598956844497261537e-15
1.658861596418942657e-15
1.593228649383103774e-15
1.647360672695498751e-15
1.593671632973029616e-15
1.656278577200172927e-15
1.608615401970835197e-15
1.664653659870935526e-15
1.620822957540934226e-15
1.664653522420311538e-15
1.614763428805800281e-15
1.664653389139422490e-15
1.611568076950346004e-15
1.664653259940662224e-15
1.602078129081656781e-15
1.644056510633847542e-15
1.612760327234498154e-15
1.664653013440916992e-15
1.597417490187648601e-15
1.659698314283901887e-15
1.603817154750155343e-15
1.664652782228597172e-15
1.604604792802003374e-15
1.664652672141275811e-15
1.591860381622629617e-15
1.664652565620409592e-15
1.595990838624610927e-15
1.664652462582358352e-15
1.594962955865482420e-15
1.664652362944297812e-15
1.593839051432571654e-15
1.664652266624264336e-15
1.592820330958971123e-15
1.664652173541207396e-15
1.599200509948632079e-15
1.664652083615022311e-15
1.599736761629736566e-15
1.664651996766596388e-15
1.588765480762835008e-15
1.664651912917838512e-15
1.620123772705093281e-15
1.664651831991711090e-15
1.601609066529009036e-15
1.654799665356488265e-15
1.591288977574208003e-15
1.664651678604639594e-15
1.591487918764414591e-15
1.664651605995132697e-15
1.591865925767339512e-15
1.664651536011175182e-15
1.604889113530030174e-15
1.664651468581370996e-15
1.602347634209021720e-15
1.664651403635504221e-15
1.604903748435423790e-15
1.664651341104558993e-15
1.611602974410741862e-15
1.664651280920725225e-15
1.608473736383116335e-15
1.664651223017405701e-15
1.618698476944906124e-15
1.664651167329229293e-15
1.630246723702994947e-15
1.664651113792049381e-15
1.620520556831881406e-15
1.664651062342953322e-15
1.607101130802845651e-15
1.664651012920254166e-15
1.664652085547359581e-15
1.664650965463504657e-15
1.664652014319794009e-15
1.664650919913482837e-15
1.664651945161768340e-15
1.664650876212197373e-15
1.664651878033304680e-15
1.664650834302880649e-15
1.630064937524845770e-15
1.664650794129984237e-15
1.664651749705012389e-15
1.664650755639171791e-15
1.664651688425240789e-15
1.664650718777314122e-15
1.664651629015232632e-15
1.664650683492475585e-15
1.664423722213552433e-15
1.660959137767647718e-15
1.664651515645888016e-15
1.591207879371511620e-15
1.664651461607734097e-15
1.591988589879295128e-15
1.664651409281774177e-15
1.584973168283893663e-15
1.664651358629235743e-15
1.588535237322438102e-15
1.664651309611654527e-15
1.588900152402351854e-15
1.664651262190906066e-15
1.589498229269087255e-15
1.623875008866089937e-15
1.583655116874816957e-15
1.664651171989223142e-15
1.590095381247906547e-15
1.651679111505558602e-15
1.585326786004042491e-15
1.651504814894897138e-15
1.591767601923894157e-15
1.664651047731681299e-15
1.588432049127530176e-15
1.652387543988386532e-15
1.588414577800159675e-15
1.664650971835461368e-15
1.592901552840822843e-15
1.664650935864470630e-15
1.593778746397063852e-15
1.664650901165802092e-15
1.588270263050601860e-15
1.659526253442879344e-15
1.586449362145203388e-15
1.664650835451211269e-15
1.587942046390241078e-15
1.664650804369486547e-15
1.586043888967795939e-15
1.664650774428493348e-15
1.588142621759079284e-15
1.664650745596668559e-15
1.586145822236142505e-15
1.664650717842999493e-15
1.585947396101458616e-15
1.664650691137019159e-15
1.584460019588167385e-15
1.664650665448816713e-15
1.588235419471077031e-15
1.664650640749037653e-15
1.587210773578066255e-15
1.664650617008885797e-15
1.592554359632808537e-15
1.664650594200125840e-15
1.591058863101510257e-15
1.659532369769395976e-15
1.593397943476901081e-15
1.625102413399296974e-15
1.585516511605740387e-15
1.664650531088214533e-15
1.583456779528112760e-15
1.664650511733834473e-15
1.583654267682730781e-15
1.664650493178040790e-15
1.584907922112900955e-15
1.664650475395936836e-15
1.582342247364042171e-15
1.615386528140715233e-15
1.582961409659584167e-15
1.636193573345068838e-15
1.582035329073184499e-15
1.643787793350172197e-15
1.582153133727790518e-15
1.664650411525630827e-15
1.583707052265783440e-15
1.625783632962554212e-15
1.585163087920279395e-15
1.664650383625287472e-15
1.585274250076245818e-15
1.664650370607517633e-15
1.585168916644418499e-15
1.664650358183673873e-15
1.586319849292909789e-15
1.664650346333637674e-15
1.586932050793417128e-15
1.664650335037791841e-15
1.590194123606043690e-15
1.664650324277019317e-15
1.591092837690968697e-15
1.664650314032690558e-15
1.590686191945432474e-15
1.664650304286663736e-15
1.590830166499864027e-15
1.664650295021265410e-15
1.587017302542836126e-15
1.640014798031543277e-15
1.595276079310972081e-15
1.616335225662711814e-15
1.585022093681571133e-15
1.637410554623400777e-15
1.584550740808751980e-15
1.652510362420042478e-15
1.586710489254864680e-15
1.629375548890186968e-15
1.584265495413850066e-15
1.607959293108422315e-15
1.585912317216704612e-15
1.631853796144487278e-15
1.585001713978655284e-15
1.644461727525240578e-15
1.584213673797205327e-15
1.630885770927468828e-15
1.587903408197602916e-15
1.664650225240840911e-15
1.593731519872849316e-15
1.664650220225116745e-15
1.594792270491490135e-15
1.615072767371485415e-15
1.589458060271763519e-15
1.664650211090676823e-15
1.599948184925793064e-15
1.664650206948011841e-15
1.599815208306991795e-15
1.610629832864241272e-15
1.592426477988210007e-15
1.649253358933218777e-15
1.592815383167923952e-15
1.664650196082120248e-15
1.608857382723911023e-15
1.651368527076194260e-15
1.596885301332493018e-15
1.664650190033472854e-15
1.612248680583271880e-15
1.664650187337542091e-15
1.603395541458122013e-15
1.664650184847876958e-15
1.615792451578219705e-15
1.664650182555361773e-15
1.593469490553270682e-15
1.632608725047969991e-15
1.597445416680265436e-15
1.616824465663607243e-15
1.664650112555641240e-15
1.614897835166644171e-15
1.664650114372689841e-15
1.622284911161429960e-15
1.664650116218161890e-15
1.611239655894624069e-15
1.664650118088251920e-15
1.642091378786402947e-15
1.664650119979347937e-15
1.647483909218226997e-15
1.664650121888024901e-15
1.610009989890556896e-15
1.651497732624917040e-15
1.664650169434329056e-15
1.632559932308043970e-15
1.648028293428087944e-15
1.664650127687928872e-15
1.594630546046078213e-15
1.664650129636153801e-15
1.628829281366388749e-15
1.621583139079993967e-15
1.648872148550685336e-15
1.664650133539180391e-15
1.664650166730685600e-15
1.621469528318373162e-15
1.618987159499995132e-15
1.664650137435360260e-15
1.612159943882930912e-15
1.664650139375538019e-15
1.648129781136843091e-15
1.615591822658429653e-15
1.622517490238082406e-15
1.636875700156066536e-15
1.623392808102541056e-15
1.663953905710061034e-15
1.618449414115377699e-15
1.586450794221031832e-15
1.608171096057780885e-15
1.584937020675627631e-15
1.586595174014501380e-15
1.584287162890186057e-15
1.583343606314411823e-15
1.583185573007308563e-15
1.582243785027291785e-15
1.582535193848731417e-15
1.583712712063717672e-15
1.582008867501749743e-15
1.584063512458540336e-15
1.584112811412831052e-15
1.586756368262593449e-15
1.583066638479530084e-15
1.585560560499496440e-15
1.585725808961426159e-15
1.586409852978242687e-15
1.586930554283906022e-15
1.588317114956492614e-15
1.590421565182048617e-15
1.588263740784076083e-15
1.598012104947960545e-15
1.589820337262860725e-15
1.600353797037261262e-15
1.588645189732095902e-15
1.591841298317084584e-15
1.587564615684319936e-15
1.586917971193236260e-15
1.589402712619627262e-15
1.624172206418148778e-15
1.591952403051456889e-15
1.621026670896920100e-15
1.598359022851697248e-15
1.613157217237752338e-15
1.592581070261982423e-15
1.635030193833516734e-15
1.591096772438531513e-15
1.625957440914389743e-15
1.592361721775128720e-15
1.626169488261020474e-15
1.590288724559330155e-15
1.618831226391038759e-15
1.588585533598693579e-15
1.625426273053229679e-15
1.588318103037901658e-15
1.597482594644955206e-15
1.587725418251392283e-15
1.618606890289856147e-15
1.589689545083673377e-15
1.612035266192927812e-15
1.588357948498822559e-15
1.609467405857281744e-15
1.588504632857152072e-15
1.600192361804757206e-15
1.599690315883318232e-15
1.595914524736386851e-15
1.590217056115171809e-15
1.607835763491744970e-15
1.587880701477188736e-15
1.610611391960687453e-15
1.601065336880211761e-15
1.598515488637670559e-15
1.589802204329453356e-15
1.594383698645042855e-15
1.586262340647273228e-15
1.598085932453477562e-15
1.587217127524276118e-15
1.594441081658992956e-15
1.603388323672078602e-15
1.593857319561609798e-15
1.590128478473620356e-15
1.588817639025637546e-15
1.598087728230980717e-15
1.593164160416011989e-15
1.589572897298121800e-15
1.596414857291396338e-15
1.619737155601713602e-15
1.591939101119304240e-15
1.592675786683486016e-15
1.605148909617518483e-15
1.595076825676263491e-15
1.606894321561351346e-15
1.591826879870177006e-15
1.606935699360763350e-15
1.632670152887487229e-15
1.605429285818111540e-15
1.613158998495946113e-15
1.595213379210836294e-15
1.633749180528714815e-15
1.605209104954676854e-15
1.619886824189601772e-15
1.627781429025565222e-15
1.623016189168324250e-15
1.628682469201967226e-15
1.598640917260814723e-15
1.617389584849480522e-15
1.589691745103757182e-15
1.604098252943881473e-15
1.590376467639089849e-15
1.586212333582914889e-15
1.586260866617752859e-15
1.584771088769254827e-15
1.593618602536641706e-15
1.585843403976443634e-15
