# -0.3J_-0.7g_1.0472theta_1.0472phi_10Chi_0.01delta_500N
2.759107482663075706e-02
1.828469845357322547e-04
9.248384854126657419e-06
4.818435281695899903e-07
7.674175726965602499e-07
3.669708907448788239e-07
4.562371726280332401e-07
3.961825294223213698e-07
3.199563935183478532e-07
3.732993308881848178e-07
2.446636486351691158e-07
3.117473394309482922e-07
1.983419432009822524e-07
2.453204875668918303e-07
1.677856976788743852e-07
1.920084927292820723e-07
1.466163541316805703e-07
1.535025861270568498e-07
1.314619499405411658e-07
1.263087809431970401e-07
1.204326886654699365e-07
1.068918767398646865e-07
1.124287922465201053e-07
9.271993828207806426e-08
1.067960219839835724e-07
8.213737012096882016e-08
1.031425229279417716e-07
7.408669781644325860e-08
1.012360007953709990e-07
6.789435710167998929e-08
1.009437142931301265e-07
6.313166094940521353e-08
1.021963178741158819e-07
5.952755089273824710e-08
1.049651561948688207e-07
5.691227371495884329e-08
1.092470143545500286e-07
5.517854281121645709e-08
1.150527109138371237e-07
5.425343992309164256e-08
1.223969202567413327e-07
5.407898586913896786e-08
1.312866292955040473e-07
5.460076259883169088e-08
1.417053131705666353e-07
5.576268259412060784e-08
1.535901806121890445e-07
5.750465137762739401e-08
1.668020051026034884e-07
5.976031150483848262e-08
1.810929561252555711e-07
6.245366121364992516e-08
1.960887276299221956e-07
6.549479676589828802e-08
2.113131293122406692e-07
6.877590971199247700e-08
2.262790389521071094e-07
7.216918895769340414e-08
2.406211577777896002e-07
7.552851913958249626e-08
2.541485328584030986e-07
7.869669154334008101e-08
2.666036789295959150e-07
8.151882229393816059e-08
2.768828361034932839e-07
8.386057048581819624e-08
2.815181425343645840e-07
8.562718760741817224e-08
2.730792017672402938e-07
8.677845799581387547e-08
2.431640059442826373e-07
8.733531563410549926e-08
1.949326034661537085e-07
8.737006252536343140e-08
1.462234435819752589e-07
8.698403192983594988e-08
1.104311499380201834e-07
8.629846077419361682e-08
8.853858534169620077e-08
8.545175201179279321e-08
7.630998985253588162e-08
8.458270268598302743e-08
6.961058663441005605e-08
8.379535537484250047e-08
6.569185752074390582e-08
8.311473511338979100e-08
6.295381655205506343e-08
8.245347177684305102e-08
6.050003425135858553e-08
8.160847995488537690e-08
5.784501704299714763e-08
8.029805664056640329e-08
5.476526396822531177e-08
7.823362631127411700e-08
5.122026380593451080e-08
7.520406825729713495e-08
4.729522046488942567e-08
7.114233486117937352e-08
4.314762178244655128e-08
6.615060751426162625e-08
3.895821743262028799e-08
6.047745900126903095e-08
3.489308770218205945e-08
5.445866564634731097e-08
3.108126558112058602e-08
4.844358068496653886e-08
2.760718812606550903e-08
4.273126116151018545e-08
2.451367110398485960e-08
3.753263009632187080e-08
2.181060308050423980e-08
3.296245759790626813e-08
1.948504721205442425e-08
2.905356195090648254e-08
1.751028810669063730e-08
2.578133933944218349e-08
1.585277887247367624e-08
2.308842393122917416e-08
1.447689852519738749e-08
2.090395203810180615e-08
1.334790442393592764e-08
1.915617293053646763e-08
1.243357978045922032e-08
1.777949515384489242e-08
1.170502136877362727e-08
1.671770090997018014e-08
1.113689906737434559e-08
1.592484846320936052e-08
1.070739532564340612e-08
1.536493697663181223e-08
1.039793243048688777e-08
1.501100523871559917e-08
1.019276032442171883e-08
1.484405100994815066e-08
1.007850697982419017e-08
1.485198387725861566e-08
1.004378183695292776e-08
1.502873321210667113e-08
1.007874744805032059e-08
1.537359784456305854e-08
1.017507154588784093e-08
1.589091936788217883e-08
1.032608417975076054e-08
1.659015541654151607e-08
1.052664988782368777e-08
1.748639718428735960e-08
1.077295467783149212e-08
1.860127606722655416e-08
1.106224538485565858e-08
1.996403519064936236e-08
1.139256528938685443e-08
2.161241552574730053e-08
1.176250632510075330e-08
2.359228888567382227e-08
1.217099036902070021e-08
2.595403511254336840e-08
1.261709230884365864e-08
2.874106427956229081e-08
1.309990045954236915e-08
3.196044179726515712e-08
1.361840834382333009e-08
3.551475928283100124e-08
1.417143240289618812e-08
3.905889051721561284e-08
1.475753003223347445e-08
4.176313146058207975e-08
1.537489350239040423e-08
4.221964714565473361e-08
1.602131594465853972e-08
3.936995300968855085e-08
1.669448147248184517e-08
3.429013731216268217e-08
1.739191828083467181e-08
2.944225353991712870e-08
1.811015558054277441e-08
2.614448590372342127e-08
1.884452565577220148e-08
2.437051881035378907e-08
1.958947022858409154e-08
2.368983226882779145e-08
2.033875993487901905e-08
2.372562066766384228e-08
2.108573760577103739e-08
2.422826454635551609e-08
2.182370756253689097e-08
2.504426243274198253e-08
2.254646387403816836e-08
2.607876348998539101e-08
2.324887790387102102e-08
2.726955939662603667e-08
2.392742452204400708e-08
2.857067288703114289e-08
2.458051360428437273e-08
2.994115961627268197e-08
2.520851629089881687e-08
3.133573431207269756e-08
2.581343821416221716e-08
3.269528289527224106e-08
2.639831090513653092e-08
3.393732424212581600e-08
2.696633388595619733e-08
3.495027272896487846e-08
2.752019236890211117e-08
3.560089569421541063e-08
2.806128522379192517e-08
3.576704917233051177e-08
2.858954502115827136e-08
3.539591528079524440e-08
2.910345309756268233e-08
3.455690606154805380e-08
2.960041461467668563e-08
3.344046969061472887e-08
3.007736933198412177e-08
3.229141383938406477e-08
3.053151198531730753e-08
3.132502382497870571e-08
3.096098780686835312e-08
3.067900790667688990e-08
3.136543051529084046e-08
3.041002812198416081e-08
3.174625016167469285e-08
3.051314280437298214e-08
3.210664610773636774e-08
3.094407581330502481e-08
3.245138354876244140e-08
3.163659595135104410e-08
3.278641032054159121e-08
3.251508643448392036e-08
3.311840154119804781e-08
3.350424797598537824e-08
3.345430902531235430e-08
3.453695787598365627e-08
3.380097000511943711e-08
3.556007145366730780e-08
3.416480448852709830e-08
3.653749238724848444e-08
3.455160906559813744e-08
3.745023805480646376e-08
3.496644011632043220e-08
3.829399512274797184e-08
3.541357124985468933e-08
3.907522725245346532e-08
3.589650662054707904e-08
3.980698707197500957e-08
3.641803186366389213e-08
4.050528337074622038e-08
3.698029682949530808e-08
4.118641465529828671e-08
3.758487487180031133e-08
4.186529855037931165e-08
3.823283081984291937e-08
4.255464631734949558e-08
3.892483592154657111e-08
4.326471547646410192e-08
3.966123685073913599e-08
4.400341995958089328e-08
4.044213062256984573e-08
4.477662209231190364e-08
4.126743084830611682e-08
4.558848852016067739e-08
4.213692059920617120e-08
4.644184117937629843e-08
4.305028988488007456e-08
4.733846915915781907e-08
4.400715787639969734e-08
4.827938659696280377e-08
4.500708762374255395e-08
4.926504153103200800e-08
4.604959692492242011e-08
5.029547739604440050e-08
4.713417056176795216e-08
5.137045567394194865e-08
4.826027453249580344e-08
5.248954832445901814e-08
4.942737078690168986e-08
5.365220993820372239e-08
5.063493184139705236e-08
5.485783101272045262e-08
5.188245211263120792e-08
5.610577774066542633e-08
5.316945664925869926e-08
5.739542128694883270e-08
5.449550737429082841e-08
5.872615936974604819e-08
5.586020680160709778e-08
6.009742961659937419e-08
5.726319940135135704e-08
6.150871918609676305e-08
5.870417124200789997e-08
6.295956944287345375e-08
6.018285065148123218e-08
6.444957777049609460e-08
6.169900572491858331e-08
6.597839635994787261e-08
6.325244190282097353e-08
6.754572936939011318e-08
6.484299968675617194e-08
6.915132857318650086e-08
6.647055263616951099e-08
7.079498839395809670e-08
6.813500573071124859e-08
7.247654189501671225e-08
6.983628736474697157e-08
7.419585029460389229e-08
7.157434693338950536e-08
7.595280007703192347e-08
7.334914960093528180e-08
7.774730156584980687e-08
7.516067847293031486e-08
7.957928354956869577e-08
7.700893221974446353e-08
8.144869011674662133e-08
7.889392331136054017e-08
8.335547858084023846e-08
8.081567591492676674e-08
8.529961770518703958e-08
8.277422369152770258e-08
8.728108644591953567e-08
8.476960806070504294e-08
8.929987407309066339e-08
8.680187567201145101e-08
9.135597857489582021e-08
8.887107783448720171e-08
9.344939938728638302e-08
9.097726739665399869e-08
9.558014417937119669e-08
9.312049932411591282e-08
9.774822594556337171e-08
9.530082877456783497e-08
9.995366145977419277e-08
9.751831036544025484e-08
1.021964702668774583e-07
9.977299723832089076e-08
1.044766740545261430e-07
1.020649402813136064e-07
1.067942947654412853e-07
1.043941872100253977e-07
1.091493542998647318e-07
1.067607829986975471e-07
1.115418726802562555e-07
1.091647676095072935e-07
1.139718682866506209e-07
1.116061767434652264e-07
1.164393572718563354e-07
1.140850410674476275e-07
1.189443527964267414e-07
1.166013858091153387e-07
1.214868643485229467e-07
1.191552304020143812e-07
1.240668971170056295e-07
1.217465881706282484e-07
1.266844513923301957e-07
1.243754660397516764e-07
1.293395220301867772e-07
1.270418642930413349e-07
1.320320979430165852e-07
1.297457763485581712e-07
1.347621616378527886e-07
1.324871885741595437e-07
1.375296888272983182e-07
1.352660801207415430e-07
1.403346481304630711e-07
1.380824227840092234e-07
1.431770008512421573e-07
1.409361808745014879e-07
1.460567008429237712e-07
1.438273110847959104e-07
1.489736943962849694e-07
1.467557623466555171e-07
1.519279201571654380e-07
1.497214756616568986e-07
1.549193090434891547e-07
1.527243839118259893e-07
1.579477841661995803e-07
1.557644116784265919e-07
1.610132607439664323e-07
1.588414751305872699e-07
1.641156460424745978e-07
1.619554820015733089e-07
1.672548393023049962e-07
1.651063316557451733e-07
1.704307316949708955e-07
1.682939152006697226e-07
1.736432062854653710e-07
1.715181155884527222e-07
1.768921379958162306e-07
1.747788076899862569e-07
1.801773936049211083e-07
1.780758583365326489e-07
1.834988317375965981e-07
1.814091263731483084e-07
1.868563028681144585e-07
1.847784626574127606e-07
1.902496496655895665e-07
1.881837099214298522e-07
1.936787065188657439e-07
1.916247029863817004e-07
1.971432997042721944e-07
1.951012687182248990e-07
2.006432467504949324e-07
1.986132260519820206e-07
2.041783577827713252e-07
2.021603861887829469e-07
2.077484350133546704e-07
2.057425522709279426e-07
2.113532728125884921e-07
2.093595196622521727e-07
2.149926577712943032e-07
2.130110760659771020e-07
2.186663687795957497e-07
2.166970015355162274e-07
2.223741771054325038e-07
2.204170685429611848e-07
2.261158464793400032e-07
2.241710420649234041e-07
2.298911331923596038e-07
2.279586796649622725e-07
2.336997861852680485e-07
2.317797315890837326e-07
2.375415471531598838e-07
2.356339408534250267e-07
2.414161506498551228e-07
2.395210433519846885e-07
2.453233241940435120e-07
2.434407679558826543e-07
2.492627883890873887e-07
2.473928366198764566e-07
2.532342570275636520e-07
2.513769644971845868e-07
2.572374372276512876e-07
2.553928600537510277e-07
2.612720295355584031e-07
2.594402251812388139e-07
2.653377280660105309e-07
2.635187553249205714e-07
2.694342206278192387e-07
2.676281396002331103e-07
2.735611888437739258e-07
2.717680609267411378e-07
2.777183083004988922e-07
2.759381961477000883e-07
2.819052486709883542e-07
2.801382161705672425e-07
2.861216738564550814e-07
2.843677860926377306e-07
2.903672421210313994e-07
2.886265653392107464e-07
2.946416062389751515e-07
2.929142078026215355e-07
2.989444136339492322e-07
2.972303619769361514e-07
3.032753065232933210e-07
3.015746710987447417e-07
3.076339220586434744e-07
3.059467732925385550e-07
3.120198924765145735e-07
3.103463017102071609e-07
3.164328452462327215e-07
3.147728846744852801e-07
3.208724032151782604e-07
3.192261458277308919e-07
3.253381847572399941e-07
3.237057042747791410e-07
3.298298039231728542e-07
3.282111747287473596e-07
3.343468705905028263e-07
3.327421676615407517e-07
3.388889906142246991e-07
3.372982894488989508e-07
3.434557659758860572e-07
3.418791425199431801e-07
3.480467949362987454e-07
3.464843255069049435e-07
3.526616721841017240e-07
3.511134333878113196e-07
3.572999889850773604e-07
3.557660576467221548e-07
3.619613333425066773e-07
3.604417864098955854e-07
3.666452901292150664e-07
3.651402045994108571e-07
3.713514412585039067e-07
3.698608940861715386e-07
3.760793658183707712e-07
3.746034338314276805e-07
3.808286402260089237e-07
3.793674000364385435e-07
3.855988383783005103e-07
3.841523666478809052e-07
3.903895327307775033e-07
3.889579062949863023e-07
3.952002935924654495e-07
3.937835865631486982e-07
4.000306863992332199e-07
3.986289735621594057e-07
4.048802764311054174e-07
4.034936318939158615e-07
4.097486271754712614e-07
4.083771242731883528e-07
4.146353004731971892e-07
4.132790116705024580e-07
4.195398566550679287e-07
4.181988534532995757e-07
4.244618546890172891e-07
4.231362075253819473e-07
4.294008523136289180e-07
4.280906304686345036e-07
4.343564061870422047e-07
4.330616776782419223e-07
4.393280720077206505e-07
4.380489035015868910e-07
4.443154046617595794e-07
4.430518613719740037e-07
4.493179583576258934e-07
4.480701039404312646e-07
4.543352867504516335e-07
4.531031832176887443e-07
4.593669430776820715e-07
4.581506506916162039e-07
4.644124802896390622e-07
4.632120574676034009e-07
4.694714511764892180e-07
4.682869543911836725e-07
4.745434084904880739e-07
4.733748921758866767e-07
4.796279050726307836e-07
4.784754215290448607e-07
4.847244939795252138e-07
4.835880932719071271e-07
4.898327285941986770e-07
4.887124584597635109e-07
4.949521627533695553e-07
4.938480685134545623e-07
5.000823508616045774e-07
4.989944753177990100e-07
5.052228480022196779e-07
5.041512313540135987e-07
5.103732100574588316e-07
5.093178898056432408e-07
5.155329938168232153e-07
5.144940046724758308e-07
5.207017570780702507e-07
5.196791308813417779e-07
5.258790587707121740e-07
5.248728243966884399e-07
5.310644590466857238e-07
5.300746423250044625e-07
5.362575193880632865e-07
5.352841430168056167e-07
5.414578027125984953e-07
5.405008861765042892e-07
5.466648734632329430e-07
5.457244329582613192e-07
5.518782977163157579e-07
5.509543460641043890e-07
5.570976432637736355e-07
5.561901898454529695e-07
5.623224797211704305e-07
5.614315303942224315e-07
5.675523786024275340e-07
5.666779356355782820e-07
5.727869134210824263e-07
5.719289754253646475e-07
5.780256597663586948e-07
5.771842216247105119e-07
5.832681954011557813e-07
5.824432482082401873e-07
5.885141003304590686e-07
5.877056313264254213e-07
5.937629568855417322e-07
5.929709494048739634e-07
5.990143498104551678e-07
5.982387832188085367e-07
6.042678663315298455e-07
6.035087159705622004e-07
6.095230962278083221e-07
6.087803333701721579e-07
6.147796319066931188e-07
6.140532237065364537e-07
6.200370684831255608e-07
6.193269779224512457e-07
6.252950038307089807e-07
6.246011896864800687e-07
6.305530386596176438e-07
6.298754554604386430e-07
6.358107765783032045e-07
6.351493745615591523e-07
6.410678241518375945e-07
6.404225492389967999e-07
6.463237909644787939e-07
6.456945847205153009e-07
6.515782896812929012e-07
6.509650892887384817e-07
6.568309360966595816e-07
6.562336743309863104e-07
6.620813491956406622e-07
6.614999543968953723e-07
6.673291511997775097e-07
6.667635472577466453e-07
6.725739676204421417e-07
6.720240739582262012e-07
6.778154273106526674e-07
6.772811588616476594e-07
6.830531625054607709e-07
6.825344297073921380e-07
6.882868088707420804e-07
6.877835176530278142e-07
6.935160055426323274e-07
6.930280573242055649e-07
6.987403951713465850e-07
6.982676868540106346e-07
7.039596239590315817e-07
7.035020479270109963e-07
7.091733417007642139e-07
7.087307858172910360e-07
7.143812018123043689e-07
7.139535494347086578e-07
7.195828613683000278e-07
7.191699913496814793e-07
7.247779811412141472e-07
7.243797678375500764e-07
7.299662256183372101e-07
7.295825389073618571e-07
7.351472630400646447e-07
7.347779683315315079e-07
7.403207654257635165e-07
7.399657236809270048e-07
7.454864085957363046e-07
7.451454763551887337e-07
7.506438722010909888e-07
7.503169015925714843e-07
7.557928397379002646e-07
7.554796785185492119e-07
7.609329985754580324e-07
7.606334901505173410e-07
7.660640399724528568e-07
7.657780234301650939e-07
7.711856590933216315e-07
7.709129692372303531e-07
7.762975550271986593e-07
7.760380224121328049e-07
7.813994308035620445e-07
7.811528817736522583e-07
7.864909933980079168e-07
7.862572501323817514e-07
7.915719537550702400e-07
7.913508343053850336e-07
7.966420267955464822e-07
7.964333451272162518e-07
8.017009314153361218e-07
8.015044974686900952e-07
8.067483905101953973e-07
8.065640102430147371e-07
8.117841309717227948e-07
8.116116064080521422e-07
8.168078836928176455e-07
8.166470129841895091e-07
8.218193835753290455e-07
8.216699610551783624e-07
8.268183695354845953e-07
8.266801857723304358e-07
8.318045844953664959e-07
8.316774263598141697e-07
8.367777753939889396e-07
8.366614261247499671e-07
8.417376931822577348e-07
8.416319324364495221e-07
8.466840928195431045e-07
8.465886967544058119e-07
8.516167332760956362e-07
8.515314746075435424e-07
8.565353775221604261e-07
8.564600255995021985e-07
8.614397925318067272e-07
8.613741134069384844e-07
8.663297492611812249e-07
8.662735057656434535e-07
8.712050226683139968e-07
8.711579744800345712e-07
8.760653916766300276e-07
8.760272954049365658e-07
8.809106391791661626e-07
8.808812484398129223e-07
8.857405520376180894e-07
8.857196175282775679e-07
8.905549210520035356e-07
8.905421906401277152e-07
8.953535409619005251e-07
8.953487597652117667e-07
9.001362104329073444e-07
9.001391208981513819e-07
9.049027320406402906e-07
9.049130740358905877e-07
9.096529122584946804e-07
9.096704231479558156e-07
9.143865614395332741e-07
9.144109761852706567e-07
9.191034938066591050e-07
9.191345450454737795e-07
9.238035274323668393e-07
9.238409455697833202e-07
9.284864842168430572e-07
9.285299975199073997e-07
9.331521898831714104e-07
9.332015245644501974e-07
9.378004739457597875e-07
9.378553542661443064e-07
9.424311696988107125e-07
9.424913180531105879e-07
9.470441141934247743e-07
9.471092512071025183e-07
9.516391482197665593e-07
9.517089928465038029e-07
9.562161162798959641e-07
9.562903858954392017e-07
9.607748665790298856e-07
9.608532770744768611e-07
9.653152509876693666e-07
9.653975168720591623e-07
9.698371250307995021e-07
9.699229595282361952e-07
9.743403478603737854e-07
9.744294630086268009e-07
9.788247822282158306e-07
9.789168889812143159e-07
9.832902944692239796e-07
9.833851027916089745e-07
9.877367544749699202e-07
9.878339734478616675e-07
9.921640356646189865e-07
9.922633735859695835e-07
9.965720149601451277e-07
9.966731794436785391e-07
1.000960572765359219e-06
1.001063270848893027e-06
1.005329592935098240e-06
1.005433531180217398e-06
1.009678962751242169e-06
1.009783847346416794e-06
1.014008572896349661e-06
1.014114109766492815e-06
1.018318317420628632e-06
1.018424212326636461e-06
1.022608093722053435e-06
1.022714052369913382e-06
1.026877802518532198e-06
1.026983530658519884e-06
1.031127347805837666e-06
1.031232551349686534e-06
1.035356636856125529e-06
1.035461021971598705e-06
1.039565580157278181e-06
1.039668853381710699e-06
1.043754091407851529e-06
1.043855959762763211e-06
1.047922087483180974e-06
1.048022258565636977e-06
1.052069488391778697e-06
1.052167670499984381e-06
1.056196217267625019e-06
1.056292119500006779e-06
1.060302200328119571e-06
1.060395532690271856e-06
1.064387366840009606e-06
1.064477840363302608e-06
1.068451649100268016e-06
1.068538975948624437e-06
1.072494982407394588e-06
1.072578875977674474e-06
1.076517305004705240e-06
1.076597480062139776e-06
1.080518558094008005e-06
1.080594730855185238e-06
1.084498685766960326e-06
1.084570574028525046e-06
1.088457634992786870e-06
1.088524958237045924e-06
1.092395355581072966e-06
1.092457835095171310e-06
1.096311800163725347e-06
1.096369159137596727e-06
1.100206924141023139e-06
1.100258887796348103e-06
1.104080685668973778e-06
1.104126981365673105e-06
1.107933045630897592e-06
1.107973402975156944e-06
1.111763967585662232e-06
1.111798118554673641e-06
1.115573417762066844e-06
1.115601096812234626e-06
1.119361365013109702e-06
1.119382309191854994e-06
1.123127780786652488e-06
1.123141729847076949e-06
1.126872639099554240e-06
1.126879335618251743e-06
1.130595916500313385e-06
1.130595105990501645e-06
1.134297592044347931e-06
1.134289023070786097e-06
1.137977647262012984e-06
1.137961071555802136e-06
1.141636066124290406e-06
1.141611238695790457e-06
1.145272835016436355e-06
1.145239514271015220e-06
1.148887942703526308e-06
1.148845890563664574e-06
1.152481380305286963e-06
1.152430362314650498e-06
1.156053141263813273e-06
1.155992926704329909e-06
1.159603221310378937e-06
1.159533583324483957e-06
1.163131618436719871e-06
1.163052334129986760e-06
1.166638332867841484e-06
1.166549183435163998e-06
1.170123367024672994e-06
1.170024137863713583e-06
1.173586725510685793e-06
1.173477206320759280e-06
1.177028415059086444e-06
1.176908399973842446e-06
1.180448444526454620e-06
1.180317732207647906e-06
1.183846824848268791e-06
1.183705218617596571e-06
1.187223569006394982e-06
1.187070876950795174e-06
1.190578692015604336e-06
1.190414727096092101e-06
1.193912210889052079e-06
1.193736791048542453e-06
1.197224144603173082e-06
1.197037092882398495e-06
1.200514514066566318e-06
1.200315658722958730e-06
1.203783342112028098e-06
1.203572516707981734e-06
1.207030653442208759e-06
1.206807696972321400e-06
1.210256474623306512e-06
1.210021231608758870e-06
1.213460834040057163e-06
1.213213154643904655e-06
1.216643761877814712e-06
1.216383502006521083e-06
1.219805290092715250e-06
1.219532311506551677e-06
1.222945452389667656e-06
1.222659622791949570e-06
1.226064284184301701e-06
1.225765477339544805e-06
1.229161822577542237e-06
1.228849918408573981e-06
1.232238106349309810e-06
1.231912991029231976e-06
1.235293175897144444e-06
1.234954741955352655e-06
1.238327073236858492e-06
1.237975219661013970e-06
1.241339841974039902e-06
1.240974474289618145e-06
1.244331527260523836e-06
1.243952557647294561e-06
1.247302175789349852e-06
1.246909523152753501e-06
1.250251835751115361e-06
1.249845425831881022e-06
1.253180556830339524e-06
1.252760322277470371e-06
1.256088390157718544e-06
1.255654270631618733e-06
1.258975388294521840e-06
1.258527330546183292e-06
1.261841605219081870e-06
1.261379563170023216e-06
1.264687096279122057e-06
1.264211031116411335e-06
1.267511918189157884e-06
1.267021798431965822e-06
1.270316128989658677e-06
1.269811930589416320e-06
1.273099788043481599e-06
1.272581494431971236e-06
1.275862955983735717e-06
1.275330558170417296e-06
1.278605694719975288e-06
1.278059191356939023e-06
1.281328067393091238e-06
1.280767464844499484e-06
1.284030138360303849e-06
1.283455450780385687e-06
1.286711973176740011e-06
1.286123222568221908e-06
1.289373638566061503e-06
1.288770854846134238e-06
1.292015202399139035e-06
1.291398423463262787e-06
1.294636733680034696e-06
1.294006005458080810e-06
1.297238302508072248e-06
1.296593679034401446e-06
1.299819980066775507e-06
1.299161523517290499e-06
1.302381838605060823e-06
1.301709619371200141e-06
1.304923951410089043e-06
1.304238048135088518e-06
1.307446392782104602e-06
1.306746892416955330e-06
1.309949238025360632e-06
1.309236235871762223e-06
1.312432563416725797e-06
1.311706163171417117e-06
1.314896446190502290e-06
1.314156759991942926e-06
1.317340964511067935e-06
1.316588112978196098e-06
1.319766197466297289e-06
1.319000309728066271e-06
1.322172225034273876e-06
1.321393438774135472e-06
1.324559128065902085e-06
1.323767589553803895e-06
1.326926988274040586e-06
1.326122852390315523e-06
1.329275888203002154e-06
1.328459318470333771e-06
1.331605911215363673e-06
1.330777079821095952e-06
1.333917141467904892e-06
1.333076229298961604e-06
1.336209663903799845e-06
1.335356860550479677e-06
1.338483564219627666e-06
1.337619068007010300e-06
1.340738928858216220e-06
1.339862946858219210e-06
1.342975844977718416e-06
1.342088593023497171e-06
1.345194400452710804e-06
1.344296103152607106e-06
1.347394683835292109e-06
1.346485574578870701e-06
1.349576784350253867e-06
1.348657105322272572e-06
1.351740791874739994e-06
1.350810794049125613e-06
1.353886796916845648e-06
1.352946740078518189e-06
1.356014890606168363e-06
1.355065043331223646e-06
1.358125164668140415e-06
1.357165804341157496e-06
1.360217711417286435e-06
1.359249124206316630e-06
1.362292623723338069e-06
1.361315104600996284e-06
1.364349995013813406e-06
1.363363847734198185e-06
1.366389919246626049e-06
1.365395456338256802e-06
1.368412490896363606e-06
1.367410033653885190e-06
1.370417804943893322e-06
1.369407683410204283e-06
1.372405956841718226e-06
1.371388509802630466e-06
1.374377042522855723e-06
1.373352617479724326e-06
1.376331158375178006e-06
1.375300111533044258e-06
1.378268401217279452e-06
1.377231097458782439e-06
1.380188868288197451e-06
1.379145681161498969e-06
1.382092657246585280e-06
1.381043968931164526e-06
1.383979866138014939e-06
1.382926067419830752e-06
1.385850593384218134e-06
1.384792083632662077e-06
1.387704937768125139e-06
1.386642124916618090e-06
1.389542998434445855e-06
1.388476298920069125e-06
1.391364874848022690e-06
1.390294713614887938e-06
1.393170666804451497e-06
1.392097477246263856e-06
1.394960474401127875e-06
1.393884698337805084e-06
1.396734398033725629e-06
1.395656485660680881e-06
1.398492538367031095e-06
1.397412948239486407e-06
1.400234996348201748e-06
