# -0.9J_-0.1g_0.83776theta_1.0472phi_30Chi_0.01delta_500N
-8.057800519539541325e-04
5.320084708424728526e-02
-2.393588377521000399e-01
1.297053189666549644e-01
-8.895434715510900370e-01
-8.351947892058111597e-03
-1.527213450567589392e-01
3.140457953573084771e-01
2.674046366442466710e-02
9.013651171288249164e-02
-5.305294131897116128e-02
2.552262205404548425e-03
-2.353998141910384860e-03
3.749417972737665379e-04
2.513072955523213380e-03
2.445132662734134966e-04
-4.889808787689981645e-03
-1.826716178763169995e-03
-1.811318860152752973e-03
-8.915526746208854046e-04
-4.934423061941261212e-04
-7.758741855103259239e-04
-7.637012221756808326e-04
2.730911603956133745e-05
2.459934662644711664e-04
5.561355151553789406e-05
1.307207628788874167e-04
2.496059146404493329e-06
9.441333293479715514e-05
1.396496239250096297e-04
4.379711983813754962e-03
-2.389947091088103548e+00
6.170060079397585717e+00
2.343498844652302793e-01
-1.043127875657038750e+01
2.986925807288721701e-01
9.795382533279905601e+00
-2.107258575870246986e+01
2.378117304526492060e+00
3.208419030220636348e+00
-1.093128969963553798e+00
6.533536473769466779e-01
4.316373559311997288e-01
-5.281482965346755432e-01
-4.129343442860153313e-01
4.366155330583285088e-01
-3.150502851735991205e-01
4.150515377082432122e-01
1.997207166242313259e-01
-5.320686062406291411e-02
4.049088885228742385e-02
1.702240856814574155e-02
-8.771830972620447281e-03
2.724949211250463077e-02
4.692109233791949552e-02
1.507997710340462302e-02
-5.351547924763285814e-03
2.947655714824612676e-03
-2.153194956402486315e-02
-1.978827655596000767e-02
-7.072888287290896199e-03
1.006728357183468248e+01
-3.872540216293581494e+01
-1.227047517281924183e+00
5.529536513222527816e+00
-9.976730368084550937e-01
5.960702358818777746e+00
-1.232152866320086559e+01
5.902018961360299132e-01
3.953619646503300777e-01
1.172783559999626690e-01
2.683578735203365762e-01
2.009952422818683249e-01
-2.242862542251434499e-01
-2.236820032237969991e-01
1.824023388637859844e-01
-7.336928496751397855e-02
2.037728633738904727e-01
1.131692929855170754e-01
-1.278868617892017952e-02
2.243362227644356277e-02
1.579523703663891429e-02
3.391127928195959620e-03
1.223442432815329169e-02
1.707508581381097026e-02
5.928785984080388143e-03
-4.068160759616674602e-03
1.243646941980422645e-03
-1.053334803172961687e-02
-9.944211206613163753e-03
-6.014981673326553341e-03
-2.219243644240719848e-01
-6.004963150890161305e-01
4.641553034529121158e-01
-1.611917706397030159e+01
1.867141111690686917e-01
1.487295942743561739e+01
-1.510052672951172781e+01
-9.405563298737591893e+00
-8.989458200688412148e+01
1.060331107366684193e+02
-1.960273542605987700e+02
-5.253720730303409425e+01
3.776684877679745114e+02
3.043894069833057188e+02
4.514295555761809737e+02
-9.315389476153006854e+02
-3.851500414991118078e+02
-3.251413636534002194e+02
-9.484663651549236363e+01
3.040787850227292566e+01
6.651763168601021903e+01
8.640272809027055700e+01
-6.485691954780971002e+01
7.139897838844031241e+01
5.774126994220389442e+00
2.755188201555641925e+01
-9.490743532236058932e-01
1.928001894217515044e+01
-2.798140593308810598e+00
2.263165545918736140e-03
-2.417139514834419600e+01
-1.631222248397257601e+01
3.359653171572223584e+01
-1.845824744463159732e+03
1.949833940297838453e+01
1.119090063542631242e+03
-7.429769507761199065e+02
-8.759391405075300554e+02
-1.028048714005737565e+04
5.372729170569901726e+03
-1.406758380121564414e+03
-1.063869072452617047e+03
1.915454617893706427e+03
5.923818371742364661e+02
-2.016555539656692872e+03
2.541009587064076186e+03
-1.115105944539558323e+03
-3.646410796144666620e+02
4.028220674183590972e+02
-1.962276129718854918e+02
-4.533073976602580757e+01
7.879314953136491440e+00
-6.856953976350428093e+01
-3.235588883855664903e+02
-7.587691339636461407e+01
-3.187172135413348784e+01
-1.231323708892335667e+01
7.580054230991022735e+01
9.635287109126188909e+01
-5.637424193583109866e-03
2.717633161881051196e-01
-1.070767954552515500e+00
2.449760710316907009e+00
-3.791587713757484579e+01
-1.934079334840074493e-01
-5.576917362448440940e+00
2.562314112071510408e+01
-2.259749386342942756e+01
-3.496029221193613807e+02
7.817456039094862774e+01
6.755574843902579687e+02
5.232752123288748862e+02
-8.327587962094823979e+02
-4.484021765810331885e+02
7.782729267487396783e+02
-8.189784802074755987e+01
1.502514077666029380e+02
-2.763413567581084180e+02
-1.570048511326044036e+03
2.146432437866099917e+03
1.232356454467957519e+03
2.180238527031773629e+03
-3.657731859371246628e+03
-1.064295595723852784e+04
-1.716144208438413671e+03
-3.730826010079110347e+03
7.413655746990701800e+02
-3.029448012452363855e+03
-8.505220658126814669e+03
2.369275738289795541e-01
-1.784945948019288631e+00
-1.252445528248766093e+00
-1.013145487696960885e+02
2.153730791548674915e+03
-8.431845722378003671e+00
-1.296236004332948255e+02
-1.255288698894858499e+03
1.398115070989662854e+03
1.915344466908465620e+04
-5.675953600189696772e+03
-2.278237004202473327e+04
-1.911509156690741656e+04
2.666197912892876047e+04
1.278327992244328198e+04
-1.477883395832824499e+04
1.707350890112765410e+04
-3.515927956164643547e+04
-1.957193836171860676e+04
-2.628142897159830318e+04
-5.936997040886979812e+04
-8.285823725939156429e+04
-9.592187150178304000e+04
2.772613470453273476e+04
3.042772873787469962e+03
3.587381690682704630e+03
1.886309008530454548e+03
4.488378481191580818e+02
2.170338407602774168e+03
6.433422547317839417e+03
-5.711023045696671518e-01
2.320376655691212431e+00
1.761295350269174387e+00
2.150907380292106552e+02
-8.992765520676744927e+03
9.196662651200311700e+01
3.313296819421058444e+03
5.371132026749385659e+03
-5.551079036345460736e+03
-8.651447648836081498e+04
2.708769022603018311e+04
8.520250611683978059e+04
9.056313618162632338e+04
-1.193585375589639880e+05
-6.955994860336936836e+04
1.078331935567051842e+05
-8.905234814853627176e+04
7.683754175514433882e+04
5.115269674335543095e+04
-3.871785397937946254e+04
-2.203782376631238367e+04
-5.834284306067900616e+04
-8.556753332868964935e+04
3.178599179157138133e+04
2.588018312770867124e+04
9.907523448034213288e+03
5.455574965527414406e+02
1.254641169594783378e+03
-7.930977322620851737e+03
-6.627773663990009481e+03
-6.649667478992156433e-02
-2.604988011297899031e-01
-8.775630308034944316e-02
7.881576017900961517e+01
-1.382027499699554483e+02
-3.799566143711405175e+01
-1.801747571826134390e+03
4.928270621327651497e+03
1.364860617130156925e+03
-3.554646491197431897e+04
-2.187661201049619922e+04
2.036029041593507282e+05
1.681621387166463537e+05
-3.166638887001605472e+05
-2.368791736684931093e+05
4.960056471337521216e+05
1.840770018245296378e+05
-5.795603238421509741e+05
-1.648608000905351946e+05
-2.566821686306531192e+05
1.819934244641546393e+05
-4.603998702911072178e+05
1.577774546984393965e+05
-5.137716078223477816e+05
-2.187945839061077219e+06
-6.426017127193628112e+05
2.416816632761478832e+05
-1.341749318680439901e+05
8.940642363354864065e+05
8.329602496754333843e+05
-6.728660146715743640e-01
-2.367684339015967421e+00
-1.339837168121445155e+00
2.962251676694883713e+02
8.009845703627017429e+03
-1.299864555678121292e+02
-1.035958339569858981e+04
9.211129432813608219e+03
9.617449133081747277e+03
-7.369554157351043614e+03
-1.144067474272827239e+05
5.886490803372092778e+05
3.985879172537345439e+05
-9.636847560758197214e+05
-7.999802395661665360e+05
1.727530778954112902e+06
1.596705108455945505e+06
-2.915846714911988936e+06
-1.147540450773223536e+06
4.535699942694905330e+05
-5.584598101590341685e+04
2.561803643186631089e+05
2.301328821262562633e+04
-1.367330360071851755e+05
4.933089598062833538e+05
2.688949277043674956e+05
-5.576959410930761369e+05
2.277851438487305495e+04
-7.749640549383572070e+05
-1.163549202886526240e+06
1.226666914476010894e-01
2.213626024171077566e-01
7.615781738645321930e-02
8.287710780227656642e+02
4.767228394973757872e+02
-2.077897071672723825e+02
-2.077207037889045750e+04
2.690024123072084330e+04
7.323613250057784171e+03
-1.978711317794564820e+05
-2.282394114553321560e+05
1.533579343141066143e+06
1.011244267617760110e+06
-2.404559594808797818e+06
-1.914567527739241719e+06
3.651407505028792657e+06
3.882251089034067001e+06
-5.749579035601022653e+06
-2.130116260960904881e+06
1.860061519402865088e+06
5.662971611636905000e+05
2.706031613060900941e+06
1.720835358406399842e+06
1.596020816557322629e+06
7.339160411619967781e+06
1.244298073433161713e+06
3.291160917702157982e+06
2.944406738532977179e+05
2.967792636272768956e+06
8.201064378438912332e+06
-2.151656831836850081e-01
-5.743824897634181026e-01
-2.940353976464813446e-01
-5.139679322703916569e+02
1.198470796791678595e+03
-6.955402140004278522e+01
1.079536922783406044e+04
-3.565605140285559173e+04
-7.821192936885056042e+03
2.413174631773356232e+05
1.211374281644928124e+05
-1.404325462495343992e+06
-1.171535056200656807e+06
2.171791196044423617e+06
1.586730453656071099e+06
-3.060275433275282383e+06
-8.165331548228114843e+05
3.475950914804425091e+06
1.121505227527949726e+06
3.117763719528263900e+06
-1.344358359312295448e+06
4.119964995854909997e+06
-3.605271672558459686e+05
5.357471213923080824e+06
2.304104777123279870e+07
6.485112454440646805e+06
4.042191803777517285e+06
2.977954302522036596e+05
-1.500697952008137712e+06
1.220835454722749256e+07
-2.045819698867024083e-02
-5.902051300771877368e-02
-4.191470565387583891e-02
1.018565236176339113e+02
1.075851931920645711e+03
-3.006819709793954232e+01
3.788659683932435200e+02
-1.309118471093910557e+04
-8.316739800763547237e+02
1.015891749905387551e+05
1.509509759340050914e+04
-3.052103926475137123e+05
-3.778542640724111116e+05
3.636814495637902874e+05
1.481773064341098943e+05
-3.804741571229080437e+05
9.011070637563870987e+05
-1.173606285422191024e+06
-7.656525762536163675e+05
1.884650881047659321e+06
-9.842329717596831033e+05
1.618167188719104277e+06
-1.385470620784573257e+06
1.809550134217391955e+06
2.597462649733790662e+06
4.488352565115934238e+06
-8.849470033584702760e+06
1.246109049551467877e+06
-1.711746158382973820e+07
-1.587056254797637835e+07
-1.696345927019926314e-01
-3.986852465656726130e-01
-1.908038334219438470e-01
-4.945751575505125288e+02
1.056790457195864832e+02
4.213641541761327147e+01
1.343835628101610018e+04
-4.161392289183244429e+04
-9.827690379888732423e+03
2.889482560774681624e+05
1.779204796723469044e+05
-1.695019951354453340e+06
-1.401539483477444621e+06
2.621836877900679130e+06
1.948089244053270668e+06
-4.044479440502214245e+06
-1.830056921268065926e+06
4.672720585262728855e+06
1.599479386883720988e+06
2.167162396555752493e+06
-8.719971507235636236e+05
2.873024849615979940e+06
-2.656490006394145894e+05
4.896968169622208923e+06
1.333888100422925875e+07
5.382377955727843568e+06
1.101729869952983921e+06
3.616813683660941315e+05
-5.034231276210300624e+06
1.043686177858795784e+07
9.607599271340157288e-02
2.495217942931592936e-01
1.060509914200482712e-01
2.667405458410036658e+02
-2.617098853917734687e+02
-2.306695456644750095e+02
-1.839342865627567153e+04
7.192722951110774011e+04
1.556011939089934822e+04
-5.411621742261342006e+05
-2.605199420748462144e+05
2.560308424170407467e+06
2.377736635642099660e+06
-3.716182174180357717e+06
-2.536216061198722571e+06
5.818666964802826755e+06
-6.230654658426020433e+03
-3.280277978012149688e+06
1.734327638484086201e+05
-5.638022103182787076e+06
3.922635620055216830e+06
-7.986653408021344803e+06
5.351813249540722929e+06
-1.164107745821443945e+07
-2.602497154971988127e+07
-1.729561317888351902e+07
1.869263385353120044e+07
-8.810813273152429610e+06
4.879689595717740804e+07
2.417900059082661197e+07
6.762389086796141702e-02
2.896710854232374399e-01
1.557689296719411143e-01
3.961364872396343344e+02
-2.240607341518199291e+01
-1.999408225077263239e+02
3.996585316264157882e+04
-2.268616640238283726e+05
-3.795004729881952517e+04
1.729055079512113472e+06
5.660920434463928686e+05
-7.340327811010825448e+06
-7.400951568410972133e+06
1.009256563763140514e+07
6.245448775343516842e+06
-1.580548505562927201e+07
7.620310920434666798e+06
2.481331113571108785e+06
-2.620171452010548208e+06
3.273601912844321877e+07
-1.645014035303136148e+07
3.681475750481827557e+07
-1.695945175329798460e+07
5.971222336663752049e+07
1.752037581021776795e+08
8.355642063050515950e+07
-1.425958902058378980e+07
2.809264587194149941e+07
-1.478636237597448230e+08
8.892788876089286804e+07
1.031927711572960121e-02
5.183189430017341726e-02
3.176488894033922122e-02
2.573120336573325062e+00
-2.682180612587521864e+02
-3.562215842917381110e+02
-6.079189165150981717e+04
-8.535562746437007445e+04
2.448731007069550469e+04
-1.120307707792130765e+06
-2.952213600248399656e+06
1.338808946638963930e+07
4.292033815853929147e+06
-2.546544310533021018e+07
-2.729939973817548528e+07
7.669175641384842992e+07
1.022133210935745239e+08
-1.738257339389805794e+08
-7.986223872502604127e+07
6.899000672878323495e+07
-3.442973532682882994e+07
3.353006161497274414e+07
-2.805704791049718484e+07
-1.531212995764403343e+08
-1.667858416942838430e+08
1.253782080928966217e+07
-7.183922405142358541e+08
-1.885151785395944118e+08
-5.146834625407115817e+08
-2.400135090534330845e+09
-1.178885210782346961e-02
-3.260070964767949886e-02
-1.706276260577787793e-02
-7.468000561163366058e+01
-2.790003472839703491e+01
-8.939511342326376280e+02
-1.910659740926346421e+04
-7.768936264150406714e+03
5.808306813489040360e+04
-1.707578462372598937e+06
-2.149472623273232020e+06
1.447058913641748950e+07
7.709196926722727716e+06
-2.690535866337169707e+07
-2.792058379904853180e+07
9.267164945911440253e+07
7.334900531779825687e+07
-1.873631809312891066e+08
-8.394180675995208323e+07
-1.008116540871600620e+07
-9.259176029046289623e+06
-1.152268169039258957e+08
-3.213734155439005792e+07
-5.124352425021825433e+08
-1.105673424330862999e+09
-2.269157631911400557e+08
-1.365431827398066044e+09
-3.892892345458137989e+08
-7.937148190981322527e+08
-4.597180565442378044e+09
4.036257892555841428e-03
5.983832571995597281e-03
1.393450724701040351e-03
1.674726817192987482e+01
-7.721391369126020265e+01
-4.143723046140142401e+02
-3.378417820320645660e+03
2.850395806015513153e+04
-5.135425949155338458e+04
1.286853083160538925e+06
1.490537789755791193e+06
-1.175545562212003767e+07
-6.209590866065351292e+06
2.214868307137494907e+07
2.327370446980879456e+07
-7.807336995164643228e+07
-5.390725943253900856e+07
1.597989152889369726e+08
7.170919237067390978e+07
3.632219281760965288e+07
-3.557455072785335127e+06
1.396027416416720152e+08
2.324142628662484884e+07
5.088283275220428705e+08
1.217363531279859543e+09
2.583081220388423502e+08
1.295737136953134775e+09
3.885480285787986517e+08
7.102342016897156239e+08
4.314774211305775642e+09
-4.582650790334510255e-03
2.976515820369229470e-03
4.941040755376675982e-03
-5.137464700348577651e+01
-2.045819819019147303e+02
-1.647697733438144951e+03
-6.025740295205546136e+04
-1.055224881421732134e+05
1.252641458621417951e+04
-1.207423913676355500e+06
-2.522033740462285001e+06
1.174177283025755361e+07
4.145555077214503661e+06
-2.179488060245284066e+07
-2.405752501199521869e+07
8.192568769882963598e+07
8.438813725637514889e+07
-1.718246417355038226e+08
-7.720917314157561958e+07
3.853065416684784740e+07
-1.019718768099758588e+07
-3.981458371892666817e+07
5.774620706873485819e+06
-4.744738826547169089e+08
-8.220764147588050365e+08
-1.927245232779662311e+08
-1.331639815145658016e+09
-4.721986012132228017e+08
-6.552038850610918999e+08
-4.828773818352919579e+09
2.158263859690260061e-03
-2.623935345786812361e-03
-3.727380831951509176e-03
2.580228635522596292e+01
2.419128817719538915e+01
-5.220751077245524812e+02
3.820705483967225518e+03
2.930789840464182998e+04
-8.912437987786855956e+04
2.843136454001420061e+05
3.024626419753465801e+06
-1.147796790730022825e+07
-2.543250166565319989e+06
2.503900893678154051e+07
2.678915263918602094e+07
-4.513342290740315616e+07
-1.091428256338397115e+08
1.313903568687198013e+08
5.855481266493928432e+07
-1.091437665747186989e+08
7.015309554238182306e+07
-1.168886603125096709e+08
5.590142910915524513e+07
-2.481675407192600071e+08
-7.858308157319152355e+08
-2.535997339859026074e+08
-1.577506050688640773e+08
-4.533284935137146711e+07
6.967687339583522081e+07
-5.600155458504112959e+08
4.517048009558345505e-03
1.265707784486277444e-02
6.620765293299064533e-03
5.687366457442388423e+01
2.374734498169041501e+02
1.996583019324858242e+03
6.342586671947377181e+04
4.944123445914605691e+04
1.740093393981940753e+05
2.620835198863111727e+05
-3.387028501487283502e+06
1.085267380604488030e+07
2.044164187946197111e+06
-2.671832168546297774e+07
-2.838243726583911106e+07
2.266108947923950478e+07
1.315625121004275829e+08
-1.007789009300022423e+08
-3.438107092448216677e+07
2.183995980664237142e+08
-1.505729558679154813e+08
2.731514405652870536e+08
-1.943168639623945355e+08
1.359008984501578569e+09
3.304638031390800476e+09
1.026546236227899313e+09
2.875963678521327972e+09
1.100665453402894735e+09
6.680236594184949398e+08
1.135050109466872787e+10
3.095069209069584333e-03
2.135938830380486320e-02
1.424739739695686860e-02
4.161636889606971579e+01
1.829755907526850365e+02
2.568081202730206314e+03
5.642942007478474989e+04
7.723542940039721543e+03
2.920963742914805189e+05
2.208659627786498168e+05
-9.695403796872356907e+06
3.096526581970726699e+07
2.948374074270050041e+06
-7.562243311239029467e+07
-8.406255621099638939e+07
1.383183478170511425e+08
4.167051110658200979e+08
-4.581303238784268498e+08
-2.130471132835904956e+08
7.463327608233425617e+08
-4.899683932187405229e+08
8.010760985399273634e+08
-5.934658010471591949e+08
2.492129285121975899e+09
6.769682287245061874e+09
2.411146713729249954e+09
3.329739633837410927e+09
1.737902862033190489e+09
-1.395246861007494211e+09
1.392828467445114708e+10
4.887290861075983817e-03
2.628470662966624766e-02
1.133062145948403841e-02
6.670687325480110985e+01
3.438725206854200565e+02
-2.456207718204392677e+03
5.601203773317726154e+04
-2.985320331844060274e+04
-5.233418585365299077e+04
-2.226866289231000002e+06
5.138333378606290556e+06
-7.534990064575236291e+06
9.530658266153503209e+06
2.735722024206902832e+07
3.158182577445571125e+07
1.908350754520599917e+07
-2.340340788801088929e+08
1.358350003288151920e+08
9.271140681643418968e+07
-5.989372380183632374e+08
3.414981825842051506e+08
-8.180550072158447504e+08
2.715955177721596360e+08
-1.693463752810319662e+09
-4.482207536319726944e+09
-1.556982971562964439e+09
-1.056489731033739686e+09
-2.823847468875522017e+08
1.311895579155492067e+09
-3.094728758895296574e+09
5.924553415289860597e-03
3.378546355793465850e-02
1.777979887898916214e-02
7.976100184132842230e+01
3.797493209909446250e+02
4.373962976365083364e+02
7.198354264202185732e+04
-1.881581629452432026e+04
2.647603702573152259e+05
-1.825911437265550951e+06
3.464500086941118352e+06
9.377700870012901723e+06
1.667149145508032665e+07
-5.263010925926492549e+06
1.163815497088504769e+07
-1.480177606552366912e+08
-2.080871798838240206e+08
3.773614082911128998e+08
2.701159493456636071e+08
-5.719507779019593000e+08
3.012324901552725434e+08
-1.709091293486892879e+08
-8.254579500197167695e+07
5.195812696116593361e+09
7.356739438011440277e+09
2.097957272124209642e+09
1.661451464472030449e+10
6.528206006315180779e+09
8.036945891904144287e+09
6.910375393609568787e+10
3.025742529348534075e-04
-1.176899406390154081e-03
6.761782599275625687e-03
3.467336869704646052e+00
-7.665295065539256214e+00
1.061831248188371865e+04
1.861857426705202670e+03
7.654383530847095244e+03
-1.369520090702720918e+05
3.897646344190983800e+05
-3.398978626747475937e+06
4.474686593396764249e+06
-5.256400194563856348e+06
-1.335745844400968403e+07
-2.250085564775685966e+07
1.340350410395080298e+08
1.901309662195143998e+08
-3.162696408688654304e+08
-2.234475419710799754e+08
2.996828910244164467e+08
-2.298434673913948536e+08
2.194964926178441644e+08
-1.142423383898524791e+08
-2.180506356404510498e+09
-2.963437587437968254e+09
-6.872440355158684254e+08
-7.977718267857167244e+09
-2.501671570784901619e+09
-4.412101299759756088e+09
-3.246402077154638290e+10
1.248506455460914781e-03
6.948679904304832546e-03
1.745654218277823463e-04
1.837635923646934799e+01
1.094450224523443609e+02
-4.456887449027572984e+03
1.635757205098759005e+04
-1.493042878829186157e+04
-3.980979401715710992e+04
-9.129538542331490899e+05
7.441697639041177463e+05
4.583770995167248184e+05
2.455705645539715420e+06
-1.344165894826397533e+06
-6.736318224178117700e+06
1.199527046134209186e+08
-2.946435572558218241e+07
-2.138131756948616505e+08
-1.275158385332216471e+08
-1.835860548410066366e+08
7.556861701592728496e+07
-5.690577424418064356e+08
1.108898033803005517e+08
-3.314520205480553150e+09
-7.355515768695702553e+09
-1.864260847508907318e+09
-8.783844629036405563e+09
-3.444619923259124279e+09
-4.044050232073364258e+09
-3.331219847892786026e+10
7.309799569477001000e-04
-1.419780193523741563e-03
-2.008155095852505803e-03
9.095728119181528015e+00
-4.602689398448876368e+00
-1.148028409950070909e+03
8.990838547907764223e+03
1.854732944547992520e+04
-1.977397303495622473e+05
7.762285081683786120e+05
-4.846574155906173401e+06
1.916343080787151819e+06
-1.118548258444247767e+07
-2.258023937725760043e+07
-5.055190082409453392e+07
3.874808851923410892e+08
3.314000732111294270e+08
-8.858091947296689749e+08
-5.325348009150567651e+08
7.600492578741227388e+08
-5.005748627195499539e+08
-3.367364156948363185e+08
-3.298059068850027323e+08
-8.376837311267266273e+09
-1.305337853162001991e+10
-3.010659739637200356e+09
-2.606473947178944778e+10
-8.772537120187347412e+09
-1.561971351854265594e+10
-1.024724488166724396e+11
3.519151671121322996e-04
-3.767248946091151986e-03
-1.453547030056442056e-02
5.418408311481775819e+00
3.369447902293827468e+01
-1.588535621176484710e+04
6.550368913730770146e+03
3.251760906614625583e+03
-3.543625051177598070e+05
-2.010162693639027711e+05
2.457996974479398632e+05
-1.217549531212648749e+07
-1.394768029017720185e+07
7.545011319786678068e+06
-2.164057766803543270e+07
4.042003159047488570e+08
9.457158478283149004e+07
-9.812226372201284170e+08
-7.799486874496065378e+08
3.107551096204338670e+08
-4.248032337314639091e+08
9.388254586591240764e+07
-1.638183695953683853e+08
-5.591495458130840302e+09
-1.893776969538959122e+10
-1.827463893205215693e+09
-2.806908925586871338e+10
-1.553032005929974556e+10
-1.992836559709140015e+10
-1.024804550942890472e+11
1.009210007692107119e-03
-8.947640869123422297e-03
1.616700875223119017e-03
1.433858722906667182e+01
1.074818390424091348e+02
1.076707343470657906e+04
1.083642252240285416e+04
-1.752797860950039194e+03
-1.078571643341976916e+06
-6.192525441971471300e+05
3.852784256506972481e+06
-1.844498671735907719e+07
-2.333035758791330457e+07
1.355634253130776063e+07
-4.196306218873794377e+07
8.693246976941326857e+08
2.961154198830931783e+08
-1.808666802237246752e+09
-1.118687955570877790e+09
6.998617096600418091e+08
-7.007346754248946905e+08
-2.464486874298835754e+09
-1.467775039159106255e+09
-1.993315616761779022e+10
-3.618164190822483826e+10
-7.274704717571289062e+09
-5.802319117119252014e+10
-1.483514536693719292e+10
-3.978553706196647644e+10
-2.122157601405455322e+11
-2.794473075350140112e-02
1.098263293570473503e-02
5.655323085151575321e-03
9.879280341147904654e-01
1.235286405295573653e-01
7.507252748627316237e-03
8.449159661829042101e-02
-1.291841562075796840e-02
-9.413990144173334197e-04
-2.837970340295102242e-02
-3.854026111307078811e-02
5.478826619445406436e-03
-4.578142007888428948e-03
-7.518498263986823048e-04
3.665010161417575282e-03
-5.358621720254746514e-03
-2.627291860781029269e-03
-2.547976982036055313e-03
-1.661031660434620283e-03
-2.191434871257410698e-04
-2.508536986769259645e-05
-2.130327983196422608e-04
-7.958343443677928577e-06
-6.413433282106185702e-04
2.013794438049870748e-04
1.258395500678570803e-04
4.265632783613160006e-05
6.065847121904612460e-05
2.672256223379725819e-05
-6.518107204564999550e-06
1.662092357439895474e-01
-2.562605063190864740e+01
-6.791907240946403412e+00
4.562628846588985820e-01
5.630812959262854189e-01
-4.331357224212135093e-01
-2.653968512545303415e+00
-6.573778378949065582e-01
-9.547656265886955707e-02
-4.193456850540794312e-01
-3.484996523682826197e-01
-2.853784723684533176e-01
1.027237061179158556e-01
8.813450421790273298e-03
-1.317080501559764194e-01
-3.311733919618024824e-02
-2.012464812140508583e-02
-1.649842578734574822e-02
-4.701999886835193064e-03
-1.155952121270801408e-02
8.046229157716659188e-04
8.401316477861693610e-03
-4.815335546876302504e-03
-4.443085694226529825e-03
2.454002836517261109e-03
-5.277095837057463150e-03
-2.071022347943729004e-03
3.801376301818085472e-04
-8.803855276203021796e-04
1.036615908592905403e-03
3.822361112483123324e-02
-4.330811845068118338e+00
-1.183763214244121453e+00
-2.649860609786501620e+00
-9.825449690330356756e-02
5.977526383713363423e+00
3.698091661894626725e+01
1.805541105992906381e+01
6.719654103668536438e-01
4.572780274183616989e+00
4.126424829454306220e+00
4.372186219544556884e+00
-1.804389201449120961e+00
-8.801240470950238981e-02
2.196524618138007590e+00
1.844337641041431664e-01
2.309696817958823145e-01
7.342461286996333769e-02
-2.863667682235334841e-02
1.721862115918860181e-01
-1.813843987304824407e-02
-1.392978689496496281e-01
7.071853247158203792e-02
3.539055593016430384e-02
-3.206244111296775029e-02
8.160560987360705731e-02
3.372410856546564917e-02
-7.127326618970989715e-03
1.566766158951455115e-02
-1.338257085911593453e-02
-9.777941972670084469e-01
-4.517832138458464541e+00
-1.027659250793060641e+00
7.286462643166014175e+01
8.197020266443827197e+00
-3.779627994612419606e+00
-1.404411910598757913e+02
-4.089213758310324209e+01
-2.613037776597432327e+01
5.572804408879692346e+02
1.107765185835977263e+03
-1.426094068162462634e+02
1.188065923020618868e+02
2.930177403568029249e+01
-8.757480765642698373e+01
1.610614157783612086e+02
9.836050359573367530e+01
8.477838046037207675e+01
5.522904888371726173e+01
1.003406353125634176e+01
6.130425666852278299e-01
6.389791203416874232e+00
8.532751036694226077e-01
2.354281470745303295e+01
-8.071614955447236284e+00
-4.125732487359520029e+00
-1.516709244330548101e+00
-2.740972834112807899e+00
-1.189959032699226205e+00
1.663500838913681279e-01
1.101492011591623764e-02
7.463651675465018398e-01
2.641396742761368821e-01
6.010507489810149195e+01
2.457908404321601736e+00
-1.663975193799107188e+01
-6.610161366838290178e+02
-2.836530235885707043e+02
-2.334944801585907612e+02
6.798425716117767479e+02
2.101103705879261724e+03
4.716573571032774453e+03
-1.205450579917287769e+03
-3.810512743069585667e+03
-1.060071797441171157e+03
-7.385768412197420730e+03
-4.131488906619768386e+03
-3.620512261288854916e+03
-1.892050079599221590e+03
4.261738703113565521e+02
-7.420480743506884380e+01
-6.936381244628218212e+01
9.191259265728518812e+01
3.000229557738279595e+02
2.128479666810424078e+02
-9.974545163505317760e+02
-8.806527356492628655e+01
-2.284093474974169112e+03
-6.387769578033925200e+02
3.264180894088360674e+02
1.905704771612703021e-03
-3.470532433966789371e-02
3.199666782730163916e-01
3.721218381314897528e+01
1.771533668862421473e+00
-2.778256281833235875e+01
-5.112606424456295713e+02
-2.344481390579054221e+02
-2.220307679242819745e+02
2.313463456581304172e+02
9.143314735344217752e+02
4.517598474645023089e+03
-1.534543229333776026e+03
-6.448187200377096815e+02
2.521686833728062993e+03
-1.014156145634429549e+03
7.629572937197438478e+03
5.367075093665974237e+03
-1.437205124186717876e+04
-4.193996522324110992e+04
2.880029525519451909e+03
2.614744456395175439e+04
-1.289246429145296497e+04
-6.490996148482899116e+03
6.577208475497915288e+02
3.874679117994188800e+03
-3.689783971161802469e+02
-7.804213524118589703e+03
4.009650104377697630e+02
1.648778073634677412e+03
-5.292684518979325764e-02
-1.653651825775222933e-02
-1.575925193604542640e+00
-1.199425747166729252e+03
-4.670647513894083858e+01
5.626826568560959458e+02
1.798594233409298977e+04
8.469792952365265592e+03
6.463415942146833004e+03
-3.711143811363398072e+03
-1.673680250326764872e+04
-1.096516270677999855e+05
5.461313784479682363e+04
-1.021825155188813187e+04
-7.041368973218649626e+04
-1.636135916695888773e+04
-1.127681594881779529e+04
-6.448468297768065895e+03
-4.296614880671205356e+03
-9.290345880471310011e+03
2.297136223814631649e+03
1.284318343419686062e+04
-1.483510472898694388e+03
7.228594130141830647e+03
9.956076391866305642e+01
-9.211207287664583419e+03
-2.638034867052181198e+03
-1.983380198071231644e+04
-5.167924450292484835e+03
3.200918074851735582e+03
-1.287720460405931966e-02
-1.075749275656861653e-01
-5.706186384907666609e-01
-3.817698930347176542e+02
-1.188784998908399970e+01
2.822938433948608576e+02
8.214274102650011628e+03
4.144578471550386894e+03
3.040462434307867625e+03
3.704720975148129583e+03
6.997913713605508747e+03
-4.429552021996279655e+04
3.339224401120236143e+04
-4.590231087937454868e+04
-6.831291522838317906e+04
-8.577641436509398045e+04
-5.000300412602463621e+04
-4.020986243902301067e+04
-2.117140156233142989e+04
-1.021761567713231329e+03
-2.046135828107847374e+03
1.261083059018504173e+04
-5.067782817367332427e+03
-3.792700187815039953e+03
2.118380951347769951e+03
-1.987189637947563824e+04
3.344687061998637546e+03
-1.784222236980635353e+04
-9.298794966428800763e+03
2.765394000219578174e+03
-1.242276897169349720e-03
-2.594872454952637519e-01
2.398085782729261872e+00
-4.366343118827998637e+01
4.649586136319227592e+01
-1.231154989525298561e+03
1.875217057552523556e+03
9.681309409892821805e+02
9.584811973268164365e+03
9.873541766184815742e+02
7.347314645126929463e+03
-6.293702449211200292e+04
-2.461455917860710906e+04
-8.454342066448628611e+04
-8.577743902273279673e+04
-9.785327485985492240e+04
-1.046756084937170090e+05
-9.337925256809077109e+04
-6.609990357434299767e+03
1.109985808871206827e+05
-4.809120188081354172e+03
1.570548215875788810e+04
2.642068543414952583e+05
7.540842471783083165e+05
-7.678104901806795970e+05
2.577053303195891436e+06
7.002306854914030991e+05
-6.607916335214426508e+05
4.321283621078556753e+05
-2.845032857055309578e+05
1.252296264868067114e-03
2.635948100101611485e-02
-2.316397924268556729e-01
-6.818433657916813218e+01
1.122645846678480268e+02
1.107548158442174554e+03
2.530881404437200399e+04
1.450912438359225234e+04
9.618458978052158272e+03
4.566439681416612439e+04
1.002229975432928768e+05
-1.276730360720585159e+05
1.726940412061930692e+05
-2.811707501293626847e+05
-3.598537019174675224e+05
-5.721516974397093290e+05
-1.791236068366274994e+05
-1.880002935417097178e+05
-6.941911672420332616e+04
-4.503242498503479874e+05
9.366227241155278170e+04
-5.009170474813063047e+05
-1.688658690728109286e+04
-2.021449910723716719e+06
4.433079698274903349e+05
6.922345127268304350e+05
2.266401527820535412e+05
2.077458821334600914e+06
3.998947216261944850e+05
-1.630948284353502677e+05
-5.690588326897208851e-03
2.694513920196376922e-01
-2.835553309048229664e+00
-1.226698552347756959e+02
-5.510961796910147541e+02
-3.374491982438484683e+03
-1.103839932983698236e+05
-6.355152877224748227e+04
-5.186878958309872542e+04
-2.055830931590898253e+05
-4.423539560789634706e+05
6.799928921452396316e+05
-7.072108278849419439e+05
1.200756270492305513e+06
1.586229646377528319e+06
2.387186020200295374e+06
7.487588348886462627e+05
7.756752523798649199e+05
1.258221330392178497e+05
1.771906645117086824e+06
-5.819685847873800667e+05
2.925912708956259303e+06
-3.518192458185312571e+05
9.139992963786205277e+06
-1.819781788612955250e+06
-6.433434628300603479e+06
2.523691491510972555e+05
-9.517078418469741940e+06
-3.874986668996846303e+06
1.472227332890681457e+06
-1.300823834308141233e-03
-2.421991040001403306e+00
2.332179350070878598e+01
-1.169571301909403331e+02
-2.743002892762841043e+02
-9.509667965600954631e+03
-7.798659728752910451e+04
-4.797684150892215985e+04
-6.466571666081081275e+03
-2.203061710811749217e+05
-8.118093399764455389e+05
-1.027447005774471909e+06
-8.089936636378308758e+05
3.543338556694230996e+06
3.003509054913362954e+06
7.274120187206378207e+06
4.175676523599429522e+06
5.794049356222171336e+06
5.306263648230399005e+06
9.453626651621565223e+06
-1.470396672522799112e+06
-1.525641625136656687e+07
-4.622798439311371185e+06
-5.220585230799762160e+07
1.304017197633071430e+07
3.543717633759109769e+06
9.031000991860650480e+06
-5.318462664094763994e+07
-9.873795155109960586e+06
5.089368291988826357e+06
-9.062975186609351910e-04
1.778428495704550638e+00
-1.721222914130644810e+01
9.705036769492824789e+00
-7.172147440256674145e+01
3.031134826970169797e+03
-5.203157877044089219e+03
-1.370287165992177279e+03
-8.944848323623586111e+03
3.224889438434091426e+04
2.791651301556532271e+05
8.800047602002568310e+05
6.346478905464267882e+04
-1.623032518328398000e+06
-1.081574053758064751e+06
-3.245911087863080669e+06
-2.303477211359058041e+06
-3.393081854158033151e+06
-3.039263495079665445e+06
-4.981920399435269646e+06
3.840590512891327380e+05
1.138573401696466841e+07
3.171684120568929240e+06
3.914437390804819018e+07
-1.121456735235671885e+07
-1.449428622141083470e+06
-4.492985711190614849e+06
3.118106379152211919e+07
4.613891164247847162e+06
-4.237612146166889928e+06
-1.847836474815630009e-03
1.551231101515837763e+00
-1.514268773872699825e+01
-4.312118049097766459e+01
-1.788046017865942190e+02
9.469091943089429719e+01
-6.026703267631342896e+04
-3.591402511978946131e+04
-2.135922290579634864e+04
-1.364215267187079880e+05
-3.841254184288348770e+05
6.286381826081663894e+04
-7.974591956785192015e+05
1.570872916677382076e+06
1.487241036301222863e+06
3.186365862176841125e+06
1.051280322664161678e+06
1.562158479856358841e+06
7.623426555547307944e+05
4.079522737157513388e+06
2.249661837887762813e+05
-1.335333895054666558e+06
3.393922608768764185e+05
2.568599223938078154e+06
-4.122203919757072348e+06
4.570434005657915957e+06
-1.024453101965772803e+06
-1.432926698765044101e+07
-1.790835328248286620e+06
-3.620438404437096789e+06
1.257369009976776067e-03
-2.128224973362729866e+00
2.064158384367397403e+01
4.408978236794862227e+00
4.863321426100523581e+02
-1.168993767399985700e+04
2.919734937397319663e+04
1.175609694149137795e+04
1.051443502968350367e+05
-7.407558011366099527e+04
-7.670770194317926653e+05
-3.192486242734004278e+06
-8.911758625685692532e+05
4.403467906361624599e+06
2.564779053633230273e+06
9.493214559220626950e+06
4.763359475872075185e+06
9.300083595313470811e+06
1.355111021070886776e+07
2.832726135238076001e+07
-2.006276519271958154e+06
-4.618534594456316531e+07
-5.587754872521103360e+06
-1.300318869963944107e+08
3.359080111188515276e+07
3.614660946871305257e+07
2.923276805321896821e+07
-1.321688382920994163e+08
-1.505569496920502558e+07
1.597427192593627237e+07
1.268583297380572092e-04
-6.167164457411707934e-01
5.968835708987056954e+00
3.164429884107749835e+00
-9.037437603553604504e+01
-6.489948825907099490e+03
1.590512067746061257e+04
2.332439382844750435e+04
4.839566873954224138e+04
3.547263597153451410e+05
1.975766072102029342e+06
3.528181295837984420e+06
1.981365760246607941e+06
-1.165139310192324035e+07
-9.598097844832295552e+06
-2.365322515185416490e+07
-1.522384433418474533e+07
-1.734679691882576421e+07
-2.230144909653538838e+06
1.788167374512074981e+06
2.804286205631562509e+06
-2.392808034259225533e+05
1.817343335563063994e+07
5.967084968608000875e+07
1.992969426274856552e+07
1.939110444451186433e+07
1.319718138206285238e+07
-1.262884398955268785e+07
2.032442611479191110e+07
5.465736724131624401e+07
6.580488707150993584e-04
-6.449905912562021726e-01
6.253467101185466781e+00
-1.596833476807006713e+00
4.829642737743822067e+02
3.317144635463353916e+04
2.271983399888570148e+03
-3.018422861031932916e+04
-2.539849928044675326e+05
-6.933100683752616169e+05
-3.930581258402826730e+06
-5.433062144770074636e+06
-3.116489087470882572e+06
2.451612787629120052e+07
2.091079043208711222e+07
4.838064740443438292e+07
3.603346775727932155e+07
3.471278020319227129e+07
-1.790003813086673617e+07
-5.626469926991590112e+07
-1.085111813703145308e+05
6.539451240858157724e+07
-4.108262086200467497e+07
1.616018250930621661e+07
-9.868578921359904110e+07
-9.851563137064807117e+07
-7.643982252402152121e+07
2.214372482519715428e+08
-3.070974357620823383e+07
-1.683144656827805042e+08
-5.298332803301834988e-04
4.783728120046101817e-01
-4.637987926224861113e+00
1.595916140087235480e+00
-8.294085990889013829e+02
-2.591050883545212128e+04
-3.975584591886409271e+03
4.137491553875648242e+04
1.379032210104284168e+05
9.579256494663526537e+05
5.609024627794233151e+06
1.033399554173975997e+07
6.326493448168479837e+06
-3.420181489641548693e+07
-2.713781413645069301e+07
-6.853840327520297468e+07
-4.442472350321416557e+07
-5.088437577418392897e+07
5.405720888690769672e+06
1.615773112132601254e+07
-2.827941132308181375e+06
-1.361693134114876203e+07
4.279083207672643661e+07
9.242823652821099758e+07
1.024658686146234721e+08
1.511666437834783085e+07
8.556155392020283639e+07
-1.674185369406524859e+07
4.714889580743299425e+07
1.766060952005682886e+08
3.429683218122419751e-04
4.621256038449834125e-01
-4.464503620778121018e+00
1.500195467800316962e+01
6.254247972504947484e+02
-1.649191342027864084e+04
2.193894668025543069e+04
-5.215838767637748242e+04
8.202358509530838637e+04
-1.493194788831900340e+06
-9.530257214158473536e+06
-2.238328599468903244e+07
-6.994502071745702997e+06
5.532041968008838594e+07
4.454042367119544744e+07
1.139424584969694763e+08
7.216271229875192046e+07
8.618676217441008985e+07
6.593747969123636931e+07
6.077449735286600888e+07
-3.623301299779537320e+07
-1.363560100375250876e+08
-9.140018707248458266e+07
-6.811186413913477659e+08
5.800749922994653136e+07
-3.484293841731161624e+07
5.898801115870541334e+07
-2.498610393577176929e+08
-1.564250785788201690e+08
-1.307028343806978911e+08
1.999833586834195198e-05
5.864533244927997435e-01
-5.683439771455883971e+00
1.205580052282512327e+01
9.994670830532782020e+02
-2.360932960183103205e+04
1.482693887567491947e+04
-1.783474489018681925e+04
2.954766823778844555e+05
-6.400952617178219371e+05
-5.001333118579723872e+06
-1.561539561906371638e+07
-6.961487888821525499e+06
2.921550292262145132e+07
1.845159122082588077e+07
6.089985904592341185e+07
3.209832962687866017e+07
6.577633192585267872e+07
9.303444499633595347e+07
2.098259632283968627e+08
-5.275014650083626620e+06
-3.381300372063647509e+08
-5.398426598130965978e+07
-9.691459037419593334e+08
3.647229374145309925e+08
1.161670542894630730e+08
2.361852054663691223e+08
-7.022627901816266775e+08
4.196888714828304015e+06
1.056448228467289507e+08
1.213963436863304780e-05
-2.136919384936250554e-03
8.565997312073220238e-02
3.876210986586956064e+00
-3.454266284864520003e+03
-4.578443585819641157e+02
3.337223302308211714e+03
-1.980430606800666965e+03
1.254373767157635120e+04
-1.068468917395841709e+05
-3.592509499616610701e+05
-1.619682177714329679e+06
-1.983155967695588479e+06
3.267758630691465223e+05
2.998259035154280253e+06
6.328232786978116259e+06
-7.222539328360926360e+06
-1.797371693860218627e+06
1.725464266404295713e+07
4.173102242334312946e+07
-4.434665636511263251e+07
5.992092190916069597e+07
-5.052014372089096159e+07
-4.064859009728321433e+07
-6.955653580591294169e+07
-1.039361487230231762e+08
2.686349328859919906e+08
1.742945633427140117e+07
-2.360822543981892467e+08
-8.273006963597299159e+07
-9.807852405386676743e-05
1.056963488557669112e-01
-1.071210272232169247e+00
-1.051575459036756088e+00
2.617112112132908806e+03
-2.819319884778826236e+03
-2.198720366431193725e+03
4.490752092797584737e+03
1.764176767951374059e+05
-1.815353881152520262e+04
-3.938209548170273192e+06
-1.515609147514063492e+07
-5.830824715049064718e+06
2.911720293889577687e+07
1.307391458410700038e+07
5.457728920247570425e+07
5.932335295353371650e+07
1.109503652604349405e+08
1.231550776532201022e+08
2.473807681954462528e+08
4.371284630905967206e+07
-6.479659095796005726e+08
-8.369591109992140532e+07
-1.858001420127599716e+09
8.371543296370509863e+08
2.327763895439471900e+08
2.201288817467642426e+08
-4.972285747671706676e+08
4.767733404619112611e+08
1.644392132925045490e+08
1.651322414862908000e-05
-3.826942724821788544e-02
4.553230616500987815e-01
5.252138200556662362e+00
-4.735520217007901010e+03
1.632287794046555746e+03
3.053643260991223997e+03
1.227578478948518523e+03
-7.268059001522955077e+04
-1.618232096005074854e+05
-2.266407344241078943e+06
-7.150619075850990601e+06
-1.398876353852208238e+06
1.338537292417084053e+07
1.476106103151703812e+07
3.432075172641012073e+07
3.625817462710478157e+07
4.796605922030757368e+07
7.435500973325420916e+07
4.725139321507909894e+07
-7.477312783846481144e+07
-1.055901732154092789e+08
-1.656305245215559602e+08
-9.615951089688061476e+08
3.240375169367812276e+08
-2.888679299642986655e+08
5.358401203561804891e+08
8.358118373376400471e+08
1.474835381368851475e+07
-2.473888990719771385e+08
-5.910675986301273726e-04
-5.898631169743556724e-02
5.364673627179374904e-01
-5.666134744428175551e+00
-1.372567734880292676e+02
4.036484481942848561e+03
-1.962217894840140434e+04
9.169048852524020185e+04
-1.490323951077906531e+05
1.481710344864178682e+06
-5.972737612114116549e+06
-3.066937239216822386e+07
2.920366392069810070e+06
5.902467302558782697e+07
3.533823183959861845e+07
1.139279908432410359e+08
2.957357811448522210e+08
4.004500754861574769e+08
4.767244485806358457e+08
3.291219852283606529e+08
2.289468424149030820e+07
-2.124106144012993097e+09
-6.997381199898666143e+08
-8.221882132906698227e+09
4.392894233804103851e+09
-7.227546687050676346e+08
1.188341923635763407e+09
6.079135422465482712e+09
3.873730007007872581e+09
-5.984451332415633202e+08
7.052266204286396570e-04
1.227209332494503570e-02
-1.319159387917204773e-01
3.161952276453118049e+00
2.932965800533992024e+03
-3.262232668587525097e+01
1.965672489897660489e+04
-1.085872223814617173e+05
1.555811339213351894e+05
-1.962458007212940603e+06
2.177984324748342857e+06
2.296633358988523111e+07
-6.561699376951118000e+06
-3.276914753810571879e+07
-1.225543634791911021e+07
-6.071824862521104515e+07
-2.333257856141956151e+08
-3.516865101503764987e+08
-5.198654785787801743e+08
-5.344830891033533812e+08
-2.321642308640152216e+07
2.255805279822001457e+09
6.379592281677536964e+08
8.207531243840236664e+09
-4.644226638000452995e+09
8.269775317324123383e+08
-1.446167749589606524e+09
-4.152440352689963818e+09
-3.363555845489522934e+09
-8.647742184851230681e+07
-2.865056508472996612e-04
-8.290122328167377416e-03
-8.805855607896780068e-02
-1.327185705344075828e+01
8.836775687771401863e+03
1.529284044254251967e+03
-1.581527637245407641e+04
3.414913261500723456e+04
3.414025461359731271e+05
8.118231230815273011e+05
1.187328228719015606e+06
1.111165404321011342e+07
-1.336184181846399605e+07
2.018215737136087939e+07
5.089804582406376302e+07
6.404454453117474169e+07
3.873586559347671270e+08
1.965686329943165779e+08
-6.183935114243440628e+08
-2.309764699440006733e+09
1.337489767856781837e+06
1.778641631778001785e+09
-5.312070543852612376e+08
8.901559510878379345e+08
-1.701236896221050024e+09
7.302834430462855101e+08
-8.319516978126418591e+08
1.647574155238681221e+10
3.986845710027600765e+09
-4.956038982338131905e+09
1.958370049806027651e-04
6.662713777189702147e-03
-3.578366657502943943e-02
3.499521585158532844e+00
-1.452442495839530011e+03
-8.776993273115513148e+02
7.133084813372644021e+03
-2.532765727313930620e+04
-3.329713839018296567e+05
-4.575808466790757957e+05
-3.411991144808284007e+05
2.043590334415912803e+05
1.024685710925396718e+07
-7.784881319070931524e+06
-1.551060228725007176e+07
-3.204669193187000975e+07
-1.868392025765264928e+08
-1.673468161995596290e+08
-2.176078190138208121e+07
4.556840378815361857e+08
1.543545994233870134e+07
1.910487369624290764e+08
4.846161270892764926e+08
2.730639975576443195e+09
-1.720340615649429798e+09
4.899725204225755930e+08
-5.081594944570658803e+08
-1.071930202621421432e+10
-4.028793707912240505e+09
2.483154580996119499e+09
3.004157275479736179e-05
-1.706852662888242800e-04
4.766418360498567326e-03
-2.964664664628011148e-01
2.614195015282270447e+02
3.687381700106225821e+02
-2.891039080839702251e+02
-2.801315548174031392e+03
3.784772506262094976e+04
-7.728252894844737602e+04
-1.107083261351153633e+05
-5.801278672718493268e+06
9.075560270056478679e+06
-1.067889955455749109e+07
-3.261857611308309063e+07
-3.153563279993030056e+07
-9.351168460567988455e+06
1.166606688069119453e+08
9.853445572612155676e+08
1.760759791827659845e+09
3.416137393919953704e+07
-3.312625635972030640e+09
-3.301480733342538476e+08
-8.612417517639204025e+09
8.128152659350736618e+09
-2.619360262357611179e+09
2.169018505894463658e+08
3.999071270268101692e+09
5.883681857874902725e+09
1.486071640856194258e+09
-1.037381038609012181e-04
-1.063219354905904114e-02
8.386258685334790908e-02
-6.525271079093583060e-01
3.943821391340102878e+02
1.138298184378517362e+03
-5.046953470671693367e+02
-3.259870453680871378e+03
1.113025139443052176e+05
-3.055147355937244356e+04
9.443348469132055761e+05
-1.396907040139268339e+07
-2.238144141672783345e+07
6.307531457084833644e+06
-2.997632681870787591e+07
-1.317236064461862445e+08
-2.560957355164623737e+09
-3.349246017660777092e+09
-7.615879820525489807e+09
-7.348307647689836502e+09
-1.946468887213057578e+08
2.604145500182817841e+10
1.141542871725749588e+10
1.057254133036806030e+11
-9.134716240763203430e+10
4.094186609009587860e+10
-2.564299881339746475e+10
-2.244736294164639893e+11
-1.113184192667543182e+11
3.170154603315746307e+10
1.802000706188341473e-04
-8.743267067802708422e-04
5.768341951584150112e-02
2.890976147588248946e+00
-1.143576600212205449e+03
3.804347566580213993e+02
6.295674466201045107e+03
-2.745956132181908106e+04
4.027311498399808770e+05
-4.611804024912086315e+05
8.040283944497036282e+04
1.101277085915829241e+07
-4.037393599931868725e+06
-5.676461389283275232e+06
2.055838765373885632e+07
6.742791392821487784e+07
1.115268684071583271e+09
1.411261046197330713e+09
3.202713333701891899e+09
2.928136865746520042e+09
6.165956919421377778e+07
-1.077491134954927254e+10
-4.973149599868672371e+09
-4.471539052360961151e+10
3.906033628406314850e+10
-1.778038040805418015e+10
1.144356227861123085e+10
9.713084892136929321e+10
4.757116689498847198e+10
-1.434059455607520485e+10
-1.000568243131449764e+00
-6.485686385857924660e-03
-1.394071956847561669e-03
-2.768169810365427030e-02
-2.684798472047914171e-03
-2.853302572947954757e-05
-1.988827356763034349e-03
2.784677919366557002e-04
2.283528969747230109e-04
3.915713707173525495e-04
4.715945286856873899e-04
-3.022047975910155133e-05
5.320148683518310928e-05
1.423399797997614870e-05
-4.332756622999214092e-05
4.684175160324374141e-05
2.247884467352905888e-05
2.423884747249470129e-05
8.494929873446512594e-06
1.261859136835850935e-07
-2.202535350308938957e-06
-3.483377632031901101e-06
5.959869370086593827e-06
3.384735508538193323e-06
-5.105975115707296598e-06
3.957407666860587243e-06
-1.251903584177076590e-05
4.780643470817416175e-07
-1.187174383459068326e-05
6.810341437069228115e-06
-6.025850614941026182e-03
-5.600873035820110729e-02
1.652068821315444969e-01
-5.394965246005603739e-03
-1.238222753748195126e+00
-3.926138153829311417e+00
1.749867368696576220e+00
-1.177041027412561336e+00
-2.593831358968761691e+01
1.825315817102791893e+00
-1.449912226289385320e+00
-1.989022884219507903e+00
-6.310172377332355920e-01
-2.236002550588860771e+00
1.058984544949090001e+00
2.953097501677653947e-01
-1.074061511616606485e-01
-2.768736723877025518e-01
7.298333069452975774e-01
-8.903305666847946553e-02
6.475017349443823456e-01
9.265066371413374635e-02
-3.828870715868524788e-01
4.311192711039003173e-02
4.861672391239651309e-02
-1.236445355363717524e-02
1.275692149860880309e-01
-6.443563423558462851e-03
8.896918608487834612e-02
-7.926945796525648735e-02
4.753321727570571087e-03
2.253772265644740924e-01
-1.098065470800152488e+00
8.905773663977542554e-02
-2.976709806032483696e-01
4.170286873876766975e+01
-5.095807384835989495e+00
-2.682235643500040734e+00
-6.132265512735710189e+00
-1.452603041823665175e-01
-7.694982402967420754e-01
-1.712856495695889159e+00
6.658957916061154503e-01
-1.895961934446992680e+00
1.802162355698372354e+00
-7.117635465764551861e-02
1.050288036165412525e-01
-8.919843178366736181e-02
-1.602209087923435471e-02
5.576376646715964364e-02
3.291217024776528777e-01
-3.183178234082129077e-02
-1.728317701285294883e-01
2.927984928808501433e-02
1.640311775805046446e-02
-9.029222347557147935e-03
7.400333257548712129e-02
-2.065534468290249406e-03
4.564677159499355708e-02
-4.336972605082249632e-02
2.720482814571011793e-02
-5.492761271319685987e-03
-6.718897387252439034e-03
8.699687105741793144e-03
-5.601258461358862295e-01
-2.074697491983064912e-01
4.988327611467646139e-01
-4.759711299128229212e-01
-1.762846277573623555e+00
-2.058029523662046500e+00
3.797225802691979624e+00
-2.682574056327422696e+01
-3.275485212353301279e+01
-2.766595910054140717e+01
1.665445793463764446e+01
1.834235427931250584e+01
-1.178161617146145801e+01
-1.243095978512614508e+01
-5.440471221916935107e+00
-1.635590831898612691e+02
1.366248358641283573e+02
-2.338351555895473268e+02
1.923886898072802296e+02
-2.464674598071339418e+01
-2.090947916319841227e+02
2.760641658507502711e+02
-6.908041094363485399e+02
4.074876449971596770e+01
-6.768349055589129648e+02
3.782301985981532084e+02
9.317050691393430795e-05
-3.575984812195031060e-01
-2.655242125351485738e-01
5.828165887393241817e-01
-4.433163034094877020e+01
-9.759306702271677292e-01
2.716438691848115283e+01
-9.078503973673276661e+00
-6.241586918985079535e+01
-2.984520347587463789e+02
1.732209856942939723e+02
-1.184052227947156098e+03
-3.632612878470283704e+03
-2.897633132711824601e+03
-1.480689758700717675e+03
1.232104351630492602e+03
4.896401669354087858e+02
3.916456062233835837e+03
-6.466900145900740426e+03
-1.725645518216599385e+03
-4.433062908890332437e+03
-3.409839254420613543e+03
6.008153793752768252e+03
6.460921796814146774e+02
9.083989045469826351e+02
-9.485085737262515977e+02
1.569418075341716758e+03
-1.196460026983398706e+02
-2.640217795890453658e+02
-6.674015050671137033e+02
-5.444555431847879787e-05
-7.172817948695493051e+00
4.059619093787365074e+01
-6.196404139511354714e+00
2.176654728897723601e+01
-3.090515181354809101e+03
3.544339870550637102e+02
1.598886643609581597e+02
4.328272971946687903e+03
-6.046438819792291497e+02
9.707683584485394022e+02
-1.229702141156970538e+04
2.209731814338818731e+04
-2.538290340740263491e+04
4.021721059206985956e+04
-4.608774958740981674e+03
4.266369965224670523e+03
1.210455108703268479e+03
-9.126967316969034073e+03
3.454404319755330562e+03
2.112197250978712418e+03
-2.376977552492560790e+03
-4.888937433370709300e+02
4.550764549557268879e+02
-1.210251858917831385e+02
-8.914507606078750257e+01
7.454001092369600201e+02
4.069186970288096461e+01
4.315690722351487807e+02
-4.704453516494502310e+02
6.944119766729214957e-04
-2.131784926631969390e-01
1.259789470393867239e+00
-1.365185624628256100e+00
4.592902761264358702e+01
6.870423047716691372e+02
-6.546473068413941121e+01
-1.827933533231853502e+01
-4.689025114658688835e+03
1.115878848290176393e+03
-1.605784745368574931e+03
1.674022624540636389e+04
2.264178833710242543e+04
3.092297714209541664e+04
-1.697303338102017005e+04
-6.794749231242631140e+03
9.480105282765875018e+03
2.862794828812370542e+04
-7.482823701494564011e+04
1.440548131462667334e+04
1.087172579587486834e+05
-4.384192667612657533e+04
-2.373752726912977596e+04
1.493032330600339264e+04
3.434854777143098090e+03
-1.334155217839930629e+03
3.189114452840159720e+04
7.852221609529035959e+03
-2.382683907409047606e+04
2.589569409597215781e+03
3.421968948380569664e-04
-1.935060145944630383e+00
-7.173482739229777305e-01
4.390994554947737605e+00
-3.528328260479283358e+02
5.539377169042269315e+02
1.613976347928012558e+02
4.361162029510092353e+00
-4.514124380283318715e+03
-2.089795600462182847e+03
3.921674445555283910e+02
5.814878507026785570e+01
-2.164100196927030993e+04
-1.163628260557293106e+04
-2.275859997790952912e+04
1.296959812826017333e+04
-1.642848579927125684e+04
7.423374151800203254e+04
-1.184578342307509593e+05
1.482533546030468715e+05
-7.177071335711028951e+04
1.065599934010144498e+05
-1.097142584322472539e+05
-4.378647854602273583e+04
-5.149694719314876420e+04
3.311581177899512113e+04
-7.154669031131308293e+04
2.433599941769978977e+04
3.425514138004860342e+03
4.457065218318293773e+04
-2.023306753611326281e-04
1.835711202741296688e+01
6.841817779592715532e+00
-3.070753278495175209e+01
2.525300165383147942e+03
-3.514233617903673439e+04
1.174579005281288119e+03
3.313275260884016689e+02
2.969308140588876558e+05
-3.243297065928135271e+04
9.408636790511701838e+04
-9.434939971986620221e+05
-2.025501837206151569e+06
-1.339502246109026484e+06
5.488016779969496565e+04
4.147084650397933437e+05
-1.643182067933403596e+05
-1.008300919513418776e+05
4.985594085866617388e+05
1.106512917785519676e+05
1.106928035827321000e+06
1.020351469681948802e+05
-7.020153425071958918e+05
2.336331955402994572e+04
-2.207653914580195487e+04
-6.406028711973183817e+04
3.035185781176392920e+05
1.382456025203149475e+05
-1.295063596016776864e+05
-2.190679245175494725e+04
1.536850531417247750e-04
3.955284581007630917e-01
4.425596181628949632e-01
7.660968642453641841e+00
3.593772856787332870e+01
6.146107445855812330e+03
-6.869936128775168527e+02
4.399731569174006722e+02
-4.502226907617348479e+04
4.879845536241766240e+03
-1.800160060190371223e+04
1.749916801438249822e+05
2.986676632133502862e+05
2.140786272824000625e+05
-8.181840864349329786e+04
-8.264341388549186377e+03
2.167862738016745789e+04
9.387387438482152356e+04
-3.785116955921654589e+05
4.630829050275019254e+05
-2.499526488852620532e+05
4.603576426670190413e+05
-4.332913507108108606e+05
-2.411354341662497900e+05
-5.345717774076039204e+05
-5.622425802629911341e+05
1.937406293442907743e+06
3.994467092889086925e+05
-6.358661284974080045e+05
-1.158625568777810084e+06
1.380188692556597269e-04
1.306841330362131792e+00
8.438138027984154466e-01
1.714314989244069309e+01
-4.996495656751653769e+02
4.751893443441879754e+03
-5.385011883474520573e+02
1.356831760445566033e+03
-5.893264043586616026e+04
-1.330046587102515105e+03
-2.948397687656568814e+04
2.580109219449505326e+05
6.986595993356058607e+05
1.560218840919496433e+05
1.913779016421260312e+05
8.314406358500646093e+03
-6.859908312724168354e+04
-4.214787081278978148e+05
6.290510614465710241e+05
7.332188267652465729e+05
-2.743638123709608801e+06
1.860018015243096743e+06
-3.511754368644531351e+05
-5.779781485021197004e+05
-7.889032079555452801e+05
-1.222948439173385268e+06
4.983545253832741641e+06
1.315245366554877954e+06
-1.604987715120351873e+06
-4.699259057351281517e+05
-2.879473748183670985e-05
-4.643628551913884905e+00
-2.867369184692130091e+00
-3.359406019089512796e+01
-2.368011750983057027e+03
-1.351715340649233076e+04
3.597474261807448784e+03
3.404490455498848291e+02
-6.564214461730519542e+04
-3.906564669968264297e+03
-3.555530051996513794e+04
2.660353908331779530e+05
2.493641915873319376e+06
-5.126253974582268711e+04
2.150536134621631354e+06
-2.374712755085372191e+05
-5.954730375512595056e+05
-3.978812135684605688e+06
7.916001912061750889e+06
-2.563640313180711586e+06
-1.083840039765677787e+07
3.822539712661592290e+06
2.897965209838248324e+06
-1.955135968467343599e+06
-6.384867812610847875e+06
2.810656279246859718e+06
1.803616234158330038e+07
1.153954654540774785e+07
-2.824280499024403840e+07
1.805786703005691245e+07
-7.672680049724985008e-05
-1.446121828468623072e+01
-8.098834534850231748e+00
1.506700048779243595e+01
1.192851962501046955e+03
-3.564056848805354821e+04
1.885769458241553139e+03
-3.672213809485789625e+03
4.530291589924279251e+05
-5.547090349727329885e+04
1.800946695970014553e+05
-1.773628597134130774e+06
-5.160852266114319675e+06
-2.360614087653314695e+06
-9.712731840479323873e+05
1.137353302769387607e+06
-4.927655536026764312e+05
-3.668207775205154903e+05
2.022359697165678721e+06
-1.410014419905316085e+06
-2.969429930499586742e+06
8.771209148558683693e+06
-6.770545777142493986e+06
-5.474587403529336676e+06
-9.277721245327455923e+06
1.114723788387269713e+06
2.897670642897698283e+07
-4.857052883631968871e+06
-3.664693942574083805e+07
-1.299495026758753881e+07
5.274588491512600263e-05
2.367092421600204055e+00
1.785809636689601687e+00
3.730746618883188859e+01
7.842133693099621269e+03
1.447537975911174908e+04
-7.597076075272078924e+03
-5.967491241835923574e+03
3.515098810507461894e+05
2.211985679377461929e+04
1.570886487968789006e+05
-1.361415217476983787e+06
-7.705051961338484660e+06
-3.335725281286992831e+05
-5.447661229560388252e+06
3.313755523229273967e+05
2.248266001024315134e+06
9.607718953972615302e+06
-1.891711788462520763e+07
2.006228920680817915e+06
3.365258445566193759e+07
-1.707838179373610765e+07
-1.358469547885464272e+06
1.069220974128387682e+07
3.083928182652180269e+07
-5.493863332325409167e+06
-6.866761154444737732e+07
-3.804636676786879450e+07
9.921430220437766612e+07
-3.489032341246064752e+07
2.893507171131988595e-05
-6.274409992015645088e+00
-3.012437832201237509e+00
8.983267262736553960e+01
7.719434931597623290e+03
1.116976465941788319e+03
-7.985071077713712839e+03
-5.520164599778342563e+03
6.908249435845119879e+05
-5.520386929393805622e+04
3.029811028142294963e+05
-2.746249891567730345e+06
-1.282101464333100431e+07
-2.485171244448135607e+06
-7.010287015715378337e+06
1.886100257196990307e+06
8.565007694023090880e+05
1.046404806337006949e+07
-1.857188695556125417e+07
6.437318328550618142e+06
2.636913963939293846e+07
-1.898754187765508424e+06
-1.310276900662596524e+07
2.696654371288543567e+06
1.870926567996212840e+07
-4.523325035391369835e+06
-3.799956194153125584e+07
-4.259343858175639808e+07
6.319142372539994121e+07
-3.590813867085082829e+07
7.612549836838288501e-06
-6.258807460294619762e-01
-2.948335489821218292e-01
-3.777478516370666028e+01
1.837534338016712582e+03
1.083007341762036049e+03
9.150050081511984672e+02
-4.475853621040619146e+03
-2.460276817251536122e+05
1.061037250850481360e+05
-1.137320488879998156e+05
1.036149093300582957e+06
4.218279367003493942e+06
2.219403579230146483e+06
7.868304757670351537e+05
-2.004938592934881570e+06
2.571867934330875985e+06
2.904667399718675297e+06
-9.177920971294561401e+06
-8.100413731326060370e+05
2.597148875571150333e+07
-3.274394198411136493e+07
1.815148374797732756e+07
1.945760589970258251e+07
3.540300328534793854e+07
-6.526983103718515486e+06
-8.908031609722049534e+07
-7.190421706039316487e+05
1.185499761455646008e+08
7.461620306835957803e+06
-1.163776708778136164e-04
-1.340309921420834494e+00
-8.077135293720243414e-01
-2.192134977365498116e+02
2.313498484087333964e+03
-2.709000681133968556e+03
2.022901372342153991e+03
6.207064107731652257e+03
-8.957037504947062116e+05
1.255744282588759670e+05
-5.527566196183896391e+05
4.785705459453544579e+06
1.756940201340039447e+07
4.830704460674989037e+06
5.093478733552238904e+06
-2.075083712077087024e+06
6.471442527804229409e+06
-5.781229450791156851e+06
-7.643303727359173819e+06
-2.579421296085507143e+06
1.884324963771257922e+07
-4.188950477571735531e+07
3.317758573760156706e+07
2.041108044508516416e+07
2.257042993768120557e+07
-3.530507313334573060e+07
-1.743038830581671372e+07
4.691751472645929456e+07
8.259504458276709914e+07
-6.862401742603100836e+07
-6.666652105191361280e-05
-7.322115164203860660e-01
-4.662563292074740073e-01
-2.195655957364131723e+02
1.595052425674766027e+03
-3.024574856955133328e+03
7.258486928729525971e+02
2.591899563340313034e+04
-1.405411878419131273e+06
7.235193851050960075e+04
-1.058323703147845576e+06
9.284231287607111037e+06
4.305326262652903050e+07
3.793975441199502908e+06
3.143458141851812601e+07
2.613550593765721191e+06
-8.033916295757014304e+06
-1.071081165490981638e+08
1.916888159367511272e+08
-1.057368973934414238e+08
-2.695648432808029652e+08
1.390401165649278462e+08
2.420131143086710200e+07
-1.218844208573119789e+08
-3.164373824374620914e+08
2.804152980308654532e+07
7.201566790214174986e+08
1.820953781691232026e+08
-1.020442369289940834e+09
9.168428563355902210e+06
1.084763023104397121e-04
-2.377940447141197455e-01
-1.596080307557988798e-01
7.822762779423921842e+00
6.619477598756516272e+02
-1.988205698095573780e+03
-8.001146873564966882e+03
3.675454153767192474e+04
-6.631526845990859438e+05
-1.679764406467271911e+05
-1.099167547358187381e+06
9.148578891995096579e+06
5.909136793692875654e+07
-6.019024728564064018e+06
7.149412025344631076e+07
1.282769909311928228e+07
-3.447165589517845213e+07
-3.034538365070018768e+08
6.078697320546449423e+08
-3.549715641010138988e+08
-8.648408417639049292e+08
5.761851723458298445e+08
-2.813183410748360306e+07
-3.795555374185804129e+08
-8.352148513491872549e+08
2.458931537129237056e+08
2.361173990806571960e+09
2.968348359727849960e+08
-3.357257452536114216e+09
3.996858751819484830e+08
-1.355981931965582641e-04
1.322791978795470280e+00
7.600470738782209024e-01
-6.765680552316156593e+01
-2.394864727769389901e+03
2.943435472678974293e+03
4.320264825684863354e+03
-2.262347484416700172e+04
8.316655350875684526e+05
-8.456784915899194311e+04
8.985138545268069720e+05
-8.852034241812070832e+06
-4.848206558203607798e+07
-4.781563158023120835e+06
-4.322252912840262055e+07
2.301770517435603309e+06
2.667542928335766308e+06
1.798544385018531978e+08
-3.452206486300029755e+08
2.960260057378327250e+08
3.564656145253340602e+08
-4.679093469013434649e+07
-1.887666930432349145e+08
6.863017646489068866e+07
1.349593432332006395e+08
-1.938626607330515683e+08
-7.087178339342936873e+07
1.185221808346623480e+08
8.772143354530421495e+08
-4.961358030417343974e+08
-6.902233115262024123e-04
-5.093015155142093242e-01
-3.357241737192550035e-01
-1.048077171980752610e+03
4.586417444158097396e+02
2.016981700795185589e+03
2.214004426892775882e+04
-5.190970749513767078e+04
1.527190589377919387e+05
-5.072734835489485704e+04
4.093109187591375085e+05
-1.120259151089785062e+07
-1.853737087603764236e+07
-3.874694936200509965e+07
5.130121859873536974e+07
5.083087398548104614e+07
-1.294495680529735237e+08
-1.616705134049933851e+08
4.350223019403225183e+08
2.883259744714308977e+08
-1.394338388972947836e+09
2.191801791526151657e+09
-1.362995820317549229e+09
-1.252921568260327816e+09
-3.121869376039685249e+09
-1.871155469132108986e+08
1.108055405696852303e+10
2.566982982899734974e+09
-9.754656679774127960e+09
-1.822322294100775957e+09
-1.048809354234011854e-04
-4.301280849546102458e-01
-3.209771114585911467e-01
-9.546810952240619486e+01
9.334246463700586673e+02
-2.937340423146084504e+03
2.483985478640340079e+04
-7.412241168101130461e+04
-1.402981512278459501e+06
1.134685733312739991e+06
5.625222418410551036e+05
-1.774660147152770543e+06
-4.716946116417892277e+07
4.046630180375069380e+07
-1.180653440182964504e+08
-5.706016396350676566e+07
1.181000205649088472e+08
5.510692035176566839e+08
-1.150854326316108465e+09
4.477444425842463374e+08
2.002616760939270735e+09
-1.845206679486992121e+09
6.345021065830987692e+08
1.215590425623194218e+09
2.739634541073975086e+09
-3.412499711331849694e+08
-7.610953137568924904e+09
-1.191497089570262671e+09
9.410825621590742111e+09
4.692214960537531972e+08
1.441915116255811774e-04
2.398360017693338675e-01
1.661204009533510939e-01
9.350401691230584333e+01
-3.393916169756894874e+02
1.071672513912789782e+03
-7.200324653049302469e+03
2.537364852926345065e+03
3.951207218102925690e+05
-5.646858659981243545e+05
-5.157785198728905525e+05
-8.360730959022986703e+06
5.463099688116033562e+06
-6.509966002429870516e+07
1.078203701951196492e+08
8.738240068103352189e+07
-1.872134764200384915e+08
-4.300128438899003863e+08
9.789228991495964527e+08
1.957623666553367078e+08
-2.558233881470461369e+09
3.431413492480713844e+09
-1.906488567867086411e+09
-1.915271449363090277e+09
-4.578155729549530983e+09
-1.786473848311830759e+08
1.655642658534870338e+10
3.505327659986039639e+09
-1.529536813180235863e+10
-2.251076365858128071e+09
-5.224104985629241747e-05
1.747642780317023095e-02
2.227452639728567940e-02
-2.899364564405960465e+01
-1.487675641584932862e+02
6.389360717954981510e+02
-7.482704245239078773e+03
5.114073376973608538e+04
3.669923136108278413e+05
-4.518819161857457948e+05
-7.161745679021641081e+03
3.852106681419735309e+06
1.266267133961454965e+07
5.794872576316556893e+06
2.349240669619328808e+06
-3.752525319550953805e+06
1.617876800486677885e+07
-4.017005135977194458e+07
5.838934563109795004e+07
-2.030350803205581605e+08
1.208822245156991631e+08
-4.153641169760668874e+08
3.375275617160105705e+08
1.465741845939946175e+08
4.099057800628559589e+08
1.872327070568033457e+08
-2.376914720958856583e+09
-6.209546142821336985e+08
1.229442889769745588e+09
6.256090215498261452e+08
-1.725115271174500057e-04
-1.974587953458811426e-02
-8.696884535231980476e-03
-1.480621005196462363e+02
-1.568589755597960789e+02
6.253107745709296523e+02
-8.251167125218666115e+03
5.922602330326342781e+04
1.840860927455285273e+05
-4.997992786132717738e+05
6.322890695584396599e+04
6.613452226515240036e+05
-1.329466366938815452e+06
-5.673564173309326172e+06
2.672053334919177927e+06
2.882646085015154909e+06
-1.890970915984959528e+07
-3.023441717667161953e+06
5.158071129099087417e+07
-1.106122507095200382e+07
-1.505452904183918834e+08
1.233576144741069376e+08
-7.105165177797320485e+07
6.362818547461491078e+07
2.255627628681102693e+08
2.477177938150884211e+08
-3.048244395986192226e+08
-2.345601274703393877e+08
-7.205612706967213750e+07
2.210747246175773144e+09
-9.920691363247294503e-06
9.157195251458920271e-02
6.850302473165481576e-02
-2.283774975913449907e+02
-3.486260584315464826e+02
1.726223393084311510e+03
8.604742266860766904e+03
-4.650617596719780704e+04
5.705194349183426239e+05
-1.284161473463999428e+05
-2.436859032702495169e+05
-3.884716081010027789e+06
2.591695105678928643e+07
-3.667147456335351616e+07
1.034167272636099905e+08
5.672662876916038245e+07
-7.659495432226790488e+07
-5.636822695184260607e+08
1.150234106355862379e+09
-6.827237329567698240e+08
-2.113233632091555357e+09
2.316279709801471710e+09
-9.852912655414121151e+08
-1.584265251467508793e+09
-3.456816480905950069e+09
4.715454837596063018e+08
1.052599837839770508e+10
1.258288477852460861e+09
-1.303524817600210571e+10
-3.363337623024987221e+09
2.478829420850477182e-04
2.913711909810972611e-01
1.959008509855700852e-01
9.331543623527819875e+01
-3.512260281680485718e+02
1.426075919880190213e+03
3.536853203869016579e+04
-1.705844986741477333e+05
8.176566086781934137e+05
1.812336528846077155e+06
1.036743264384457725e+06
4.202081771513938904e+06
5.767054062587383389e+07
6.387545180600599200e+07
2.102565325605124235e+07
-9.768789318002507091e+07
1.175781745439741910e+08
-7.701247579760268331e+07
1.363242474375153482e+08
-8.635841909382319450e+08
1.421200824371733904e+09
-2.620447058382088184e+09
1.992906620102141380e+09
1.404551532813392639e+09
2.694885895026847363e+09
4.285326838825531006e+08
-8.832481349239595413e+09
-1.180956448539829016e+09
9.686550890942092896e+09
2.981025703741189480e+09
-3.140977896681272728e-04
-8.479102641078353764e-02
-4.576392060385190558e-02
-3.921753843705872669e+02
-2.838608707480544240e+02
1.778264832155306749e+03
-1.333199864371587182e+03
9.211191967332224885e+04
8.414199838201798266e+05
-7.962498055115190800e+05
3.682310123301932472e+05
2.629994609191423655e+07
2.252036338975544274e+07
1.023122562544618994e+08
-1.363486938602736890e+08
-8.304313584428700805e+07
7.434254210271935463e+08
-7.328056882704343796e+08
6.040115511489249468e+08
-5.380107052409140587e+09
2.223121840208056450e+09
-8.381211535170702934e+09
6.202990837733460426e+09
3.230613934087492466e+09
1.712538340850005913e+10
9.255633873317667007e+09
-9.071863700637535095e+10
-3.458409864443241119e+10
3.128441982794622803e+10
4.119974483547135353e+09
1.972812245137815865e-04
3.375347163626546236e-03
-3.299022108604184218e-03
5.845161044859443678e+01
9.191556058788953010e+01
-3.462158861418160996e+02
1.981974952684044865e+03
-1.831022439562492582e+04
-1.921463555729465734e+05
-5.984987216770295054e+05
-8.828771487734217662e+05
5.081939619007577188e+06
-7.893839044073615223e+06
-1.800027151996617764e+07
1.140141192653287202e+07
6.354739602905639261e+07
1.038748080761553049e+08
-5.305381562944413424e+08
7.794182899602074623e+08
-1.375051836772272825e+09
-1.212398292140949726e+09
2.095674356166823506e+08
4.030303748094816208e+08
-5.206570310709714890e+08
1.439392110168236971e+09
1.904531702421771765e+09
-1.458022060263122368e+10
-8.913599999215147018e+09
1.454776125447113752e+09
-7.571587920187469721e+08
2.119657964982629283e-04
3.270654193397338951e-03
-3.883692359473253034e-03
1.520055152155369456e+02
1.475564367358216771e+02
-9.753861079657599475e+02
-7.797526012047767836e+03
-2.942610517570949742e+04
-4.072999789736550301e+05
-3.048820798407283728e+05
-1.117689885866146302e+06
-2.212225879641938373e+05
-1.294480342761566676e+07
-3.079486235358075798e+07
4.733807450673519634e+06
7.087955800290244818e+07
-6.297473122899881750e+07
-4.623041983083827794e+07
-4.067654303981004655e+07
6.731660222988002300e+08
-7.414552659456611872e+08
1.828908121702028990e+09
-1.321971745188297987e+09
-1.564362712505689144e+09
-5.045463680987886429e+09
-2.399290630126681328e+09
1.808902992412483597e+10
5.903693874433188438e+09
-1.075183156337791634e+10
-1.026425243578938484e+10
