# -0.8J_-0.19999999999999996g_0.73304theta_3.14159phi_10Chi_0.01delta_500N
6.475275735065180727e-02
2.264449250497217617e-04
2.164599620146896659e-05
1.651211184032600902e-06
6.734154742646211370e-07
7.954923151858787515e-07
4.907587479141373221e-07
8.313927981024629491e-07
4.800238283204845463e-07
8.679992578756635559e-07
4.925828072153741666e-07
8.918195828485514328e-07
5.100291909461450085e-07
9.009634111735355320e-07
5.294960211269864802e-07
8.959012913210557617e-07
5.511088537758135018e-07
8.784135611720934730e-07
5.755834395433595695e-07
8.512983102736218343e-07
6.038612763758163213e-07
8.181962490533639291e-07
6.371188188148521313e-07
7.832337229040228144e-07
6.768245909565751348e-07
7.505021078432428689e-07
7.247477534951034927e-07
7.236055334633854686e-07
7.828832310324525858e-07
7.054526095244525147e-07
8.532877661647450847e-07
6.982740898162297222e-07
9.378457916237141157e-07
7.037405696864246213e-07
1.037992106368256900e-06
7.230857670420128828e-07
1.154403558945878413e-06
7.572239248060457579e-07
1.286655475954151545e-06
8.068891419636962263e-07
1.432855843482860120e-06
8.727928221722287329e-07
1.589334757578261296e-06
9.557315404140727679e-07
1.750545663330440423e-06
1.056505957374396054e-06
1.909359409027830451e-06
1.175399177070519181e-06
2.057848916976210560e-06
1.310798640495365145e-06
2.188471631289251583e-06
1.456575086783912051e-06
2.295325165704104592e-06
1.598749156687678364e-06
2.375015617670276154e-06
1.714323594134455974e-06
2.426778923710911457e-06
1.776916596761125323e-06
2.451827902271144741e-06
1.769820392848908961e-06
2.452262303666455641e-06
1.697354998195868389e-06
2.430048536414425178e-06
1.582589216990578298e-06
2.386485650151569955e-06
1.452853352851873608e-06
2.322309229214900415e-06
1.327283143719476274e-06
2.238278123224732846e-06
1.214377648634450750e-06
2.135885627701368495e-06
1.115620289225441600e-06
2.017822584005584649e-06
1.029460769441144015e-06
1.887985896264985412e-06
9.536443322758918123e-07
1.751061807619696400e-06
8.861485039164755140e-07
1.611894175848913487e-06
8.254255644709132104e-07
1.474881868371276917e-06
7.703757695704131078e-07
1.343570543802361400e-06
7.202335798105038546e-07
1.220485630868353794e-06
6.744548671495088663e-07
1.107165169147864562e-06
6.326309067541360632e-07
1.004314744191766540e-06
5.944312133931477113e-07
9.120104476719146084e-07
5.595699335009866322e-07
8.298981825119164942e-07
5.277879383521366111e-07
7.573618765627290146e-07
4.988442524648169573e-07
6.936512019553080405e-07
4.725129165255947736e-07
6.379701634163889530e-07
4.485827725859887824e-07
5.895331886695140414e-07
4.268585029169955040e-07
5.475970319117625531e-07
4.071619069930078325e-07
5.114763807053536328e-07
3.893328686382077545e-07
4.805496147704215447e-07
3.732297142434198874e-07
4.542593349687477291e-07
3.587290158117538766e-07
4.321104058451319500e-07
3.457253444314486834e-07
4.136666483898873478e-07
3.341308691318044847e-07
3.985464798002560470e-07
3.238745033570305585e-07
3.864176653187255696e-07
3.149007109517129073e-07
3.769911150405841122e-07
3.071679419515012388e-07
3.700140945451391194e-07
3.006464963141246337e-07
3.652638084705970258e-07
2.953156115325936052e-07
3.625424261729085693e-07
2.911597038333263685e-07
3.616740861471998547e-07
2.881639679525217934e-07
3.625036788161372332e-07
2.863099203515803495e-07
3.648968138093168184e-07
2.855716886042261529e-07
3.687404221061640397e-07
2.859139323099980378e-07
3.739434948528265409e-07
2.872917931351126800e-07
3.804375107994929098e-07
2.896525691248989831e-07
3.881760391114917742e-07
2.929384606012894723e-07
3.971338834424282446e-07
2.970896407746345926e-07
4.073055953953807600e-07
3.020469551669236715e-07
4.187039537577615541e-07
3.077540499180474053e-07
4.313587955504985070e-07
3.141589051870862321e-07
4.453164308934521925e-07
3.212148962677567774e-07
4.606396694475791356e-07
3.288815412340067176e-07
4.774083411096645636e-07
3.371250771306637104e-07
4.957201542541440011e-07
3.459189694362450318e-07
5.156917737169235052e-07
3.552444179237077247e-07
5.374600563079317219e-07
3.650908819457552875e-07
5.611834169102524194e-07
3.754566108296479001e-07
5.870433007510755501e-07
3.863491285803370818e-07
6.152457130949759715e-07
3.977855831613487472e-07
6.460226918675797212e-07
4.097928249474048086e-07
6.796334568205240402e-07
4.224070216045167490e-07
7.163646888297173199e-07
4.356725439056316886e-07
7.565290163905189182e-07
4.496397669347821127e-07
8.004603548774614108e-07
4.643613279927674075e-07
8.485042326811796678e-07
4.798862812041372168e-07
9.010005770746843872e-07
4.962515271658380864e-07
9.582556292629650632e-07
5.134699476324345802e-07
1.020498883036327004e-06
5.315149692564127536e-07
1.087820569751748261e-06
5.503020032055602958e-07
1.160085922263390279e-06
5.696685714619676892e-07
1.236825284311173419e-06
5.893570439934743014e-07
1.317105403522095511e-06
6.090065077176475067e-07
1.399397996155332324e-06
6.281623495968153704e-07
1.481476510386996060e-06
6.463116941862173603e-07
1.560387361255482416e-06
6.629475862252506994e-07
1.632549764008934432e-06
6.776540541439037758e-07
1.694027473575732769e-06
6.901913446393350885e-07
1.740977587526719866e-06
7.005534915388884698e-07
1.770218973575540159e-06
7.089757150088770181e-07
1.779795873843041570e-06
7.158878415373962848e-07
1.769376278183327024e-06
7.218308696237751543e-07
1.740348368000966675e-06
7.273636780919453974e-07
1.695566038219498804e-06
7.329848345066289895e-07
1.638815118529635175e-06
7.390817758003688480e-07
1.574163468491882133e-06
7.459070088152032881e-07
1.505376868588437777e-06
7.535733947657817558e-07
1.435526709271196091e-06
7.620585677019029829e-07
1.366826025862205687e-06
7.712099487628122546e-07
1.300656121877667018e-06
7.807443495795049380e-07
1.237711606009238574e-06
7.902385818616111801e-07
1.178193237588656274e-06
7.991098303556187152e-07
1.121997635065742686e-06
8.065877720481075964e-07
1.068875953620758640e-06
8.116872968184294612e-07
1.018550369001764304e-06
8.132028504911945827e-07
9.707879891992999013e-07
8.097650101174308298e-07
9.254375668220186536e-07
8.000168908309162736e-07
8.824368377866488354e-07
7.829538122652877716e-07
8.417990637988591359e-07
7.583812273958645498e-07
8.035869679211711675e-07
7.272876110507219863e-07
7.678814988670700399e-07
6.918398922443729875e-07
7.347521999697835535e-07
6.548763280986087889e-07
7.042347899281912584e-07
6.191300038026888900e-07
6.763189564339514251e-07
5.866080802919626285e-07
6.509459633137417010e-07
5.583765714549407111e-07
6.280133402170688845e-07
5.346933446301280715e-07
6.073835144015105759e-07
5.152875762323759704e-07
5.888939407796533024e-07
4.996245503380977117e-07
5.723671110428122595e-07
4.870905811588266113e-07
5.576194699663156928e-07
4.770976394645161132e-07
5.444687455516487933e-07
4.691306348141532356e-07
5.327395390171456011e-07
4.627607639486915761e-07
5.222672416338358411e-07
4.576416539314772364e-07
5.129004731766662066e-07
4.534983838214086009e-07
5.045022966926576607e-07
4.501147722363274310e-07
4.969504793691745490e-07
4.473214640823059547e-07
4.901370569492607529e-07
4.449857790002998537e-07
4.839674301210309033e-07
4.430034955709666013e-07
4.783591844899188883e-07
4.412924124317292166e-07
4.732408120812191854e-07
4.397872525957258225e-07
4.685502984081730202e-07
4.384358091764579183e-07
4.642339703738273208e-07
4.371965934468917771e-07
4.602453189778870092e-07
4.360365553557882776e-07
4.565439749081368453e-07
4.349294174975166537e-07
4.530948502200788071e-07
4.338542901699119321e-07
4.498673281936152539e-07
4.327946278409056189e-07
4.468346840985531130e-07
4.317374483129970247e-07
4.439735383951709865e-07
4.306726202242551020e-07
4.412634013666495113e-07
4.295923146187887499e-07
4.386862876711269652e-07
4.284905629898795163e-07
4.362263868535030633e-07
4.273629015026196877e-07
4.338697806840918688e-07
4.262060845063792570e-07
4.316042001559096643e-07
4.250178535860342738e-07
4.294188162815785634e-07
4.237967509306886602e-07
4.273040598016279330e-07
4.225419680509784289e-07
4.252514658887845181e-07
4.212532226683619662e-07
4.232535409574088164e-07
4.199306588205984587e-07
4.213036639378297906e-07
4.185748247737591953e-07
4.193959636547544337e-07
4.171864164777112971e-07
4.175252610435760024e-07
4.157664233593813802e-07
4.156869887782602426e-07
4.143159802325273748e-07
4.138771296976045421e-07
4.128363711293688781e-07
4.120922053829679320e-07
4.113289823364469173e-07
4.103292156843364008e-07
4.097952753583393425e-07
4.085855972639965030e-07
4.082367646990078208e-07
4.068591825395811390e-07
4.066549996695335739e-07
4.051481591777673244e-07
4.050515495561544197e-07
4.034510307185088864e-07
4.034279915862765261e-07
4.017665791231042829e-07
4.017859012214726528e-07
4.000938298827627533e-07
4.001268443803509964e-07
3.984320201727533989e-07
3.984523712582017904e-07
3.967805701771265931e-07
3.967640114672042149e-07
3.951390576861411007e-07
3.950632702487375201e-07
3.935071957499007381e-07
3.933516255792377936e-07
3.918848132007279900e-07
3.916305259767739554e-07
3.902718377206795668e-07
3.899013888627239379e-07
3.886682811791120089e-07
3.881655993600803078e-07
3.870742268984196452e-07
3.864245094048780297e-07
3.854898185859623790e-07
3.846794370759414239e-07
3.839152506441069221e-07
3.829316660589623970e-07
3.823507595984244160e-07
3.811824451809635115e-07
3.807966164584251119e-07
3.794329879288564221e-07
3.792531197786186747e-07
3.776844719282947440e-07
3.777205892669015533e-07
3.759380383061130947e-07
3.761993597908042511e-07
3.741947917174767230e-07
3.746897832842438050e-07
3.724557991610764395e-07
3.731922060693395236e-07
3.707220844748580683e-07
3.717069659879818633e-07
3.689946328462732562e-07
3.702344021876449898e-07
3.672743871809053906e-07
3.687748571734709472e-07
3.655622626154811375e-07
3.673286288056488700e-07
3.638590911189362522e-07
3.658959865658066914e-07
3.621656727026259429e-07
3.644771782678456078e-07
3.604827561951731739e-07
3.630724127898588545e-07
3.588110353185597383e-07
3.616818525632185588e-07
3.571511452474451274e-07
3.603056055717943758e-07
3.555036588035247377e-07
3.589437167520070110e-07
3.538690822421383276e-07
3.575961586992725085e-07
3.522478506193796911e-07
3.562628215617760778e-07
3.506403227065193649e-07
3.549435020399994619e-07
3.490467754070102034e-07
3.536378913306551481e-07
3.474673976353171759e-07
3.523455618913413397e-07
3.459022835872382182e-07
3.510659528452587438e-07
3.443514257277637904e-07
3.497983611301527592e-07
3.428147093140443666e-07
3.485419055024409899e-07
3.412918942792199599e-07
3.472955175201031476e-07
3.397826135855944199e-07
3.460579223078405151e-07
3.382863606420075352e-07
3.448276105002940386e-07
3.368024766719431176e-07
3.436028104346354838e-07
3.353301373095881001e-07
3.423814570492068609e-07
3.338683377727706179e-07
3.411611571297355173e-07
3.324158764664665270e-07
3.399391505295517627e-07
3.309713368762533414e-07
3.387122670463644245e-07
3.295330676439710604e-07
3.374768786808134574e-07
3.280991606869598172e-07
3.362288471079099198e-07
3.266674273260636224e-07
3.349634663858209162e-07
3.252353723686782501e-07
3.336754011766648153e-07
3.238001662173402313e-07
3.323586211258895505e-07
3.223586151789390333e-07
3.310063326164212189e-07
3.209071302632393621e-07
3.296109097912672229e-07
3.194416949945844565e-07
3.281638277448158243e-07
3.179578329785710165e-07
3.266556020044482687e-07
3.164505763308016531e-07
3.250757399532924346e-07
3.149144364297507983e-07
3.234127117706359185e-07
3.133433789833311332e-07
3.216539505745982532e-07
3.117308059647172777e-07
3.197858938309603494e-07
3.100695476369686913e-07
3.177940804088751575e-07
3.083518686610810828e-07
3.156633196388267743e-07
3.065694929699958022e-07
3.133779497773382184e-07
3.047136529249919469e-07
3.109222026703412670e-07
3.027751687818041678e-07
3.082806883500089553e-07
3.007445648625041801e-07
3.054390065868640328e-07
2.986122286606891736e-07
3.023844814953085386e-07
2.963686182728797264e-07
2.991069995969491720e-07
2.940045217818660976e-07
2.955999119947903487e-07
2.915113692520231497e-07
2.918609392946450553e-07
2.888815937370016584e-07
2.878929972754940629e-07
2.861090320951716639e-07
2.837048467901426499e-07
2.831893497129080901e-07
2.793114685408193227e-07
2.801204660502806625e-07
2.747340766873916829e-07
2.769029511379506005e-07
2.699997164207657187e-07
2.735403580191838946e-07
2.651404371736917300e-07
2.700394541520676987e-07
2.601920877962829180e-07
2.664103170650769058e-07
2.551928321565269773e-07
2.626662670360602242e-07
2.501815221012992606e-07
2.588236221007873327e-07
2.451960811015285157e-07
2.549012770889715066e-07
2.402720432447020146e-07
2.509201265614683424e-07
2.354413617580591867e-07
2.469023685252173186e-07
2.307315569913104863e-07
2.428707388058557448e-07
2.261652257889107205e-07
2.388477326703534447e-07
2.217598916017736278e-07
2.348548696821805055e-07
2.175281436534692461e-07
2.309120502724475050e-07
2.134779963538306888e-07
2.270370397275884962e-07
2.096133960172768974e-07
2.232450997845363683e-07
2.059348074715745940e-07
2.195487723022754561e-07
2.024398242437378880e-07
2.159578058643228100e-07
1.991237593261692826e-07
2.124792060003375021e-07
1.959801870677309799e-07
2.091173836953165536e-07
1.930014190667228831e-07
2.058743746623520124e-07
1.901789069634459808e-07
2.027501028797735352e-07
1.875035722466711005e-07
1.997426650592969316e-07
1.849660677829833018e-07
1.968486171079406692e-07
1.825569783783373089e-07
1.940632484497164021e-07
1.802669687880252426e-07
1.913808346158895061e-07
1.780868877199113399e-07
1.887948625281938043e-07
1.760078358834310719e-07
1.862982261174170216e-07
1.740212053270481786e-07
1.838833923875594473e-07
1.721186963150789352e-07
1.815425397724070368e-07
1.702923170507301654e-07
1.792676717422414310e-07
1.685343706190634372e-07
1.770507092929456482e-07
1.668374327408855898e-07
1.748835662158828970e-07
1.651943232541312160e-07
1.727582110961970441e-07
1.635980736771665582e-07
1.706667198416980842e-07
1.620418928060578291e-07
1.686013222803894177e-07
1.605191319529675546e-07
1.665544460511724370e-07
1.590232512525162095e-07
1.645187605797001329e-07
1.575477883383715845e-07
1.624872235200386103e-07
1.560863306831364840e-07
1.604531315085089106e-07
1.546324929374660915e-07
1.584101765260542359e-07
1.531799007413182397e-07
1.563525085322850456e-07
1.517221826052389606e-07
1.542748043134539658e-07
1.502529716545779192e-07
1.521723417160826203e-07
1.487659191517265443e-07
1.500410775987385809e-07
1.472547218307456926e-07
1.478777269604614927e-07
1.457131650642649643e-07
1.456798398803470606e-07
1.441351837232851811e-07
1.434458721631029025e-07
1.425149422193982133e-07
1.411752450377918644e-07
1.408469345534339000e-07
1.388683890007679989e-07
1.391261045320321190e-07
1.365267674995758938e-07
1.373479826760425726e-07
1.341528725458446898e-07
1.355088401994517758e-07
1.317501998330403657e-07
1.336058530592393484e-07
1.293231833379067228e-07
1.316372630250517709e-07
1.268771074726592833e-07
1.296025360870276162e-07
1.244179877916671170e-07
1.275024985356104108e-07
1.219524277991958545e-07
1.253394411665953068e-07
1.194874570126244768e-07
1.231171785346834471e-07
1.170303573589074153e-07
1.208410521947743461e-07
1.145884857890883291e-07
1.185178699676551150e-07
1.121691011567649528e-07
1.161557777592399110e-07
1.097792029147866740e-07
1.137640660326655742e-07
1.074253880983359082e-07
1.113529189526698257e-07
1.051137315451443179e-07
1.089331197288943587e-07
1.028496925171564479e-07
1.065157299348806222e-07
1.006380490671346767e-07
1.041117629484332165e-07
9.848285975874432142e-08
1.017318717772013633e-07
9.638745090662780906e-08
9.938606946329394769e-08
9.435442638603763064e-08
9.708349638604873467e-08
9.238569634104274160e-08
9.483224377626720227e-08
9.048252076207871522e-08
9.263923735839407860e-08
8.864556388674628698e-08
9.051018000305442626e-08
8.687495559805252016e-08
8.844954812088543477e-08
8.517035642204137434e-08
8.646063360241469053e-08
8.353102324374378849e-08
8.454562147161198023e-08
8.195587343364297619e-08
8.270569298519797779e-08
8.044354564246171165e-08
8.094114441333270525e-08
7.899245604443390247e-08
7.925151291892880321e-08
7.760084926518927632e-08
7.763570249299816158e-08
7.626684361627583111e-08
7.609210457648622737e-08
7.498847055944493996e-08
7.461870961154320759e-08
7.376370855348315519e-08
7.321320718993230708e-08
7.259051160224600163e-08
7.187307365594927380e-08
7.146683292369494795e-08
7.059564693286551421e-08
7.039064422426882458e-08
6.937818901389736052e-08
6.935995108550664059e-08
6.821793700290924606e-08
6.837280496606506119e-08
6.711214385204719861e-08
6.742731230131515513e-08
6.605811006678183480e-08
6.652164114753298242e-08
6.505320766490601741e-08
6.565402577709007332e-08
6.409489762565338508e-08
6.482276958452422185e-08
6.318074196313496115e-08
6.402624661823631122e-08
6.230841144186090420e-08
6.326290200990418813e-08
6.147568981414497154e-08
6.253125153191498880e-08
6.068047533594791851e-08
6.182988047711684416e-08
5.992078018995376285e-08
6.115744202073880588e-08
5.919472833706587002e-08
6.051265519957006781e-08
5.850055221946583132e-08
5.989430261496154068e-08
5.783658865452651007e-08
5.930122794905510675e-08
5.720127418961527866e-08
5.873233336377083565e-08
5.659314012835480106e-08
5.818657683933180378e-08
5.601080739186132948e-08
5.766296949710967886e-08
5.545298133974789056e-08
5.716057294057262270e-08
5.491844664385651645e-08
5.667849664234621693e-08
5.440606228520549352e-08
5.621589539612878316e-08
5.391475672061959128e-08
5.577196684969209516e-08
5.344352325579799649e-08
5.534594912944966805e-08
5.299141564465877450e-08
5.493711856324297774e-08
5.255754392859921222e-08
5.454478750659871734e-08
5.214107052031144093e-08
5.416830227440375072e-08
5.174120653275571818e-08
5.380704117875247620e-08
5.135720834906702362e-08
5.346041267153449279e-08
5.098837442586590460e-08
5.312785359091141323e-08
5.063404232225512288e-08
5.280882755058170025e-08
5.029358600339124260e-08
5.250282336494649802e-08
4.996641324245607552e-08
5.220935334895654854e-08
4.965196297406345242e-08
5.192795230579850618e-08
4.934970357174324558e-08
5.165817608929890665e-08
4.905913063795268899e-08
5.139960039553296862e-08
4.877976514385526347e-08
5.115181963062551096e-08
4.851115171329133707e-08
5.091444585023338323e-08
4.825285704055764426e-08
5.068710776646854689e-08
4.800446843142796108e-08
5.046944981861965818e-08
4.776559245827615940e-08
5.026113130264820190e-08
4.753585371959022199e-08
5.006182555683045551e-08
4.731489340723513004e-08
4.987121919873503645e-08
4.710236949928927071e-08
4.968901141109862914e-08
4.689795377213717145e-08
4.951491327267719618e-08
4.670133233044447589e-08
4.934864713093137251e-08
4.651220439612512751e-08
4.918994608078375075e-08
4.633028153694338899e-08
4.903855322120282593e-08
4.615528695372952910e-08
4.889422131100041061e-08
4.598695481553946687e-08
4.875671224494786490e-08
4.582502964885251727e-08
4.862579658577681413e-08
4.566926576419972785e-08
4.850125313580161267e-08
4.551942672563841762e-08
4.838286853247774125e-08
4.537528485798856953e-08
4.827043686720294724e-08
4.523662078296765792e-08
4.816375932682289777e-08
4.510322299089191284e-08
4.806264385489337363e-08
4.497488743805216559e-08
4.796690483247621405e-08
4.485141717031098868e-08
4.787636277601963157e-08
4.473262197078578688e-08
4.779084405216464068e-08
4.461831802907014265e-08
4.771018060791040403e-08
4.450832763075165931e-08
4.763420971479850328e-08
4.440247886555861957e-08
4.756277372693226237e-08
4.430060535244446417e-08
4.749571985100437077e-08
4.420254598085926862e-08
4.743289992837404680e-08
4.410814466621300562e-08
4.737417022799270767e-08
4.401725011978775340e-08
4.731939124933657291e-08
4.392971563028760091e-08
4.726842753463757183e-08
4.384539885813868178e-08
4.722114749070654855e-08
4.376416164044729816e-08
4.717742321796313567e-08
4.368586980654932467e-08
4.713713034899347821e-08
4.361039300363401713e-08
4.710014788808989361e-08
4.353760453270745313e-08
4.706635806847337685e-08
4.346738119344501432e-08
4.703564620523837087e-08
4.339960314083715482e-08
4.700790055967238208e-08
4.333415375138853647e-08
4.698301220894299883e-08
4.327091949160786553e-08
4.696087492109129336e-08
4.320978978223204493e-08
4.694138504180435512e-08
4.315065705763234036e-08
4.692444171705099229e-08
4.309341551807367726e-08
4.690994553145967254e-08
4.303796221558157722e-08
4.689779985863605414e-08
4.298419716431714192e-08
4.688791035225598268e-08
4.293202210940421538e-08
4.688018481373948942e-08
4.288134187445692086e-08
4.687453189062332132e-08
4.283206245724503035e-08
4.687086310028271478e-08
4.278409237503516385e-08
4.686909135165185604e-08
4.273734250094042408e-08
4.686913120810346145e-08
4.269172456868459401e-08
4.687089879526411716e-08
4.264715301159704286e-08
4.687431171030349587e-08
4.260354439579991688e-08
4.687928893361652766e-08
4.256081586946477224e-08
4.688575074165069984e-08
4.251888692001558420e-08
4.689361862182763249e-08
4.247767839419495398e-08
4.690281518819320163e-08
4.243711264918917947e-08
4.691326409806685021e-08
4.239711339394826606e-08
4.692488996955050524e-08
4.235760572984981451e-08
4.693761829974171674e-08
4.231851606641950079e-08
4.695137538258338653e-08
4.227977206748920182e-08
4.696608822763800692e-08
4.224130260209343667e-08
4.698168447913965352e-08
4.220303769780202682e-08
4.699809233246190542e-08
4.216490849655689675e-08
4.701524044651391267e-08
4.212684721368804074e-08
4.703305787604363048e-08
4.208878709871862826e-08
4.705147397500213980e-08
4.205066239878464212e-08
4.707041831158205385e-08
4.201240832470044231e-08
4.708982058661666687e-08
4.197396101967597979e-08
4.710961054437588362e-08
4.193525752931427406e-08
4.712971788313172290e-08
4.189623577554070518e-08
4.715007216439472045e-08
4.185683453199990291e-08
4.717060271986029225e-08
4.181699342894916850e-08
4.719123855622322844e-08
4.177665286391468353e-08
4.721190825756710536e-08
4.173575403637490179e-08
4.723253988522731600e-08
4.169423893187224280e-08
4.725306087487987565e-08
4.165205030280542192e-08
4.727339793021500391e-08
4.160913165921415543e-08
4.729347691378699665e-08
4.156542726139493903e-08
4.731322273428043392e-08
4.152088211598033088e-08
4.733255922962431840e-08
4.147544197471649113e-08
4.735140904660593616e-08
4.142905333508009985e-08
4.736969351629558370e-08
4.138166344490735237e-08
4.738733252425539844e-08
4.133322030852264635e-08
4.740424437686949293e-08
4.128367269713972278e-08
4.742034566272682119e-08
4.123297016053368745e-08
4.743555110766776201e-08
4.118106304344716556e-08
4.744977342597005195e-08
4.112790250350745733e-08
4.746292316448492917e-08
4.107344053328005988e-08
4.747490854184311547e-08
4.101762999297249679e-08
4.748563528107082903e-08
4.096042465990506569e-08
4.749500645476693172e-08
4.090177914263057793e-08
4.750292226792998793e-08
4.084164904961055427e-08
4.750927986887001751e-08
4.077999097839091796e-08
4.751397319769569572e-08
4.071676255571247241e-08
4.751689276606758236e-08
4.065192248132184067e-08
4.751792545050264056e-08
4.058543057387687267e-08
4.751695428007507680e-08
4.051724782063834258e-08
4.751385821700184611e-08
4.044733642991638265e-08
4.750851193178929908e-08
4.037565988596564293e-08
4.750078557291817370e-08
4.030218300721488232e-08
4.749054453147534093e-08
4.022687200618932174e-08
4.747764920224153113e-08
4.014969455279221096e-08
4.746195474137950058e-08
4.007061983855845170e-08
4.744331082246100745e-08
3.998961864407471448e-08
4.742156139299528424e-08
3.990666340644114608e-08
4.739654443182872994e-08
3.982172829045871176e-08
4.736809171115433418e-08
3.973478925654077645e-08
4.733602856525226039e-08
3.964582413329971227e-08
4.730017366932711468e-08
3.955481268758467812e-08
4.726033883145774137e-08
3.946173669483736069e-08
4.721632880330683284e-08
3.936658000766018500e-08
4.716794111415703934e-08
3.926932862277322324e-08
4.711496593303643834e-08
3.916997074520755951e-08
4.705718596756472171e-08
3.906849684930810633e-08
4.699437640542359631e-08
3.896489973507304159e-08
4.692630490827866084e-08
3.885917457921055915e-08
4.685273166652294007e-08
3.875131898049358543e-08
4.677340952754331563e-08
3.864133299698591133e-08
4.668808420678710753e-08
3.852921917492446724e-08
4.659649459779615724e-08
3.841498256778421486e-08
4.649837319266273960e-08
3.829863074402910754e-08
4.639344663058345202e-08
3.818017378198569461e-08
4.628143641591354162e-08
3.805962425096314082e-08
4.616205971510028221e-08
3.793699717518520691e-08
4.603503040000718461e-08
3.781231000206590766e-08
4.590006031454944367e-08
3.768558253998387101e-08
4.575686069770598098e-08
3.755683671420421574e-08
4.560514385875847695e-08
3.742609663280013471e-08
4.544462510105271528e-08
3.729338837633755217e-08
4.527502490619465942e-08
3.715873982448718171e-08
4.509607138959402344e-08
3.702218045164630220e-08
4.490750303218940059e-08
3.688374108886317420e-08
4.470907168811611274e-08
3.674345368628462503e-08
4.450054585832468371e-08
3.660135098832678157e-08
4.428171421479581001e-08
3.645746598152153600e-08
4.405238934699575334e-08
3.631183175142532448e-08
4.381241168796374392e-08
3.616448092818547945e-08
4.356165361492363395e-08
3.601544517441394529e-08
4.330002344325471167e-08
3.586475461464507565e-08
4.302746959111628161e-08
