# -0.9J_-0.09999999999999998g_0.41888theta_0phi_10Chi_0.01delta_500N
4.893510072441499548e-02
5.721494088152759977e-04
5.207733078740362755e-06
9.036859564527895176e-07
1.011087384804413978e-06
4.907582848940180807e-07
9.541668359567694344e-07
4.402512184693155577e-07
9.097130881639988031e-07
4.138188181512967963e-07
8.686940092027191406e-07
3.959844416919909173e-07
8.321417983452953595e-07
3.824548959503241240e-07
8.003526527850447220e-07
3.715901452121033538e-07
7.730070708775033400e-07
3.626297501027104790e-07
7.494207094335745938e-07
3.551950861344156778e-07
7.287970323214755210e-07
3.491338194547212600e-07
7.104287754478233474e-07
3.444701702224698632e-07
6.938228437833694130e-07
3.413894258317956124e-07
6.787447388079567067e-07
3.402316167493437992e-07
6.651937229349733816e-07
3.414810788860028725e-07
6.533339066459896992e-07
3.457407949447356493e-07
6.434151259684796558e-07
3.536842881976439862e-07
6.357064155404981672e-07
3.659861818242405352e-07
6.304423968087407933e-07
3.832413864394019224e-07
6.277758050531133631e-07
4.058877249122487594e-07
6.277369338303923232e-07
4.341447574104442070e-07
6.302047882044153307e-07
4.679734800822251925e-07
6.348852144740644278e-07
5.070517438374518934e-07
6.412703611775996846e-07
5.507550574852072653e-07
6.485471573496246852e-07
5.981344792764619900e-07
6.554160652292199748e-07
6.478900986053325704e-07
6.598800301905227037e-07
6.983465941153346359e-07
6.592140296541808452e-07
7.474540184409620732e-07
6.504283397142467071e-07
7.928587724474235677e-07
6.313209039232057843e-07
8.320959598111719003e-07
6.016135152292822804e-07
8.628779770007987274e-07
5.632763912595041967e-07
8.832143648749323930e-07
5.196836127161014848e-07
8.908438416324410794e-07
4.742424394457724199e-07
8.818043545922588698e-07
4.294217343948107190e-07
8.495914716721505697e-07
3.865464403368431727e-07
7.882039812847528550e-07
3.461255962330862639e-07
6.995839064703168466e-07
3.082980830531206213e-07
5.970433916972703458e-07
2.731352639882263960e-07
4.975800910998335252e-07
2.407586325169625320e-07
4.120402574411280967e-07
2.113238002140025128e-07
3.431866305134644862e-07
1.849451795048999884e-07
2.891196696409013398e-07
1.616334122431259723e-07
2.465966242279297175e-07
1.412773594549544261e-07
2.126472197370515542e-07
1.236650519640551702e-07
1.850178984760187753e-07
1.085213903553654415e-07
1.621243378042896609e-07
9.554577406349385590e-08
1.428776757439339527e-07
8.444124543086454754e-08
1.265227570716058288e-07
7.493283293888726413e-08
1.125200077757626851e-07
6.677666120655195291e-08
1.004682189294403923e-07
5.976264162828431816e-08
9.005658223915630110e-08
5.371327912968671205e-08
8.103559022992969435e-08
4.848051584933619203e-08
7.319943855637621839e-08
4.394178134485359287e-08
6.637522724002315717e-08
3.999602251784330341e-08
6.041611590852756247e-08
3.656008721449581661e-08
5.519676208555365437e-08
3.356560657079615150e-08
5.061008282552944182e-08
3.095631454888561855e-08
4.656471301746970868e-08
2.868586092368017576e-08
4.298298138152651501e-08
2.671595429006275451e-08
3.979907823819078959e-08
2.501479161032328260e-08
3.695742289679503459e-08
2.355572629037490628e-08
3.441120360989553680e-08
2.231613248522709060e-08
3.212110041433934050e-08
2.127645118662522367e-08
3.005419003691339806e-08
2.041942097914738649e-08
2.818300989277512311e-08
1.972950020931615620e-08
2.648474758361711311e-08
1.919247426938741010e-08
2.494052658019965138e-08
1.879521684827016783e-08
2.353476914555579714e-08
1.852555041020683192e-08
2.225462481703167456e-08
1.837214287084610689e-08
2.108945421282667317e-08
1.832438667203404094e-08
2.003035412159623996e-08
1.837222437806246811e-08
1.906970406532045746e-08
1.850590040059583318e-08
1.820072143213032131e-08
1.871562644532634137e-08
1.741705696636757880e-08
1.899115113240136404e-08
1.671253230135205348e-08
1.932122320292058261e-08
1.608111466269277335e-08
1.969293656502429836e-08
1.551707528697021965e-08
2.009094484191090235e-08
1.501513990144380642e-08
2.049654157732777115e-08
1.457048639445141338e-08
2.088662990926873727e-08
1.417859422148327559e-08
2.123267799833129765e-08
1.383503174376877615e-08
2.149990844186990519e-08
1.353526007370245293e-08
2.164724889790458622e-08
1.327451664387847505e-08
2.162900388643234295e-08
1.304776953871707175e-08
2.139965138570034786e-08
1.284974955294569239e-08
2.092309979884392926e-08
1.267504292010547823e-08
2.018619520242125253e-08
1.251821880857606161e-08
1.921255790733276860e-08
1.237397529389605151e-08
1.806875222403476994e-08
1.223728180317892242e-08
1.685538769304670709e-08
1.210350451127447300e-08
1.568417280624038175e-08
1.196850702063487355e-08
1.465210269957526998e-08
1.182872313990265242e-08
1.382519895141696149e-08
1.168120217149664693e-08
1.323571918922659955e-08
1.152362967040672080e-08
1.288826888420512254e-08
1.135432789748703416e-08
1.276861591309288444e-08
1.117224041398468064e-08
1.285195507615101523e-08
1.097690550167674401e-08
1.310983087953544771e-08
1.076842164235243940e-08
1.351531509477750102e-08
1.054740919213004300e-08
1.404590926553405704e-08
1.031497123059059072e-08
1.468401727037790611e-08
1.007265677954660779e-08
1.541528559203273972e-08
9.822428923057627755e-09
1.622521344513056053e-08
9.566639458544873947e-09
1.709433529419450244e-08
9.308010211903504201e-09
1.799230146275211498e-08
9.049619158853216655e-09
1.887177695422342478e-08
8.794886463980801283e-09
1.966455151573887672e-08
8.547550959112156912e-09
2.028428140922298960e-08
8.311619646922710049e-09
2.064085701707550932e-08
8.091261794660053034e-09
2.066683908343015524e-08
7.890611522943356007e-09
2.034568490193098314e-08
7.713457257325846005e-09
1.972315181443512497e-08
7.562845990099893971e-09
1.889081899581907723e-08
7.440692718515655405e-09
1.795155394327991535e-08
7.347505057467363124e-09
1.698876399550141960e-08
7.282298947796503805e-09
1.605300496637391016e-08
7.242702445489811955e-09
1.516434164761271031e-08
7.225202015481418094e-09
1.432189449478813043e-08
7.225453691447214728e-09
1.351373196877438025e-08
7.238587998272522321e-09
1.272435352078302589e-08
7.259460687058584253e-09
1.193967199106544126e-08
7.282830723615063070e-09
1.115025623998521882e-08
7.303470663851994258e-09
1.035339138658441341e-08
7.316228402433924339e-09
9.553967853193841518e-09
7.316066929464973087e-09
8.763830603454756746e-09
7.298107213608066209e-09
7.999384920618032270e-09
7.257706494051706449e-09
7.277949989696455978e-09
7.190601505223920221e-09
6.614056913223964040e-09
7.093132257412911598e-09
6.016952793604816931e-09
6.962556190877939083e-09
5.489901758009506300e-09
6.797424788303297386e-09
5.031010454426516964e-09
6.597959592182915022e-09
4.634833354491501021e-09
6.366335446567724019e-09
4.294046716242077886e-09
6.106757734020735257e-09
4.000778592329910985e-09
5.825246026152793121e-09
3.747476948029883491e-09
5.529114645631401498e-09
3.527372885117923612e-09
5.226223050115048324e-09
3.334657111540702359e-09
4.924161584595639800e-09
3.164482695176571552e-09
4.629551732603863297e-09
3.012878640075565619e-09
4.347586133924039985e-09
2.876627931457894563e-09
4.081859748666175117e-09
2.753140607726123401e-09
3.834446827060766175e-09
2.640337516874595786e-09
3.606140493073711370e-09
2.536549516674050092e-09
3.396762065727457538e-09
2.440434193228096608e-09
3.205468870164031805e-09
2.350908365829725183e-09
3.031017861335278086e-09
2.267094202756389523e-09
2.871968665723219424e-09
2.188276615108202392e-09
2.726826541602395335e-09
2.113869761405963878e-09
2.594134715308490422e-09
2.043390780814256405e-09
2.472528163708881012e-09
1.976439078815084336e-09
2.360760473231610449e-09
1.912680148902377341e-09
2.257713096106673244e-09
1.851832696519434951e-09
2.162394047752558200e-09
1.793658455949681337e-09
2.073930785628543295e-09
1.737954092287053479e-09
1.991560315601398721e-09
1.684544739497815008e-09
1.914618272064388139e-09
1.633278783112964071e-09
1.842527893952092731e-09
1.584023687094125854e-09
1.774789492361872825e-09
1.536662744342918609e-09
1.710970457785885157e-09
1.491092371407728100e-09
1.650696363101973428e-09
1.447219966158444571e-09
1.593642669302270664e-09
1.404962176924054516e-09
1.539527683760305536e-09
1.364243601189926345e-09
1.488106280210129225e-09
1.324995576858097165e-09
1.439164503602384191e-09
1.287155393286315232e-09
1.392514896180727089e-09
1.250665574955546507e-09
1.347992611109390918e-09
1.215473329649243251e-09
1.305452049022160337e-09
1.181530072331748377e-09
1.264763980071331952e-09
1.148791020918739078e-09
1.225813079240555345e-09
1.117214842738935592e-09
1.188495793905095521e-09
1.086762713367797574e-09
1.152718499420502971e-09
1.057398172555959353e-09
1.118395881636188516e-09
1.029085742118854631e-09
1.085449561266702942e-09
1.001789935182821940e-09
1.053806930186432114e-09
9.754739871841555303e-10
1.023400216646661030e-09
9.500992632114386366e-10
9.941657779739084705e-10
9.256257272937041335e-10
9.660435923902843489e-10
9.020130311172075316e-10
9.389769476029214276e-10
8.792221757458120553e-10
9.129122457004088518e-10
8.572164418616161103e-10
8.877988854649699799e-10
8.359616509175483210e-10
8.635891748515956902e-10
8.154255975490766551e-10
8.402382343967375739e-10
7.955795895608820631e-10
8.177038821245679035e-10
7.763954030390566166e-10
7.959464425126662548e-10
7.578468701610175708e-10
7.749287763695138814e-10
7.399091288051605942e-10
7.546157999343215811e-10
7.225584600568673230e-10
7.349745180007393767e-10
7.057720962618232442e-10
7.159737778514441073e-10
6.895281709071886357e-10
6.975841143967647997e-10
6.738055955329909270e-10
6.797775909083494893e-10
6.585839720819693667e-10
6.625276569885809495e-10
6.438435173302548105e-10
6.458090233339386831e-10
6.295649960812511698e-10
6.295975510355025570e-10
6.157296619060536096e-10
6.138701537492167202e-10
6.023192071042411022e-10
5.986047199353079786e-10
5.893157077260923922e-10
5.837800248021244719e-10
5.767015955328807683e-10
5.693756918651708756e-10
5.644596552400594423e-10
5.553721265703080647e-10
5.525729492263909075e-10
5.417504715936500358e-10
5.410247966972956392e-10
5.284925777231102119e-10
5.297987711964098134e-10
5.155809693374986098e-10
5.188786235689633202e-10
5.029988194529578913e-10
5.082482224988035552e-10
4.907299276560275197e-10
4.978916180097628147e-10
4.787587012049729286e-10
4.877928495049698401e-10
4.670701382328083659e-10
4.779359913592531984e-10
4.556498115997470953e-10
4.683050846526787863e-10
4.444838534704391928e-10
4.588840679751430340e-10
4.335589392108406236e-10
4.496567255642063679e-10
4.228622713788053968e-10
4.406066194226738197e-10
4.123815626121258400e-10
4.317170192848903099e-10
4.021050191997028760e-10
4.229708288032129774e-10
3.920213251707936837e-10
4.143505108227100306e-10
3.821196295572086421e-10
4.058380150150376934e-10
3.723895362609945955e-10
3.974147137497303484e-10
3.628211111703168198e-10
3.890613607414423163e-10
3.534048763337479767e-10
3.807580566944193661e-10
3.441318486881162605e-10
3.724843028323969213e-10
3.349935726660804338e-10
3.642190718877350902e-10
3.259821817231460363e-10
3.559410018012723499e-10
3.170904795546324710e-10
3.476286936303921808e-10
3.083120427687979163e-10
3.392611479200722163e-10
2.996413436753803218e-10
3.308184313526576299e-10
2.910738885280063728e-10
3.222824054815667260e-10
2.826063651249694734e-10
3.136377798628980706e-10
2.742367899179649278e-10
3.048732529082853029e-10
2.659646430658221250e-10
2.959827699294958080e-10
2.577909783614116804e-10
2.869667792847306893e-10
2.497184935854732877e-10
2.778333574751093870e-10
2.417515489190021654e-10
2.685989872161977137e-10
2.338961214876414451e-10
2.592888996814780805e-10
2.261596903341006142e-10
2.499367614493866018e-10
2.185510485973380571e-10
2.405836637389751507e-10
2.110800484208448724e-10
2.312764286908212403e-10
2.037572873213619108e-10
2.220653614680160435e-10
1.965937531768978002e-10
2.130016719613746432e-10
1.896004458234820698e-10
2.041348460706554573e-10
1.827879801395736421e-10
1.955102017831210037e-10
1.761662935167822993e-10
1.871672074530169994e-10
1.697442609016401578e-10
1.791376697494416679e-10
1.635294327612005362e-10
1.714456836539834509e-10
1.575278786753611502e-10
1.641071202478365278e-10
1.517440515314353451e-10
1.571303298602358682e-10
1.461807308434498602e-10
1.505169332109741417e-10
1.408390362321131493e-10
1.442628982607744077e-10
1.357184981435436209e-10
1.383595458884802697e-10
1.308171724119580362e-10
1.327947363227174670e-10
1.261317867746619511e-10
1.275538415456171231e-10
1.216579287526215661e-10
1.226206119932805825e-10
1.173901504936429240e-10
1.179779075896124823e-10
1.133222533474081584e-10
1.136082585774613369e-10
1.094473969254445027e-10
1.094943475664061052e-10
1.057582773003210778e-10
1.056192574544993607e-10
1.022472746224350957e-10
1.019667824756167044e-10
9.890658842867696164e-11
9.852149062386342439e-11
9.572833725857281267e-11
9.526884180174436360e-11
9.270466202254360889e-11
9.219525177585561372e-11
8.982780550906807545e-11
8.928808346969338649e-11
8.709017190414230620e-11
8.653554636328726257e-11
8.448437498445350296e-11
8.392679177650886296e-11
8.200327417001785421e-11
8.145177138615892453e-11
7.964000019584826665e-11
7.910121604370069593e-11
7.738797214709744697e-11
7.686658270497765966e-11
7.524090723819143005e-11
7.473999701801764496e-11
7.319282503432360464e-11
7.271420051829316869e-11
7.123804695136958130e-11
7.078247768153273299e-11
6.937119243545960955e-11
6.893870195943003204e-11
6.758717246709986261e-11
6.717715098842407034e-11
6.588115872760756291e-11
6.549256228064524745e-11
6.424866571998035368e-11
6.388007273846487752e-11
6.268540035147674484e-11
6.233518573332605777e-11
6.118734608558378033e-11
6.085374138980529295e-11
5.975072783838273193e-11
5.943188974268885003e-11
5.837200108554071114e-11
5.806606660936424397e-11
5.704784119470247088e-11
5.675297183318953084e-11
5.577513302589810265e-11
5.548954966576697101e-11
5.455096094714099458e-11
5.427297108000254332e-11
5.337259920804771786e-11
5.310061765251243412e-11
5.223750270156282999e-11
5.197006696341954249e-11
5.114329814252373779e-11
5.087907919394481302e-11
5.008777552296640181e-11
4.982558475841838162e-11
4.906887990331011304e-11
4.880767287178167189e-11
4.808469286922452722e-11
4.782357226621687757e-11
4.713347076929788290e-11
4.687169104639682142e-11
4.621357492192148838e-11
4.595050042407823725e-11
4.532347307430233202e-11
4.505863377891154444e-11
4.446178031568235343e-11
4.419482615779499508e-11
4.362721258506221890e-11
4.335791526227054865e-11
4.281858892163328383e-11
4.254683375108799505e-11
4.203482529879289089e-11
4.176060194716025655e-11
4.127495232696139232e-11
4.099833859739702858e-11
4.053804021659313577e-11
4.025919846670400074e-11
3.982324857057308765e-11
3.954243220156021291e-11
3.912981760904071210e-11
3.884731027992487762e-11
3.845704332326612017e-11
3.817321494677542894e-11
3.780428424760028217e-11
3.751952482134612635e-11
3.717094746693611127e-11
3.688568396812832820e-11
3.655648506348914387e-11
3.627116874435254605e-11
3.596038907844870690e-11
3.567548625621577454e-11
3.538218649034605617e-11
3.509817037438155475e-11
3.482143444060647389e-11
3.453877774543850432e-11
3.427771579649860573e-11
3.399688415918988452e-11
3.375063508060823169e-11
3.347208126553683611e-11
3.323981476253785223e-11
3.296397367901125955e-11
3.274489196679012151e-11
3.247217646608641386e-11
3.226551553533826876e-11
3.199631298351828768e-11
3.180134349425820926e-11
3.153601306990343166e-11
3.135201762665194206e-11
3.109091157842526419e-11
3.091725621176958549e-11
3.066062403487902590e-11
3.049670832578026745e-11
3.024484003767286764e-11
3.009005029694872093e-11
2.984317844135911136e-11
2.969696013836404022e-11
2.945528492406448346e-11
2.931711681036088142e-11
2.908080673525240052e-11
2.895019979719141148e-11
2.871939259931478462e-11
2.859588887040189624e-11
2.837069278179941952e-11
2.825386403377669612e-11
2.803435924059155409e-11
2.792380559875801923e-11
2.771004588764108266e-11
2.760539438841108924e-11
2.739740889468104191e-11
2.729831201620617444e-11
2.709610707294314237e-11
2.700224123804560212e-11
2.680580225934271182e-11
2.671686636821786595e-11
2.652615974338282893e-11
2.644187370704018954e-11
2.625684866767528900e-11
2.617695199026159477e-11
2.599754245135911804e-11
2.592179286534648034e-11
2.574791917924921705e-11
2.567609130848996961e-11
2.550766197847752819e-11
2.543954608003268836e-11
2.527645934775870763e-11
2.521186011515391694e-11
2.505400569516118944e-11
2.499274090601095158e-11
2.484000111478124802e-11
2.478190084540679625e-11
2.463415181980065432e-11
2.457905752491884771e-11
2.443617057070266949e-11
2.438393401007442026e-11
2.424577668986856122e-11
2.419625905525297978e-11
2.406269619519357766e-11
2.401576730048409536e-11
2.388666188656618276e-11
2.384219942056091020e-11
2.371741339010755597e-11
2.367530222466319933e-11
2.355469719777470259e-11
2.351482874841714665e-11
2.339826664811297878e-11
2.336053827138181704e-11
2.324788188582963595e-11
2.321219634433262969e-11
2.310330980222176908e-11
2.306957475219807994e-11
2.296432394859062711e-11
2.293245147327257802e-11
2.283070441196836295e-11
2.280061058610104741e-11
2.270223768293530505e-11
2.267384218156878654e-11
2.257871651331206008e-11
2.255194222264536072e-11
2.245993972249695062e-11
2.243471240154498275e-11
2.234571202478637542e-11
2.232195996588193148e-11
2.223584381385683316e-11
2.221349754488961477e-11
2.213015093508293211e-11
2.210914291260996262e-11
2.202845446959316065e-11
2.200871879783308130e-11
2.193058045381852369e-11
2.191205261545587379e-11
2.183635963434916389e-11
2.181897621868578610e-11
2.174562716883047269e-11
2.172932561490801501e-11
2.165822235239709421e-11
2.164294067369867794e-11
2.157398827011853140e-11
2.155966480253204003e-11
2.149277149503204570e-11
2.147934461113144651e-11
2.141442170389422750e-11
2.140182954854957398e-11
2.133879132681420111e-11
2.132697151682439363e-11
2.126573512337629356e-11
2.125462443196606991e-11
2.119510975676662620e-11
2.118464379693517331e-11
2.112677332954951917e-11
2.111688618250096459e-11
2.106058485975708917e-11
2.105120870419573873e-11
2.099640373882950605e-11
2.098746842056032287e-11
2.093408912406405161e-11
2.092552168080006084e-11
2.087349924972234543e-11
2.086522340726062646e-11
2.081449069871965174e-11
2.080642626801881828e-11
2.075691755203311036e-11
2.074897979320214429e-11
2.070063046740108903e-11
2.069272932962060145e-11
2.064547559799887893e-11
2.063751491083856310e-11
2.059129342057151043e-11
2.058316990546529800e-11
2.053791734343495089e-11
2.052951954672015263e-11
2.048517216261447695e-11
2.047637918345288554e-11
2.043287223726676903e-11
2.042355230141858028e-11
2.038081943988819974e-11
2.037082822975180904e-11
2.032880073095076397e-11
2.031797945715296590e-11
2.027658537092171594e-11
2.026475856087470940e-11
2.022392166578477366e-11
2.021089458096713951e-11
2.017053317896246807e-11
2.015608880417924493e-11
2.011611426586337416e-11
2.010000984029625498e-11
2.006032487909816686e-11
2.004228784646558991e-11
2.000278446490341514e-11
1.998250775122481877e-11
1.994306477734032051e-11
1.992020135614232561e-11
1.988068150642328295e-11
1.985483804727718711e-11
1.981508440360115840e-11
1.978581398920675750e-11
1.974564581076880588e-11
1.971243955074700559e-11
1.967164726362791138e-11
1.963392473303337849e-11
1.959226401253005947e-11
1.954936248171072974e-11
1.950654726257585419e-11
1.945770968857655105e-11
1.941340401382695194e-11
1.935776597806165588e-11
1.931157457368178843e-11
1.924815046034172704e-11
1.919960806473410670e-11
1.912727708034881034e-11
1.907583663785709454e-11
1.899332975028129802e-11
1.893834980483826206e-11
1.884423921339286921e-11
1.878497122248611247e-11
1.867766484583443615e-11
1.861324158013173044e-11
1.849098608740802615e-11
1.842041303960673451e-11
1.828131028089166978e-11
1.820346288453864829e-11
1.804550585521279240e-11
1.795913644612526884e-11
1.778027219846030768e-11
1.768403175667509867e-11
1.748225902863224227e-11
1.737473958552364428e-11
1.714824782266269063e-11
1.702805143065045819e-11
1.677540401399645382e-11
1.664124254739275432e-11
1.636159960923251648e-11
1.621242561071331301e-11
1.590578995566269530e-11
1.574095161264780362e-11
1.540840658850413408e-11
1.522781035468464664e-11
1.487170425537678320e-11
1.467595838352245667e-11
1.429998252593768240e-11
1.409048825753914289e-11
1.369960206291412455e-11
1.347856058312376200e-11
1.307874118219167095e-11
1.284905715740962841e-11
1.244688984445172401e-11
1.221197464447234291e-11
1.181414264108389883e-11
1.157764564125614351e-11
1.119040639240079119e-11
1.095592141360511091e-11
1.058466021800427667e-11
1.035545858406619513e-11
1.000438680869037094e-11
9.783217804535315311e-12
9.455243245839090340e-12
9.244222227933560940e-12
8.940978933541522663e-12
8.741561693022670479e-12
8.463558772629671178e-12
8.276584935126629276e-12
8.023423342227039189e-12
7.849204339930580360e-12
7.619814826438482414e-12
7.458242480392183769e-12
7.251110188550134762e-12
7.101767031673846501e-12
6.915122653906917858e-12
6.777381765856373540e-12
6.609351274014402822e-12
6.482459443729178827e-12
6.331172958702071773e-12
6.214315521612079410e-12
6.077980522498674306e-12
5.970328959934200723e-12
5.847274932914149061e-12
5.748019813409085903e-12
5.636721542022682616e-12
5.545093709284628472e-12
5.444179464150198286e-12
5.359462416975856568e-12
5.267712166952759700e-12
5.189248002359565800e-12
5.105585444576605719e-12
5.032776411761310585e-12
4.956257566514849475e-12
4.888564721937437921e-12
4.818365025720784256e-12
4.755305096978521529e-12
4.690706168447009883e-12
4.631847438583451540e-12
4.572224305841155018e-12
4.517182058426552227e-12
4.461991283138159894e-12
4.410423128052131154e-12
4.359192024466534426e-12
4.310793394587700702e-12
4.263110402893300700e-12
4.217610297928639994e-12
4.173116521276568760e-12
4.130273606243803205e-12
4.088655402960309612e-12
4.048254456259690483e-12
4.009237032439109786e-12
3.971085780838956650e-12
3.934427649695783009e-12
3.898353940957079490e-12
3.863842155442815162e-12
3.829691464324314982e-12
3.797137529134950976e-12
3.764770767411579523e-12
3.734007109803994331e-12
3.703298692636751852e-12
3.674175659314463566e-12
3.645011815310243412e-12
3.617395061558494274e-12
3.589672350607074369e-12
3.563440619905771814e-12
3.537064630378219412e-12
3.512107807251961909e-12
3.486992002654824677e-12
3.463209437757871356e-12
3.439274146929171663e-12
3.416573184469629555e-12
3.393744695182276680e-12
3.372039376866601998e-12
3.350249117029063139e-12
3.329459028014581462e-12
3.308642835004373017e-12
3.288692043413682785e-12
3.268789481233875383e-12
3.249605596485431361e-12
3.230559308323056507e-12
3.212072570362730910e-12
3.193827671467724117e-12
3.175970095239337986e-12
3.158473562394264676e-12
3.141178093485682736e-12
3.124378167512155328e-12
3.107577854292142802e-12
3.091423391349541965e-12
3.075050525490194389e-12
3.059490343514791838e-12
3.043475575522338852e-12
3.028457717288341058e-12
3.012729128830495023e-12
2.998200062283695424e-12
2.982682194236592048e-12
2.968585909505802112e-12
2.953198717287521499e-12
2.939475726382165356e-12
2.924133502293302493e-12
2.910719707271611246e-12
2.895329995070522499e-12
2.882155432065652891e-12
2.866617971779220217e-12
2.853605466266615186e-12
2.837811284334927013e-12
2.824875029349480785e-12
2.808705831648379827e-12
2.795750014094627803e-12
2.779078104367433685e-12
2.765995729748948994e-12
2.748684783921650894e-12
2.735356936187385555e-12
2.717264083231503694e-12
2.703560042766130123e-12
2.684539781045205615e-12
2.670318456672015586e-12
2.650229032549284005e-12
2.635342399284198095e-12
2.614055200776991920e-12
2.598354402782462961e-12
2.575766675313136873e-12
2.559111383694718747e-12
2.535162043148380032e-12
2.517433258138729371e-12
2.492122647020649321e-12
2.473241683900287119e-12
2.446645044562501435e-12
2.426579776444483347e-12
2.398857937055664828e-12
2.377648420814596126e-12
2.349062562562534889e-12
2.326832468007756158e-12
2.297725988344165533e-12
2.274679323304076353e-12
2.245447222188470353e-12
2.221839172659391160e-12
2.192954413048757579e-12
2.169097590321804216e-12
2.140978816185295366e-12
2.117206608177232158e-12
2.090242449146837907e-12
2.066871803071471749e-12
2.041374967553324568e-12
2.018684167704383748e-12
1.994875023804315709e-12
1.973085919633089109e-12
1.951088932371733963e-12
1.930358907041085408e-12
1.910211014533648552e-12
1.890634197815723765e-12
1.872300887684636281e-12
1.853915705773883226e-12
1.837309707693248421e-12
1.820109560533154896e-12
1.805108855845112575e-12
1.789053641350146305e-12
1.775516979631667747e-12
1.760516826104644212e-12
1.748298175360159900e-12
1.734332805918747836e-12
1.723282905494424194e-12
1.710240025989640223e-12
1.700219454977217927e-12
1.688014799398115374e-12
1.678894817554236393e-12
1.667446385515458873e-12
1.659110491899465772e-12
1.648340942117674335e-12
1.640656636245683268e-12
1.630496758284855133e-12
1.623432420777596450e-12
1.613813566609269910e-12
1.607234044710860068e-12
1.598099598081401823e-12
1.591983676626677482e-12
1.583279717785212696e-12
1.577542160621916103e-12
1.569222029568801059e-12
1.563810417541734510e-12
1.555832899917013452e-12
1.550701918674625735e-12
1.543030766715056508e-12
1.538165951147679155e-12
