# -0.5J_-0.5g_0.57596theta_0.57596phi_10Chi_0.01delta_500N
-5.823415116541369452e-01
7.607494353346317961e-01
2.014535487098598199e-02
2.654963068984563246e-01
-9.044934973766738384e-02
-1.045791227491097430e-01
9.299620074896504385e-02
2.433881752180797053e-01
1.351700788544035192e-01
3.629510437651670141e-02
7.165606956389493076e-01
-1.360708682506813094e+00
8.552876711911225338e-02
7.077352893501972497e-01
-1.354216563968627218e+00
-7.542723780380783394e-01
2.093348558040496687e+00
1.416435197404813273e+00
2.139808280852420808e+00
6.515771779826984300e-01
2.446855425952020324e-01
-7.989682167201411778e-01
5.691633741202802854e-01
1.548990068688495425e+00
2.190698628978794638e+00
-2.149521544940848017e+00
-5.618449671033969306e-01
1.730524692540739595e+00
-6.808946940798840108e-01
-8.567918706545400997e-01
1.806445700106284746e-01
1.230671899728073226e+00
-2.652519399505285147e+00
-1.346397002679032973e+01
-1.891374755596648072e+01
1.830864438047035492e+01
4.046439761516661626e+00
-3.880720929010908815e+00
1.011909611622883887e+01
-4.652756532815322998e+01
2.420296060130868732e-01
7.997553758276367830e-01
-1.501788900127530579e-02
-6.924765064685790783e+00
8.838762726272301862e+00
5.458203604325150948e+00
-1.883169746969688774e+01
-9.923264663832714660e+00
-1.256494431485679009e+01
-3.968046123922411628e+00
1.051856597388454301e-01
1.462720682904356195e+00
-1.800149835464035508e+00
-1.135893263638648598e+01
-1.032962338698236593e+01
1.889988225894898832e+01
2.833572664102360417e+00
-5.309058657016918481e+00
4.814346250608598332e+00
-2.142347216535342369e+01
2.062510248407871671e-01
2.108896122103120607e+00
7.470946669797766393e-02
-8.721068560410987214e-01
3.235210558206948406e+01
-9.291953614561819563e+00
-4.874723666317822079e+01
-4.439298323154532255e+01
-5.237374800899808491e+01
1.073219956159006898e+02
2.697035712554847475e-02
6.699642191741512764e-01
1.168168585429182560e+00
-4.924991915764723061e+00
2.785772244864376646e+01
-6.290255563926555382e+00
-5.261447075019029995e+01
-1.425018384070173738e+01
-2.488133728070822670e+01
7.863641097486755882e+00
-1.129919756448634072e-01
-1.500682985938627034e+00
-9.092030117205790463e-01
2.663169936497972401e+00
-3.068426277323870721e+01
5.371086336908519776e+00
5.008041141590024381e+01
4.157177903592586432e+01
6.376805269376920648e+01
-4.691863896190434957e+01
8.061566214372255235e-02
6.996768557455141924e-01
3.640316037755132461e-01
3.056084086761837426e+01
-1.544240180314593314e+00
-2.322103176552817416e+01
9.603237336106398914e+01
5.068110781929367192e+01
3.968619295942346525e+01
1.428138199222109677e+02
-5.813283072218645708e-01
-3.976384974559767915e-01
6.493525106727425777e-01
-2.113697681874501799e-01
-1.853264392052579035e-01
-1.045206391723483008e-01
-2.583590256979250155e-01
-4.131570717177890373e-02
1.355360357650806646e-01
6.058901411220954381e-02
-1.459724467763186539e-01
-3.829685007594879620e-01
-2.346433109605430833e-01
1.731617954159679895e+00
-2.139870622922615873e+00
-1.486415068575434262e+00
9.568107090934833969e-02
-1.725510541676737564e+00
-1.660997480074869248e+00
3.789330555868439809e-01
-7.434149964133568433e-01
-4.805055251020758367e-01
1.550323267011398665e+00
7.664603897055416448e-01
1.164271611787166094e+00
1.728298200023883568e+00
2.583827337264600565e+00
-2.817242166746224408e-01
-1.518405539170164076e+00
-6.255630104676487280e-01
-3.005764018022122896e-01
-5.024265223687428561e-01
-1.806919990855165192e+00
-4.856084491284928362e+00
-1.190542156648671401e+01
-1.386747582348289498e+01
-1.603961459607618067e+01
7.234930316905771264e+00
5.770867614563723436e+00
-4.357369510204836160e+01
3.550279970546547231e-02
1.644714032812361060e+00
1.722353830806713892e+00
-1.383894834493866988e+01
1.749657454543526214e+01
1.309529789792719079e+01
-7.649648735178323555e+00
1.007390981188992107e+01
1.503698005378353031e+01
2.845991742309343309e+01
1.051758884952765927e-01
8.250412297721081423e-01
2.168861966228079030e+00
-3.155241649112078051e+00
1.503280015441739970e+01
1.894475748596526898e+01
3.410570485496829285e+00
4.882758570202067716e+00
4.710090264139293659e+00
2.485747325268301466e+01
-8.052728050313116837e-02
-5.992871496029557044e-01
-9.017060522768803876e-01
8.815705849577161857e+00
-7.542409268889078700e-01
-7.833938901784851527e-01
1.973760624184160983e+00
-2.324344073999234084e+01
4.668727626406999676e+00
5.123259822476226333e+01
-1.919946070935679705e-01
1.649216028859176841e+00
-1.541356903924791633e+00
-3.792857499167264734e+01
1.797254410343049713e+01
1.106506211736652467e+01
-7.316890799524202293e+01
3.673140880293546218e+01
5.797464579345158597e+01
4.551579932827018560e+00
-1.134821087637736398e-01
1.547059116793618294e+00
-8.461194572989388929e-01
-2.799547671033220553e+01
1.289573572395435619e+01
5.296996877265000236e+00
-6.058348311353476845e+01
2.309511558960730682e+01
6.394124982187157968e+01
-3.730874032009425179e+01
-5.358965510972823337e-02
7.298092794354190671e-01
-1.746547968236511483e-01
9.904959789467697728e-01
-6.441862688332157916e+00
1.209658673102531345e+01
1.284266694017987831e+01
3.709370141191088521e+01
-9.728439127003591480e+00
-1.172899524034091883e+02
-5.825180953112095716e-01
-3.635439213543956716e-01
-6.683981209532815493e-01
-5.518068783661771171e-02
2.752846975535509499e-01
-1.040518761607793358e-01
1.656733795820863608e-01
-2.018430897060109197e-01
1.350815615033242323e-01
-9.954464756948744331e-02
-5.707985360186736967e-01
-1.150292189305610613e+00
-9.209898516101537869e-01
1.904183216114853527e+00
-8.609685699244694623e-01
2.227134364525471977e+00
-1.634375406619555271e+00
1.576510744162007205e+00
-4.822203719228858598e-01
5.363833555983269497e-01
4.976477014858551318e-01
2.073533924037971876e-01
7.789400222099770454e-01
2.047313945293186777e+00
9.963650424018312135e-01
4.164001179382901263e-01
-7.241047377462015433e-01
-2.006980728955943150e+00
2.199951660104757067e+00
-7.713529010277099252e-01
1.192196078189444591e-01
1.096320651055138429e+00
-7.258258528041640067e-01
-1.520438204133892590e+01
-7.898742698774971593e+00
-4.421256676004899688e+00
3.558806070210971839e+00
1.895378824857803579e+01
-1.586647800463891933e+01
-1.491296714223505226e+01
-2.777374693572220443e-01
2.728672363329207595e+00
1.207243850991658318e-01
-1.796686022120908888e+01
7.235429037004793784e+00
-1.866470907516256617e+01
4.160935298294447193e+00
-9.796145740877131303e+00
-2.559635968228967329e+00
1.874735263909384742e+01
1.044517859844111829e-01
-2.280099066926990492e+00
-3.661003950538424534e-01
1.469804409910108411e+01
-4.831872644456994159e+00
1.897846551176207441e+01
-5.795933701972790786e+00
8.538592580888539896e-01
4.778196510329300928e+00
-1.451380097233286826e+01
-1.255073034645405594e-01
-8.960705728907754353e-02
1.935838104930633907e+00
3.259221491758972888e+01
2.417574604339352362e+01
1.012952712240594266e+01
-5.458818764525780409e+00
-7.736270025581676180e+01
4.761653279905183211e+01
6.529819648385912956e+01
1.651722061303000089e-01
-1.194442842596517895e+00
-1.038193653774292624e+00
-1.295454012671050670e+01
-5.733226719450626341e+00
-4.795498728954708412e+00
-1.871687547022749243e+01
2.936828648293124644e+01
-3.320703870632733157e+01
-1.686838248569458543e+01
-1.128291595841406370e-01
-3.738983306244126475e-02
1.758496206633446857e+00
2.540693322705774193e+01
1.765760454969228732e+01
5.525581367273990629e+00
1.063180387567200924e+01
-6.389793174354093708e+01
6.371980003810450910e+01
6.142859677332391755e+01
-3.362487717952643979e-02
8.168108626619635659e-01
-1.633720415428714656e-01
3.745130929360497873e+01
-4.687425328556029314e+01
6.380705657328341118e+01
6.536378798662744316e+01
1.326248340483665800e+02
-1.471377601125190360e+01
-2.531753621179562401e+02
