# -0.85J_-0.15g_1.0472theta_1.0472phi_10Chi_0.01delta_500N
-6.037033310967118149e-01
7.822843832407936349e-01
-1.023932874512786667e-01
-1.541568089852033731e-02
-6.247249367859613461e-02
2.272215325648069273e-02
1.645967593106858751e-01
-4.156276299925544815e-01
3.352983095485421727e-01
-8.095685862774258668e-02
-7.361633305609186495e-01
1.065864030119294759e+00
4.735420193889416929e-02
5.539992953882494353e-01
-3.088889403573722436e-01
-6.942631824327957224e-01
-2.093610039746124918e-01
1.064416778510145045e+00
-9.928975513987393642e-01
1.884503408065805741e-01
2.612958993596842250e-01
-2.666894716591072800e-01
4.277343044081048373e-01
1.235358095139112988e+00
7.034387999504808642e-01
-1.796807122769742637e+00
6.577598076126116577e-01
-1.840924707091787793e-01
4.630820559665879133e-01
-8.476206689612825196e-02
1.628341450409430749e-02
3.386593372362317611e-01
1.464271350895340218e+00
6.376367384875146094e+00
4.409160166429202388e-01
-6.469039385874304493e+00
3.860525665357118275e+00
7.582130900993899303e+00
2.550990994131247191e+00
2.061688261413483048e+01
-6.373500790094278889e-02
3.223877415920578526e-01
-1.185885869859782504e+00
-2.650410581834339308e+00
-1.929930862297801042e+01
3.569733196889846916e+00
-1.035932726519611435e+01
5.496571467334118211e+01
-2.507091051402044357e+01
1.064150905051400287e+01
1.157116529143399153e-03
4.235319123661822061e-01
1.531424138678960212e+00
4.559246442606342598e+00
-5.894414678341754588e+00
-1.003628612414120269e+01
-4.819767646558988261e+00
2.501600447670024607e+01
-1.476352151083827735e+01
1.815812791460025721e+00
-1.502156905948634213e-01
-2.835250521755570685e-01
6.100828356974390410e-01
4.631173864123111272e+00
8.210111158266528264e+00
7.065062468199564405e-01
2.559336399142304685e+01
-2.111416620008911238e+01
4.386621548406687054e+01
5.764637104230189379e+01
4.381251636916643766e-01
1.105970254813231746e+00
1.954625591359621453e-02
5.358707364890514135e+00
-6.189586925152798358e+01
-8.247679123264809675e+00
-3.201818166169897495e+01
1.992093897012962884e+02
-9.128794642642992585e+01
8.013145794201354022e+01
3.346992657920112024e-01
1.030272590789264031e+00
-2.448628045327170544e-01
-3.610878509592945207e+00
-2.888411784943415483e+01
-6.596299382158268720e+00
-4.600487684601252170e+01
9.040573594879433017e+01
-1.037306181833935881e+02
-3.695144786491322719e+00
1.296464911279436305e-01
4.407644139884155376e-01
-9.076620398283274938e-03
-3.304973872452078609e+01
5.524569261470954018e+01
1.267440472213067970e+01
-8.851303124534243238e+01
-2.321413115875044184e+02
-3.522763553958662186e+01
-1.501901628039074239e+03
-5.774012283763706455e-01
-4.841656351498732636e-01
-6.208838817330106785e-01
-3.315862154195681893e-02
3.015290228160877328e-02
-4.220942375336299290e-02
2.779675466273109352e-01
3.670128131436743990e-01
3.439362714284450173e-01
3.081733966117595688e-02
6.096919200096773128e-01
7.020670370765511592e-01
5.379827529377348982e-01
7.998886938797126200e-01
7.021121416403807158e-01
1.123194876842404488e+00
2.364103356619748908e-01
8.916327267357783137e-01
8.609566557962219369e-01
4.368553165090118678e-02
5.127844304143122089e-01
2.133975216960344312e-01
8.432143311488454751e-01
-1.075040695632834220e+00
-1.425026553586824285e+00
-6.865446258956421355e-01
8.055512545262455415e-01
2.999808731855763133e-01
6.419696805572654430e-01
4.871806152939768542e-02
3.010645154058714038e-02
8.638535701027502123e-01
-8.216966594343184660e-01
5.602746466255383417e+00
4.219456644819570279e+00
2.708722403284850699e+00
-5.418937000777368063e+00
2.097686470636260569e+00
5.188204848793231960e+00
-2.731108657829703024e+00
4.353115818386549957e-02
-5.495472366492086813e-01
1.071020680503704803e+00
-2.811907993065524192e+00
-1.413883002718075765e+01
9.302784215532259537e+00
3.799108570668447271e+01
3.236643929429180844e+01
2.490961132726005545e+01
-1.683077719930673055e+01
-2.935010148816465103e-02
-1.530993379272186372e+00
8.608064009941063244e-01
-5.677787680109521951e+00
-5.650135508269303886e-01
-1.676894880864868043e+01
-2.871038438180431385e+01
-2.555558636890140534e+01
-1.619078857512227998e+01
6.960142331680025940e+00
-2.889420387798946610e-01
1.015797338831281871e-01
8.750369005244369447e-01
-2.756456204758416462e+00
-2.835305707147445631e+01
3.979696498375482605e+01
1.217997696296448993e+02
9.035104832845593137e+01
5.563723694332414027e+01
-1.783048129269575099e+01
-3.545783004802079974e-01
8.033732241310290734e-01
4.735123676248050306e-01
4.320158134048327270e+00
-2.184160895743265485e+01
3.161627774755549680e+01
8.106066597513708416e+01
9.389649109597644383e+01
8.786494377832654834e+01
-8.164944768735870184e+01
3.622804725922530444e-01
-7.486710379523238146e-01
-8.865456516405171294e-01
-6.335435062831717978e+00
1.912334198632619575e+01
-2.289323083144357796e+01
-5.383476697659115473e+01
-9.250816013086584633e+01
-1.154437589216080653e+02
1.202266927227437492e+02
-8.389339458476879896e-02
1.423735900474694671e-01
2.102202917598270937e-01
-4.760971923538391160e+00
-4.647239067605209328e+00
5.850482252758832047e+00
1.763953796182680733e+01
2.262556988271170866e+01
2.517581796613627176e+01
-8.470607278493962156e+01
-5.752794277532395917e-01
-3.097484201465487419e-01
7.336078731997454083e-01
-4.203491310361885669e-02
3.934867001464824321e-02
3.444848551702935774e-02
-4.515212791946265347e-01
6.161736112091058953e-02
3.260828858906129613e-01
3.269106726498706150e-01
1.523166416802115286e-01
5.023261018682795287e-01
-8.460533668254222039e-02
-1.564992413586810516e+00
1.586896784737568122e+00
-6.017598114460240843e-01
-1.062464627394690830e-01
5.146397359715204622e-01
1.031089745902696864e-01
2.328070712631019057e-01
-7.816433323239703190e-01
-4.227707691412597169e-01
1.075835455058702594e+00
-2.068316914650342453e-01
5.340434488392501455e-01
4.312513284046918804e-01
1.140349673858987556e+00
-6.866117102099532354e-02
-1.062218975840748758e+00
-1.009489229764590545e+00
4.979158157573104065e-02
-1.461314835235222764e+00
-5.977699743853968073e-01
7.404069391653978371e+00
-6.031048524273763256e+00
2.871735902111355321e-01
-4.143918342630636076e+00
-3.820880384541702313e+00
6.755893961843454143e+00
1.750072537205315371e+01
3.657014371492097599e-02
-1.567107242700219505e+00
-7.438043802064143728e-01
5.646760758273231318e+00
-9.364890587744916672e+00
1.325458570909321177e+00
-4.573649746021946960e+00
2.675011159041581266e+00
-1.303360103250884805e+00
-4.752222488490852048e-01
3.743761559708997516e-02
3.283334434105510402e-01
-5.075694431868449374e-01
-9.137008824329652112e-01
-8.316074516520229665e+00
-2.039253490167853400e+01
-6.181360154151432340e+01
2.271375915860555139e+01
3.090336780303544728e+01
-9.787862358404487395e+01
4.614924640132448408e-01
-3.118624602169758897e-01
1.142045955706344040e+00
6.553188955486775047e-01
2.435548596345203265e+01
5.639644103513961682e+01
1.792070919694454574e+02
-5.519552837987200178e+01
-1.039465987051923861e+02
2.755222289557131603e+02
-7.645616054048093302e-02
5.123987771142237690e-01
1.684196050369765260e-02
-5.688793919579887337e+00
-1.028891272203281559e+01
-2.062155126832964669e+01
-5.894149889321663949e+01
4.247975952877768435e+01
5.198897231704577848e+00
-1.632952209525656144e+02
3.291292115337077773e-01
-3.170825150883871402e-01
1.036232418546117584e+00
-4.711262248829830135e+00
8.435177038102034786e+00
2.992795855144994377e+01
1.023734670886357492e+02
-1.955029667308590513e+00
-1.053310847984082983e+02
9.355035333255170826e+01
2.853202070163640136e-01
-3.438937441522122995e-01
8.072013182029835754e-01
-5.453872774652403166e+00
-1.606983992102341219e+01
-7.631235086815233615e+01
-2.490694376112653288e+02
5.700212779245856609e+01
1.916088119632199493e+02
-1.564138664851484236e+03
