# -0.15J_-0.85g_0.15708theta_1.0472phi_10Chi_0.01delta_500N
-5.774190363824868166e-01
2.021433455279334213e-01
7.801815805341352217e-01
-7.461777803402344644e-02
6.267064180865555834e-02
3.444271313797817036e-02
-4.628968214995884609e-03
6.325824038053565190e-02
-3.544223343537714760e-02
-1.262887622841735343e-02
3.085183259893930496e-01
-8.590491706365096514e-01
-7.873389028605477513e-01
-1.983326389082477534e-02
1.136075188780023915e+01
8.236879704602628749e+00
-5.366401466560507316e+00
6.860655848820824687e-01
3.222619233902551006e+00
6.134403098431147061e-01
-7.500489725112216011e-01
4.799377747162040242e-01
1.398884815644656276e+00
5.144429299566578351e+00
-1.426036247280973557e+00
-3.295284592742303342e+00
-4.091083813319192686e+00
-1.035352989998563977e+01
8.206090348575532545e+00
2.355227747404495808e+00
6.604285228428144472e-02
-1.762944673051063393e+00
4.404336866928079353e+00
1.607471724483181674e+02
5.565737156527568885e+01
-1.620929307008958631e+01
-2.912787501709460116e+02
-4.273716537189249607e+02
3.114901520581705086e+02
-1.336962323710936062e+03
7.504138316979112877e-02
1.113762396848782643e+01
3.942411238116663608e+00
5.320693524083142556e+00
-2.947053114453726721e+02
-2.239888808370902780e+02
-8.911224321510913171e+01
2.001236758344537066e+02
-1.304997169422051400e+02
-3.045463481348544406e+02
-3.503246587618789182e-02
-7.908495672229958195e+00
-4.405693971427022682e+00
-3.881290415133205585e+01
2.166544008219788111e+02
2.426904017733536136e+02
6.565784071661478549e+01
-1.335029061138549764e+02
6.051822803716532917e+01
4.046894084912503899e+02
5.203853898301601978e-03
5.704880483831045623e+00
-2.726444731261695953e+00
-3.134092544247904470e+02
-2.139801838150489299e+00
5.295251334633756812e+01
1.362017596860735921e+03
6.893369012624035577e+02
-4.350366243497571190e+02
4.367625544069199350e+03
6.352817745604115440e-02
-1.588241664898919270e+00
1.069041487675340818e+01
4.141494102626676863e+02
3.760172789875823014e+02
2.186289182047849806e+02
-3.982656907047340269e+02
-2.283353266906479803e+03
1.299487224825651538e+03
-7.798732012747473163e+03
3.644677395131951797e-02
-4.311330911884674322e+00
7.836020176321556896e+00
3.245109176571993999e+02
1.986921970920876959e+02
6.162761019637925131e+01
-4.719051333599857116e+02
-1.341082111124428593e+03
1.215798333328262743e+03
-4.691007575749259559e+03
-1.178169008732026825e-02
1.082527248473701187e+00
-2.146192814280138528e+00
1.422709345166413186e+03
-2.398189917106849123e+02
-5.763604536992930889e+02
-3.993871132037648294e+03
-7.712354748621031831e+03
4.338384819827824685e+03
-8.689936898153630318e+04
-5.777562266430299465e-01
-7.763865150920273850e-01
-2.153901152083583237e-01
-1.694750724191885008e-02
-9.588464113348463269e-02
3.446611107277977593e-02
-5.255609995437804383e-02
-3.551082089186143043e-02
-3.547775289297606244e-02
8.082177189902291226e-03
-8.035297475317325633e-01
-1.810501553860025981e+00
-7.000355880431015365e-02
3.757445721756407231e+00
7.313716212970042818e+00
-6.970922572439026688e+00
8.490502629634942622e+00
3.891026966820817723e+00
5.486840135013366648e+00
-1.008970960786152116e+00
1.082416969597652795e-01
-2.371236747825026803e-01
4.463234533624255707e-01
9.192213683906370392e+00
2.350945001033684090e+00
-5.511441555305344409e+00
-7.308804549362709402e+00
3.505191759411587782e+00
-6.895854293915213873e+00
1.504996133204721920e+00
3.194660587422169795e-02
-6.309828517809933146e+00
8.523775394093075164e+00
2.831363535702216723e+02
7.567325842330703267e+01
-1.861349002084035646e+02
-3.715918789901147647e+02
-1.357202215573806541e+02
-2.693525626669263033e+02
-1.710823442706135666e+03
-9.464522025540134109e-02
7.019896001875635783e+00
-6.094887858528572622e-01
-1.475006994721255715e+01
-1.723384029277393665e+02
1.254594766501713394e+02
-3.811147857011543465e+02
1.210674009436631451e+02
-2.047333345798943469e+02
4.017733774613954552e+02
-3.504592782392287192e-02
7.768859228253299776e+00
-4.671098255771761742e+00
-1.686574046062075354e+02
-1.414218358435965399e+02
2.428594417033826005e+02
8.635539882746341789e+01
1.228572988887872128e+02
6.168154089616713520e+01
9.542373580419243808e+02
5.250638994977643165e-02
-7.085757190291558594e+00
-8.968041976108759528e+00
-5.421438004842219698e+02
2.817221023892905691e+02
1.659445361928643479e+02
2.518749662822774098e+03
2.981762957878028715e+02
1.345873557304183123e+03
5.213578411577516817e+03
-3.614526500044547286e-02
4.636088031924313846e+00
-2.101528334037682466e+00
1.304165115815318643e+02
1.480613265895229063e+02
-1.538877612226491749e+02
-6.787664785842038917e+00
-1.130297857054799579e+03
-2.805948263779650347e+02
-8.182898908774437587e+03
3.647924171517926556e-02
-4.623301283702528686e+00
-7.653247454868778554e+00
-3.349559944063984744e+02
1.818675540273670208e+02
6.298833055194872088e+01
1.400755017045115437e+03
2.712410777511330480e+02
1.219931927464545197e+03
2.835429018674953113e+03
8.897204146463366312e-03
-8.930292652290785504e-01
-2.015771390015527409e+00
1.520720131037655847e+03
6.472788393948092107e+02
-9.193671703678045333e+02
-2.266794263534593028e+03
-7.842267480687486568e+03
-2.377647926044359338e+03
-1.067745762485208688e+05
-5.770543182272138694e-01
5.750569402618156412e-01
-5.650167505713981075e-01
9.160877606079023683e-02
3.334343707890931319e-02
3.461526967912331720e-02
5.707622191880165619e-02
-2.773165358058962693e-02
-3.551624548599134623e-02
4.715200844444207388e-03
4.957827770119972444e-01
-7.158523972418405767e-01
3.977937916264918661e-01
-1.625328739864109195e+00
6.066156562629059223e+00
-1.259678992948969123e+00
4.351216746130941004e+00
-9.697379250184884114e+00
-8.711355838158475251e+00
5.671443688450218401e-01
6.421351318706228772e-01
-7.054171353956174562e-01
1.544189866210666562e+00
1.043615720763191668e+01
-3.038769960853655139e+00
8.813879927957996685e+00
6.281748633754236977e+00
-6.261282249214146223e-01
-1.304805088155390536e+00
5.347946346061673850e-01
-9.806927030639089882e-02
-4.814400146302253436e-01
1.040020427650131651e+01
2.392546270278251654e+02
-4.009574511510802353e+01
2.022151212360027728e+02
-7.964730892740270463e+01
-2.124405799272491038e+02
-4.265724691741809238e+01
-2.161344010731926119e+03
1.972321281833046280e-02
5.138415513480597774e+00
5.230240999070077557e+00
1.010687398396859749e+02
-2.161660185072099694e+02
9.774852602299127113e+01
-3.045359673392152331e+02
4.139301883210367805e+02
3.361018228271236126e+02
-2.488169256636092541e+02
-3.521596720161232486e-02
1.279861818824963027e-01
9.080937788848936876e+00
2.070152669439092108e+02
-7.435512428445272803e+01
2.428131485820204887e+02
-1.486389110489888878e+02
9.474624850934041831e+00
5.960694306871673120e+01
-1.367652809325348926e+03
-5.761895851809235164e-02
-6.090351705660165038e+00
5.206398857626479248e+00
-1.831612260365287455e+02
3.376580281888176387e+02
-2.160238696039135107e+02
1.602721181796346173e+03
-5.048186537487095507e+02
-9.114095063054827506e+02
5.033921640577046674e+03
-2.738026492621455435e-02
-9.536172122516479277e+00
-1.122427253178060580e+00
7.431376259828385855e+01
5.084299949369745377e+02
-6.296670901892206018e+01
7.997441999423330117e+02
-2.047900418205662163e+03
-1.025815243697419419e+03
-7.486626892337239042e+03
3.653603871336666420e-02
8.934688312697179668e+00
-1.751166639089087318e-01
1.016446893188822465e+01
-3.814399487051748565e+02
6.094071708676563048e+01
-9.291350298440203233e+02
1.075943118384744366e+03
1.221056732794450681e+03
2.070115352574830922e+03
3.050027174936470117e-03
2.296556691646197412e-01
-3.851510179517852461e-01
2.276613106325639819e+03
1.382348759717017117e+02
1.529363679268907163e+03
-3.230280897974642812e+03
-9.524312927004832090e+03
-2.128685091460359672e+03
-1.239961523284204450e+05
