# -0.7J_-0.3g_0.31416theta_0.0phi_10Chi_0.01delta_500N
2.850897850978158926e-02
8.896820732654417657e-05
3.713785031533756050e-06
4.882892117351788421e-07
6.370738015549758253e-07
3.406248373420859145e-07
5.225454087679314480e-07
3.170957516679117297e-07
4.653749631843610567e-07
2.677691851816825088e-07
4.287051259697253287e-07
2.209080687714433205e-07
4.009105689488856453e-07
1.874519047282509486e-07
3.778063495425715705e-07
1.643498223368793254e-07
3.582308767079742251e-07
1.474272946743133952e-07
3.425493020371245171e-07
1.343238862800648156e-07
3.318048067412222896e-07
1.240502853501421426e-07
3.268892501044081564e-07
1.163232827243844486e-07
3.278759975455429844e-07
1.111633222400691527e-07
3.338428950241452532e-07
1.086777462408687679e-07
3.430345154968873560e-07
1.089397372808131871e-07
3.531203663001137580e-07
1.119404531496807908e-07
3.615843020588616172e-07
1.176053863692615489e-07
3.663447705358813517e-07
1.258496868793342620e-07
3.664020458117358721e-07
1.366407293414163051e-07
3.619755558445700256e-07
1.500447607650443873e-07
3.539394504785570666e-07
1.662350032850281123e-07
3.430828055954233817e-07
1.854124528617657533e-07
3.297914460867701558e-07
2.075454851280705171e-07
3.141897798413737898e-07
2.318076267502930498e-07
2.964188344712732588e-07
2.556633182467134534e-07
2.768140687704074764e-07
2.739062633210584077e-07
2.559457111310695787e-07
2.790526045991582019e-07
2.345592003634049677e-07
2.659388288849118319e-07
2.134521523079701880e-07
2.389093259551828549e-07
1.933337654153483468e-07
2.096190112320880923e-07
1.747204273977975682e-07
1.861290470351399000e-07
1.579022595819332274e-07
1.696766189600224658e-07
1.429711285926307884e-07
1.584183675817311016e-07
1.298767540220122421e-07
1.502763345889097770e-07
1.184841738026419056e-07
1.437508778427018611e-07
1.086214774599883758e-07
1.379226868293991600e-07
1.001114882082214365e-07
1.322980728109159200e-07
9.279005970434225475e-08
1.266670378311207787e-07
8.651442869440186560e-08
1.209901653753962835e-07
8.116487170558324380e-08
1.153140370190084232e-07
7.664304142196601618e-08
1.097181538100303818e-07
7.286868887525066738e-08
1.042878891115998680e-07
6.977660014466706814e-08
9.910437790732247898e-08
6.731491324663858339e-08
9.424033667786751409e-08
6.544471021718337192e-08
8.975925308865674938e-08
6.414048134165921134e-08
8.571792277213820997e-08
6.339088892641150735e-08
8.217129557769460164e-08
6.319984486435994590e-08
7.917758721715842262e-08
6.358736818055929731e-08
7.680129083660507874e-08
6.458921110465648719e-08
7.511202745400236386e-08
6.625451926805161856e-08
7.417846932218365718e-08
6.864132344108828403e-08
7.405778401855215016e-08
7.181049792745902544e-08
7.478454715186038351e-08
7.581882896254572567e-08
7.636260842379138981e-08
8.071119609399398571e-08
7.876367418827181152e-08
8.651011776401835762e-08
8.193278014316301318e-08
9.319895419083411908e-08
8.579739331729060785e-08
1.006941933285866459e-07
9.027596077658756722e-08
1.088046257197693738e-07
9.528356570571753555e-08
1.171853702469082039e-07
1.007354868432901182e-07
1.253182684135917657e-07
1.065517752291137082e-07
1.325822986359481923e-07
1.126661135897820903e-07
1.384775667908803720e-07
1.190394467732342766e-07
1.429596864427655126e-07
1.256736807078278683e-07
1.466521553730430657e-07
1.326166340662345600e-07
1.506879968140174206e-07
1.399503053336966504e-07
1.562512120098641640e-07
1.477618702505444593e-07
1.641941780865980858e-07
1.561087104538821204e-07
1.750227511501434075e-07
1.649980582913536630e-07
1.891850201275262392e-07
1.743994234212481174e-07
2.073603163714662528e-07
1.842893541403224199e-07
2.304798706417172312e-07
1.947046521468020631e-07
2.592163358058313663e-07
2.057736744894001873e-07
2.926690709101338322e-07
2.177127085285884871e-07
3.268187224486035585e-07
2.307972848614017460e-07
3.551313599002023013e-07
2.453288815788996959e-07
3.725801846454013045e-07
2.616168111440958771e-07
3.790363448976317944e-07
2.799867444334803361e-07
3.782048295757589256e-07
3.008147589501938373e-07
3.744834580145175618e-07
3.245831141060351631e-07
3.710836905113311353e-07
3.519589068047148487e-07
3.697552431763166306e-07
3.838998556896966765e-07
3.711905768162678657e-07
4.217859202567149242e-07
3.754861117190374383e-07
4.675401235236428479e-07
3.824651651218263601e-07
5.235750519327438683e-07
3.918611238903567373e-07
5.920542532221162653e-07
4.034073639230714658e-07
6.723466441847306968e-07
4.168769404876853359e-07
7.557594743326134108e-07
4.320967782024326389e-07
8.213579777587391969e-07
4.489384316843651085e-07
8.445449031465638730e-07
4.672928999962701256e-07
8.192786108328372591e-07
4.870727567652178479e-07
7.665238962041539542e-07
5.082262436613128959e-07
7.146976986185005214e-07
5.307147610320548282e-07
6.793127403485370636e-07
5.544951180479628380e-07
6.621610562642275477e-07
5.795248664881746409e-07
6.594260156865318700e-07
6.057683032001775915e-07
6.669186657865715968e-07
6.331966899418808236e-07
6.815530606597602568e-07
6.617862221053281818e-07
7.013007832355294170e-07
6.915160506466469276e-07
7.248606331379348291e-07
7.223668746803572635e-07
7.513882174303748442e-07
7.543200246718738677e-07
7.803212879631057882e-07
7.873568761620156191e-07
8.112738897373865540e-07
8.214584730501618385e-07
8.439727081962940448e-07
8.566052772348488434e-07
8.782181983525365550e-07
8.927769570336595050e-07
9.138602187997821163e-07
9.299521421626821276e-07
9.507823506870332897e-07
9.681082721792396194e-07
9.888916167079713613e-07
1.007221624030827080e-06
1.028111577152020089e-06
1.047267302436841242e-06
1.068377510067902564e-06
1.088219210142787553e-06
1.109632972834010132e-06
1.130049994958304769e-06
1.151827292641892614e-06
1.172731004170254081e-06
1.194913731293517806e-06
1.216232255410883725e-06
1.238848140290038304e-06
1.260522446008088469e-06
1.283587962393448961e-06
1.305568873059604330e-06
1.329091494883756449e-06
1.351337491240923308e-06
1.375317367261657994e-06
1.397792908961087931e-06
1.422224154195900794e-06
1.444898403558271109e-06
1.469770104839751500e-06
1.492615942952299586e-06
1.517912957045978216e-06
1.540906213461495868e-06
1.566609814770729027e-06
1.589728653675181469e-06
1.615817071975754680e-06
1.639041494187116418e-06
1.665490370376511636e-06
1.688801802678901996e-06
1.715584581962607636e-06
1.738965534202360948e-06
1.766053809794301720e-06
1.789487586210555923e-06
1.816851402636547824e-06
1.840321858099334804e-06
1.867929980531612759e-06
1.891421314970187336e-06
1.919241469278480035e-06
1.942738055399044980e-06
1.970737142639467827e-06
1.994223383015366993e-06
2.022367671244010332e-06
2.045827881615523370e-06
2.074083177696357259e-06
2.097501493705995660e-06
2.125833297297456392e-06
2.149193602211114049e-06
2.177567243931247069e-06
2.200853115144854745e-06
2.229233880811410398e-06
2.252428553091283416e-06
2.280781795586317019e-06
2.303868139225919590e-06
2.332159379477234897e-06
2.355119891657469895e-06
2.383314910102611048e-06
2.406131717881200875e-06
2.434196637531604551e-06
2.456851511113489824e-06
2.484752873267019888e-06
2.507227248185327482e-06
2.534932081723657814e-06
2.557207088830487573e-06
2.584682973877578615e-06
2.606739476023074037e-06
2.633954602655245169e-06
2.655773237140372266e-06
2.682696459742288986e-06
2.704257685591646813e-06
2.730858573381302835e-06
2.752142722698276227e-06
2.778391606823186629e-06
2.799378939443310131e-06
2.825246957031016702e-06
2.845917717786136294e-06
2.871376853251738132e-06
2.891711331255583200e-06
2.916734455062453122e-06
2.936713044441084434e-06
2.961273949550349253e-06
2.980877211043693496e-06
3.004950647181458852e-06
3.024159370146153828e-06
3.047721076006837953e-06
3.066516340370857888e-06
3.089543073811051087e-06
3.107906311543161624e-06
3.130375877799137657e-06
3.148288933504075213e-06
3.170180211517750636e-06
3.187625401768410829e-06
3.208918368497942320e-06
3.225878539602914742e-06
3.246554292416942832e-06
3.263012876253462801e-06
3.283053653287465906e-06
3.298994720957112924e-06
3.318383919396109950e-06
3.333792232414006351e-06
3.352514424672787155e-06
3.367375483421417361e-06
3.385416431123528122e-06
3.399716520396685045e-06
3.417063186068790447e-06
3.430789417454001488e-06
3.447429973916548526e-06
3.460570324871710704e-06
3.476494162191418309e-06
3.489037511651130093e-06
3.504235241647282765e-06
3.516171401994945883e-06
3.530634860180016052e-06
3.541954605538169693e-06
3.555676850494021155e-06
3.566371941157230946e-06
3.579347251264178737e-06
3.589410454284510649e-06
3.601634321769110412e-06
3.611059427619550314e-06
3.622528549943694816e-06
3.631310385201086624e-06
3.642022653696976335e-06
3.650157089811894942e-06
3.660111575675701123e-06
3.667595533791929260e-06
3.676792471353115755e-06
3.683623923247097129e-06
3.692064690605337397e-06
3.698242655804756107e-06
3.705929752881391878e-06
3.711454292022301275e-06
3.718391316052816417e-06
3.723263520620902903e-06
3.729455139218241891e-06
3.733677117736981169e-06
3.739129039552407260e-06
3.742703900409799552e-06
3.747422843587534522e-06
3.750354674604096940e-06
3.754348333048625713e-06
3.756642177996948630e-06
3.759919185663714500e-06
3.761581017873300472e-06
3.764150911197449960e-06
3.765187604476246708e-06
3.767060783078462401e-06
3.767480080134635129e-06
3.768667766003373924e-06
3.768478244563305989e-06
3.768992439833615981e-06
3.768203476706958781e-06
3.768056920272227050e-06
3.766678653546831594e-06
3.765884776621343199e-06
3.763928066235361267e-06
3.762500947113453839e-06
3.759977334028421072e-06
3.757931652172883334e-06
3.754853316378809116e-06
3.752204306048518046e-06
3.748584023599210750e-06
3.745347427219750146e-06
3.741198526567207794e-06
3.737390547978703911e-06
3.732726865780117136e-06
3.728364123590814523e-06
3.723199960232923103e-06
3.718299441419160210e-06
3.712649516426650793e-06
3.707228530375028283e-06
3.701107937960303606e-06
3.695184071055219907e-06
3.688608235947783754e-06
3.682199306946158144e-06
3.675183940678844983e-06
3.668307956937233645e-06
3.660869014801002643e-06
3.653544129516190064e-06
3.645697768300587897e-06
3.637942238897090949e-06
3.629704775569038230e-06
3.621536923343508465e-06
3.612924794805286195e-06
3.604362965902085826e-06
3.595392689947997127e-06
3.586455217798026965e-06
3.577143355367563868e-06
3.567848524643028670e-06
3.558211643470656896e-06
3.548577655629218577e-06
3.538632295373373218e-06
3.528677235851392512e-06
3.518439874781964794e-06
3.508181681890363415e-06
3.497668705157289644e-06
3.487125140692119268e-06
3.476352810284774594e-06
3.465541431906278823e-06
3.454525858257844572e-06
3.443463993633293372e-06
3.432221108972871822e-06
3.420925831701362695e-06
3.409471365102594243e-06
3.397959472401750968e-06
3.386308926585490840e-06
3.374596918750208074e-06
3.362765548590186914e-06
3.350869610197032201e-06
3.338872402950680098e-06
3.326808385764440764e-06
3.314660042978022255e-06
3.302443450555841435e-06
3.290158371654318700e-06
3.277804345588498766e-06
3.265396613072052434e-06
3.252919920829689592e-06
3.240403287063692739e-06
3.227818311384321581e-06
3.215206186942362202e-06
3.202526916740604588e-06
3.189832360216167898e-06
3.177072382909898904e-06
3.164308092195195835e-06
3.151480587440088050e-06
3.138658892365119137e-06
3.125776627092596605e-06
3.112909483411118105e-06
3.099984808141202424e-06
3.087083792753102205e-06
3.074128639102881203e-06
3.061204946498937939e-06
3.048230825808032375e-06
3.035295265643534610e-06
3.022313268680421261e-06
3.009376264428626854e-06
2.996397062088562748e-06
2.983468650689789215e-06
2.970502495635697832e-06
2.957592328112347886e-06
2.944649057275450999e-06
2.931766400210745309e-06
2.918855438100590715e-06
2.906009175944503290e-06
2.893139538711742247e-06
2.880338176852350379e-06
2.867518477032192412e-06
2.854770145547214818e-06
2.842008597405601530e-06
2.829321055480759379e-06
2.816625480981219435e-06
2.804006121867871477e-06
2.791383957080427267e-06
2.778839813648750029e-06
2.766298115670425446e-06
2.753835866365660822e-06
2.741381320629335446e-06
2.729007295891109932e-06
2.716646223828488882e-06
2.704366412902499229e-06
2.692104779923518855e-06
2.679924837949918388e-06
2.667768261690298457e-06
2.655693517136650481e-06
2.643647275931702414e-06
2.631682738218124957e-06
2.619751779771237459e-06
2.607902147140057645e-06
2.596091097287620000e-06
2.584360764816232878e-06
2.572673936498424102e-06
2.561067004258873261e-06
2.549508406482334129e-06
2.538028687769064913e-06
2.526602034663692294e-06
2.515253064349923575e-06
2.503961784214581341e-06
2.492746827080137372e-06
2.481594071481338621e-06
2.470516130585356266e-06
2.459504783343167782e-06
2.448566608402004952e-06
2.437699294588131560e-06
2.426903390257689255e-06
2.416182485078740754e-06
2.405531119256935166e-06
2.394958756854263896e-06
2.384453968834116212e-06
2.374032050969422070e-06
2.363675659555358663e-06
2.353405864151246924e-06
2.343199475613501907e-06
2.333083265174067298e-06
2.323028281105797408e-06
2.313066910948316449e-06
2.303164535964536770e-06
2.293359062287181732e-06
2.283610311574657501e-06
2.273961599335191575e-06
2.264367306029073203e-06
2.254876036624056711e-06
2.245436858991102881e-06
2.236103537728645360e-06
2.226819966186615559e-06
2.217644929511023008e-06
2.208517293410309172e-06
2.199500715948847599e-06
2.190529190146902871e-06
2.181671091454971533e-06
2.172855702692205081e-06
2.164155953772044864e-06
2.155496586770526445e-06
2.146954916338764775e-06
2.138451319679982017e-06
2.130067320126276288e-06
2.121719111864137428e-06
2.113492244951891810e-06
2.105298917945881031e-06
2.097228520193705977e-06
2.089189447166775481e-06
2.081274734925126336e-06
2.073389173206524345e-06
2.065629247391966266e-06
2.057896343362886484e-06
2.050290193839695084e-06
2.042708987019754962e-06
2.035255496620666087e-06
2.027824923402713530e-06
2.020522871530505657e-06
2.013241768536493253e-06
2.006089834347308832e-06
1.998956941357761539e-06
1.991953706480431731e-06
1.984967668901685290e-06
1.978111619648872626e-06
1.971270990506028587e-06
1.964560519524516511e-06
1.957863760902218167e-06
1.951297168219018322e-06
1.944742652088717722e-06
1.938318145478013517e-06
1.931904153860943993e-06
1.925619848453303484e-06
1.919344572831775232e-06
1.913198489855626180e-06
1.907060029718398161e-06
1.901050094293944060e-06
1.895046454720982394e-06
1.889170492533424246e-06
1.883299580668090032e-06
1.877555313392038854e-06
1.871814933632393188e-06
1.866199972891512473e-06
1.860587820618743479e-06
1.855099660266130412e-06
1.849613313844446695e-06
1.844249320293697275e-06
1.838886231092047081e-06
1.833643631356837712e-06
1.828401111418041723e-06
1.823276978482974059e-06
1.818152185456473358e-06
1.813143420501305452e-06
1.808133339344423311e-06
1.803236650272510527e-06
1.798338071118356482e-06
1.793549946686048386e-06
1.788759438179942790e-06
1.784076116973274067e-06
1.779389994239507015e-06
1.774807427456721733e-06
1.770221713664268753e-06
1.765735520605256269e-06
1.761245900903001948e-06
1.756851315739469468e-06
1.752453082114376773e-06
1.748144890314093196e-06
1.743832875628492801e-06
1.739605338021043820e-06
1.735373837144221550e-06
1.731220599350423793e-06
1.727063274925221420e-06
1.722977259356354646e-06
1.718887029338148712e-06
1.714860306611773241e-06
1.710829210217089324e-06
1.706852846286557772e-06
1.702871884510242595e-06
1.698935759353688520e-06
1.694994705756356833e-06
1.691087299032325934e-06
1.687174476054446931e-06
1.683282614865667118e-06
1.679384630763551187e-06
1.675493194581276965e-06
1.671594636190702729e-06
1.667686214606819595e-06
1.663769291847707765e-06
1.659823792056345148e-06
1.655867931915730419e-06
1.651862135487227101e-06
1.647843526415231270e-06
1.643750599631491108e-06
1.639641692928389383e-06
1.635430662458041848e-06
1.631199646186883349e-06
1.626834863570654330e-06
1.622445138026846251e-06
1.617885773601647459e-06
1.613295476940960405e-06
1.608495107829692987e-06
1.603656767250014030e-06
1.598563155852530084e-06
1.593423574311497245e-06
1.587978773033586185e-06
1.582479302629135180e-06
1.576620264325614814e-06
1.570697660372185256e-06
1.564357574456168589e-06
1.557945658828283843e-06
1.551056255751402809e-06
1.544088626212971608e-06
1.536583674940046799e-06
1.528997652991688863e-06
1.520817787250908895e-06
1.512559669864386591e-06
1.503658489625654723e-06
1.494689935481509936e-06
1.485041026143421450e-06
1.475346065554127477e-06
1.464950184518665463e-06
1.454541944390967656e-06
1.443433229769014399e-06
1.432359125422259581e-06
1.420608934760265656e-06
1.408952963339150009e-06
1.396670024616476303e-06
1.384551052292661263e-06
1.371877115634406333e-06
1.359442728631670213e-06
1.346543797438033873e-06
1.333960249207457392e-06
1.321014501076941419e-06
1.308454230825156878e-06
1.295638551292449889e-06
1.283267326019205324e-06
1.270744665416490855e-06
1.258710395861816243e-06
1.246619829821423002e-06
1.235044561606091462e-06
1.223495153030113620e-06
1.212470882231162994e-06
1.201539522964876258e-06
1.191127646814225492e-06
1.180860302392403456e-06
1.171093927893381311e-06
1.161509284125282552e-06
1.152397365418771018e-06
1.143491788663085983e-06
1.135024099820141135e-06
1.126776976337119825e-06
1.118929135827076547e-06
1.111307922757937359e-06
1.104045954224214469e-06
1.097010552140722869e-06
1.090294713252437578e-06
1.083800998056340526e-06
1.077588796538756024e-06
1.071591305982349582e-06
1.065839742388686040e-06
1.060293604027967252e-06
1.054960744604376607e-06
1.049822973022660565e-06
1.044868979382416278e-06
1.040099278333985651e-06
1.035487019077007474e-06
1.031048213256263506e-06
1.026743568081283525e-06
1.022601769866523092e-06
1.018573717132469949e-06
1.014698312224265755e-06
1.010918871094511178e-06
1.007282386973897655e-06
1.003726467542547047e-06
1.000304371683029215e-06
9.969495718048533228e-07
9.937200329040981300e-07
9.905464088677711516e-07
9.874900439007105442e-07
9.844798733162539396e-07
9.815794954150847901e-07
9.787170442360147615e-07
9.759574207510189804e-07
9.732287217126545115e-07
9.705963478678098774e-07
9.679889944072428312e-07
9.654718852290502929e-07
9.629748427305495468e-07
9.605623441209863210e-07
9.581657789012906425e-07
9.558483975546947006e-07
9.535435230556500335e-07
9.513127742055920130e-07
9.490917133162510309e-07
9.469399848893615950e-07
9.447956470060816190e-07
9.427160785502142598e-07
9.406420498280455446e-07
9.386284245248661714e-07
9.366188697423689030e-07
9.346655178005417255e-07
9.327150922670777342e-07
9.308168040598002283e-07
9.289205740623219316e-07
9.270725214368757073e-07
9.252258917630027833e-07
9.234235560355039434e-07
9.216222031997858107e-07
9.198613084004327210e-07
9.181011182378611201e-07
9.163775682485375420e-07
9.146545765834626355e-07
9.129643948255883974e-07
9.112747299465434188e-07
9.096140002917105319e-07
9.079538259441240251e-07
9.063186335137446959e-07
9.046840911060972185e-07
9.030704615731903493e-07
9.014576102180617891e-07
8.998614461388271814e-07
8.982661990685144159e-07
8.966832117025777325e-07
8.951012674654642500e-07
8.935269023634009238e-07
8.919536690825745533e-07
8.903830235871806201e-07
8.888135343533137850e-07
8.872412649736249082e-07
8.856700822847604550e-07
8.840902996904453513e-07
8.825114066396471978e-07
8.809175558701121079e-07
8.793242316031532198e-07
8.777089549247487032e-07
8.760936318018881505e-07
8.744486116182670192e-07
8.728027115194646808e-07
8.711184908770192465e-07
8.694322383222930082e-07
8.676980170100273621e-07
8.659602273958131852e-07
8.641636325343223824e-07
8.623614749567587607e-07
8.604883066641133175e-07
8.586070428323088150e-07
8.566409982636833089e-07
8.546637023171018056e-07
8.525860856294091390e-07
8.504933546730258884e-07
8.482827868231376361e-07
8.460524593679315862e-07
8.436846106540889421e-07
8.412915204294489264e-07
8.387389010433266770e-07
8.361547074120427320e-07
8.333865671938152344e-07
8.305797207414346800e-07
8.275621286512469694e-07
8.244980506583804176e-07
8.211942455868046826e-07
8.178358207772897904e-07
8.142069446457625284e-07
8.105154429420734493e-07
8.065217780097842258e-07
8.024583249680541118e-07
7.980611496117141975e-07
7.935888451058315722e-07
7.887529827953696381e-07
7.838397094859433970e-07
7.785367605679929592e-07
7.731586161257260317e-07
7.673707234168228461e-07
7.615158511563975828e-07
7.552396656865028205e-07
7.489120652108099574e-07
7.421623801591835113e-07
7.353850981452556966e-07
7.281974684728595270e-07
7.210144707220251096e-07
7.134461119246693407e-07
7.059221969356195003e-07
6.980506241911510577e-07
6.902689990389037682e-07
6.821882376894877902e-07
6.742458109375042057e-07
6.660605060667461490e-07
6.580614480493187211e-07
6.498796764772438620e-07
6.419281932743416247e-07
6.338540716776258536e-07
6.260474961219457917e-07
6.181746832310459478e-07
6.105978553337944850e-07
6.030047753887467735e-07
5.957263288645632161e-07
5.884735102111457279e-07
5.815442382245161668e-07
5.746737176831965859e-07
5.681268012819051993e-07
5.616632145003650468e-07
5.555158509250244799e-07
5.494686654033906903e-07
5.437245498042865678e-07
5.380908877581415620e-07
5.327430464982083446e-07
5.275106379551187697e-07
5.225442284096978759e-07
5.176941723743240478e-07
5.130890008528868146e-07
5.085981490044393497e-07
5.043307805466247062e-07
5.001736684380969573e-07
4.962190938044965651e-07
4.923694208296621757e-07
4.887023047981816672e-07
4.851340087996469968e-07
4.817295751943345639e-07
4.784175679415553991e-07
4.752521883539307251e-07
4.721728222530526200e-07
4.692243746942736789e-07
4.663557059490813980e-07
4.636037623105077568e-07
4.609256661964869609e-07
4.583515574517212495e-07
4.558457406140948113e-07
4.534325384554823848e-07
4.510824829160814224e-07
4.488149272470595383e-07
4.466057919914659136e-07
4.444701859168692702e-07
4.423886847225342152e-07
4.403727724588984846e-07
4.384070410167720259e-07
4.364998793855744356e-07
4.346393405303596422e-07
4.328311710853641968e-07
4.310664038258790765e-07
4.293485301236881229e-07
4.276711459405514082e-07
4.260358185820035302e-07
4.244383468924615375e-07
4.228786577048435224e-07
4.213544413396384675e-07
4.198642272016194474e-07
4.184073280296473652e-07
4.169810842886097284e-07
4.155861986841937782e-07
4.142190017646662874e-07
4.128813853462081174e-07
4.115688239383806240e-07
4.102842248640827825e-07
4.090223389972102510e-07
4.077869390527556879e-07
4.065721662984138260e-07
4.053825289895266591e-07
4.042116570831035339e-07
4.030646819789187273e-07
4.019348071462031478e-07
4.008276897826783529e-07
3.997361801162022444e-07
3.986663767904901548e-07
3.976108400964253850e-07
3.965760369796033330e-07
3.955542925408739704e-07
3.945523785690869137e-07
3.935624323458473303e-07
3.925914754226915171e-07
3.916314982709135898e-07
3.906897243604644704e-07
3.897580328686154249e-07
3.888438076172173699e-07
3.879388472442870198e-07
3.870506597928603429e-07
3.861709900016266351e-07
3.853074387249333840e-07
3.844517198569385941e-07
3.836114997509213529e-07
3.827784814155487384e-07
3.819603729462495558e-07
3.811488837193675786e-07
3.803517429184494786e-07
3.795606811832356471e-07
3.787834308313237245e-07
3.780117566074310950e-07
3.772533783573564156e-07
3.765001059770677249e-07
3.757596332869261275e-07
3.750238248072934772e-07
3.743003365687316544e-07
3.735810958092758605e-07
3.728737105720395595e-07
3.721701776934609342e-07
3.714780483924829350e-07
3.707893949194247494e-07
3.701117040270964887e-07
3.694371282560383821e-07
3.687730832900102634e-07
3.681118060021262301e-07
3.674606353181432028e-07
3.668118957474046993e-07
3.661728445577247637e-07
3.655358965457120588e-07
3.649082231127046315e-07
3.642823314095010054e-07
3.636653033578188859e-07
3.630497400069923314e-07
3.624426307045943181e-07
3.618366714716075207e-07
3.612387564342468570e-07
3.606416772338411010e-07
3.600522305028863601e-07
3.594633037671028236e-07
3.588815942127624540e-07
3.583000851656179331e-07
3.577253726738340936e-07
3.571505354527921296e-07
3.565820669357436715e-07
3.560131405186767917e-07
3.554501457074217143e-07
3.548863495845152165e-07
3.543280365358705167e-07
3.537685660770886904e-07
3.532141163505662105e-07
3.526581377969229027e-07
3.521067012266677554e-07
3.515533462502784457e-07
3.510040352457165079e-07
3.504523950009972991e-07
3.499042783051076041e-07
3.493533968937723564e-07
3.488054927096523727e-07
3.482543599761221926e-07
3.477056283837813680e-07
3.471531719452927363e-07
3.466025065011947201e-07
3.460475829176795931e-07
3.454938013428907717e-07
3.449351863197145160e-07
3.443770201625616173e-07
3.438133976683615053e-07
3.432494808272075848e-07
3.426794310212819635e-07
3.421082870121427110e-07
3.415302728510807546e-07
3.409503007023239546e-07
3.403626531215702983e-07
3.397721117818518155e-07
3.391730133501929176e-07
3.385700045210990713e-07
3.379574714687036974e-07
3.373399207884263698e-07
3.367117833831585414e-07
3.360774199366951272e-07
3.354313011856824212e-07
3.347776353773114430e-07
3.341109281553863910e-07
3.334352280734927616e-07
3.327450708574552329e-07
3.320443373980322269e-07
3.313275889511856289e-07
3.305985301333734607e-07
3.298517437034296039e-07
3.290907488658354418e-07
3.283101467136426288e-07
3.275132615875292861e-07
3.266947110458695459e-07
3.258576151107703218e-07
3.249966078172779890e-07
3.241145958588874918e-07
3.232062323781313203e-07
3.222742027859681544e-07
