# -0.95J_-0.05g_0.15708theta_0.15708phi_10Chi_0.01delta_500N
-9.998455060771062053e-01
-1.757741677605280384e-02
-1.431439571128148742e-04
-2.801303452015918832e-04
5.815418998362279309e-06
-4.517070786970286148e-08
-6.206718783097385032e-08
-3.010839109623123206e-07
-6.045509873762700121e-07
-4.279368580750042812e-07
-1.752514590155851079e-02
-1.298007498543714451e-02
7.385940867952071054e-01
4.399130358029789134e-01
1.157732770516573773e+01
6.027490673364302864e+01
-4.128682968963316213e+00
1.637640321628281104e+00
2.953078673224838440e+02
7.683189776811382821e+00
-5.062922984595194520e-04
1.071177601286999792e+00
-1.005976704684513834e+02
-3.577458687487595768e+01
-3.220351316375541046e+03
-1.223999800491751375e+04
-3.468583505398670968e+04
2.924429181424499902e+01
-8.573878616561916715e+04
-7.894525742355052898e+03
-1.518461882062201629e-04
2.887178870765097494e-01
-1.016299610516372631e+01
-5.106827710654892627e+01
-2.287365925210106980e+03
-2.545728303430738379e+03
2.468670769891272357e+04
-1.163472399856863149e+03
-4.590588011537696730e+03
-1.000871149323466125e+04
1.137484593834743207e-05
1.091119067783878371e+01
-2.006538515914832260e+03
-2.761002885545002755e+03
-5.295227162708636606e+05
-8.184808643674073974e+05
-8.651024143202094361e+06
-4.935775659950708039e+06
-2.480729888352629787e+05
-1.558274659559740219e+06
1.755670213835832194e-05
1.564270402429699303e+01
-2.654997980610451123e+03
-1.273197477956269267e+03
-4.688339578178742086e+05
-1.486672880144528672e+07
-2.404531514482028484e+08
3.682191902305781376e+06
1.186343750523206592e+08
1.264962471426619403e+07
7.280977579231736699e-06
-4.532266259373409767e+00
3.431958293658789626e+04
-2.651335016975153121e+04
5.583750242135606706e+06
1.651548020533569455e+08
2.760666528642494202e+09
8.998227871851414442e+06
-1.319865657564836264e+09
-1.620004743624182940e+08
1.576381607490620691e-06
6.032399415546225718e+00
-9.964072343167160852e+02
7.647486078916550696e+02
4.883326915216764435e+06
-4.038373590556888375e+06
1.845494843598205224e+07
1.483862895116274059e+08
9.776365269965464249e+06
-4.245922999852377176e+07
-1.374223448393332493e-04
-4.888239429558074676e+02
8.852922053212346509e+04
2.325035637516657880e+04
4.258181335396812297e+06
-6.519187615982674062e+07
-1.319759310388598442e+09
2.319252880360323563e+07
9.041193867483385801e+08
1.200103292271432579e+08
-8.502792606191999291e-06
-2.664242995742790754e+01
-1.464402600770142726e+03
-1.583178598504274305e+04
-3.098413666503462009e+06
3.946302058757569175e+06
1.290559869499713629e+08
3.884324829137732089e+07
-8.875670233344575763e+07
-1.562729139991925955e+08
-3.075502355880998314e-04
2.077078667931695280e-02
-9.584049409465371649e-01
2.841773511896514837e-01
1.898737322329063348e-03
1.628397337994053756e-02
-1.269658307142958317e-03
6.435932469446943235e-04
-7.407883588222066848e-04
3.191235900611423494e-04
1.444606167754479767e-02
-1.447127449017308498e+00
6.002613702588989497e+01
2.095392512701090837e+01
5.603009493695489027e+02
3.046337406564033245e+03
-3.733481092469467626e+02
1.144262345317912093e+02
-4.131799962890494271e+02
3.386505982288080219e+01
-9.171096600765320517e-01
9.752833876485844655e+01
-7.969282869865398425e+03
-7.905074579989877748e+02
-1.979696074661104358e+05
-7.913309016601879848e+05
-1.957725051838376326e+06
-8.831382967965311082e+02
-4.179586189219648950e+06
-3.734030889316204120e+05
3.134760408904657680e-01
3.163289316922925476e+00
1.116321950200190258e+03
-4.108203122310965227e+03
-1.174842667824809614e+05
-5.479456093355156918e+04
1.411055745747620240e+06
-6.312739211311120744e+04
1.275715554459357169e+06
-4.899480896973981871e+05
5.544165377794225795e-03
6.664127143290078266e+02
-1.211319963776770601e+05
-1.659038379555642605e+05
-3.087893371914797276e+07
-4.719313428892315924e+07
-4.954347976048704982e+08
-2.816597293373385668e+08
6.149575599387986213e+07
-9.670618435346491635e+07
2.862740790730582130e-02
2.901127789074216707e+03
-2.770766170101255993e+05
-2.552192935786802555e+05
-3.654830097377156466e+07
-8.803456443184788227e+08
-1.367156485288799858e+10
2.125131711531897783e+08
6.744896474607279778e+09
3.294030557968990207e+08
2.408276415979320861e-03
2.723198048632468158e+02
1.930002402205586666e+06
-1.557410995589818805e+06
3.182357777994536757e+08
9.390312570119134903e+09
1.570539834852483826e+11
4.614654044543818831e+08
-7.614680059527319336e+10
-5.324785617246869087e+09
-8.233914766988940405e-04
-8.039355632388723905e+01
-3.751862079092403292e+04
7.990391779401509848e+04
2.802361750151307583e+08
-2.320659599121598899e+08
9.977551301803373098e+08
8.476809620549575806e+09
2.358577152587895095e+08
-2.402645501104966640e+09
-5.429544032395086574e-05
6.155187783393446210e+01
4.072738086479809135e+06
-1.142500340577440104e+06
1.565508639133267999e+08
-3.758316950452715397e+09
-7.573692211334652710e+10
1.036802862582740426e+09
5.192697637498976135e+10
5.026121191126405716e+09
2.387435486477937829e-04
1.825282244465374859e+01
-1.464537632643263205e+05
-9.981003814696742920e+05
-1.964128989951855242e+08
-2.359645216051285863e+08
1.755465958455745578e+08
2.181189553269943714e+09
-1.940827490476514578e+09
-5.981988019568924904e+09
-1.757482635603860657e-02
9.990113164459664130e-01
2.989548337822991314e-02
2.780008265255273434e-02
-1.001646682528813549e-03
-1.204169642155117624e-04
1.848137028093392706e-05
5.402801600848035379e-05
1.290992482570262696e-05
9.964358460241924307e-05
9.739068495246127055e-01
-1.108161616521112052e+02
8.922154215515872693e+02
3.018843563039256424e+03
-1.224675892869633600e+02
-1.538701486687046049e+01
3.320525378335335898e+00
6.962629471537003845e+00
3.519137675743820637e+00
1.396730853182065069e+01
2.432107116209755726e-02
9.900938442561446209e+02
-2.735698598710479564e+04
-1.016497162345645338e+05
-2.246581330746689811e+06
2.980845658109827782e+05
3.385142296242336784e+02
7.139859099469309440e+05
-2.744347084035048611e+05
4.022417183175180573e+06
2.777872736500434578e-02
2.904535724837606722e+03
-8.664140292345038324e+04
-3.296729491107530775e+05
-9.582529845397908241e+06
1.905876216608105693e+06
-4.746665676973469817e+04
-1.724530861041182361e+05
4.998518201192788547e+05
-5.062510946012910455e+06
-1.058421955693907837e-03
-1.153186015774949311e+02
-1.886522723997058580e+06
-9.585811601424522698e+06
-1.501826345968549252e+09
9.300420452412579060e+08
-5.446068971520955116e+07
-1.568205841009791374e+10
1.953831913726039827e+08
-3.503307898098092079e+09
-1.312808728188992176e-04
-8.486434517063029759e+00
3.796987926047219662e+05
2.243775622678460553e+06
8.329228740444415808e+08
-7.103564333399323225e+08
3.957589764576571435e+07
1.542626653508774376e+10
9.616274905064629018e+07
-2.174470032948299646e+08
-1.621243984939879244e-05
-1.856263338570198318e+00
1.280750453942667082e+04
9.780772343952459050e+04
5.211697071446464211e+07
-4.229967649196480215e+07
5.113894208038937300e+07
9.334986344091883898e+08
-2.341663983498276770e+07
5.994524440625535697e+07
-1.235027991190153966e-04
-6.228432271814678955e+00
-4.342755784013814409e+05
-2.336482318996076356e+05
1.560846624453021622e+10
-1.722794448505836487e+10
1.084323277112812519e+09
4.818718872315932007e+11
1.379989201465388680e+10
-1.438825875523549194e+11
1.107768437676137157e-05
-1.755355977375228971e+00
3.100358603793377915e+04
-2.339651729549541487e+05
-1.471214467393181287e+07
-6.830407676160123944e+07
-1.832796529123417288e+07
8.349248070944103241e+09
9.614611793136144876e+08
-1.116484085242510605e+10
9.633790376378076857e-04
1.436460109027385634e+01
3.860047103351701517e+06
-4.116150417355368845e+06
-5.728145099736304283e+09
2.469839260312694550e+09
-1.508647992249953449e+08
1.385601163560214844e+11
2.463463590816953659e+10
-2.996591654488067017e+11
