# -0.4J_-0.6g_0.99484theta_1.0472phi_10Chi_0.01delta_500N
2.094090689774268099e-02
9.646602867346871786e-05
4.790317911513540799e-06
3.734258216642330305e-07
5.089695284899442046e-07
2.804043816620951151e-07
3.602331958161440774e-07
2.634280668511528586e-07
2.890598565550757543e-07
2.497635812337616657e-07
2.492193218571904898e-07
2.375395817504194266e-07
2.246652561509109460e-07
2.262804080366713481e-07
2.084419318756044232e-07
2.158156028715424185e-07
1.971886427352285469e-07
2.060701325040954267e-07
1.891317915350535723e-07
1.970074623922408079e-07
1.832626701824553821e-07
1.886101635784285312e-07
1.789654797352144655e-07
1.808715944864817426e-07
1.758327857298499868e-07
1.737915244756512647e-07
1.735652591345137480e-07
1.673730960349150721e-07
1.719128693241307761e-07
1.616199151864555330e-07
1.706389895349270712e-07
1.565328439917304498e-07
1.694989919198319301e-07
1.521065549991613320e-07
1.682308305016885734e-07
1.483260249645260605e-07
1.665602267015085607e-07
1.451630585245514763e-07
1.642258777761262391e-07
1.425728693995086914e-07
1.610271114363582695e-07
1.404908223262733326e-07
1.568854427876626413e-07
1.388296592057318491e-07
1.518960078609860396e-07
1.374778823496029533e-07
1.463371764827801117e-07
1.363003866799729238e-07
1.406205943551040398e-07
1.351427195188001571e-07
1.351962651124670199e-07
1.338401492895441283e-07
1.304528637966316707e-07
1.322317900916573509e-07
1.266511715074839335e-07
1.301784008038735063e-07
1.239037537381508849e-07
1.275806433502232534e-07
1.221910125314101037e-07
1.243933614724549207e-07
1.213952164701304161e-07
1.206316275572078541e-07
1.213374763777274104e-07
1.163661855195921193e-07
1.218098957057590945e-07
1.117089313733082904e-07
1.226005271059693061e-07
1.067920134328437508e-07
1.235115931629236446e-07
1.017458554735240879e-07
1.243720967602598227e-07
9.668111189283276941e-08
1.250454502302778547e-07
9.167797618704983681e-08
1.254324746473293723e-07
8.678391329271624978e-08
1.254703505850300365e-07
8.201871457895639927e-08
1.251285786314525399e-07
7.738426378427368323e-08
1.244032054296407417e-07
7.287576973901688983e-08
1.233105360408661857e-07
6.849140518180303680e-08
1.218808500469490409e-07
6.423796596455935233e-08
1.201531944631768256e-07
6.013263268732092949e-08
1.181709708015482609e-07
5.620057094672184635e-08
1.159783571706902870e-07
5.247037846986300702e-08
1.136175345389140808e-07
4.896906543424342212e-08
1.111265540478000642e-07
4.571797438749147861e-08
1.085377407326815261e-07
4.273036354185575709e-08
1.058765610968898602e-07
4.001071546920029423e-08
1.031609082143719855e-07
3.755540520458292925e-08
1.004007776669619204e-07
3.535420303328874753e-08
9.759832739913046772e-08
3.339212178851196472e-08
9.474834244592267119e-08
3.165124619612617329e-08
9.183916729274777148e-08
3.011232711764007849e-08
8.885422164685178841e-08
2.875604361275447675e-08
8.577426516147212023e-08
2.756391703667348709e-08
8.258058790366812524e-08
2.651891083627368183e-08
7.925921588063841786e-08
2.560577574332110049e-08
7.580599645977994863e-08
2.481120633186910927e-08
7.223164787230623774e-08
2.412386561696363967e-08
6.856575961131638943e-08
2.353431980542777078e-08
6.485799192777597047e-08
2.303493287605077960e-08
6.117480646197214123e-08
2.261974317082195258e-08
5.759161113920684291e-08
2.228431016390016635e-08
5.418237510006483823e-08
2.202553476330251471e-08
5.100964054818330812e-08
2.184146704081053061e-08
4.811724804925737428e-08
2.173113306912615754e-08
4.552730458598640481e-08
2.169440401652418540e-08
4.324160253436139205e-08
2.173189749656212924e-08
4.124639416457025375e-08
2.184488601435625037e-08
3.951884690058028097e-08
2.203519316870201728e-08
3.803374802494256667e-08
2.230507140201263943e-08
3.676950601422748575e-08
2.265707223624967049e-08
3.571276651988646442e-08
2.309393643965428859e-08
3.486115576979716454e-08
2.361854155904889917e-08
3.422405505323143842e-08
2.423394397824987723e-08
3.382180565608352807e-08
2.494354076410246320e-08
3.368406655932130602e-08
2.575135462678128984e-08
3.384812007786005428e-08
2.666241688047589355e-08
3.435787593353819096e-08
2.768318912357476610e-08
3.526428604866709441e-08
2.882191717307793625e-08
3.662783251017337196e-08
3.008873130054323367e-08
3.852355133932636228e-08
3.149516367358766580e-08
4.104852951654086576e-08
3.305250586740553483e-08
4.433069370242564926e-08
3.476804106862700697e-08
4.853522240707787573e-08
3.663768465298975480e-08
5.385898360315605879e-08
3.863321437537642939e-08
6.048998783961682987e-08
4.068296576010284245e-08
6.848451247044979905e-08
4.264879370822716056e-08
7.749452948492902797e-08
4.431265186367014911e-08
8.635069220286401817e-08
4.540285510348035725e-08
9.284961726557552194e-08
4.569266771287101558e-08
9.453568492905505064e-08
4.514779113323691071e-08
9.055054687513934890e-08
4.399900547785967302e-08
8.257666667386246593e-08
4.263388141165453317e-08
7.343934392059532369e-08
4.139377223789684645e-08
6.521579917346897790e-08
4.045401932805672296e-08
5.872514451270438198e-08
3.983594411569842280e-08
5.397922446390102106e-08
3.947835102590093139e-08
5.068259550503851565e-08
3.929975861243286243e-08
4.849766826255446711e-08
3.923079572922398508e-08
4.713783906478716117e-08
3.922408246986389374e-08
4.638310791412643050e-08
3.925324974149135573e-08
4.607019805816844432e-08
3.930842114718255145e-08
4.607806688195784805e-08
3.939129045316412062e-08
4.631539511716710794e-08
3.951075654591215601e-08
4.671134322627072428e-08
3.967938550528041294e-08
4.720927756295564790e-08
3.991082338975727969e-08
4.776287969866064104e-08
4.021798707060652478e-08
4.833413136818478085e-08
4.061184762363174048e-08
4.889276757653826452e-08
4.110079998181695649e-08
4.941690634836779810e-08
4.169046800429721160e-08
4.989433900646013715e-08
4.238385275537159783e-08
5.032370992949516921e-08
4.318172230250437034e-08
5.071485066603948938e-08
4.408312162053699288e-08
5.108770057443104767e-08
4.508590345987477034e-08
5.146964654107414809e-08
4.618721311023988257e-08
5.189169463587576712e-08
4.738385877171945319e-08
5.238432913568942729e-08
4.867259899841324561e-08
5.297404935025008988e-08
5.005034529552668738e-08
5.368120105534977552e-08
5.151426625614070456e-08
5.451927471079558702e-08
5.306185233624237575e-08
5.549539460599065873e-08
5.469094855749590325e-08
5.661151850391542767e-08
5.639975772040988684e-08
5.786588053312832556e-08
5.818682118207381765e-08
5.925434795866587164e-08
6.005098807170515957e-08
6.077152339313440764e-08
6.199138306024514097e-08
6.241154999281501534e-08
6.400737627261367568e-08
6.416863649261506583e-08
6.609853545423908239e-08
6.603737439866247995e-08
6.826461878329816504e-08
6.801288542350360404e-08
7.050554429092268688e-08
7.009084972646675096e-08
7.282136976234613251e-08
7.226750126799840424e-08
7.521227588537957509e-08
7.453960146845581951e-08
7.767855174277705111e-08
7.690438277248700128e-08
8.022058177747857499e-08
7.935949259319878630e-08
8.283883349866225343e-08
8.190295275746403075e-08
8.553384667167190215e-08
8.453313718062241804e-08
8.830622180521391592e-08
8.724875352132995236e-08
9.115660687611062259e-08
9.004883461162712011e-08
9.408569498660616408e-08
9.293271785647530812e-08
9.709421643917711868e-08
9.590001628638419223e-08
1.001829345481277157e-07
9.895058578839795225e-08
1.033526418141097895e-07
1.020844934449893853e-07
1.066041559883819667e-07
1.053019865475552648e-07
1.099383161607207923e-07
1.086034613586603267e-07
1.133559791172562029e-07
1.119894335689090505e-07
1.168580160667128493e-07
1.154605125043635655e-07
1.204453097181507434e-07
1.190173796471752699e-07
1.241187517039679951e-07
1.226607711949966513e-07
1.278792402659691662e-07
1.263914640880057958e-07
1.317276782260504586e-07
1.302102649321705622e-07
1.356649711550754718e-07
1.341180013210943223e-07
1.396920257631273350e-07
1.381155151890746730e-07
1.438097484557079883e-07
1.422036579033793728e-07
1.480190440334264059e-07
1.463832868182372150e-07
1.523208145252318343e-07
1.506552633548463703e-07
1.567159607815668286e-07
1.550204550449747270e-07
1.612053759482468501e-07
1.594797214480083417e-07
1.657899454689015477e-07
1.640339247523242749e-07
1.704705504110391758e-07
1.686839254821396995e-07
1.752480644956899831e-07
1.734305808409356581e-07
1.801233533433167879e-07
1.782747435407735150e-07
1.850972737500400158e-07
1.832172607251634174e-07
1.901706729903748414e-07
1.882589730052182787e-07
1.953443881553259737e-07
1.934007203406025518e-07
2.006192528209204491e-07
1.986433438606761740e-07
2.059960784890382098e-07
2.039876326926462654e-07
2.114756651264408528e-07
2.094343920398628664e-07
2.170588034273459212e-07
2.149844174582035764e-07
2.227462785928344728e-07
2.206385059473938038e-07
2.285388537541132761e-07
2.263974148239479165e-07
2.344372737955259403e-07
2.322619022376983635e-07
2.404422760047188721e-07
2.382327131487239286e-07
2.465545834400350944e-07
2.443105786729121704e-07
2.527749044950612781e-07
2.504962155934280611e-07
2.591039324704757752e-07
2.567903259090400202e-07
2.655423451285141322e-07
2.631935964154742509e-07
2.720908042087717059e-07
2.697066983126111517e-07
2.787499549513368192e-07
2.763302868406877361e-07
2.855204256094442669e-07
2.830650009283007563e-07
2.924028270534621080e-07
2.899114628760302627e-07
2.993977524592514626e-07
2.968702780524042212e-07
3.065057771204772451e-07
3.039420346058259428e-07
3.137274583152647972e-07
3.111273031972796558e-07
3.210633352386824152e-07
3.184266367557072838e-07
3.285139289316817966e-07
3.258405702420012449e-07
3.360797421982849532e-07
3.333696204228419952e-07
3.437612595077361292e-07
3.410142856782686606e-07
3.515589468666251313e-07
3.487750458084601810e-07
3.594732516935383113e-07
3.566523618571156525e-07
3.675046026844568247e-07
3.646466759515771236e-07
3.756534096757231643e-07
3.727584111551719530e-07
3.839200635300317961e-07
3.809879713348721172e-07
3.923049360144807669e-07
3.893357410332525811e-07
4.008083796953328369e-07
3.978020853624102676e-07
4.094307278516868880e-07
4.063873499035782133e-07
4.181722943952134517e-07
4.150918606212335682e-07
4.270333737948613155e-07
4.239159237924090441e-07
4.360142410222314152e-07
4.328598259246618493e-07
4.451151515165781216e-07
4.419238337267364382e-07
4.543363411321339028e-07
4.511081940470347676e-07
4.636780261240970696e-07
4.604131338442226119e-07
4.731404031381935772e-07
4.698388601695506622e-07
4.827236491941058311e-07
4.793855601535030635e-07
4.924279217040385378e-07
4.890534009785269246e-07
5.022533584759986806e-07
4.988425299343225521e-07
5.122000777449233458e-07
5.087530743734365307e-07
5.222681782022023674e-07
5.187851417762844194e-07
5.324577390358836991e-07
5.289388197686694040e-07
5.427688199801099625e-07
5.392141761588715411e-07
5.532014613770080746e-07
5.496112589969834745e-07
5.637556842316857202e-07
5.601300966209634050e-07
5.744314902915358707e-07
5.707706977216357633e-07
5.852288621309591366e-07
5.815330514263178199e-07
5.961477632219776227e-07
5.924171273706839724e-07
6.071881380492296027e-07
6.034228757850866612e-07
6.183499121935097325e-07
6.145502275906383871e-07
6.296329924491971442e-07
6.257990944992848424e-07
6.410372669348854677e-07
6.371693691287704697e-07
6.525626052140203323e-07
6.486609251066682950e-07
6.642088584140326459e-07
6.602736171985783650e-07
6.759758593733343861e-07
6.720072814341092861e-07
6.878634227617445568e-07
6.838617352443439427e-07
6.998713452362388537e-07
6.958367775843832480e-07
7.119994055767297869e-07
7.079321891024552127e-07
7.242473648547101994e-07
7.201477322715364537e-07
7.366149665767898824e-07
7.324831515534278759e-07
7.491019368562237703e-07
7.449381735529808427e-07
7.617079845718249567e-07
7.575125072025709998e-07
7.744328015484608509e-07
7.702058439007856261e-07
7.872760627297980301e-07
7.830178577168207310e-07
8.002374263514108925e-07
7.959482055513502928e-07
8.133165341339584260e-07
8.089965273417181903e-07
8.265130114679055770e-07
8.221624462139671700e-07
8.398264675982890885e-07
8.354455687088497889e-07
8.532564958230892281e-07
8.488454849669922519e-07
8.668026736940363121e-07
8.623617689147269818e-07
8.804645632073773487e-07
8.759939784890023132e-07
8.942417110193281852e-07
8.897416558300044549e-07
9.081336486393001464e-07
9.036043274824859985e-07
9.221398926483517371e-07
9.175815046208210903e-07
9.362599449021233376e-07
9.316726832729669773e-07
9.504932927500828931e-07
9.458773445076256779e-07
9.648394092451039944e-07
9.601949546704833768e-07
9.792977533679418903e-07
9.746249656110133435e-07
9.938677702381427860e-07
9.891668149131835664e-07
1.008548891334187494e-06
1.003819926085905123e-06
1.023340534731602138e-06
1.018583708833337546e-06
1.038242105297516111e-06
1.033457559271360376e-06
1.053252994949738756e-06
1.048440860128275708e-06
1.068372582854263511e-06
1.063532981027574055e-06
1.083600235664801850e-06
1.078733278681366595e-06
1.098935307753802825e-06
1.094041097161681573e-06
1.114377141434572856e-06
1.109455768100421458e-06
1.129925067190139580e-06
1.124976610942859787e-06
1.145578403906510114e-06
1.140602933205118433e-06
1.161336459107548211e-06
1.156334030670133544e-06
1.177198529178746177e-06
1.172169187667242696e-06
1.193163899594182264e-06
1.188107677287831649e-06
1.209231845162054137e-06
1.204148761635697166e-06
1.225401630242642472e-06
1.220291692065763135e-06
1.241672508984006558e-06
1.236535709426510714e-06
1.258043725556780135e-06
1.252880044290674742e-06
1.274514514374814579e-06
1.269323917205618632e-06
1.291084100331302896e-06
1.285866538935315380e-06
1.307751699034705709e-06
1.302507110680725843e-06
1.324516517033920780e-06
1.319244824350226500e-06
1.341377752029336307e-06
1.336078862785977950e-06
1.358334593134626569e-06
1.353008399969147020e-06
1.375386221077796892e-06
1.370032601325221270e-06
1.392531808431457815e-06
1.387150623889201808e-06
1.409770519845182531e-06
1.404361616597553312e-06
1.427101512269946058e-06
1.421664720500001016e-06
1.444523935172190999e-06
1.439059068980618597e-06
1.462036930764452385e-06
1.456543788020173752e-06
1.479639634224777321e-06
1.474117996407810634e-06
1.497331173911885967e-06
1.491780805970921882e-06
1.515110671587918334e-06
1.509531321841653778e-06
1.532977242643365577e-06
1.527368642605352367e-06
1.550929996284852115e-06
1.545291860629851965e-06
1.568968035782288626e-06
1.563300062198644409e-06
1.587090458662042142e-06
1.581392327785830183e-06
1.605296356922143407e-06
1.599567732292569363e-06
1.623584817249516094e-06
1.617825345204260437e-06
1.641954921207184013e-06
1.636164230875188269e-06
1.660405745464853799e-06
1.654583448697966263e-06
1.678936361981951749e-06
1.673082053364014242e-06
1.697545838226748490e-06
1.691659095033370552e-06
1.716233237367118849e-06
1.710313619567747675e-06
1.734997618469186108e-06
1.729044668748140285e-06
1.753838036703087913e-06
1.747851280484898736e-06
1.772753543524881677e-06
1.766732488966713903e-06
1.791743186875187997e-06
1.785687324973001866e-06
1.810806011373367659e-06
1.804714815953666257e-06
1.829941058509422039e-06
1.823813986341026189e-06
1.849147366808372126e-06
1.842983857658686666e-06
1.868423972051468799e-06
1.862223448770990428e-06
1.887769907423382592e-06
1.881531776063458833e-06
1.907184203720213171e-06
1.900907853612527733e-06
1.926665889510543123e-06
1.920350693408920865e-06
1.946213991320874431e-06
1.939859305527621403e-06
1.965827533797085233e-06
1.959432698298721055e-06
1.985505539900409324e-06
1.979069878529559526e-06
2.005247031052731523e-06
1.998769851626929993e-06
2.025051027324914015e-06
2.018531621830877978e-06
2.044916547577993357e-06
2.038354192376014970e-06
2.064842609651992593e-06
2.058236565623810139e-06
2.084828230510640218e-06
2.078177743304661350e-06
2.104872426410733569e-06
2.098176726611376675e-06
2.124974213044916819e-06
2.118232516416202031e-06
2.145132605709761536e-06
2.138344113422163087e-06
2.165346619459277849e-06
2.158510518325230579e-06
2.185615269240094980e-06
2.178730731964049894e-06
2.205937570055303249e-06
2.199003755484197702e-06
2.226312537097254867e-06
2.219328590485405176e-06
2.246739185897499351e-06
2.239704239201144645e-06
2.267216532471561362e-06
2.260129704594015670e-06
2.287743593447921803e-06
2.280603990571636802e-06
2.308319386224403389e-06
2.301126102066785485e-06
2.328942929075459233e-06
2.321695045223664836e-06
2.349613241301317133e-06
2.342309827513324594e-06
2.370329343350618511e-06
2.362969457899961209e-06
2.391090256973245179e-06
2.383672946923499749e-06
2.411895005295051358e-06
2.404419306912183072e-06
2.432742613010225290e-06
2.425207552033836382e-06
2.453632106429980921e-06
2.446036698466012849e-06
2.474562513651660412e-06
2.466905764523841801e-06
2.495532864674470174e-06
2.487813770764852863e-06
2.516542191482804347e-06
2.508759740113381378e-06
2.537589528184244260e-06
2.529742698007086899e-06
2.558673911124787938e-06
2.550761672474196661e-06
2.579794378973637262e-06
2.571815694274080016e-06
2.600949972845226184e-06
2.592903797013720127e-06
2.622139736410998169e-06
2.614025017213005379e-06
2.643362715992099121e-06
2.635178394480470083e-06
2.664617960655549508e-06
2.656362971571443289e-06
2.685904522318081282e-06
2.677577794503793720e-06
2.707221455865232405e-06
2.698821912654700746e-06
2.728567819191004087e-06
2.720094378860531846e-06
2.749942673350231846e-06
2.741394249552665619e-06
2.771345082608218676e-06
2.762720584764528080e-06
2.792774114549062514e-06
2.784072448300046765e-06
2.814228840158785745e-06
2.805448907820901899e-06
2.835708333914881412e-06
2.826849034884807203e-06
2.857211673845144733e-06
2.848271905077862606e-06
2.878737941651449179e-06
2.869716598061106325e-06
2.900286222738349931e-06
2.891182197710625975e-06
2.921855606337638803e-06
2.912667792124932416e-06
2.943445185557083789e-06
2.934172473753379260e-06
2.965054057449289030e-06
2.955695339454155412e-06
2.986681323110286484e-06
2.977235490586966140e-06
3.008326087739275466e-06
2.998792033054610111e-06
3.029987460672598834e-06
3.020364077369272425e-06
3.051664555503980584e-06
3.041950738799268841e-06
3.073356490121380257e-06
3.063551137299239245e-06
3.095062386763157576e-06
3.085164397724868815e-06
3.116781372106843189e-06
3.106789649768157331e-06
3.138512577307144194e-06
3.128426028085622703e-06
3.160255138039963592e-06
3.150072672370553298e-06
3.182008194615842143e-06
3.171728727334432511e-06
3.203770891977443520e-06
3.193393342870081968e-06
3.225542379762563398e-06
3.215065673996831812e-06
3.247321812390419666e-06
3.236744880972088076e-06
3.269108349074134728e-06
3.258430129365334978e-06
3.290901153887665926e-06
3.280120590039787774e-06
3.312699395816943041e-06
3.301815439216441145e-06
3.334502248782086811e-06
3.323513858591631025e-06
3.356308891717285409e-06
3.345215035249044391e-06
3.378118508571979443e-06
3.366918161852392153e-06
3.399930288400594085e-06
3.388622436552866571e-06
3.421743425354874270e-06
3.410327063113216335e-06
3.443557118754207487e-06
3.432031250911809781e-06
3.465370573117916490e-06
3.453734214952483768e-06
3.487182998173197265e-06
3.475435175990253531e-06
3.508993608944976944e-06
3.497133360458111246e-06
3.530801625731896609e-06
3.518828000538284371e-06
3.552606274168877382e-06
3.540518334205897232e-06
3.574406785247276420e-06
3.562203605270833930e-06
3.596202395372809992e-06
3.583883063336757617e-06
3.617992346333184963e-06
3.605555963921579332e-06
3.639775885373074339e-06
3.627221568378296846e-06
3.661552265227358650e-06
3.648879144008640225e-06
3.683320744102872392e-06
3.670527964041365336e-06
3.705080585721127097e-06
3.692167307633873803e-06
3.726831059370270875e-06
3.713796459938182046e-06
3.748571439871384973e-06
3.735414712092317124e-06
3.770301007638213576e-06
3.757021361227272991e-06
3.792019048681157564e-06
3.778615710489194712e-06
3.813724854618246978e-06
3.800197069097745389e-06
3.835417722724395564e-06
3.821764752264623704e-06
3.857096955894242283e-06
3.843318081299272788e-06
3.878761862702085245e-06
3.864856383546812186e-06
3.900411757387685436e-06
3.886378992456376898e-06
3.922045959892966118e-06
3.907885247560049555e-06
3.943663795838083296e-06
3.929374494478592286e-06
3.965264596575500305e-06
3.950846084914894924e-06
3.986847699150737997e-06
3.972299376699641936e-06
4.008412446366722984e-06
3.993733733758299315e-06
4.029958186729007482e-06
4.015148526120697911e-06
4.051484274510877339e-06
4.036543129939344590e-06
4.072990069716040239e-06
4.057916927481595649e-06
4.094474938113343882e-06
4.079269307116790385e-06
4.115938251203396120e-06
4.100599663328177317e-06
4.137379386269152293e-06
4.121907396705179935e-06
4.158797726341426600e-06
4.143191913956257193e-06
4.180192660218699956e-06
4.164452627891766344e-06
4.201563582459977815e-06
4.185688957394348970e-06
4.222909893394699608e-06
4.206900327470046037e-06
4.244230999089194540e-06
4.228086169191933778e-06
4.265526311395820520e-06
4.249245919714170041e-06
4.286795247911188488e-06
4.270379022270113877e-06
4.308037231990686495e-06
4.291484926150406019e-06
4.329251692731729622e-06
4.312563086685051597e-06
4.350438064999146409e-06
4.333612965272350547e-06
4.371595789364740508e-06
4.354634029302693445e-06
4.392724312165321761e-06
4.375625752241137054e-06
4.413823085447265353e-06
4.396587613480119696e-06
4.434891566974172373e-06
4.417519098488056239e-06
4.455929220249182363e-06
4.438419698651082699e-06
4.476935514441090864e-06
4.459288911338202392e-06
4.497909924456612337e-06
4.480126239877306426e-06
4.518851930838911550e-06
4.500931193529927043e-06
4.539761019862793986e-06
4.521703287434272107e-06
4.560636683406699679e-06
4.542442042665666840e-06
4.581478419057377009e-06
4.563146986198312820e-06
4.602285730014548295e-06
4.583817650803317073e-06
4.623058125082267520e-06
4.604453575135598505e-06
4.643795118752195523e-06
4.625054303693770725e-06
4.664496231057004859e-06
4.645619386735874121e-06
4.685160987635281156e-06
4.666148380321351433e-06
4.705788919698881005e-06
4.686640846289550049e-06
4.726379564040645889e-06
4.707096352176978751e-06
4.746932462950791565e-06
4.727514471278668471e-06
4.767447164304802973e-06
4.747894782570623037e-06
4.787923221457985413e-06
4.768236870694871586e-06
4.808360193260268988e-06
4.788540325942084057e-06
4.828757644067557150e-06
4.808804744233182106e-06
4.849115143660443723e-06
4.829029727094682825e-06
4.869432267300220418e-06
4.849214881607059375e-06
4.889708595658787399e-06
4.869359820409403909e-06
4.909943714805769907e-06
4.889464161692819015e-06
4.930137216229684769e-06
4.909527529106819728e-06
4.950288696761338128e-06
4.929549551773368026e-06
4.970397758603450417e-06
4.949529864292706337e-06
4.990464009271721504e-06
4.969468106668399364e-06
5.010487061610585501e-06
4.989363924246971975e-06
5.030466533766453846e-06
5.009216967823695992e-06
5.050402049124033663e-06
5.029026893462600778e-06
5.070293236351278963e-06
5.048793362557315605e-06
5.090139729331178229e-06
5.068516041752701328e-06
5.109941167150348269e-06
5.088194602988422599e-06
5.129697194088164246e-06
5.107828723386016358e-06
5.149407459620929617e-06
5.127418085248774939e-06
5.169071618300110916e-06
5.146962376070779677e-06
5.188689329857822153e-06
5.166461288449248245e-06
5.208260259112351838e-06
5.185914520095230987e-06
5.227784075934249484e-06
5.205321773769072087e-06
5.247260455288021642e-06
5.224682757294496579e-06
5.266689077141984732e-06
5.243997183459479532e-06
5.286069626472472250e-06
5.263264770060404428e-06
5.305401793255342423e-06
5.282485239831765347e-06
5.324685272423463923e-06
5.301658320414358349e-06
5.343919763842281514e-06
5.320783744322108265e-06
5.363104972285385078e-06
5.339861248914237746e-06
5.382240607448627113e-06
5.358890576389674295e-06
5.401326383851983803e-06
5.377871473697755212e-06
5.420362020899300486e-06
5.396803692557766951e-06
5.439347242774067636e-06
5.415686989394690891e-06
5.458281778491301636e-06
5.434521125332891247e-06
5.477165361791215881e-06
5.453305866113276944e-06
5.495997731216620955e-06
5.472040982165043613e-06
5.514778629997695117e-06
5.490726248425259808e-06
5.533507806068077082e-06
5.509361444418982768e-06
5.552185012011738414e-06
5.527946354198542254e-06
5.570810005087467869e-06
5.546480766274287974e-06
5.589382547162440287e-06
5.564964473646029762e-06
5.607902404724702710e-06
5.583397273692216013e-06
5.626369348795090577e-06
5.601778968191729541e-06
5.644783154976444572e-06
5.620109363297780325e-06
5.663143603365154977e-06
5.638388269448454600e-06
5.681450478583257441e-06
5.656615501356567396e-06
5.699703569698678052e-06
5.674790878017633972e-06
5.717902670249895550e-06
5.692914222623227655e-06
5.736047578176759065e-06
5.710985362541130478e-06
5.754138095831968796e-06
5.729004129315729583e-06
5.772174029908830037e-06
5.746970358551158871e-06
5.790155191478309169e-06
5.764883889988741521e-06
5.808081395937091062e-06
5.782744567362255784e-06
5.825952462938375634e-06
5.800552238451647029e-06
5.843768216441541934e-06
5.818306755002732416e-06
5.861528484608516203e-06
5.836007972696630621e-06
5.879233099873700373e-06
5.853655751119969154e-06
5.896881898828859442e-06
5.871249953744828307e-06
5.914474722216588307e-06
5.888790447882303424e-06
5.932011414986061784e-06
5.906277104644241879e-06
5.949491826128722068e-06
5.923709798903811152e-06
5.966915808779935396e-06
5.941088409295939286e-06
5.984283220110996193e-06
5.958412818114181849e-06
6.001593921335521323e-06
