# -0.75J_-0.25g_0.20944theta_1.0472phi_10Chi_0.01delta_500N
1.434073045329728631e-02
1.907130923967125836e-04
2.481468897227920069e-06
6.201528279065465300e-07
4.564043344409692524e-07
4.481107099687115973e-07
4.387658498521693892e-07
3.857510145443476249e-07
4.246650396022745786e-07
3.165233798120679630e-07
4.110831890519953555e-07
2.588232688951677455e-07
3.977235276572792234e-07
2.160741211732596053e-07
3.845148114251004534e-07
1.853745776531295080e-07
3.715497575799217232e-07
1.631431320472845517e-07
3.590265596755582916e-07
1.466494033294967805e-07
3.471988122074966724e-07
1.340759761077316403e-07
3.363425530963095546e-07
1.242912022684724950e-07
3.267379027483215134e-07
1.166284859046855330e-07
3.186587485008644326e-07
1.107143804339618424e-07
3.123645234201639387e-07
1.063438181980760250e-07
3.080916416493622166e-07
1.034019138578531749e-07
3.060468246824947170e-07
1.018217372381785269e-07
3.064056921494212626e-07
1.015581224215022502e-07
3.093156474723143115e-07
1.025688996372680976e-07
3.148978307655927515e-07
1.048054871359437828e-07
3.232442035011380181e-07
1.082125262311395868e-07
3.344095132202395992e-07
1.127323209671608168e-07
3.483996652201280592e-07
1.183106226341551166e-07
3.651581489808575627e-07
1.249030278040428311e-07
3.845521756213951633e-07
1.324830546027621911e-07
4.063607143203321804e-07
1.410535026494745895e-07
4.302676943659073279e-07
1.506629352782351093e-07
4.558652475786832567e-07
1.614297373661379150e-07
4.826738417782008567e-07
1.735766674596253322e-07
5.101878261378389351e-07
1.874800477458614729e-07
5.379544035012007837e-07
2.037388370111375434e-07
5.656879984100726005e-07
2.232705628544104593e-07
5.934078268181611076e-07
2.474396627009272174e-07
6.215653359881345991e-07
2.782122242278088977e-07
6.511099258415372959e-07
3.182871655356310379e-07
6.834391641759762520e-07
3.710223482061121174e-07
7.201979284729185105e-07
4.396608229218349280e-07
7.629110581662678229e-07
5.247511102509316448e-07
8.124308522469522936e-07
6.175059757170870678e-07
8.681629246928872235e-07
6.849450486683773258e-07
9.270869251715217245e-07
6.574887574842485613e-07
9.828763660852116967e-07
5.056584467781035407e-07
1.025871371879599045e-06
3.332041293866090132e-07
1.044914122930572764e-06
2.187468878817837779e-07
1.031696536391107022e-06
1.557534918430605872e-07
9.851760064382992123e-07
1.218722959454902099e-07
9.122645835105227378e-07
1.024915243957399829e-07
8.242259611995901079e-07
9.003365830408145407e-08
7.319652539947429943e-07
8.094750689609149347e-08
6.432735275665831426e-07
7.365555450076044354e-08
5.624463854299752318e-07
6.745859525431332629e-08
4.911360906024993995e-07
6.203187631377572808e-08
4.293984925223140287e-07
5.721014781994630728e-08
3.764898252556772711e-07
5.289791934498891490e-08
3.313573301665996544e-07
4.903175223661071183e-08
2.929021196525867332e-07
4.556413676823347275e-08
2.601024613757614311e-07
4.245646291899301659e-08
2.320606108290969359e-07
3.967582528091764765e-08
2.080113583851873565e-07
3.719360914215746658e-08
1.873133458827461446e-07
3.498478452389029733e-08
1.694339017483542096e-07
3.302753527614693888e-08
1.539326551938843579e-07
3.130301484351049816e-08
1.404462073724947250e-07
2.979510127342912964e-08
1.286747043609635577e-07
2.849005966738909572e-08
1.183704699598558840e-07
2.737593461395286149e-08
1.093285881177595630e-07
2.644190001019332752e-08
1.013791956607941357e-07
2.567739260177392355e-08
9.438121387672540428e-08
2.507139914569812214e-08
8.821727536213905681e-08
2.461207980022194704e-08
8.278961609444341811e-08
2.428675135714892864e-08
7.801674052212845920e-08
2.408207950666063436e-08
7.383070718303072107e-08
2.398441998268720882e-08
7.017490545288260716e-08
2.398036165524736974e-08
6.700223829912230998e-08
2.405763288870174172e-08
6.427361052107285651e-08
2.420592771270375079e-08
6.195662783550965997e-08
2.441739065816309059e-08
6.002439092085851973e-08
2.468667966172543665e-08
5.845427043011825030e-08
2.501075900100224581e-08
5.722667022943273818e-08
2.538861153690037175e-08
5.632400728300233109e-08
2.582094696817191285e-08
5.573037703937913196e-08
2.630991435336369059e-08
5.543236166597122639e-08
2.685876287204438699e-08
5.542097244114550708e-08
2.747134303433849906e-08
5.569421670248126081e-08
2.815128433085478783e-08
5.625975050777139203e-08
2.890061356965621373e-08
5.713748707416485202e-08
2.971750026225014005e-08
5.836243803576182773e-08
3.059277778522317939e-08
5.998823431624476295e-08
3.150500174103990973e-08
6.209176689892412708e-08
3.241432726321113735e-08
6.477928604956538270e-08
3.325670921717867973e-08
6.819403361369906965e-08
3.394200043653085077e-08
7.252475085210455931e-08
3.436164880201267681e-08
7.801241390485799396e-08
3.441107511525195848e-08
8.494742032864940669e-08
3.402470316214953200e-08
9.363706540606215952e-08
3.320873405443505314e-08
1.042955715017790640e-07
3.204946219255967889e-08
1.167566236710249140e-07
3.068699241529215382e-08
1.298495025547895420e-07
2.926948660845971692e-08
1.404106333452592762e-07
2.791545568835533862e-08
1.429566312469117311e-07
2.669896561038282267e-08
1.330993006250351898e-07
2.565224244450993183e-08
1.138469973762368309e-07
2.477543778279081748e-08
9.361799148357131345e-08
2.405056163513437143e-08
7.767228427527643697e-08
2.345412441213665805e-08
6.656285313792697524e-08
2.296365280192837128e-08
5.907373856775806425e-08
2.255991717166295439e-08
5.396386778446515127e-08
2.222738944534346319e-08
5.035870973952907841e-08
2.195401586106239439e-08
4.770155165123286913e-08
2.173073402057795978e-08
4.564642027372983948e-08
2.155092922499017134e-08
4.397748915821682532e-08
2.140991641120878464e-08
4.255845371499469705e-08
2.130447401432252868e-08
4.130226039998179390e-08
2.123242652425007659e-08
4.015307105399819331e-08
2.119224942661446560e-08
3.907529401537827880e-08
2.118269466266495369e-08
3.804665164601191953e-08
2.120238241962476706e-08
3.705361893565988334e-08
2.124934469013999345e-08
3.608833373574341472e-08
2.132049417529272097e-08
3.514647562648156718e-08
2.141100823100409082e-08
3.422581047162902090e-08
2.151364071305982486e-08
3.332520621102373529e-08
2.161802723623476004e-08
3.244398308122697267e-08
2.171010999761675618e-08
3.158150442722932200e-08
2.177189840438530336e-08
3.073693730452535367e-08
2.178186111002898903e-08
2.990912949946366926e-08
2.171626256592190084e-08
2.909656241470362034e-08
2.155164733677236220e-08
2.829735008547758303e-08
2.126835170552913019e-08
2.750926388804758900e-08
2.085445452828621557e-08
2.672977030901054429e-08
2.030910299305506419e-08
2.595607635005023101e-08
1.964401162496278967e-08
2.518518414086330226e-08
1.888235535870745888e-08
2.441396371923141268e-08
1.805518443489900259e-08
2.363925862173385014e-08
1.719642314911945530e-08
2.285804423894721628e-08
1.633795267189591691e-08
2.206765555287281616e-08
1.550601676232923744e-08
2.126609454034681500e-08
1.471948496803175572e-08
2.045240674196301380e-08
1.398980324302216493e-08
1.962708998925293519e-08
1.332206505787883595e-08
1.879246226879817547e-08
1.271657645048976252e-08
1.795288628376864893e-08
1.217044183701135047e-08
1.711474464831520868e-08
1.167890583282537516e-08
1.628609131236464157e-08
1.123635796807352046e-08
1.547598183847684211e-08
1.083701425519746375e-08
1.469358126508441977e-08
1.047533299594710428e-08
1.394722474956954556e-08
1.014624046155041098e-08
1.324362610927777448e-08
9.845226631715106484e-09
1.258737917394079208e-08
9.568361450726514675e-09
1.198080840122554254e-08
9.312265556252433638e-09
1.142412943563754490e-08
9.074058923064576101e-09
1.091582175864907678e-08
8.851300994314479253e-09
1.045309820678198194e-08
8.641930061730783217e-09
1.003237439187004245e-08
8.444207344311929042e-09
9.649674760359831777e-09
8.256666563752004575e-09
9.300946333976363715e-09
8.078069930663276326e-09
8.982277072110725146e-09
7.907371425655839042e-09
8.690030871000346712e-09
7.743686126623740002e-09
8.420917570586878485e-09
7.586263842170841183e-09
8.172016581583816925e-09
7.434468021307616771e-09
7.940770658426244335e-09
7.287757660921724862e-09
7.724961759112711224e-09
7.145672084640688333e-09
7.522678420506158758e-09
7.007818118119266120e-09
7.332280073493407415e-09
6.873859248494345014e-09
7.152362049548997693e-09
6.743506371645731428e-09
6.981723156858530340e-09
6.616510967791831340e-09
6.819336570818025346e-09
6.492657756609366552e-09
6.664324515874824510e-09
6.371760255095055798e-09
6.515936201673343127e-09
6.253656303269912533e-09
6.373529097075551888e-09
6.138204471634584596e-09
6.236552994417894536e-09
6.025281448353786243e-09
6.104536551195416844e-09
5.914778072996839382e-09
5.977076133053926139e-09
5.806599179221184901e-09
5.853825779223772946e-09
5.700660422403360706e-09
5.734489940796752212e-09
5.596886965620223869e-09
5.618816359785871641e-09
5.495212097178563380e-09
5.506588378220262934e-09
5.395575935867190388e-09
5.397618415692766545e-09
5.297924438627233980e-09
5.291738261615345052e-09
5.202208427717949936e-09
5.188788413266371193e-09
5.108382803259162499e-09
5.088608917191055956e-09
5.016405489025499781e-09
4.991035966111338948e-09
4.926238220283156405e-09
4.895906885586533074e-09
4.837843990214976078e-09
4.803069393231402582e-09
4.751187863251716460e-09
4.712388293918578036e-09
4.666236349189060544e-09
4.623748020995913207e-09
4.582957026473438984e-09
4.537050971711025311e-09
4.501318280811674401e-09
4.452214374614018524e-09
4.421289085532938509e-09
4.369166668763010922e-09
4.342838799951438189e-09
4.287844910096970492e-09
4.265937015504392708e-09
4.208192586171380350e-09
4.190553404664511197e-09
4.130158034546012435e-09
4.116657631192230429e-09
4.053693348055317531e-09
4.044219263936711283e-09
3.978753698804524331e-09
3.973207707072718765e-09
3.905296804174524498e-09
3.903592168635707140e-09
3.833282620861154481e-09
3.835341633459195015e-09
3.762673164886552314e-09
3.768424816570350017e-09
3.693432431838683952e-09
3.702810209780114157e-09
3.625526363143719676e-09
3.638466116985313615e-09
3.558922939608089494e-09
3.575360681343282664e-09
3.493592254566609000e-09
3.513461931378457716e-09
3.429506727922720137e-09
3.452737906828096332e-09
3.366641014418274834e-09
3.393156809651717208e-09
3.304972513394798272e-09
3.334687090421199802e-09
3.244481585665815332e-09
3.277297724997899316e-09
3.185151408692430299e-09
3.220958423270780920e-09
3.126968434521734267e-09
3.165639840428953067e-09
3.069922488160334406e-09
3.111313922388731522e-09
3.014006891925619823e-09
3.057954212526719661e-09
2.959218542345037342e-09
3.005536280445182316e-09
2.905557919958264067e-09
2.954037990121832337e-09
2.853029022411552223e-09
2.903439982765852881e-09
2.801639210171740326e-09
2.853726055282883498e-09
2.751398953443932884e-09
2.804883538152404822e-09
2.702321479534214398e-09
2.756903686776855547e-09
2.654422315943539794e-09
2.709781926892717783e-09
2.607718736996887635e-09
2.663518105970071158e-09
2.562229121474045737e-09
2.618116608198705490e-09
2.517972237155913784e-09
2.573586333340756664e-09
2.474966471906574360e-09
2.529940529288392790e-09
2.433229034674640733e-09
2.487196451511462009e-09
2.392775152782433115e-09
2.445374838565751387e-09
2.353617292152890273e-09
2.404499201500305736e-09
2.315764426518093185e-09
2.364594934896372634e-09
2.279221379390227950e-09
2.325688269087644193e-09
2.243988257361456724e-09
2.287805093696454293e-09
2.210059988549565135e-09
2.250969692921073560e-09
2.177425973073162127e-09
2.215203440006339080e-09
2.146069846184248681e-09
2.180523501233793767e-09
2.115969347666350491e-09
2.146941600633457524e-09
2.087096285047204565e-09
2.114462889956460529e-09
2.059416574121320417e-09
2.083084961767921932e-09
2.032890334977576313e-09
2.052797031377580790e-09
2.007472020088489920e-09
2.023579299651163811e-09
1.983110549534675295e-09
1.995402496608623106e-09
1.959749427414480447e-09
1.968227593183207876e-09
1.937326816246807628e-09
1.942005658630461564e-09
1.915775771977622325e-09
1.916677834365119043e-09
1.895023261958071322e-09
1.892175393581454148e-09
1.874991329333232750e-09
1.868420054527697637e-09
1.855595903164125922e-09
1.845323357661008337e-09
1.836746595176785166e-09
1.822787948384766938e-09
1.818346151221114466e-09
1.800707073904517128e-09
1.800289797872970539e-09
1.778964958029905999e-09
1.782464446280929623e-09
1.757437137876888096e-09
1.764747933607841313e-09
1.735990948733397484e-09
1.747008199313078193e-09
1.714486286573747548e-09
1.729102703539540363e-09
1.692776748469767998e-09
1.710877964832017942e-09
1.670711367014014076e-09
1.692169620069859458e-09
1.648137088278621967e-09
1.672803456999292272e-09
1.624902215341170939e-09
1.652597327918083962e-09
1.600860908017910552e-09
1.631364680735183655e-09
1.575878981999126947e-09
1.608920013465185840e-09
1.549840788785083955e-09
1.585086631822295055e-09
1.522657422320016291e-09
1.559706897354315366e-09
1.494274397575887458e-09
1.532654821636765896e-09
1.464680535787051762e-09
1.503850352258930206e-09
1.433914287130910549e-09
1.473274046293822300e-09
1.402068198952578769e-09
1.440980142035942459e-09
1.369289636162292015e-09
1.407105575494742049e-09
1.335776849272217072e-09
1.371872478970335318e-09
1.301771945772776967e-09
1.335582145937092438e-09
1.267546696721588357e-09
1.298599833155028478e-09
1.233388435328233927e-09
1.261333381647191625e-09
1.199583308030511673e-09
1.224203651744140820e-09
1.166400679904979441e-09
1.187617358657501071e-09
1.134079777400972385e-09
1.151941403672210103e-09
1.102820372270338760e-09
1.117483740276611952e-09
1.072777277349850808e-09
1.084482351194573592e-09
1.044059152666761793e-09
1.053102022982747648e-09
1.016730556478558208e-09
1.023437837277643374e-09
9.908164688402283527e-10
9.955233448025805280e-10
9.663082756073807470e-10
9.693413443297632388e-10
9.431703331974922826e-10
9.448354561447887427e-10
9.213464296587248703e-10
9.219211297603138972e-10
9.007656797887685436e-10
9.004952972148764602e-10
8.813475953383805635e-10
8.804442954679856162e-10
8.630062197508662435e-10
8.616500030570687933e-10
8.456533663651664423e-10
8.439943353555887892e-10
8.292010188133571801e-10
8.273623398244181001e-10
8.135630243433793391e-10
8.116441647715274884e-10
7.986562057537662246e-10
7.967361634165556145e-10
7.844010290651159613e-10
7.825413713019875273e-10
7.707218852361346530e-10
7.689695073555541139e-10
7.575471559521775064e-10
7.559367309590328808e-10
7.448093765132487030e-10
7.433651526011589713e-10
7.324437371582417046e-10
7.311822975338253802e-10
7.203903171855173555e-10
7.193208093906561024e-10
7.085912712186780641e-10
7.077164208470755354e-10
6.969917799180685441e-10
6.963103600860946109e-10
6.855395417114755759e-10
6.850459328379050929e-10
6.741845731200684343e-10
6.738696320526912654e-10
6.628790845956231913e-10
6.627305595839056715e-10
6.515774430270132802e-10
6.515802690073115082e-10
6.402362331118880111e-10
6.403728890136087123e-10
6.288144693044254576e-10
6.290651180910757566e-10
6.172739468445828590e-10
6.176163790827332017e-10
6.055795667844244343e-10
6.059896392964491216e-10
5.937000592700915734e-10
5.941517714847430701e-10
5.816086740440057685e-10
5.820743703132762153e-10
5.692838626088410594e-10
5.697346437323029753e-10
5.567103451367928432e-10
5.571163666341103700e-10
5.438798724665407389e-10
5.442109582938626053e-10
5.307921819222750749e-10
5.310183493060346370e-10
5.174556165847558356e-10
5.175478836373407345e-10
5.038877255594377608e-10
5.038189059945162579e-10
4.901154753671378739e-10
4.898610361960503927e-10
4.761751171624519095e-10
4.757140356725159204e-10
4.621116201699200609e-10
4.614271452759033820e-10
4.479776551667771218e-10
4.470579720771310742e-10
4.338321504123947231e-10
4.326708321416082859e-10
4.197385907259938473e-10
4.183348139421039146e-10
4.057627905870369730e-10
4.041212911468028435e-10
3.919708282245699505e-10
3.901015891299485574e-10
3.784267422784047461e-10
3.763444439531997972e-10
3.651907006676439661e-10
3.629139648432433010e-10
3.523170784407022991e-10
3.498675959458361984e-10
3.398532132535180184e-10
3.372547959120610345e-10
3.278384672698481353e-10
3.251161055515504143e-10
3.163037556483932896e-10
3.134827376118391936e-10
3.052714904838582042e-10
3.023766264866278190e-10
2.947558835692198473e-10
2.918108703790217012e-10
2.847635315503917206e-10
2.817904507903300829e-10
2.752942248216917996e-10
2.723132087683587699e-10
2.663418199226286518e-10
2.633708456989996522e-10
2.578952572780091012e-10
2.549500430484009627e-10
2.499394858841495221e-10
2.470335057402323750e-10
2.424563895951428653e-10
2.396009531962670109e-10
2.354256139536911170e-10
2.326299894230829686e-10
2.288252937420022738e-10
2.260968910941320633e-10
2.226326960931221225e-10
2.199772368614148845e-10
2.168247341708529275e-10
2.142464935577533031e-10
2.113783757946790030e-10
2.088803117529602669e-10
2.062710480046308799e-10
2.038549932603242910e-10
2.014807606021149375e-10
1.991476524789551978e-10
1.969864215934567287e-10
1.947364036548959150e-10
1.927678935528657455e-10
1.906004504707429364e-10
1.888060716049801305e-10
1.867201798005451214e-10
1.850829530460929473e-10
1.830771726662945507e-10
1.815816326159088290e-10
1.796541990281410934e-10
1.782863147348788276e-10
1.764352092445922476e-10
1.751822401716289493e-10
1.734052699511059440e-10
1.722556892480855222e-10
1.705505300831629850e-10
1.694939179459078172e-10
1.678581604651154902e-10
1.668851057941413547e-10
1.653162930170798610e-10
1.644183012368344312e-10
1.629139573396062247e-10
1.620833640972654290e-10
1.606410184280588650e-10
1.598709084995127556e-10
1.584881151812891595e-10
1.577722493776359584e-10
1.564466010390822249e-10
1.557793485211186313e-10
1.545084873218748759e-10
1.538847638529817774e-10
1.526663895077052919e-10
1.520816012652663469e-10
1.509134768444805415e-10
1.503634694407887713e-10
1.492434251114808884e-10
1.487244374697162947e-10
1.476503727280580962e-10
1.471589953654830139e-10
1.461288799712117786e-10
1.456620173655916379e-10
1.446738912496333961e-10
1.442287278974534032e-10
1.432807002869185673e-10
1.428546700323923904e-10
1.419449178348992332e-10
1.415356763576302663e-10
1.406624421491833253e-10
1.402678419736490296e-10
1.394294315224507820e-10
1.390474995968938511e-10
1.382422790827611356e-10
1.378711964813272511e-10
1.370975895320767634e-10
1.367356730953640381e-10
1.359921575577186551e-10
1.356378432841523199e-10
1.349229479833290860e-10
1.345747759419813430e-10
1.338870772186594064e-10
1.335436778832505154e-10
1.328817961526295447e-10
1.325418779183145448e-10
1.319044741232667545e-10
1.315668119441348961e-10
1.309525839972903272e-10
1.306160076580913624e-10
1.300236870513838356e-10
1.296870769861480652e-10
1.291154245917625649e-10
1.287776950064351946e-10
1.282254980142447530e-10
1.278855943753108562e-10
1.273516624207347377e-10
1.270085526593083919e-10
1.264917141246669637e-10
1.261443818238872243e-10
1.256434801543581943e-10
1.252909182984136918e-10
1.248048082225312122e-10
1.244460134722637131e-10
1.239735572788306851e-10
1.236075247789055174e-10
1.231475886493441863e-10
1.227733073765719664e-10
1.223247576806759112e-10
1.219412069396974992e-10
1.215029091396251789e-10
1.211090545246313604e-10
1.206798613464229377e-10
1.202746496422310446e-10
1.198534065469815230e-10
1.194357673141148542e-10
1.190213059552319359e-10
1.185901486950736220e-10
1.181812839189120958e-10
1.177354978028721044e-10
1.173310249141433189e-10
1.168694794858430294e-10
1.164681719994555771e-10
1.159897192141478365e-10
1.155903302025009951e-10
1.150938133533930103e-10
1.146950693885871621e-10
1.141793156538427299e-10
1.137799173431010158e-10
1.132437558294140172e-10
1.128423820851583216e-10
1.122846496523793329e-10
1.118799579190029339e-10
1.112995097246700584e-10
1.108901390913155703e-10
1.102858607830778650e-10
1.098704378684721548e-10
1.092412780393489204e-10
1.088184275043725726e-10
1.081634378414331200e-10
1.077317227456528364e-10
1.070499457142079505e-10
1.066083095598325238e-10
1.058990189040705976e-10
1.054458672896457769e-10
1.047084408427382098e-10
1.042426166950014333e-10
1.034766314886768005e-10
1.029969322250778151e-10
1.022021789175876636e-10
1.017076209597098872e-10
1.008841410895387705e-10
1.003737406076972314e-10
9.952186328699738849e-11
9.899487430399440175e-11
9.811524412047130876e-11
9.757107059870821179e-11
9.666468006317230606e-11
9.610295822633709916e-11
9.517116871511269191e-11
9.459178101101772954e-11
9.363633760097483707e-11
9.303943693231668381e-11
9.206247348839806773e-11
9.144850241280804493e-11
9.045253519441448702e-11
8.982223850492043491e-11
8.881014699995245233e-11
8.816457599671074300e-11
8.713957031106585080e-11
8.648007776517591062e-11
8.544565254739337192e-11
8.477387750074203354e-11
8.373375357469231867e-11
8.305159583492049953e-11
8.200963038510854170e-11
8.131921667972173214e-11
8.027941070251733550e-11
7.958304657386516948e-11
7.854933591307867935e-11
7.784945960634269768e-11
7.682571926655693468e-11
7.612484530557769827e-11
7.511478893057490395e-11
7.441545134749653738e-11
7.342255946159207619e-11
7.272725601222222338e-11
7.175471417690219481e-11
7.106585399877239050e-11
7.011650338357662975e-11
6.943636038147921992e-11
6.851266208123876803e-11
6.784333570170168331e-11
6.694734939939705030e-11
6.629073392454905171e-11
6.542411051446615772e-11
6.478187460092748710e-11
6.394586307421927729e-11
6.331943364691978156e-11
6.251489270178939477e-11
6.190545354231201876e-11
6.113288167868862784e-11
6.054137601515859967e-11
5.980094186880609552e-11
5.922808146864576357e-11
5.851966022000691366e-11
5.796593966159715124e-11
5.728915173454297339e-11
5.675486619429432372e-11
5.610911652178217729e-11
5.559438201341150739e-11
5.497889843024830612e-11
5.448367310229271160e-11
5.389754260266532382e-11
5.342164843716735402e-11
5.286385053320487989e-11
5.240699508701180747e-11
5.187643244396903253e-11
5.143822723750861133e-11
5.093375025309997292e-11
5.051373077691924110e-11
5.003416207945067125e-11
4.963180453504675599e-11
4.917595746282171567e-11
4.879069361924906158e-11
4.835738796679658838e-11
4.798861831835218548e-11
4.757669294077741215e-11
4.722379803213891488e-11
4.683212082512191892e-11
4.649447077196290211e-11
4.612194610027154178e-11
4.579890863028744065e-11
4.544448282697329010e-11
4.513542973735113406e-11
4.479809475178542747e-11
4.450240714551680707e-11
4.418120281797423970e-11
4.389827523722542603e-11
4.359229034527827256e-11
4.332153381009144723e-11
4.302990623268457151e-11
4.277075059041774433e-11
4.249266662435232141e-11
4.224456213323054756e-11
4.197925538383723007e-11
4.174167367162933624e-11
4.148842339733954621e-11
4.126085804673447596e-11
4.101898729005335139e-11
4.080095393892904093e-11
4.056982740391920671e-11
4.036086362035926495e-11
4.013988543823169489e-11
3.993955026656520007e-11
3.972816174796688217e-11
3.953603514988429211e-11
3.933371243890861044e-11
3.914939456275917982e-11
3.895564638491868904e-11
3.877875669197103960e-11
3.859312213714841822e-11
3.842329851912145198e-11
3.824534486816520600e-11
3.808224267906562728e-11
3.791156335501776240e-11
3.775485443151280550e-11
3.759106700667035050e-11
3.744043862144398202e-11
3.728318294155902571e-11
3.713833683244576212e-11
3.698727323485909950e-11
3.684792456989323467e-11
3.670273216144810404e-11
3.656860852433659466e-11
3.642898357603525146e-11
3.629982397032787648e-11
3.616547838389418297e-11
3.604103223983765203e-11
3.591169206680917075e-11
3.579171823198796918e-11
3.566712229736306544e-11
3.555138804487321951e-11
3.543128653512020521e-11
3.531956655045012595e-11
3.520371975299933956e-11
3.509579511278214368e-11
3.498397208277737629e-11
3.487962919688167694e-11
3.477160645085682489e-11
3.467063599525055540e-11
3.456619625103882549e-11
3.446839196769229695e-11
3.436732279343625622e-11
3.427248033240606263e-11
3.417457278003130411e-11
3.408248836909521601e-11
3.398753551233194403e-11
3.389800449582387096e-11
3.380579992876240068e-11
3.371861526641700964e-11
3.362895137192428155e-11
3.354390184678855199e-11
3.345656801529156730e-11
3.337343627990223812e-11
3.328821681735065646e-11
3.320677722280356810e-11
3.312344906029916446e-11
3.304346508556563041e-11
3.296179519539643376e-11
3.288301659057222535e-11
3.280275896262577838e-11
3.272491840044581173e-11
3.264581063297445345e-11
3.256861991345482792e-11
3.249037924185266508e-11
3.241352480614528648e-11
3.233584353272686746e-11
3.225898139889877091e-11
3.218152157968287875e-11
3.210427144766285259e-11
3.202665879035948308e-11
3.194859726513311404e-11
3.187041413123603837e-11
3.179106709718264839e-11
3.171184446388737662e-11
3.163067844208716501e-11
3.154988694473949121e-11
3.146629956102852150e-11
3.138333956026422854e-11
3.129664925943248341e-11
3.121084011241497769e-11
3.112027551117533183e-11
3.103084452494763283e-11
3.093553393025541266e-11
3.084160560937235354e-11
3.074056784018319994e-11
3.064115468717098571e-11
3.053329273183181736e-11
3.042728923441535106e-11
3.031138900917180810e-11
3.019757152446245156e-11
3.007230908593901951e-11
2.994934498540616287e-11
2.981330620525301103e-11
2.967977687697207854e-11
2.953149477340114524e-11
2.938593772312368436e-11
2.922395279633026258e-11
2.906492828143876424e-11
2.888787685435339713e-11
2.871406342268413267e-11
2.852079637660327367e-11
2.833111655770220561e-11
2.812084622994847101e-11
2.791461782963954904e-11
