# -1.0J_0.0g_0.94248theta_3.14159phi_10Chi_0.01delta_500N
1.134222654403633096e-01
2.332823029531828245e-04
9.298521059753881606e-06
6.229880761037027243e-07
4.104528668784226050e-07
4.118130337478267779e-07
3.153452463775096555e-07
4.223530324262633026e-07
2.775765304322659935e-07
4.334644956255419496e-07
2.527461099380514588e-07
4.437408617193616579e-07
2.343299236340343563e-07
4.534107971562363529e-07
2.200430127330825025e-07
4.626108582141098916e-07
2.086564589419987934e-07
4.713870408922527513e-07
1.993676487676443170e-07
4.797264274277642157e-07
1.916143258055574749e-07
4.875726057511066158e-07
1.849927512222977794e-07
4.948340347244070479e-07
1.792099727957495019e-07
5.013911088201293950e-07
1.740521905055706497e-07
5.071042566470498065e-07
1.693628044223556510e-07
5.118235824350755188e-07
1.650269012674837379e-07
5.153995979468567231e-07
1.609601593637743674e-07
5.176941246088761906e-07
1.571008188033375085e-07
5.185903122901570724e-07
1.534037964980952790e-07
5.180008297227841153e-07
1.498363201570373030e-07
5.158735523459411667e-07
1.463746552016263510e-07
5.121944262169197881e-07
1.430016352371335689e-07
5.069875455665036858e-07
1.397047921931570285e-07
5.003127811785077346e-07
1.364749504705171805e-07
4.922614969482494826e-07
1.333051813697784102e-07
4.829509797709715305e-07
1.301900450287979895e-07
4.725181975427121904e-07
1.271250623573397036e-07
4.611134181591977136e-07
1.241063702242589924e-07
4.488941085360196187e-07
1.211305200550142675e-07
4.360194004931922425e-07
1.181943844558490805e-07
4.226453118160194449e-07
1.152951399194946727e-07
4.089208081069092207e-07
1.124302981453200601e-07
3.949847312147074631e-07
1.095977614161953227e-07
3.809635702080784324e-07
1.067958833943380924e-07
3.669700173421731653e-07
1.040235205799505796e-07
3.531022292327153584e-07
1.012800651192394371e-07
3.394436961744095244e-07
9.856545372589455509e-08
3.260636145980689239e-07
9.588015167892452920e-08
3.130176535073104150e-07
9.322511338176304555e-08
3.003490074500945251e-07
9.060172321208865309e-08
2.880896365278427530e-07
8.801172188583186179e-08
2.762616043788153772e-07
8.545712336323090705e-08
2.648784405005060304e-07
8.294012791941666160e-08
2.539464677005520619e-07
8.046303614113965292e-08
2.434660516376392203e-07
7.802816761806914121e-08
2.334327436649348833e-07
7.563778764267478765e-08
2.238383019529503168e-07
7.329404379005831321e-08
2.146715795799923239e-07
7.099891359159046990e-08
2.059192877739872756e-07
6.875416377602170565e-08
1.975666357216527855e-07
6.656132073057469738e-08
1.895978587294599989e-07
6.442165156077470579e-08
1.819966463501981998e-07
6.233615436817546941e-08
1.747464836671278877e-07
6.030555726798544047e-08
1.678309173595549569e-07
5.833032337685229757e-08
1.612337586982724371e-07
5.641066240408992466e-08
1.549392347277201084e-07
5.454654555308338710e-08
1.489320955151185608e-07
5.273772407035100652e-08
1.431976881766301817e-07
5.098374927598166241e-08
1.377220022805248197e-07
4.928399430583709889e-08
1.324916942034424325e-07
4.763767598296413796e-08
1.274940948110020585e-07
4.604387618346640207e-08
1.227172044032019751e-07
4.450156324772706745e-08
1.181496785795779456e-07
4.300961174713305203e-08
1.137808071679010475e-07
4.156682127611287202e-08
1.096004886805478129e-07
4.017193372269637127e-08
1.055992022813387208e-07
3.882364913286282338e-08
1.017679776357417542e-07
3.752063986317851657e-08
9.809836405243711605e-08
3.626156325797796639e-08
9.458240036668777716e-08
3.504507272920125786e-08
9.121258430346208413e-08
3.386982752951739867e-08
8.798184514179498976e-08
3.273450081021344518e-08
8.488351425365446322e-08
3.163778630800409559e-08
8.191130004598995933e-08
3.057840551710603498e-08
7.905926326056290661e-08
2.955510990954178901e-08
7.632179330261800883e-08
2.856668614753299869e-08
7.369358747347824420e-08
2.761195810483698585e-08
7.116963028190163327e-08
2.668978878083545765e-08
6.874517499913141803e-08
2.579908126722980343e-08
6.641572709964853556e-08
2.493877910421856147e-08
6.417702721836179654e-08
2.410786582879510353e-08
6.202503695975189585e-08
2.330536471090275467e-08
5.995592553142089107e-08
2.253033727894154057e-08
5.796605661862072156e-08
2.178188178644500600e-08
5.605197726950692536e-08
2.105913229072620783e-08
5.421040679318653745e-08
2.036125571962946570e-08
5.243822689252836603e-08
1.968745047480021978e-08
5.073247251409008272e-08
1.903694426259270972e-08
4.909032364539897621e-08
1.840899206241720974e-08
4.750909670209549483e-08
1.780287414135813916e-08
4.598623780555182320e-08
1.721789398309901431e-08
4.451931597967449611e-08
1.665337667723363665e-08
4.310601626167210248e-08
1.610866717650362564e-08
4.174413472924914090e-08
1.558312873038003207e-08
4.043157209045815260e-08
1.507614166915884480e-08
3.916632944670474546e-08
1.458710230172461339e-08
3.794650257348832455e-08
1.411542183188945519e-08
3.677027829715292911e-08
1.366052570810875234e-08
3.563592954810342257e-08
1.322185299579310863e-08
3.454181190862485720e-08
1.279885593535501266e-08
3.348635941029440000e-08
1.239099958119766996e-08
3.246808114553004024e-08
1.199776166470748165e-08
3.148555778669525926e-08
1.161863245362128669e-08
3.053743813249399681e-08
1.125311467075247519e-08
2.962243605102542572e-08
1.090072376859616822e-08
2.873932752355632736e-08
1.056098769809941734e-08
2.788694750890373073e-08
1.023344715114235212e-08
2.706418693697182186e-08
9.917655704307633337e-09
2.626999021632561360e-08
9.613179787372375774e-09
2.550335205575665166e-08
9.319598876677360990e-09
2.476331524437942705e-08
9.036505447988783598e-09
2.404896763138170918e-08
8.763505136018071983e-09
2.335943937593966719e-08
8.500216503976460234e-09
2.269390112366871559e-08
8.246271237022897197e-09
2.205156056784909441e-08
8.001313739443027926e-09
2.143166074910519554e-08
7.765001388724278379e-09
2.083347695248081822e-08
7.537003948470328338e-09
2.025631447177583867e-08
7.317003656973336658e-09
1.969950748441168000e-08
7.104694807374211845e-09
1.916241462067944544e-08
6.899783453646233847e-09
1.864441825854371681e-08
6.701987219079483591e-09
1.814492186703075257e-08
6.511034792645155723e-09
1.766334802578722242e-08
6.326665314256468799e-09
1.719913673884717056e-08
6.148629321631047930e-09
1.675174300132165680e-08
5.976686431807265546e-09
1.632063554205737850e-08
5.810606111718633053e-09
1.590529500437705323e-08
5.650167246107630173e-09
1.550521248800754750e-08
5.495157586339600567e-09
1.511988859135126417e-08
5.345373301360199190e-09
1.474883187602261445e-08
5.200618899419113075e-09
1.439155828192443329e-08
5.060706593377088825e-09
1.404759020664256756e-08
4.925456331205574029e-09
1.371645616398333194e-08
4.794695155647217154e-09
1.339769040425820255e-08
4.668257104421877674e-09
1.309083272444770268e-08
4.545982897728989014e-09
1.279542873777339865e-08
4.427719716826603969e-09
1.251102986757881960e-08
4.313320933966051820e-09
1.223719360473528591e-08
4.202645857501351160e-09
1.197348453528492395e-08
4.095559486496865572e-09
1.171947414103776973e-08
3.991932371447499792e-09
1.147474221611704255e-08
3.891640099479012333e-09
1.123887699568068891e-08
3.794564078112110543e-09
1.101147605266343936e-08
3.700589852633113060e-09
1.079214698819375914e-08
3.609607901896701219e-09
1.058050815643895600e-08
3.521513129397711037e-09
1.037618905561551704e-08
3.436204714817131250e-09
1.017883124823510892e-08
3.353585882180613165e-09
9.988088320599361373e-09
3.273563820159061117e-09
9.803626595115713280e-09
3.196049173993372569e-09
9.625125487186057911e-09
3.120956366805536117e-09
9.452277406112518918e-09
3.048202893725944215e-09
9.284788003272647792e-09
2.977709538231329514e-09
9.122376348470328562e-09
2.909400013591832197e-09
8.964774582082335357e-09
2.843200835871497602e-09
8.811727994385896142e-09
2.779041186759772321e-09
8.662994583217502437e-09
2.716852797139804496e-09
8.518345137480049600e-09
2.656569836271560905e-09
8.377562627677878717e-09
2.598128658161562787e-09
8.240442005275618926e-09
2.541467832545010955e-09
8.106789607410196766e-09
2.486527974579745793e-09
7.976423104805433600e-09
2.433251623805067036e-09
7.849170704185705449e-09
2.381583184262837299e-09
7.724870895901205810e-09
2.331468810947533207e-09
7.603372016457360261e-09
2.282856429783811935e-09
7.484531662571559720e-09
2.235695495178903382e-09
7.368216325277017085e-09
2.189937008485044047e-09
7.254300874008908929e-09
2.145533546271255116e-09
7.142668235747644924e-09
2.102439063284121665e-09
7.033208832695831984e-09
2.060608826875362398e-09
6.925820221166090285e-09
2.019999577333225379e-09
6.820406712007142641e-09
1.980569248920501678e-09
6.716878929235303434e-09
1.942276992425253923e-09
6.615153424156313523e-09
1.905083282862214422e-09
6.515152411475918069e-09
1.868949669021311147e-09
6.416803345352632803e-09
1.833838945819042915e-09
6.320038559916986036e-09
1.799714921553206941e-09
6.224795017797710196e-09
1.766542528816376386e-09
6.131014118163999484e-09
1.734287813498225785e-09
6.038641176532474204e-09
1.702917835073484783e-09
5.947625385274834566e-09
1.672400615054458763e-09
5.857919382046242694e-09
1.642705233900766485e-09
5.769479223550795672e-09
1.613801827074755415e-09
5.682263988331718949e-09
1.585661356648823065e-09
5.596235597899829727e-09
1.558255793180765277e-09
5.511358713147000083e-09
1.531558018803488106e-09
5.427600498589465054e-09
1.505541905613298446e-09
5.344930376933029051e-09
1.480182104308104073e-09
5.263320035727909249e-09
1.455454209725270480e-09
5.182743087357929853e-09
1.431334702753995597e-09
5.103175006034498265e-09
1.407800850106217125e-09
5.024593083259522560e-09
1.384830795420793384e-09
4.946976160792343972e-09
1.362403450812030214e-09
4.870304622374185301e-09
1.340498605022537945e-09
4.794560118068999130e-09
1.319096753825325614e-09
4.719725733233702959e-09
1.298179177574413028e-09
4.645785681178689907e-09
1.277727894557695486e-09
4.572725226562311238e-09
1.257725643898076616e-09
4.500530684187292173e-09
1.238155911439141208e-09
4.429189304794597189e-09
1.219002834773770179e-09
4.358689188770107210e-09
1.200251205269306389e-09
4.289019213195386855e-09
1.181886495828461232e-09
4.220169008346601459e-09
1.163894740733248072e-09
4.152128861977838579e-09
1.146262683356082962e-09
4.084889661341499266e-09
1.128977553618954893e-09
4.018442873324249660e-09
1.112027198511688533e-09
3.952780475545211925e-09
1.095400004938275455e-09
3.887894881619970909e-09
1.079084871842996188e-09
3.823778910966026712e-09
1.063071195938881200e-09
3.760425873626758524e-09
1.047348872199874471e-09
3.697829301812364740e-09
1.031908263828014145e-09
3.635983118692660824e-09
1.016740126221525512e-09
3.574881541236033448e-09
1.001835756139338245e-09
3.514518933893437781e-09
9.871867119411153845e-10
3.454889972475527738e-09
9.727850303039964189e-10
3.395989540930615819e-09
9.586230973307194929e-10
3.337812669498130682e-09
9.446936442291476737e-10
3.280354524641161548e-09
9.309897868599230327e-10
3.223610483167422905e-09
9.175048816685401454e-10
3.167575918189395893e-09
9.042326454885345081e-10
3.112246435854991068e-09
8.911670833911325464e-10
3.057617650310972875e-09
8.783024501204710104e-10
3.003685266207299361e-09
8.656332875903927997e-10
2.950445001170890225e-09
8.531544094639740335e-10
2.897892704430747292e-09
8.408608249311543615e-10
2.846024212200635436e-09
8.287477781864788778e-10
2.794835365597424755e-09
8.168107384067370059e-10
2.744322059320647694e-09
8.050453779190467631e-10
2.694480154965087966e-09
7.934475600081757217e-10
2.645305546318961970e-09
7.820133758872518250e-10
2.596794110282605834e-09
7.707390029981852614e-10
2.548941691222846711e-09
7.596208598812930827e-10
2.501744144986372452e-09
7.486554768842967379e-10
2.455197302579637939e-09
7.378395876868327834e-10
2.409296930927033841e-09
7.271700122861087604e-10
2.364038796542592317e-09
7.166437425871450206e-10
2.319418640661134010e-09
7.062578810378372161e-10
2.275432138642972040e-09
6.960096770971788812e-10
2.232074936770019570e-09
6.858964568190518576e-10
2.189342613919742627e-09
6.759156869081001067e-10
2.147230757522708953e-09
6.660649387781197734e-10
2.105734903758074087e-09
6.563418786728235827e-10
2.064850504865290778e-09
6.467442649102255266e-10
2.024573014093266594e-09
6.372699354030729453e-10
1.984897772758481321e-09
6.279168347095541427e-10
1.945820148748276645e-09
6.186829761473017791e-10
1.907335418540572179e-09
6.095664472484025115e-10
1.869438824427893502e-09
6.005654239757098108e-10
1.832125554399781731e-09
5.916781393943576438e-10
1.795390781488439032e-09
5.829028952337727139e-10
1.759229615266951217e-09
5.742380552943447707e-10
1.723637094143040306e-09
5.656820533686316128e-10
1.688608264946321612e-09
5.572333629565771091e-10
1.654138103634265844e-09
5.488905234584425486e-10
1.620221564787272160e-09
5.406521233327732672e-10
1.586853535187843913e-09
5.325167992171327463e-10
1.554028915058310737e-09
5.244832332048358529e-10
1.521742505476610976e-09
5.165501507077500900e-10
1.489989127103426693e-09
5.087163144565405807e-10
1.458763540491313941e-09
5.009805380823025051e-10
1.428060514381593826e-09
4.933416581651542995e-10
1.397874742720930051e-09
4.857985531218173414e-10
1.368200892677172456e-09
4.783501396985599895e-10
1.339033652126403218e-09
4.709953562631423441e-10
1.310367651355369317e-09
4.637331769993310980e-10
1.282197514364472557e-09
4.565626028612372032e-10
1.254517829657281057e-09
4.494826601741970435e-10
1.227323196618382924e-09
4.424923992107957964e-10
1.200608178947594249e-09
4.355909022573286593e-10
1.174367314240092209e-09
4.287772625283749813e-10
1.148595173601301542e-09
4.220505997367493466e-10
1.123286283237782540e-09
4.154100381179261245e-10
1.098435164033404561e-09
4.088547661833871442e-10
1.074036343128793065e-09
4.023839423850141872e-10
1.050084319623375536e-09
3.959967557393464878e-10
1.026573624918727044e-09
3.896924147053427356e-10
1.003498763839014040e-09
3.834701382273301030e-10
9.808543003437569323e-10
3.773291591928609499e-10
9.586347031774781241e-10
3.712687257054482758e-10
9.368344957933807988e-10
3.652880942096280248e-10
9.154482233062991304e-10
3.593865342208267359e-10
8.944704462906146831e-10
3.535633239069099189e-10
8.738956855328655745e-10
3.478177515258573735e-10
8.537185175965826296e-10
3.421491137138582654e-10
8.339334974389603286e-10
3.365567143939402968e-10
8.145352583918414033e-10
3.310398670108052364e-10
7.955183463851040395e-10
3.255978896217089047e-10
7.768774184048839257e-10
3.202301077837628126e-10
7.586071350652164561e-10
3.149358534842560396e-10
7.407021142491103053e-10
3.097144597057355880e-10
7.231570924804716476e-10
3.045652713470819657e-10
7.059667113989782261e-10
2.994876316564663027e-10
6.891257724448363735e-10
2.944808921388238854e-10
6.726290058368404234e-10
2.895444020133624412e-10
6.564711714941294637e-10
2.846775214996973296e-10
6.406471146626261422e-10
2.798796093645258760e-10
6.251516837972743401e-10
2.751500259702657811e-10
6.099797275153622668e-10
2.704881371896219192e-10
5.951261865419164177e-10
2.658933092386718662e-10
5.805859745101686811e-10
2.613649104175044927e-10
5.663540554012233188e-10
2.569023101076774754e-10
5.524254573887417298e-10
2.525048811092184212e-10
5.387952320968373918e-10
2.481719943053750571e-10
5.254584439864611414e-10
2.439030250964686341e-10
5.124102228575609176e-10
2.396973518697718701e-10
4.996457127969071797e-10
2.355543404596017898e-10
4.871601322991313083e-10
2.314733769434993322e-10
4.749486839960789458e-10
2.274538346060752642e-10
4.630067070338657353e-10
2.234950917999503377e-10
4.513294471588454877e-10
2.195965308420899711e-10
4.399123381699958797e-10
2.157575272525305255e-10
4.287507482028519684e-10
2.119774601435450026e-10
4.178401333543333821e-10
2.082557086459552316e-10
4.071759850482045564e-10
2.045916518835353851e-10
3.967538619585840682e-10
2.009846723041642851e-10
3.865693245163621595e-10
1.974341488620625093e-10
3.766180328194187524e-10
1.939394641447503052e-10
3.668956521455776276e-10
1.904999997401282743e-10
3.573979008806818056e-10
1.871151395769780850e-10
3.481205780072445962e-10
1.837842465730827414e-10
3.390594765557535969e-10
1.805067364018402138e-10
3.302104863998752113e-10
1.772819796316036498e-10
3.215695264696867020e-10
1.741093600866644616e-10
3.131325640031975594e-10
1.709882631635637552e-10
3.048956156382240848e-10
1.679180777176295570e-10
2.968547452684790004e-10
1.648981879200470046e-10
2.890060784434411253e-10
1.619279816249860516e-10
2.813457830126560880e-10
1.590068490670753898e-10
2.738700727331184894e-10
1.561341810198981507e-10
2.665752098238063801e-10
1.533093701036340176e-10
2.594575256225521437e-10
1.505318096279653289e-10
2.525133844796475324e-10
1.478008951172679761e-10
2.457392070853128594e-10
1.451160225500887847e-10
2.391314660354529469e-10
1.424765921479047847e-10
2.326866819713283276e-10
1.398820040809382071e-10
2.264014284681433186e-10
1.373316613090472670e-10
2.202723289268232080e-10
1.348249693374068671e-10
2.142960578810975546e-10
1.323613350814182478e-10
2.084693387894892983e-10
1.299401687099744311e-10
2.027889450812071223e-10
1.275608830586537965e-10
1.972517083134360737e-10
1.252228936258979634e-10
1.918544917203772778e-10
1.229256178669635851e-10
1.865942390736201309e-10
1.206684772923342120e-10
1.814679112008718781e-10
1.184508965116961134e-10
1.764725418921057593e-10
1.162723022367241895e-10
1.716052022268382033e-10
1.141321263346293224e-10
1.668630161658893033e-10
1.120298027095226638e-10
1.622431608383816352e-10
1.099647700019618282e-10
1.577428517851867344e-10
1.079364683220736097e-10
1.533593680875411942e-10
1.059443448210933112e-10
1.490900129414829688e-10
1.039878485467531689e-10
1.449321681970345981e-10
1.020664334643882095e-10
1.408832334599132811e-10
1.001795571677659345e-10
1.369406819848055327e-10
9.832668191447334590e-11
1.331020054897500646e-10
9.650727422730799286e-11
1.293647683782536860e-10
9.472080529493401622e-11
1.257265672712303553e-10
9.296675067120551154e-11
1.221850447135207510e-10
9.124459085179070905e-11
1.187378919534124057e-10
8.955381096459474384e-11
1.153828359776980495e-10
8.789390109009089280e-11
1.121176489687384564e-10
8.626435626858285847e-11
1.089401781551304215e-10
8.466467630487442971e-11
1.058482777644303638e-10
8.309436666544242116e-11
1.028398408279338527e-10
8.155293704557194018e-11
9.991282798457535445e-11
8.003990544877593848e-11
9.706522478077818716e-11
7.855478726532908369e-11
9.429506909779308242e-11
7.709711403158563191e-11
9.160043282012480356e-11
7.566641538747966579e-11
8.897942089497788705e-11
7.426222894872062918e-11
8.643020158940105605e-11
7.288409683427966773e-11
8.395095525578551330e-11
7.153156751407431099e-11
8.153991817339912029e-11
7.020419450328817394e-11
7.919534485531822977e-11
6.890153839478885135e-11
7.691555924362661685e-11
6.762316178855857129e-11
7.469887984055462733e-11
6.636863663502640149e-11
7.254373511283678654e-11
6.513753995272621031e-11
7.044848901117541674e-11
6.392945342564511318e-11
6.841160707759631706e-11
6.274396497131087140e-11
6.643159384239938417e-11
6.158066755829697190e-11
6.450693113172564108e-11
6.043916135079361103e-11
6.263621800776839312e-11
5.931905022190192940e-11
6.081798723199917608e-11
5.821994591255584377e-11
5.905092111439003218e-11
5.714146467301838123e-11
5.733361815998111059e-11
5.608322871920897032e-11
5.566477782341836542e-11
5.504486476201619113e-11
5.404311216528148646e-11
5.402600789354316943e-11
5.246738378007110859e-11
5.302629698959120328e-11
5.093631124664217238e-11
5.204537601420777399e-11
4.944873501801808222e-11
5.108289632547283415e-11
4.800351317659616001e-11
5.013851352883516616e-11
4.659945938832738689e-11
4.921188963207989544e-11
4.523545840434016404e-11
4.830269105817716972e-11
4.391048172020821330e-11
4.741059134746467992e-11
4.262340980229615111e-11
4.653526764860668064e-11
4.137324791225743942e-11
4.567640366237958587e-11
4.015891708301833608e-11
4.483368996951126583e-11
3.897951737419669210e-11
4.400681538416494737e-11
3.783406840128947405e-11
4.319548663839265978e-11
3.672161167986827863e-11
4.239940067041151367e-11
3.564128413856929345e-11
4.161827473486004383e-11
3.459214909010855168e-11
4.085181744860957446e-11
3.357334640656385876e-11
4.009975121035250236e-11
3.258406441376581628e-11
3.936180283856299270e-11
3.162343650090322266e-11
3.863769824767985798e-11
3.069071427190108965e-11
3.792717543436715375e-11
2.978506969758050505e-11
3.722997453055130050e-11
2.890578225166870454e-11
3.654583282523796953e-11
2.805209683855340662e-11
3.587450825169215726e-11
2.722329475669004406e-11
3.521575147972206363e-11
2.641866418457798533e-11
3.456931997056750336e-11
2.563752728066593815e-11
3.393497691540733740e-11
2.487923000937211831e-11
3.331248993710620944e-11
2.414311154391956151e-11
3.270162883103531008e-11
2.342855217101454567e-11
3.210217288233417021e-11
2.273491338040402793e-11
3.151389910546119012e-11
2.206164422738744449e-11
3.093659703622328467e-11
2.140813576339746156e-11
3.037004685164916593e-11
2.077382222065588825e-11
2.981404820386234775e-11
2.015815398288324082e-11
2.926839401530185556e-11
1.956059803278810918e-11
2.873288965823533239e-11
1.898064232910393415e-11
2.820733184466843138e-11
1.841777525817615003e-11
2.769153617297540353e-11
1.787150111254694954e-11
2.718531125210712439e-11
1.734133211672644015e-11
2.668847384510040554e-11
1.682681662482010605e-11
2.620084263289460042e-11
1.632751648163241682e-11
2.572224217933442854e-11
1.584294762015257126e-11
2.525249618930925918e-11
1.537273111362553301e-11
2.479143669730324069e-11
1.491641934551867269e-11
2.433889624302885247e-11
1.447362618363754093e-11
2.389471088585779948e-11
1.404394412991720947e-11
2.345871576631309947e-11
1.362699265348854517e-11
2.303076896487281386e-11
1.322240819756952664e-11
2.261069825033945503e-11
1.282982357764516365e-11
2.219836751334183786e-11
1.244888733127523563e-11
2.179362045419080157e-11
1.207925994316243412e-11
2.139631099745037561e-11
1.172060115849501950e-11
2.100630126670608476e-11
1.137261489255988273e-11
2.062345426458196733e-11
1.103493269275538302e-11
2.024762711644797088e-11
1.070732090626145247e-11
1.987869190467133557e-11
1.038945246422670977e-11
1.951651438548804524e-11
1.008104170243397350e-11
1.916096822309891668e-11
9.781808617834698509e-12
1.881192742741528451e-11
9.491483755246529963e-12
1.846926662792430095e-11
9.209803718428241001e-12
1.813286712305865841e-11
8.936514149117505953e-12
1.780260948315672534e-11
8.671365361036602977e-12
1.747837562883038179e-11
8.414117370274175995e-12
1.716005848195681293e-11
8.164536921395874012e-12
1.684754173558487182e-11
7.922396629518412622e-12
1.654071867730604774e-11
7.687475571131234821e-12
1.623947843624208780e-11
7.459560856912358477e-12
1.594372212117832970e-11
7.238442608189927249e-12
1.565334098381682059e-11
7.023920637973039660e-12
1.536823298612819279e-11
6.815799361081085693e-12
1.508831079867955520e-11
6.613887089308319144e-12
1.481345906022456632e-11
6.417999066151009001e-12
1.454361019804952970e-11
6.227957920883807569e-12
1.427864710229490022e-11
6.043588089693373404e-12
1.401847903312063938e-11
5.864721391789680370e-12
1.376303974493455247e-11
5.691192689600820695e-12
1.351221868927947593e-11
5.522844413276520692e-12
1.326593278578028484e-11
5.359522249569063391e-12
1.302411398511689852e-11
5.201073751967490198e-12
1.278666378424577345e-11
5.047355293530061967e-12
1.255350618331059325e-11
4.898226884452434021e-12
1.232456239298230259e-11
4.753548158231373854e-12
1.209975481477519821e-11
4.613188868351447588e-12
1.187899919359372134e-11
4.477020442728227062e-12
1.166224222099240471e-11
4.344913780113202487e-12
1.144939245006992074e-11
4.216751361231091369e-12
1.124038592573734952e-11
4.092413527439370513e-12
1.103513734657282013e-11
3.971785330749535447e-12
1.083360702211605279e-11
3.854757184326029651e-12
1.063570081665696958e-11
3.741221676726102830e-12
1.044136250121533318e-11
3.631070535509276869e-12
1.025052723441595520e-11
3.524206657272023928e-12
1.006312528440245282e-11
3.420529942450832406e-12
9.879104386390011960e-12
3.319944664293632867e-12
9.698400366413158592e-12
3.222358474449768122e-12
9.520948745198465166e-12
3.127682362496076555e-12
9.346693441395256508e-12
3.035826972879325671e-12
9.175574138556980731e-12
2.946710099797115506e-12
9.007533891270205133e-12
2.860247963503225175e-12
8.842521979783798435e-12
2.776362108136238268e-12
8.680446390678820126e-12
2.694974337483845599e-12
8.521345645695351839e-12
2.616010212793658002e-12
8.365079238132798924e-12
2.539399281178589083e-12
8.211625263543573070e-12
2.465065037710940830e-12
8.060933932678763982e-12
2.392944306947318065e-12
7.912950795720780404e-12
2.322969837793813153e-12
7.767615759865453127e-12
2.255076099347454148e-12
7.624928486996057014e-12
2.189201753285674688e-12
7.484773263569885511e-12
2.125288153328432075e-12
7.347157951938932354e-12
2.063269785240883950e-12
7.212041831451145526e-12
2.003095742258605456e-12
7.079335104963311879e-12
1.944709034683154312e-12
6.949021574494840548e-12
1.888056599704405706e-12
6.821038745235841821e-12
1.833086002050298749e-12
6.695383847598072169e-12
1.779746666538422227e-12
6.571980799279481349e-12
1.727989585987063996e-12
6.450800189412129410e-12
1.677768091064807890e-12
6.331803192090332951e-12
1.629035082275205431e-12
