# -0.2J_-0.8g_0.0theta_1.0472phi_10Chi_0.01delta_500N
-5.770526256928012465e-01
-6.898471587501178170e-01
-4.142014283794420715e-01
1.292613216129915032e-01
-7.186793974274076346e-02
5.389363823949706866e-02
-9.245578726880383791e-02
-1.710823219550072771e-02
-5.142445727134148381e-02
2.233624258612965097e-02
-6.878913485597693001e-01
-1.108556175225820173e+00
-7.036174752921320330e-01
-1.051647374281740710e+00
2.885948449521569259e+00
-1.589583736633749744e+00
7.179054199493843491e+00
-2.147743581130392876e+00
5.705706360904738261e+00
-2.199916408999229134e+00
4.084105121420776863e-01
6.931093130740521024e-01
1.158090767854652592e+00
7.625186261063717552e+00
1.915943303753089744e+00
5.869362005027293883e+00
-7.307409906053966564e-01
-3.226774837986695399e+00
1.494017088566309770e+00
-7.149850011700725760e-01
1.271524426335184366e-01
-9.909900838063188111e-01
-7.518970560224469857e+00
-1.252280555096576649e+02
-2.717238550669399899e+01
-9.990467394200408080e+01
-6.885782434821730646e+01
-4.216808860060383068e+01
-4.098196968673779850e+01
-2.519160817964539092e+02
-7.113142660063898060e-02
2.878932092490764649e+00
-1.889434337537898356e+00
-2.719056222860870520e+01
-7.654064755776413165e+01
-1.203171572772074782e+01
-2.208495934292776610e+02
9.547046163646695049e+01
-1.519345395090337263e+02
-2.874505974747249297e+02
-5.275430582513680050e-02
1.545024205077456303e+00
5.771536897303799485e+00
9.957876599152234576e+01
1.180745923408614395e+01
1.093140490508606746e+02
6.555024085065927864e+01
2.385145484915862824e+01
2.364556037208446782e+01
1.388036185829333249e+02
-9.038112225551696299e-02
7.027819324655251165e+00
8.490449468259129162e-01
-6.684828586741475931e+01
-2.169804416900036586e+02
-6.430525641475495036e+01
-1.046886951459764532e+03
2.140734421453094569e+02
-6.211733388129132436e+02
-2.235041974976718393e+03
1.587756698226121949e-02
2.271000219896114114e+00
-3.114184932175554366e+00
4.101910308632850644e+01
-9.861349529789811186e+01
2.250690182433286779e+01
-2.406798288663812855e+02
4.643583266116873460e+02
-1.407107758625064946e+02
5.623902222692170199e+02
5.031731422348362931e-02
-5.615941107158213264e+00
1.431919702306617470e+00
4.042519664529223888e+01
1.500840149985394874e+02
2.379527593459656387e+01
6.217934164107746255e+02
-1.273719928468202198e+02
5.610490293977599094e+02
1.031627071806330150e+03
2.319572634222905050e-02
-2.223779691844725903e+00
6.013053706815516541e-01
-1.415913324335801917e+02
-3.019718283712219318e+02
-5.698482768950852062e+01
-2.288989371166415367e+03
-2.203006454945961536e+02
-1.107856918661813097e+03
-1.460595917156206815e+04
-5.768546327702267495e-01
-1.527118796760760372e-02
8.046709485124660111e-01
-1.269274456341962232e-01
-7.619736229150744777e-02
5.357673194416331247e-02
6.124976554910408627e-02
-7.135124283567473302e-02
-5.121388747438530842e-02
-1.451039837980939735e-03
-1.124144902648230998e-02
-5.389824438844009746e-01
3.657916136541746188e-01
3.548827050941237293e-01
6.800239375856699908e+00
-4.252606914166414676e+00
-1.884540605053574680e+00
-4.505739355792243828e+00
-4.142123961327904169e+00
-9.259282651782095863e-01
-8.000891490688790686e-01
-3.762932190858785941e-01
1.727500655002327079e+00
3.712785018529185965e+00
3.320973844015795873e+00
-4.294526992454130720e+00
-3.094663165888074996e+00
5.860234728113159264e+00
4.217219347300956933e+00
1.675212890412722810e-01
-1.252327802408950419e-01
3.470346410862267250e-01
-3.665965869931665289e+00
-6.521570417076685544e+01
-8.184454734621139593e+00
3.985256873053848636e+01
-1.303888578052102787e+01
-1.845105189136269530e+02
-1.100611676578164548e+02
-3.340265455294047001e+02
-7.469913624876557690e-02
6.733933287848033800e+00
-3.225668802384183742e+00
-8.207988817816612936e+00
-1.368151774606338620e+02
9.265962754500367282e+01
-7.877555357350293264e+01
1.519918122616053040e+02
1.106978481506494063e+02
-6.184912693616314527e+02
-5.241696606715218199e-02
4.190718809292175884e+00
-4.207409607495134374e+00
-3.988886039307346465e+01
-9.225532961346559091e+01
1.090511344341630320e+02
-5.633748158973698139e+01
4.587494791753707091e+01
2.352365738010701790e+01
-5.065739436149433459e+02
5.911764804262269885e-02
-1.943367483400231688e+00
2.915071100097248902e+00
-1.537281979799434595e+01
-7.439168952986980798e+01
5.406059937590593734e+01
-4.391635231438213509e+02
1.277572640428553683e+02
1.920924950101233719e+02
-2.427956944668545930e+03
7.017551678887769262e-02
4.331049632946679218e+00
5.877494224808613055e+00
1.836035131403637877e+02
-1.508883140730176251e+02
4.592328368909437586e+01
-1.540905918519553666e+02
1.069757783302487269e+03
5.975247227356369422e+02
5.693542523284930894e+02
5.013289955335297615e-02
4.043896730183545785e+00
4.170178216689132356e+00
1.089123371766947912e+02
-1.092331597090221607e+02
2.360797665795312383e+01
-2.018714876528579794e+02
5.909967752147030069e+02
5.566007201776335478e+02
8.781547810905701468e+00
-5.421865092670606970e-03
-1.119836589528448112e+00
-4.395652189796794285e-01
-2.684198053088341567e+02
-6.161717547000844206e+02
4.771315572791188515e+02
-2.506832419180287161e+03
-2.205004285477779433e+02
2.071273781365244417e+02
-2.400769005858365563e+04
-5.787717454172603970e-01
7.031207271487807109e-01
-3.890562461335589362e-01
-2.633537663410021393e-03
1.474631115610815779e-01
5.334127120359639235e-02
3.115754543999520176e-02
8.857776988906723714e-02
-5.115065764450583280e-02
-2.028572373352517319e-02
6.971338152064496807e-01
-1.742474680783996366e+00
3.181561285048169485e-01
-3.741663317052791982e+00
6.053561185049828097e+00
5.828897556069957631e+00
6.437396318064009249e-01
4.538950658022277374e+00
-1.575642448255480499e+00
-7.333115487333088378e-01
3.902505201401396118e-01
-3.286279092221983111e-01
5.153901633479139877e-01
4.462458070077775396e+00
-7.890985188101481418e-01
-1.570991942702430366e+00
5.954590545957430869e+00
3.350942432030376672e+00
-5.706833436462670939e+00
-1.432755477192994675e+00
-2.200436308257085281e-03
-3.663762800896793959e+00
-4.445348245907170259e+00
-1.118240041582675701e+02
3.458022006408362614e+01
6.036173900078954802e+01
-1.631723257732733430e+02
-1.623910921107015497e+02
1.509712190534713727e+02
-2.862693610972161196e+01
1.452782100569404711e-01
5.957510406282413129e+00
7.983907652723687409e-01
3.456946725746773552e+01
-8.994651436792480581e+01
-8.025557536286181914e+01
-1.017412286029528303e+02
-3.123354653561444261e-01
4.065029822941571780e+01
-4.861595545132760208e+02
-5.221523341085305969e-02
-5.722347964148283062e+00
-1.560336553989828179e+00
-5.999383087843675355e+01
8.007123184070729849e+01
1.087929172678758931e+02
-1.074644817209795100e+01
-7.026982869098702622e+01
2.426080557096094381e+01
3.062014444811557041e+02
3.123324803235433267e-02
7.953867015449394007e-01
-5.904203199217892717e+00
-1.638025575861348386e+02
-1.014747852091299336e+02
1.172388030059415875e+01
-8.144062433014321414e+02
-3.540860863381029731e+02
4.242347809934446445e+02
-2.266191314977375896e+03
-8.616759992098509124e-02
-4.481673759664389856e+00
3.157251708000216706e+00
1.577341003223911002e+02
-5.702736981607506861e-01
-6.900951096052116895e+01
3.277275274848987578e+02
6.904788732397988724e+02
-4.583507711186500728e+02
5.540249300043903986e+02
5.007450012855350213e-02
1.584204390040794941e+00
-5.597469951750554173e+00
-1.492602865442092082e+02
-4.023547361754422269e+01
2.448505326929838333e+01
-4.149554513712224093e+02
-4.652451189459965804e+02
5.572210914228506908e+02
-1.032854528851682517e+03
-1.731243041107889680e-02
-7.123964448783860481e-01
1.106397563725089350e+00
4.097541709204961791e+01
-5.364212126774078797e+02
-3.587661140184252417e+02
-2.350089164506975976e+03
-2.246905402715761966e+02
9.315479301029632779e+02
-1.639084026607853230e+04
