# -0.55J_-0.45g_0.99484theta_1.0472phi_10Chi_0.01delta_500N
-5.875234185684452548e-01
-5.087623565006743620e-02
-7.494910024172217744e-01
2.773626955404813188e-01
2.366705746245316155e-01
-8.068876872793906418e-02
2.292143867951210168e-01
-1.966404699665460706e-03
-2.148932891443773863e-01
1.937357833799591700e-01
6.342167074607453214e-01
-3.843927260520174638e-01
1.218712895927003714e+00
7.471473608547067879e-01
-2.934210737548316739e-01
-1.051570760594088716e+00
1.678892723628650607e+00
7.264363389798951243e-01
-1.106075571139694569e+00
1.301305124229906518e+00
-4.046058463590153087e-01
-5.699992518919296813e-01
-5.102842623673319311e-01
2.834849219609412718e-01
-2.563624571485263015e+00
-5.541780462907841542e-01
8.908511631653116547e-01
-8.043913350950332442e-01
1.108975207200591617e+00
-1.278273381366465677e-01
1.406808168240776535e-01
2.566176141136429667e+00
-9.894349967125827261e-01
-1.115412262175106228e+01
2.282083421148535241e+00
8.909403433738306788e+00
-2.123224014534141091e+01
-1.206454176038601922e+01
7.132755608497127753e+00
5.169911971499400494e+01
-3.293547067821311347e-01
-4.994714290731558926e-01
5.567289065946563476e-01
5.478176446817021095e+00
6.625889049245570206e+00
-5.291738502757860729e+00
1.252235572208627445e+01
5.549457777471289432e+00
-1.228822873468171650e+01
-1.275386872270675021e+01
1.048531498778789012e-01
-6.761279178153514202e-01
-6.742096623285709876e-03
-1.576796725056544668e+00
-9.537759597708641124e+00
-1.133469590692232076e+00
-7.172808711219425426e+00
-6.653143566678019205e+00
8.196345286683644815e+00
8.666988308478558167e+00
-2.095429132395604799e-01
1.385775294230374488e+00
1.414594711593289755e+00
1.176526668922702790e+01
2.708439146049146373e+01
-4.991738612758991778e+00
1.868155087999246433e+01
2.322364526619380243e+01
-2.329553897574465893e+01
-5.003388952522771937e+00
-1.929648073396939001e-02
-4.728322053977955242e-01
6.261683785958300774e-01
3.456160786983294653e+00
7.975426164408675689e+00
-3.053809484476915248e+00
1.673629396748581044e+01
7.929572895664504628e+00
-1.339128564516789055e+01
-2.256889573658245851e+01
-1.967572606019805936e-01
4.158455369505487664e-01
1.394886314869124178e+00
6.027597538182634551e+00
2.100820926858257920e+01
-4.998475393058416927e+00
2.011663092352820570e+01
1.075520450244053272e+01
-3.107527295017523628e+01
4.611153737711863876e+00
-2.334399903226645479e-01
1.576667664128976187e-01
1.302110697432709907e+00
-1.818392439383388037e+01
-2.762873441598734203e+01
8.391528213104358258e+00
-5.892755308985196194e+01
-3.871046724508502024e+01
2.842837822053724040e+01
8.672676133316200264e+01
-5.903354019455527846e-01
-6.232518278359888697e-01
4.207576364420391735e-01
-3.464252270092215147e-01
7.537654755892538028e-02
-1.095829750454166696e-01
-1.100467593331491689e-01
-1.986133447046148637e-01
-2.163301410589104079e-01
-1.739743083057590511e-01
-6.671140866254204882e-01
-7.551697475009709892e-01
7.855550326241573789e-01
1.856007670563163847e+00
6.040558998029114113e-01
-6.158270332931223834e-01
-8.981822104374078686e-01
6.086783988560025005e-01
1.498443355550030498e+00
4.965567282522344028e-01
-3.434970155042774698e-01
-9.936921682049407734e-01
-1.426171928899966634e-01
-8.669271506166634778e-01
-4.024116048460318340e-01
1.872466157674663068e+00
7.484726818604736653e-01
1.800556522203164089e+00
4.347145439821595292e-01
7.197024156329950850e-01
-3.085949387107077557e-01
7.328944199094076239e-01
1.123156105422893625e-01
-1.287699922671258790e+01
-7.468389600898457381e-01
-3.339541660887493713e+00
9.173709133655570946e-01
-2.139801459203161826e+01
-1.521803067501999429e+01
2.062140191269470080e+01
-3.819206383808422013e-03
1.717613062109661026e+00
1.579229701096594107e+00
-2.687440026608496346e-01
3.963234313619226068e+00
-1.063112327255818990e+01
6.024361487623316469e-01
-1.708855398642480594e+01
-1.769362762458954075e+00
1.192383391101673240e+01
-2.065506923066570133e-01
1.299257245432760444e+00
9.657097904908261699e-01
-1.577417857658449218e+00
9.246520363365873241e-01
-8.962259640928637694e+00
-2.455600790133896538e+00
-9.953622333852367277e+00
-5.495385699567537863e+00
8.084028712930628302e+00
1.241748206032541324e-01
-9.589286833423611434e-01
8.579544770476921212e-01
2.258958772116572788e+01
3.364337096946047989e+00
9.647634703299244885e-01
-4.158444747459896895e+00
3.009293919953097074e+01
2.378368194921625545e+01
-1.944125537339408538e+01
-1.749862886160178932e-01
7.570544090554300054e-02
-1.707877194612835492e+00
-2.072683666752193687e+01
-1.757597928438827450e+00
7.357350692758146682e-01
1.002387787744159198e+01
-1.403666169261408925e+01
-1.317866247459681794e+01
4.767726152225463032e+00
-1.976794252389450501e-01
9.943707741478213791e-01
-1.069758592189952173e+00
-2.150893831455802641e+01
-5.394681267865119700e+00
5.360914874885274184e-01
-5.211811986642921335e-01
-2.298178652808062949e+01
-3.127821621859265733e+01
1.664283870451598801e+01
6.268904027631382048e-02
-9.149938854523192999e-02
1.699611906677764295e-01
-9.612976042021884382e+00
-1.312981511797049983e+01
1.981865416789883838e+01
-1.446309479840201817e+01
6.263141501834349478e-01
-2.106721700989516677e+01
1.524960482792268124e+01
-5.840264303241113897e-01
6.789394311594969533e-01
3.309623500233230819e-01
8.441727343354046842e-02
-3.484079163410671587e-01
1.002533140163477110e-01
-1.112863394771027026e-01
1.994544409811146446e-01
-2.181750229384687989e-01
3.701757964932081424e-02
3.650985456212336305e-02
-1.983173592066745650e-01
6.770523451911003576e-01
1.552140990097230944e+00
1.091526273007187159e-01
2.138771901272155773e+00
5.228253946829524157e-01
-1.531750150518143450e+00
-3.666290338666808868e-01
2.522079284906260377e-02
7.499236643543903957e-01
-1.122210918589261697e+00
-6.965306620863248588e-01
8.145940596995914218e-01
-1.018723619448718143e+00
1.375497079569828196e-01
-1.407883740377871895e+00
3.693490042810759211e-01
-1.542793420077778865e+00
-3.245122594180394754e-02
2.403182474156416171e-01
2.169624797226565593e-01
8.605953730431938065e-02
-3.488968308418952002e+00
3.740461475564721194e+00
-1.649356288178496499e-01
1.669731915840616088e+00
-3.301096656798410578e+00
7.242970507970621696e+00
1.426409043526644815e+01
2.829712206731807567e-01
9.152691077357703875e-02
1.418886764514570631e+00
-4.419638477304372870e+00
1.341383668680423646e+01
-4.598149523353324830e-01
2.299161639457179263e+01
-1.186973196307310729e+01
1.486058205963000134e+01
-2.673265628614665879e+00
-5.545164621536214505e-02
5.201751936188928616e-01
-2.505020468530313238e+00
-5.410219191780873516e+00
-7.130443622285223881e+00
-9.907191933371926496e+00
-1.096780936305637510e+01
7.698377332521243233e+00
-9.683941525710637599e-01
1.439616790438336480e+01
8.606727366519674460e-02
6.807547392409957210e-01
-8.987118793646265980e-01
-3.059527550092388193e+00
4.560745958181430026e+00
-4.149516508560803452e+00
1.160749873216476047e+00
7.018838977205049012e+00
-4.456546665645855776e-01
6.834689578724970183e+00
1.994426603800010522e-01
1.827610577566804562e+00
-8.451054177104953824e-02
-1.733836991451889631e+01
2.153649648574624109e+01
-1.236966951360486533e+01
3.219532692981997002e+01
-9.042506826396413899e+00
2.751169574672315932e+01
1.398641551643812342e+01
-1.998157734118279627e-01
-1.404801886837273139e+00
-3.206271125992487536e-01
1.486035397866341157e+01
-1.402444831291154692e+01
8.552741036056728419e+00
-1.866950877391670360e+01
1.199540834380420939e+01
-3.152148881156172067e+01
-3.353714627337225807e+01
1.377289331500879677e-01
7.965913506499013863e-01
4.106596581600371887e-01
-2.998588491417663260e+00
-2.709475861189246970e+01
-2.768161422524233473e+00
-5.184805842110521468e+01
1.109960205256605903e+01
-4.012942868205628066e+00
2.633843921426407064e+01
