# -0.7J_-0.3g_0.5236theta_1.0472phi_10Chi_0.01delta_500N
6.241653839647758051e-02
2.601288012441816126e-04
1.081727297534268124e-05
9.349814013246460484e-07
1.211378063610382424e-06
5.714514527555628367e-07
4.804531996793581711e-07
4.689539690819401922e-07
3.084342102690308874e-07
4.138194658593754355e-07
2.483171562537812845e-07
3.775123657050787483e-07
2.226783210179372233e-07
3.494282060355759431e-07
2.107255587452451454e-07
3.256990867407201791e-07
2.046128529225612337e-07
3.049401834865848578e-07
2.011108268105820333e-07
2.866626645603939038e-07
1.989615957094805323e-07
2.706553556481481302e-07
1.976986633827891947e-07
2.567587903389875443e-07
1.971640856234783689e-07
2.448119490171172743e-07
1.973325903557266063e-07
2.346730245054905032e-07
1.982529931882292990e-07
2.262650072526289732e-07
2.000279582849170046e-07
2.196208389440616563e-07
2.028048538416132513e-07
2.149161686160984313e-07
2.067743301514320227e-07
2.124794130630889419e-07
2.121818696377760930e-07
2.127574478750719720e-07
2.193547657086185148e-07
2.162071101552325787e-07
2.287383181095159953e-07
2.231125054180712149e-07
2.409280299677709007e-07
2.333814464706911998e-07
2.566790089467069084e-07
2.463825703992857912e-07
2.768706993910391772e-07
2.608672794183642457e-07
3.024197613023505917e-07
2.750793057469158423e-07
3.341701089795179548e-07
2.872018459188735173e-07
3.727800801759493954e-07
2.960713007486385108e-07
4.185416298868996853e-07
3.016625034923583251e-07
4.710059592567199493e-07
3.048629592597267500e-07
5.282713224325962792e-07
3.067354751611668673e-07
5.858142894465089944e-07
3.079126618666111876e-07
6.354305282560596241e-07
3.084344324283153385e-07
6.674437970250242210e-07
3.078844884812915878e-07
6.799657239674183683e-07
3.055931810801217170e-07
6.853530056002841245e-07
3.007967312192649542e-07
6.984535134738789307e-07
2.927879529243156499e-07
7.222807918907434907e-07
2.811132085114904248e-07
7.481973562469531246e-07
2.657711417175894119e-07
7.630956287559754959e-07
2.473075543828404462e-07
7.563047702606105522e-07
2.267255497737531292e-07
7.241799609078163797e-07
2.052365654488720446e-07
6.707143969965954741e-07
1.839782881161175966e-07
6.044454196295174225e-07
1.638230725955540471e-07
5.343525391340423443e-07
1.453171713491405637e-07
4.671736473280777923e-07
1.287168056674794667e-07
4.066922640806860337e-07
1.140658347113838936e-07
3.542832473042013938e-07
1.012748157948577584e-07
3.098268563114664482e-07
9.018334408428610263e-08
2.724798170509158783e-07
8.060248658808322150e-08
2.411663616899048048e-07
7.234069000295953263e-08
2.148344355341713421e-07
6.521798514513178382e-08
1.925628984866436181e-07
5.907267749348569168e-08
1.735890005658337651e-07
5.376357167119499854e-08
1.572992107678502744e-07
4.916984292031035531e-08
1.432070790071023599e-07
4.518980801039718517e-08
1.309285452534679502e-07
4.173931028317146577e-08
1.201597350300420122e-07
3.874995226375605170e-08
1.106587161901108281e-07
3.616695891111396959e-08
1.022314400335968789e-07
3.394616626332159082e-08
9.472147642590491908e-08
3.204998710457637341e-08
8.800275173370616657e-08
3.044349060136217878e-08
8.197431381320339156e-08
2.909253590723542539e-08
7.655630954068371886e-08
2.796449105377807796e-08
7.168668880943274950e-08
2.703006672954239254e-08
6.731829550621542941e-08
2.626471296527098587e-08
6.341594018808953986e-08
2.564912580136181125e-08
5.995333840074568967e-08
2.516899819581460640e-08
5.691047464918196932e-08
2.481408813365520940e-08
5.427225910633945206e-08
2.457710272770872109e-08
5.202775966408291675e-08
2.445209994355475503e-08
5.016938536749471812e-08
2.443344987935237808e-08
4.869195715679103265e-08
2.451657003197524132e-08
4.759170356566091878e-08
2.469840509565022340e-08
4.686519015847943177e-08
2.497733293359987249e-08
4.650823137305374411e-08
2.535305943709850571e-08
4.651492674440740103e-08
2.582655657041232308e-08
4.687701270875968972e-08
2.640001394171610890e-08
4.758367686408365471e-08
2.707674465902815066e-08
4.862183591110746980e-08
2.786095036732142046e-08
4.997670518231052102e-08
2.875724269982738424e-08
5.163225784486251921e-08
2.976994895043356241e-08
5.357111237394596121e-08
3.090248062133399919e-08
5.577333872579851225e-08
3.215718307061830492e-08
5.821391126863379511e-08
3.353587916391513702e-08
6.085901089107905666e-08
3.504088175769991042e-08
6.366194956246578805e-08
3.667601450437558359e-08
6.655962795805378593e-08
3.844734498180867133e-08
6.947018756979334887e-08
4.036359709466007164e-08
7.229187314936065376e-08
4.243627480665742605e-08
7.490353219997561473e-08
4.467962828799670209e-08
7.716821734785402433e-08
4.711054846139323829e-08
7.894280880343776211e-08
4.974846688798374721e-08
8.009735403228057734e-08
5.261535660525197766e-08
8.054808292854957899e-08
5.573586681190264014e-08
8.030334601928138050e-08
5.913747529438234156e-08
7.951185580197249612e-08
6.285045327376455492e-08
7.848641042203555282e-08
6.690730067944296010e-08
7.766357418124113825e-08
7.134119053947919276e-08
7.747587630220498259e-08
7.618295155756301980e-08
7.818268376766321474e-08
8.145612840001662916e-08
7.977993148704003198e-08
8.716975584180019312e-08
8.205655520688785554e-08
9.330867318908828367e-08
8.472239516216267045e-08
9.982138156882392685e-08
8.750331038397009251e-08
1.066052021121888907e-07
9.017852909978405638e-08
1.134873942979659966e-07
9.258492992677585698e-08
1.202001709985243785e-07
9.461157583134313821e-08
1.263543402826857420e-07
9.619410956607988023e-08
1.314475473323318397e-07
9.731036302694747549e-08
1.350041056027304004e-07
9.797591799674381707e-08
1.369330035045278796e-07
9.823826058186746938e-08
1.378980027311149423e-07
9.816887734112617537e-08
1.391871193052483824e-07
9.785425296732144428e-08
1.420685070259704386e-07
9.738792592987524858e-08
1.473202133356527171e-07
9.686457116306352339e-08
1.552448274589811534e-07
9.637559143450707109e-08
1.658590567420464107e-07
9.600559521860425436e-08
1.789596553296074147e-07
9.582947619767328018e-08
1.939993474002422883e-07
9.591003654745191391e-08
2.098613570692728164e-07
9.629617630909663666e-08
2.247745496765964761e-07
9.702156706747157189e-08
2.366963305322309257e-07
9.810379413381525436e-08
2.441562790291122434e-07
9.954457340737527668e-08
2.468964700377555675e-07
1.013318480001544792e-07
2.456867743050267509e-07
1.034434067320844078e-07
2.416095734642909362e-07
1.058507295231030197e-07
2.355322472274820175e-07
1.085221873847672316e-07
2.280289921884714026e-07
1.114254086173429083e-07
2.195580503135697532e-07
1.145288590317850014e-07
2.106320973557468342e-07
1.178027595629902145e-07
2.018464084642504376e-07
1.212195507691816511e-07
1.937790341729829166e-07
1.247541217767746832e-07
1.868648206169049298e-07
1.283839189480041057e-07
1.813316536101721585e-07
1.320889503599770545e-07
1.772158338502010025e-07
1.358516816906676993e-07
1.744217262042069220e-07
1.396568419780399036e-07
1.727859006004132736e-07
1.434911787012321153e-07
1.721249350458700272e-07
1.473431976534527236e-07
1.722634664449298984e-07
1.512029115567221476e-07
1.730470908113657761e-07
1.550616100956158358e-07
1.743460042519901110e-07
1.589116562613361175e-07
1.760539014861193363e-07
1.627463098201587652e-07
1.780849187970264148e-07
1.665595763073996925e-07
1.803701082560712827e-07
1.703460791583836774e-07
1.828541322038395440e-07
1.741009522569803097e-07
1.854924342314982242e-07
1.778197503391364873e-07
1.882489310958938655e-07
1.814983749096903915e-07
1.910941793065771344e-07
1.851330161748869184e-07
1.940039393468064022e-07
1.887200963766378480e-07
1.969580562302637631e-07
1.922562435307269748e-07
1.999396103029893403e-07
1.957382398045879101e-07
2.029342048316002267e-07
1.991630008745861297e-07
2.059294857338808628e-07
2.025275694793630205e-07
2.089147212512909672e-07
2.058290916255447062e-07
2.118804851976681360e-07
2.090648037193242013e-07
2.148184113736075126e-07
2.122320215456902172e-07
2.177210031295624033e-07
2.153281342229759083e-07
2.205814882794721997e-07
2.183505989240701092e-07
2.233937057505186619e-07
2.212969367110300077e-07
2.261520183314954345e-07
2.241647301986064845e-07
2.288512445902249197e-07
2.269516225781420849e-07
2.314866050893278663e-07
2.296553180715722619e-07
2.340536792758001873e-07
2.322735838647706397e-07
2.365483705112703580e-07
2.348042536127242125e-07
2.389668773902130726e-07
2.372452324732395566e-07
2.413056702132847996e-07
2.395945033710784831e-07
2.435614714231455072e-07
2.418501348622949141e-07
2.457312391317792802e-07
2.440102865564189120e-07
2.478121548481369209e-07
2.460732165445041703e-07
2.498016116163375361e-07
2.480372890973583928e-07
2.516972063090734154e-07
2.499009794408170012e-07
2.534967323240338741e-07
2.516628785881535024e-07
2.551981740017443080e-07
2.533216974542756905e-07
2.567997021455823064e-07
2.548762704218755446e-07
2.582996704237631166e-07
2.563255583940892783e-07
2.596966124211776781e-07
2.576686514115022449e-07
2.609892391827708126e-07
2.589047709129255071e-07
2.621764370556812211e-07
2.600332715775916478e-07
2.632572656784453539e-07
2.610536428636747107e-07
2.642309559640651083e-07
2.619655101334591206e-07
2.650969078700272066e-07
2.627686354293394957e-07
2.658546880126423113e-07
2.634629178359362844e-07
2.665040272873258121e-07
2.640483934728663925e-07
2.670448187668168575e-07
2.645252350440211229e-07
2.674771156473263751e-07
2.648937509893682934e-07
2.678011288590655447e-07
2.651543842008148721e-07
2.680172241199379354e-07
2.653077103107974477e-07
2.681259184717722271e-07
2.653544355591924357e-07
2.681278764356126111e-07
2.652953942249541573e-07
2.680239058232768672e-07
2.651315456565560810e-07
2.678149532579156904e-07
2.648639708815186816e-07
2.675020993935976525e-07
2.644938688232522956e-07
2.670865538353742612e-07
2.640225521384337683e-07
2.665696497740248297e-07
2.634514429155926771e-07
2.659528384289004207e-07
2.627820673717347109e-07
2.652376840236368524e-07
2.620160508891359685e-07
2.644258543211711648e-07
2.611551123117166950e-07
2.635191177252343141e-07
2.602010583068742535e-07
2.625193354958765071e-07
2.591557775355636658e-07
2.614284548952603390e-07
2.580212342268248419e-07
2.602485021899495571e-07
2.567994617186903300e-07
2.589815755267235764e-07
2.554925558267303325e-07
2.576298377041709434e-07
2.541026680668703088e-07
2.561955087903425561e-07
2.526319987577230651e-07
2.546808585440217768e-07
2.510827901295960988e-07
2.530881991748187363e-07
2.494573190309485465e-07
2.514198777441756069e-07
2.477578900557577557e-07
2.496782686785891830e-07
2.459868284456486264e-07
2.478657662939078354e-07
2.441464730144199847e-07
2.459847773810458715e-07
2.422391691504893597e-07
2.440377138717385912e-07
2.402672618993127047e-07
2.420269856746699737e-07
2.382330891639650034e-07
2.399549933425089240e-07
2.361389750470193380e-07
2.378241213395167074e-07
2.339872234336575270e-07
2.356367311931362816e-07
2.317801115344412156e-07
2.333951549215675942e-07
2.295198840110412160e-07
2.311016886968539066e-07
2.272087471999138462e-07
2.287585867739755590e-07
2.248488636702606221e-07
2.263680557163575416e-07
2.224423471568615177e-07
2.239322489646491590e-07
2.199912579129306086e-07
2.214532617762904876e-07
2.174975985270789874e-07
2.189331265948255516e-07
2.149633102718712421e-07
2.163738088926342042e-07
2.123902700512307609e-07
2.137772035551519227e-07
2.097802880147666982e-07
2.111451318702753737e-07
2.071351059375064607e-07
2.084793392011830660e-07
2.044563964413918020e-07
2.057814934337790155e-07
2.017457631745643312e-07
2.030531842941454962e-07
1.990047420547017233e-07
2.002959236503846608e-07
1.962348036956591433e-07
1.975111469208352467e-07
1.934373571478401892e-07
1.947002157229866948e-07
1.906137550816410589e-07
1.918644219076511730e-07
1.877653005539275626e-07
1.890049931320675690e-07
1.848932554774649668e-07
1.861231001306687524e-07
1.819988509289614406e-07
1.832198658393364970e-07
1.790832993840852525e-07
1.802963765254284629e-07
1.761478089688899543e-07
1.773536950586055146e-07
1.731935997527735957e-07
1.743928764273112528e-07
1.702219220752599449e-07
1.714149855699264645e-07
1.672340768067793326e-07
1.684211175273199352e-07
1.642314373851651316e-07
1.654124198489613604e-07
1.612154733364852411e-07
1.623901170817033831e-07
1.581877748896987520e-07
1.593555370654836960e-07
1.551500781533658514e-07
1.563101386006768812e-07
1.521042901782251982e-07
1.532555399117063228e-07
1.490525130927292611e-07
1.501935471519216847e-07
1.459970663482759744e-07
1.471261820178031918e-07
1.429405060051743562e-07
1.440557073806970248e-07
1.398856399011323859e-07
1.409846496831944997e-07
1.368355375017958273e-07
1.379158167507176744e-07
1.337935332671464493e-07
1.348523096062872889e-07
1.307632224593882418e-07
1.317975269039130901e-07
1.277484485120072736e-07
1.287551607118203518e-07
1.247532813437777903e-07
1.257291825958357171e-07
1.217819863643416670e-07
1.227238192768771896e-07
1.188389843326577155e-07
1.197435175739096731e-07
1.159288027082519607e-07
1.167928988459917647e-07
1.130560196105285696e-07
1.138767037248333593e-07
1.102252019668779421e-07
1.109997285021462715e-07
1.074408398237759907e-07
1.081667550896496260e-07
1.047072791018357988e-07
1.053824769313391057e-07
1.020286552357358991e-07
1.026514235871599002e-07
9.940883016832453700e-08
9.997788687611556578e-08
9.685133502850444117e-08
9.736585145141223514e-08
9.435932054348500658e-08
9.481893248062591157e-08
9.193551683479107262e-08
9.234032271750518024e-08
8.958220375118319815e-08
8.993275074292193906e-08
8.730119235500755253e-08
8.759845153092362239e-08
8.509381763308430184e-08
8.533914984716065590e-08
8.296094199475424446e-08
8.315605634385789366e-08
8.090296868013805827e-08
8.104987563181747699e-08
7.891986385319941389e-08
7.902082512733948274e-08
7.701118591797490459e-08
7.706866311276788704e-08
7.517612045804492089e-08
7.519272421275941165e-08
7.341351917378985294e-08
7.339196039704357075e-08
7.172194124504690593e-08
7.166498563362087730e-08
7.009969567613383721e-08
7.001012242843078218e-08
6.854488335300503902e-08
6.842544867676655597e-08
6.705543775179222939e-08
6.690884348397377453e-08
6.562916345504947928e-08
6.545803086516514915e-08
6.426377184497536068e-08
6.407062049949579528e-08
6.295691355044183417e-08
6.274414495696170583e-08
6.170620739678565561e-08
6.147609304367149071e-08
6.050926576973778729e-08
6.026393910031186855e-08
5.936371642320102353e-08
5.910516825373755312e-08
5.826722086322980428e-08
5.799729774273867233e-08
5.721748951039580506e-08
5.693789453423367482e-08
5.621229389480401543e-08
5.592458951149312471e-08
5.524947616234774788e-08
5.495508855447845413e-08
5.432695619024155505e-08
5.402718085112757313e-08
5.344273660655538941e-08
5.313874478600857903e-08
5.259490600055145016e-08
5.228775173605088693e-08
5.178164059805979293e-08
5.147226809420979563e-08
5.100120464637400525e-08
5.069045580559467477e-08
5.025194974253678141e-08
4.994057170104297659e-08
4.953231331087137543e-08
4.922096583546110730e-08
4.884081639715109875e-08
4.853007907092421984e-08
4.817606095510774050e-08
4.786644006105869549e-08
4.753672673931443338e-08
4.722866181378127268e-08
4.692156793410036966e-08
4.661543793827459636e-08
4.632940960712672579e-08
4.602553871140305022e-08
4.575914406051246313e-08
4.545780703593668023e-08
4.520972716508536634e-08
4.491115436944963308e-08
4.468017469884024133e-08
4.438455668337487344e-08
4.416955875656128786e-08
4.387705049660271063e-08
4.367700425078321114e-08
4.338772901853504042e-08
4.320168552699181262e-08
4.291573842684409663e-08
4.274282311157370187e-08
4.246027430074827829e-08
4.229968060778272634e-08
4.202057821780331312e-08
4.187156173798705226e-08
4.159593452379625047e-08
4.145780754431469543e-08
4.118566728141344073e-08
4.105779374577675565e-08
4.078913739097846677e-08
4.067092824167222864e-08
4.040573988637953760e-08
4.029664877263212791e-08
4.003490139903808738e-08
3.993442072213225512e-08
3.967607778279930099e-08
3.958373505666090302e-08
3.932875189787446311e-08
3.924410639940421627e-08
3.899243153631436668e-08
3.891507122709343830e-08
3.866664749337763491e-08
3.859618618644861115e-08
3.835095176403167064e-08
3.828702651838413626e-08
3.804491586768038475e-08
3.798718458750579144e-08
3.774812928036372301e-08
3.769626850635013661e-08
3.746019797991683841e-08
3.741390084570224652e-08
3.718074308326617232e-08
3.713971743071788768e-08
3.690939957764662002e-08
3.687336620913514740e-08
3.664581513350161718e-08
3.661450618775501252e-08
3.638964899453299878e-08
3.636280643606617048e-08
3.614057093717691434e-08
3.611794514319508068e-08
3.589826029027668066e-08
3.587960872814157152e-08
3.566240502240477456e-08
3.564749099891182986e-08
3.543270087087983709e-08
3.542129235568022252e-08
3.520885052568167647e-08
3.520071902851863164e-08
3.499056285483400635e-08
3.498548235705914215e-08
3.477755217051707439e-08
3.477529810116781634e-08
3.456953753170766028e-08
3.456988577415291983e-08
3.436624207838999011e-08
3.436896801541321168e-08
3.416739239821980492e-08
3.417226998077511479e-08
3.397271792007925709e-08
3.397951875927659084e-08
3.378195033936019836e-08
3.379044281211087280e-08
3.359482305947382668e-08
3.360477143924221463e-08
3.341107067175134028e-08
3.342223426438491156e-08
3.323042844617760719e-08
3.324256074684425639e-08
3.305263186117368228e-08
3.306547972169665068e-08
3.287741615061258680e-08
3.289071896340333893e-08
3.270451588676219545e-08
3.271800478872031744e-08
3.253366459074748290e-08
3.254706168914352084e-08
3.236459438036145712e-08
3.237761201172537374e-08
3.219703565959120817e-08
3.220937568044162849e-08
3.203071684850787601e-08
3.204206998133174371e-08
3.186536417200466253e-08
3.187540940633491377e-08
3.170070150295283916e-08
3.170910557242421721e-08
3.153645027693385180e-08
3.154286723020077839e-08
3.137232948237433832e-08
3.137640036650646878e-08
3.120805574372234204e-08
3.120940842136529062e-08
3.104334350377658648e-08
3.104159263361107481e-08
3.087790532054371033e-08
3.087265252808782228e-08
3.071145229486789993e-08
3.070228656554582440e-08
3.054369464074295047e-08
3.053019297022955276e-08
3.037434241512847282e-08
3.035607075090257567e-08
3.020310642320079163e-08
3.017962093843674993e-08
3.002969931200001172e-08
3.000054804715797034e-08
2.985383686862413258e-08
2.981856178000815614e-08
2.967523953381691819e-08
2.963337898255803629e-08
2.949363414200562457e-08
2.944472585547500533e-08
2.930875589011951076e-08
2.925234042252635035e-08
2.912035054158451634e-08
2.905597524564758585e-08
2.892817685907870790e-08
2.885540037411823122e-08
2.873200924631545889e-08
2.865040649893114434e-08
2.853164059137608781e-08
2.844080827396428158e-08
2.832688527279206855e-08
2.822644775554993562e-08
2.811758228806318314e-08
2.800719789512961926e-08
2.790359845332978062e-08
2.778296600968482958e-08
2.768483161208912753e-08
2.755369714142607609e-08
2.746121377360706103e-08
2.731937720040362686e-08
2.723271409970999007e-08
2.708003579021212711e-08
2.699934164111165280e-08
2.683574859555041234e-08
2.676114772462217209e-08
2.658663921854310887e-08
2.651822788951180426e-08
2.633288035004597373e-08
2.627072326274749455e-08
2.607469417734237028e-08
2.601882128979310131e-08
2.581235194127666772e-08
2.576275572071615646e-08
2.554617258002525383e-08
2.550280579444388516e-08
2.527652041877145575e-08
2.523929457008451997e-08
2.500380191275824002e-08
2.497258638298522090e-08
2.472846145816401837e-08
2.470308343565330390e-08
2.445097635435800762e-08
2.443122156895565025e-08
2.417185100962576362e-08
2.415746527597914844e-08
2.389161052691660574e-08
2.388230207001223819e-08
2.361079382917776965e-08
2.360623633202531052e-08
2.332994650720072861e-08
2.332978278889324545e-08
2.304961357409941712e-08
2.305345978822069565e-08
2.277033232218617496e-08
2.277778254048940476e-08
2.249262546573432408e-08
2.250325650332869765e-08
2.221699473313131619e-08
2.223037106611725808e-08
2.194391505653796083e-08
2.195959368137147632e-08
2.167382947034539932e-08
2.169136456607232945e-08
2.140714479938796001e-08
2.142609206988740697e-08
2.114422818562345923e-08
2.116414877153322565e-08
2.088540446548740398e-08
2.090586834239484747e-08
2.063095437744299970e-08
2.065154317901296726e-08
2.038111355636554652e-08
2.040142278303773273e-08
2.013607224228837033e-08
2.015571283855833908e-08
1.989597561943761326e-08
1.991457492148136945e-08
1.966092468211664035e-08
1.967812675676171756e-08
1.943097752547351486e-08
1.944644292777818225e-08
1.920615094546343153e-08
1.921955594334577794e-08
1.898642224803528244e-08
1.899745755457535177e-08
1.877173115674975453e-08
1.878010022601437591e-08
1.856198172965197999e-08
1.856739866370960440e-08
1.835704419194006235e-08
1.835923131238138674e-08
1.815675661227414953e-08
1.815544173998833242e-08
1.796092634982946184e-08
1.795583983925273828e-08
1.776933121904005147e-08
1.776020278635805794e-08
1.758172031689781766e-08
1.756827570258024343e-08
1.739781448327475554e-08
1.737977198151332153e-08
1.721730635462845484e-08
1.719437325338908041e-08
1.703985999865116365e-08
1.701172897232501828e-08
1.686511011490604229e-08
1.683145562073416212e-08
1.669266080936284451e-08
1.665313555542800185e-08
1.652208395140173045e-08
1.647631552519574386e-08
1.635291716180185248e-08
1.630050493363742619e-08
1.618466148036361433e-08
1.612517393770698320e-08
1.601677881895335751e-08
1.594975153156613771e-08
1.584868932848956976e-08
1.577362381289575437e-08
1.567976887889290798e-08
1.559613268922207198e-08
1.550934691378277438e-08
1.541657538151888788e-08
1.533670503196433564e-08
1.523420515871768395e-08
1.516107675083072728e-08
1.504823384955708060e-08
1.498164903041662097e-08
1.485783678757035632e-08
1.479756626013028353e-08
1.466216094412885736e-08
1.460793753957581859e-08
1.446033706647319521e-08
1.441184818852965009e-08
1.425149666492425071e-08
1.420837646628779569e-08
1.403479459671782871e-08
1.399661643230541939e-08
1.380943777744015959e-08
1.377570768012874920e-08
1.357472014122981268e-08
1.354487226761459078e-08
1.333006334039055557e-08
1.330345850589276088e-08
1.307506181003632577e-08
1.305099030770121438e-08
1.280952978448912859e-08
1.278721961191039776e-08
1.253354672380204705e-08
1.251217805894591149e-08
1.224749660046982856e-08
1.222622283377144810e-08
1.195209586121666013e-08
1.193007071652664942e-08
1.164840489404005566e-08
1.162481424023007322e-08
1.133781872052523666e-08
1.131191472093402382e-08
1.102203447687606715e-08
1.099316898467772374e-08
1.070299588082693474e-08
1.067064963818338751e-08
1.038281790597743467e-08
1.034662233110558131e-08
1.006369774555398735e-08
1.002344686217793081e-08
9.747819993950988189e-09
9.703471338318555193e-09
9.437265139640270613e-09
9.388929923742184341e-09
9.133929277416718475e-09
9.081853384058298411e-09
8.839461373793376772e-09
8.783999791963890100e-09
8.555221651165626381e-09
8.496809395701404119e-09
8.282261807680807138e-09
8.221384306392921325e-09
8.021325310913709127e-09
7.958490766994314138e-09
7.772864232852832198e-09
7.708579745556990203e-09
7.537068178873349057e-09
7.471820623028335750e-09
7.313900712539148973e-09
7.248142668948256662e-09
7.103139126591097696e-09
7.037279614913347829e-09
6.904414201177665143e-09
6.838813606187381492e-09
6.717247503427670371e-09
6.652215912666732469e-09
6.541084681107585412e-09
6.476882808479032794e-09
6.375323606100719000e-09
6.312165533285629916e-09
6.219339256990504101e-09
6.157396320928070592e-09
6.072500275834186785e-09
6.011905594574368525e-09
5.934185029068193599e-09
5.875038236457942749e-09
5.803790347027153805e-09
5.746162253628102914e-09
5.680740954814465647e-09
5.624677969276355427e-09
5.564492819563663708e-09
5.510020989977707099e-09
5.454536211220758873e-09
5.401664842364949272e-09
5.350396854382425922e-09
5.299121402216528710e-09
5.251635654157002922e-09
5.201941611330884249e-09
5.157848943003258466e-09
5.109712423284968877e-09
5.068665354956978048e-09
5.022056253672657073e-09
4.983745207541752234e-09
4.938628538269868664e-09
4.902778184213999727e-09
4.859115433851461064e-09
4.825481220858562422e-09
4.783231456280345517e-09
4.751596374288011002e-09
4.710717138764061596e-09
4.680888731139168616e-09
4.641336763661858739e-09
4.613144401012399805e-09
4.574876206379578210e-09
4.548168616565240118e-09
4.511140912283072171e-09
4.485783958242683795e-09
4.449954019081196771e-09
4.425828708201885590e-09
4.391154628073528848e-09
4.368155337000424581e-09
4.334596222007360157e-09
4.312629119576601022e-09
4.280145227065651637e-09
4.259126876550545706e-09
4.227679709164700791e-09
4.207535831008237177e-09
4.177088196252833714e-09
4.157752578100309366e-09
4.128268619288676691e-09
4.109682153128539850e-09
4.081127359240962707e-09
4.063237194703491461e-09
4.035578393957232360e-09
4.018337193836381889e-09
3.991542532049706772e-09
3.974907817516030476e-09
3.948946730312024323e-09
3.932880305522612900e-09
3.907723480850641955e-09
3.892190928302987052e-09
3.867810265474360730e-09
3.852780502426249943e-09
3.829149066895905438e-09
3.814593956627981708e-09
3.791685934141456370e-09
3.777579941242902811e-09
3.755370590887334397e-09
3.741690492395993621e-09
3.720156096891390429e-09
3.706880702025303484e-09
3.685998523347883572e-09
3.673108454416030949e-09
3.652856686240508037e-09
3.640334173284714512e-09
3.620691897258757799e-09
3.608520598519607730e-09
3.589467743141171099e-09
3.577632591562923376e-09
