# -0.25J_-0.75g_1.0472theta_1.0472phi_10Chi_0.01delta_500N
3.873081264011731667e-02
7.435432817576005876e-05
1.022982638126514817e-05
6.542553613493081193e-07
6.925617718088135181e-07
3.317019642522984675e-07
3.592225168026459107e-07
2.271235090461359872e-07
2.588589371600580838e-07
1.725166920841629969e-07
2.145228595791811308e-07
1.421019856791031426e-07
1.898581832725609953e-07
1.241112574494227625e-07
1.737077109229496678e-07
1.127737833979054215e-07
1.617795019673362160e-07
1.051079357196133373e-07
1.521668830404853040e-07
9.955771983716969554e-08
1.439474387904828696e-07
9.531056072464459188e-08
1.366560714620703651e-07
9.193430436770768181e-08
1.300564459286619190e-07
8.918976301258108010e-08
1.240321763650593005e-07
8.693750546179183949e-08
1.185323143061867202e-07
8.509209138014713383e-08
1.135433578140885117e-07
8.359931327956505417e-08
1.090746340797486133e-07
8.242448951424144250e-08
1.051502173051586325e-07
8.154603643232019592e-08
1.018036641987691471e-07
8.095162276283433972e-08
9.907386253662513071e-08
8.063552712002170955e-08
9.700134114917213936e-08
8.059650631537954757e-08
9.562537429108384285e-08
8.083584296582412271e-08
9.498248132994455294e-08
8.135541010658201802e-08
9.510672131462717182e-08
8.215568086404622786e-08
9.603158959538652664e-08
8.323361864765651238e-08
9.779281269362706219e-08
8.458034153548035894e-08
1.004312290922855677e-07
8.617841447582872430e-08
1.039951662866427446e-07
8.799865050487048789e-08
1.085420063445357752e-07
8.999646154200852014e-08
1.141388015513443928e-07
9.210813906186864432e-08
1.208618638831288525e-07
9.424797299094826772e-08
1.287952434590728166e-07
9.630773805082530580e-08
1.380277782147723363e-07
9.816049916674147681e-08
1.486475182588974142e-07
9.967039608768549819e-08
1.607303836989103869e-07
1.007085427199287829e-07
1.743169194859980533e-07
1.011724727037372527e-07
1.893677184856790187e-07
1.010038856633314613e-07
2.056867908175354881e-07
1.001988217139339440e-07
2.228088207609922957e-07
9.880695854653779101e-08
2.398717689889650678e-07
9.692115405367818608e-08
2.555489174379499920e-07
9.466166942332077718e-08
2.681731536087223462e-07
9.215991911542304563e-08
2.761672601871384606e-07
8.954491872938600586e-08
2.786793704485899681e-07
8.693366331878649889e-08
2.759292804733658898e-07
8.442540060208850060e-08
2.685923655859405481e-07
8.209932020043244902e-08
2.562804473639592010e-07
8.001550218888352977e-08
2.368294383927219655e-07
7.821915763149234527e-08
2.085953975559093713e-07
7.674607149133642700e-08
1.741530577272395188e-07
7.562373683170041804e-08
1.396361626100660827e-07
7.486740149632382928e-08
1.100460661001725973e-07
7.447670704347372286e-08
8.701342731390363413e-08
7.443229946895841523e-08
6.992494756974818087e-08
7.468798470901797623e-08
5.747193390816263532e-08
7.515764237346470329e-08
4.841931626910417371e-08
7.569940159356559765e-08
4.181194898101427041e-08
7.610432467795776122e-08
3.695911029075719703e-08
7.610040133747060384e-08
3.336464559976998507e-08
7.538612047021163586e-08
3.066224489481240017e-08
7.370023182873339173e-08
2.857418876233843256e-08
7.091121393212547734e-08
2.689336660521803967e-08
6.708272977467650988e-08
2.547539071628273796e-08
6.247038813162585694e-08
2.422877487703290097e-08
5.744392422119999760e-08
2.310114009306278314e-08
5.237839438621913880e-08
2.206579813151494675e-08
4.757027374713167070e-08
2.111154762936001030e-08
4.320470350673860225e-08
2.023592803907857993e-08
3.936502986690391148e-08
1.944101218387739862e-08
3.606170911951721455e-08
1.873077903900648906e-08
3.326233600665113256e-08
1.810941886695941832e-08
3.091450044048345874e-08
1.758021440397466052e-08
2.896025185549066374e-08
1.714483005349413855e-08
2.734395867279168867e-08
1.680292171369010533e-08
2.601585428913766375e-08
1.655203613332530843e-08
2.493310549785282230e-08
1.638773761295600748e-08
2.405959865736300296e-08
1.630389345950874379e-08
2.336514970837659421e-08
1.629305013331519892e-08
2.282451862808471043e-08
1.634684031452304273e-08
2.241641428786133137e-08
1.645639246841564319e-08
2.212256986770495894e-08
1.661274332009802438e-08
2.192691338024212330e-08
1.680726203893256945e-08
2.181483095920798136e-08
1.703207691892585894e-08
2.177250991642223848e-08
1.728046448969991464e-08
2.178634779760116864e-08
1.754713988844751763e-08
2.184241980112185158e-08
1.782839105716304229e-08
2.192600778742158036e-08
1.812201914628506940e-08
2.202121270762039388e-08
1.842708650991582721e-08
2.211069998287544119e-08
1.874349648322846534e-08
2.217564465302496929e-08
1.907144864495142961e-08
2.219599085783675570e-08
1.941081165934711901e-08
2.215114989749395452e-08
1.976046903270327394e-08
2.202125107678396653e-08
2.011768588965088132e-08
2.178899269701171417e-08
2.047755232705590426e-08
2.144197917333338551e-08
2.083256857771061929e-08
2.097519229085315025e-08
2.117244581446725566e-08
2.039297944422618033e-08
2.148422640862019314e-08
1.970987377272927327e-08
2.175291683062837016e-08
1.894969422703044865e-08
2.196270597974693776e-08
1.814288378636240071e-08
2.209890105356537073e-08
1.732265622438537240e-08
2.215050549288921514e-08
1.652094143238475032e-08
2.211311196874084814e-08
1.576510683110178938e-08
2.199147013694527179e-08
1.507606252867759137e-08
2.180088266736464951e-08
1.446779979815968522e-08
2.156670840561936233e-08
1.394804700418653014e-08
2.132177910080563885e-08
1.351955830877243514e-08
2.110228977817444484e-08
1.318158990284735765e-08
2.094329033970982693e-08
1.293127422742376685e-08
2.087496895267513106e-08
1.276474602826290261e-08
2.092047172520537236e-08
1.267798432155295457e-08
2.109536340345696116e-08
1.266739637394549402e-08
2.140833950376967998e-08
1.273020397635507463e-08
2.186260558881780717e-08
1.286465191111158295e-08
2.245737723786270857e-08
1.307012015251727438e-08
2.318916877802689425e-08
1.334720935499755898e-08
2.405268300980637696e-08
1.369773622650767432e-08
2.504128890905766094e-08
1.412471725539840976e-08
2.614716536646937253e-08
1.463233447454017056e-08
2.736123737277982749e-08
1.522588552248721106e-08
2.867304709492169488e-08
1.591171592400980823e-08
3.007069032691648752e-08
1.669712861167284708e-08
3.154091262114924101e-08
1.759026398042923638e-08
3.306940287118006883e-08
1.859994242222316268e-08
3.464125565292801942e-08
1.973545905954035637e-08
3.624151693746328893e-08
2.100631708284162692e-08
3.785570403712195005e-08
2.242188336681148865e-08
3.947020883169129017e-08
2.399094924258514713e-08
4.107253306760236783e-08
2.572118046195397212e-08
4.265134454014227593e-08
2.761844453158404935e-08
4.419639446752391227e-08
2.968600650714183673e-08
4.569835236653197114e-08
3.192361485191354239e-08
4.714870051447008852e-08
3.432650028162899171e-08
4.853973507737926035e-08
3.688436015565806371e-08
4.986472761434909814e-08
3.958043772177335575e-08
5.111820462375768987e-08
4.239084304179069165e-08
5.229631351837703450e-08
4.528429863450429369e-08
5.339715390455903512e-08
4.822250029979794189e-08
5.442105861668328357e-08
5.116127720081031243e-08
5.537070693242476617e-08
5.405260033725008471e-08
5.625105472048133721e-08
5.684738835131145844e-08
5.706908493235569438e-08
5.949886582913661239e-08
5.783341177336398492e-08
6.196606627226307244e-08
5.855379228694508589e-08
6.421697333954267931e-08
5.924060519272259808e-08
6.623080898765628276e-08
5.990435082272898193e-08
6.799911746462506030e-08
6.055521269447626844e-08
6.952552557380163257e-08
6.120270530306221853e-08
7.082431301233380221e-08
6.185541833672077052e-08
7.191812721885370604e-08
6.252085611981256048e-08
7.283527523370353206e-08
6.320536346574681901e-08
7.360701230518845489e-08
6.391412442347025633e-08
7.426515114794875883e-08
6.465121813128248124e-08
7.484018253116006647e-08
6.541971530236853877e-08
7.535996943999452143e-08
6.622179954336448331e-08
7.584897993549683966e-08
6.705889953019686804e-08
7.632796665482277771e-08
6.793182074130598834e-08
7.681397913959151152e-08
6.884086872103871385e-08
7.732059842024071156e-08
6.978595903146086550e-08
7.785830032313087783e-08
7.076671174602193715e-08
7.843487622068437663e-08
7.178253032881454129e-08
7.905586153773185406e-08
7.283266595545981191e-08
7.972494056910238061e-08
7.391626897830094288e-08
8.044431027188882957e-08
7.503242936879588297e-08
8.121499640276488279e-08
7.618020800079467376e-08
8.203712302678551593e-08
7.735866040799803151e-08
8.291013944142287644e-08
7.856685442982066636e-08
8.383300764497017306e-08
7.980388297363034586e-08
8.480435293652411153e-08
8.106887311536116131e-08
8.582258431330128770e-08
8.236099850901967001e-08
8.688598332099184969e-08
8.367946535481317838e-08
8.799276107222178029e-08
8.502352412708421900e-08
8.914112417149610436e-08
8.639247410759819411e-08
9.032930647404709694e-08
8.778565866459374300e-08
9.155559396656464398e-08
8.920246367812668195e-08
9.281834203311572010e-08
9.064231542660036486e-08
9.411598631860672752e-08
9.210467815006508160e-08
9.544704876196604681e-08
9.358905139857252282e-08
9.681014003597770752e-08
9.509496729701107553e-08
9.820395935741483697e-08
9.662198779574556128e-08
9.962729241487599289e-08
9.816970195589216472e-08
1.010790113844764620e-07
9.973773266242751300e-08
1.025580662055355875e-07
1.013257070419355816e-07
1.040634716172875933e-07
1.029332786966308409e-07
1.055943178003945431e-07
1.045601203003136155e-07
1.071497589523492244e-07
1.062059199927257663e-07
1.087290081704928526e-07
1.078703794860739042e-07
1.103313325052908843e-07
1.095532123489170277e-07
1.119560482226228791e-07
1.112541424417687337e-07
1.136025163373379183e-07
1.129729025043220176e-07
1.152701384129613415e-07
1.147092328792232891e-07
1.169583526607062929e-07
1.164628803583717554e-07
1.186666303246292359e-07
1.182335971638511310e-07
1.203944723612543681e-07
1.200211400271731261e-07
1.221414063876159867e-07
1.218252693753740495e-07
1.239069839019263371e-07
1.236457486032295283e-07
1.256907777490459479e-07
1.254823434442273673e-07
1.274923798275088240e-07
1.273348213973475570e-07
1.293113990074628934e-07
1.292029512423216769e-07
1.311474592585571252e-07
1.310865026039113646e-07
1.330001979537389945e-07
1.329852455712267754e-07
1.348692643539265691e-07
1.348989503869100387e-07
1.367543182387047077e-07
1.368273871525165002e-07
1.386550286880827831e-07
1.387703255963229794e-07
1.405710729887910760e-07
1.407275348703262920e-07
1.425021356523901769e-07
1.426987833716096128e-07
1.444479075513813158e-07
1.446838386085598687e-07
1.464080851399550823e-07
1.466824670785296582e-07
1.483823697660755763e-07
1.486944341756179687e-07
1.503704670593343825e-07
1.507195041155080199e-07
1.523720863953419910e-07
1.527574398840798393e-07
1.543869404082097267e-07
1.548080031916168289e-07
1.564147445783456649e-07
1.568709544547702631e-07
1.584552168579233701e-07
1.589460527822248710e-07
1.605080773443058551e-07
1.610330559700678952e-07
1.625730480012544009e-07
1.631317205181232491e-07
1.646498524096679096e-07
1.652418016480217996e-07
1.667382155541441275e-07
1.673630533222298569e-07
1.688378636340835427e-07
1.694952282861856222e-07
1.709485239154791861e-07
1.716380781099551566e-07
1.730699245884478335e-07
1.737913532237621835e-07
1.752017946597747447e-07
1.759548029773348969e-07
1.773438638550111331e-07
1.781281756943513590e-07
1.794958625461984861e-07
1.803112187297304273e-07
1.816575216883958596e-07
1.825036785287183636e-07
1.838285727701645555e-07
1.847053007009878589e-07
1.860087477851274023e-07
1.869158300789866128e-07
1.881977791990085326e-07
1.891350107914072504e-07
1.903953999391099782e-07
1.913625863399840148e-07
1.926013433891625300e-07
1.935982996638382598e-07
1.948153433915714081e-07
1.958418932227713558e-07
1.970371342521674283e-07
1.980931090683957903e-07
1.992664507576825885e-07
2.003516889204460334e-07
2.015030281968015112e-07
2.026173742470580442e-07
2.037466023847508628e-07
2.048899063398089258e-07
2.059969096885696817e-07
2.071690263948018801e-07
2.082536870687039369e-07
2.094544755862286638e-07
2.105166721073078840e-07
2.117459951506126000e-07
2.127856030490938439e-07
2.140433264604459696e-07
2.150602188468813463e-07
2.163462111046109197e-07
2.173402592023110658e-07
2.186543909646070287e-07
2.196254646104092893e-07
2.209676082894952724e-07
2.219155764060458472e-07
2.232856057757872606e-07
2.242103368215769025e-07
2.256081266468278674e-07
2.265094890195810002e-07
2.279349147152714285e-07
2.288127771572638003e-07
2.302657144700282706e-07
2.311199464328367579e-07
2.326002711460029189e-07
2.334307431330656087e-07
2.349383307916233226e-07
2.357449146931453283e-07
2.372796403462190086e-07
2.380622097344783572e-07
2.396239477076771232e-07
2.403823781312516027e-07
2.419710018014613243e-07
2.427051710562506507e-07
2.443205526516112734e-07
2.450303410237100774e-07
2.466723514424336074e-07
2.473576419575300680e-07
2.490261505897810051e-07
2.496868292225613408e-07
2.513817038027293673e-07
2.520176596915178381e-07
2.537387661435679732e-07
2.543498917810588475e-07
2.560970940979651477e-07
2.566832855099449605e-07
2.584564456256093445e-07
2.590176025391680585e-07
2.608165802234429609e-07
2.613526062221482320e-07
2.631772589882761785e-07
2.636880616558121969e-07
2.655382446638970822e-07
2.660237357156295947e-07
2.678993016993575859e-07
2.683593971100258065e-07
2.702601963057580976e-07
2.706948164167774238e-07
2.726206965067546649e-07
2.730297661257315079e-07
2.749805721797536809e-07
2.753640206861519261e-07
2.773395951190543260e-07
2.776973565407398474e-07
2.796975390737362988e-07
2.800295521663995328e-07
2.820541797986927569e-07
2.823603881101985362e-07
2.844092950899847310e-07
2.846896470320253432e-07
2.867626648399490887e-07
2.870171137308594617e-07
2.891140710714461936e-07
2.893425751898498280e-07
2.914632979763121311e-07
2.916658206005239610e-07
2.938101319587762937e-07
2.939866413992709947e-07
2.961543616691644511e-07
2.963048312953025533e-07
2.984957780390874639e-07
2.986201863057583497e-07
3.008341743181886958e-07
3.009325047775978577e-07
3.031693461002355935e-07
3.032415874175041747e-07
3.055010913607631539e-07
3.055472373153254474e-07
3.078292104886046200e-07
3.078492599757257392e-07
3.101535062981854227e-07
3.101474633328178431e-07
3.124737840777074445e-07
3.124416577792818384e-07
3.147898516001775468e-07
3.147316561832478341e-07
3.171015191523790088e-07
3.170172739084507472e-07
3.194085995545212093e-07
3.192983288372996686e-07
3.217109081826394131e-07
3.215746413823088905e-07
3.240082629925294339e-07
3.238460345063207117e-07
3.263004845257151403e-07
3.261123337346561786e-07
3.285873959443507658e-07
3.283733671747891194e-07
3.308688230299687829e-07
3.306289655208700409e-07
3.331445942121821959e-07
3.328789620761413205e-07
3.354145405699341274e-07
3.351231927527847402e-07
3.376784958526490241e-07
3.373614960889066677e-07
3.399362964826836531e-07
3.395937132512054160e-07
3.421877815716843667e-07
3.418196880503524619e-07
3.444327929294305499e-07
3.440392669424140319e-07
3.466711750612652519e-07
3.462522990342546958e-07
3.489027751875611147e-07
3.484586360819283752e-07
3.511274432350370154e-07
3.506581325149998351e-07
3.533450318536964481e-07
3.528506454094741995e-07
3.555553964083214606e-07
3.550360345164653640e-07
3.577583949905084631e-07
3.572141622443892980e-07
3.599538884094440394e-07
3.593848936614412463e-07
3.621417401940800216e-07
3.615480965110008754e-07
3.643218165978433641e-07
3.637036411837193091e-07
3.664939865889825615e-07
3.658514007328420599e-07
3.686581218529469117e-07
3.679912508647065906e-07
3.708140967855260784e-07
3.701230699325715195e-07
3.729617884779535871e-07
3.722467389350100646e-07
3.751010767312022532e-07
3.743621415024880645e-07
3.772318440388031245e-07
3.764691639048043166e-07
3.793539755650171246e-07
3.785676950232185868e-07
3.814673591619475536e-07
3.806576263590155892e-07
3.835718853421589010e-07
3.827388520167459102e-07
3.856674472814808426e-07
3.848112686949739730e-07
3.877539407887333237e-07
3.868747756766818427e-07
3.898312643150358225e-07
3.889292748173750310e-07
3.918993189273868565e-07
3.909746705318096485e-07
3.939580083034215373e-07
3.930108697866745168e-07
3.960072387120483442e-07
3.950377820818253117e-07
3.980469190084838702e-07
3.970553194378176687e-07
4.000769606037262836e-07
3.990633963877119263e-07
4.020972774615217861e-07
4.010619299595416623e-07
4.041077860797534981e-07
4.030508396432459509e-07
4.061084054734936535e-07
4.050300474116390927e-07
4.080990571487965064e-07
4.069994776656293937e-07
4.100796651034106848e-07
4.089590572488228082e-07
4.120501557877769246e-07
4.109087154124488918e-07
4.140104581034469757e-07
4.128483838012651681e-07
4.159605033721830993e-07
4.147779964335088110e-07
4.179002253217869420e-07
4.166974896916495865e-07
4.198295600635557540e-07
4.186068022902333055e-07
4.217484460769566513e-07
4.205058752734832913e-07
4.236568241735948927e-07
4.223946519779084275e-07
4.255546375004700337e-07
4.242730780276543239e-07
4.274418314933920258e-07
4.261411013001341074e-07
4.293183538736060020e-07
4.279986719176124615e-07
4.311841546109892247e-07
4.298457422268192902e-07
4.330391859114749228e-07
4.316822667602709647e-07
4.348834021972306619e-07
4.335082022434190161e-07
4.367167600609250237e-07
4.353235075424526836e-07
4.385392182747152612e-07
4.371281436671234514e-07
4.403507377391257366e-07
4.389220737338561813e-07
4.421512814784092512e-07
4.407052629542248067e-07
4.439408146013124793e-07
4.424776786015620282e-07
4.457193042805806829e-07
4.442392900023463655e-07
4.474867197473674526e-07
4.459900684935571719e-07
4.492430322320979910e-07
4.477299874216221428e-07
4.509882149631477940e-07
4.494590221033303981e-07
4.527222431459846233e-07
4.511771498098479645e-07
4.544450939153280860e-07
4.528843497439993461e-07
4.561567463330802264e-07
4.545806030163821484e-07
4.578571813494804899e-07
4.562658926098088463e-07
4.595463817823338279e-07
4.579402033815891682e-07
4.612243322830619347e-07
4.596035220171548297e-07
4.628910193334723996e-07
4.612558370101897291e-07
4.645464311926464054e-07
4.628971386480104762e-07
4.661905578938100007e-07
4.645274189801393528e-07
4.678233911985513341e-07
4.661466718000254471e-07
4.694449245922079768e-07
4.677548926120600791e-07
4.710551532395957935e-07
4.693520786191088465e-07
4.726540739753167672e-07
4.709382286864106566e-07
4.742416852574996716e-07
4.725133433255962794e-07
4.758179871641606880e-07
4.740774246798359956e-07
4.773829813640120562e-07
4.756304764718868303e-07
4.789366710693253257e-07
4.771725040125936409e-07
4.804790610414263237e-07
4.787035141500226708e-07
4.820101575381398308e-07
4.802235152639337064e-07
4.835299683127661538e-07
4.817325172375146936e-07
4.850385025622370974e-07
4.832305314306216908e-07
4.865357709246845564e-07
4.847175706546556597e-07
4.880217854512889519e-07
4.861936491543078465e-07
4.894965595630869040e-07
4.876587825737577675e-07
4.909601080571778656e-07
4.891129879587224995e-07
4.924124470334717602e-07
4.905562836926978629e-07
4.938535939328705802e-07
4.919886895101825117e-07
4.952835674615910752e-07
4.934102264566089342e-07
4.967023875869209056e-07
4.948209168697643145e-07
4.981100755234172986e-07
4.962207843501662965e-07
4.995066536817432945e-07
4.976098537419622852e-07
5.008921456638347881e-07
4.989881511203297251e-07
5.022665762440079880e-07
5.003557037457852381e-07
5.036299713327040775e-07
5.017125400680853153e-07
5.049823579468734484e-07
5.030586896816521616e-07
5.063237642072654076e-07
5.043941833181815330e-07
5.076542193051877455e-07
5.057190528152236377e-07
5.089737534730724466e-07
5.070333310946184186e-07
5.102823979764073836e-07
5.083370521535958834e-07
5.115801850723247702e-07
5.096302510218510168e-07
5.128671480069446545e-07
5.109129637510084899e-07
5.141433209814524136e-07
5.121852274028781251e-07
5.154087391321872331e-07
5.134470800072909725e-07
5.166634385093083112e-07
5.146985605506543065e-07
5.179074560595035283e-07
5.159397089658229117e-07
5.191408295927885087e-07
5.171705660899065717e-07
5.203635977732965130e-07
5.183911736547272904e-07
5.215758001059909272e-07
5.196015742719968505e-07
5.227774768862228616e-07
5.208018113981541464e-07
5.239686692102783002e-07
5.219919293227039758e-07
5.251494189416722235e-07
5.231719731595284937e-07
5.263197686752888342e-07
5.243419887918441522e-07
5.274797617665417247e-07
5.255020228868967694e-07
5.286294422530789163e-07
5.266521228631944839e-07
5.297688548762379919e-07
5.277923368702473610e-07
5.308980450398750006e-07
5.289227137689547691e-07
5.320170588048048515e-07
5.300433031051102947e-07
5.331259428642281464e-07
5.311541551093293211e-07
5.342247445242744097e-07
5.322553206625162363e-07
5.353135116897565822e-07
5.333468512816250680e-07
5.363922928508132059e-07
5.344287990841256045e-07
5.374611370415570162e-07
5.355012168071289749e-07
5.385200938616679301e-07
5.365641577538003219e-07
5.395692134194011747e-07
5.376176757851757219e-07
5.406085463483295292e-07
5.386618253120887965e-07
5.416381437636493416e-07
5.396966612641959883e-07
5.426580572591284578e-07
5.407222390705797181e-07
5.436683388921916652e-07
5.417386146515310005e-07
5.446690411650692330e-07
5.427458444037880951e-07
5.456602170059050076e-07
5.437439851631475191e-07
5.466419197579125903e-07
5.447330942053112920e-07
5.476142031594209357e-07
5.457132292187023663e-07
5.485771213381354912e-07
5.466844482960348494e-07
5.495307287807561844e-07
5.476468099054510384e-07
5.504750803296501716e-07
5.486003728847728196e-07
5.514102311762603332e-07
5.495451964145871960e-07
5.523362368242048130e-07
5.504813399973072097e-07
5.532531530933502936e-07
5.514088634702700359e-07
5.541610361000749639e-07
5.523278269473860476e-07
5.550599422439114453e-07
5.532382908312749981e-07
5.559499282007501988e-07
5.541403157917380430e-07
5.568310508924813349e-07
5.550339627327153028e-07
5.577033674986853627e-07
5.559192927997612464e-07
5.585669354193030710e-07
5.567963673453972317e-07
5.594218122840981571e-07
5.576652479258766868e-07
5.602680559259031618e-07
5.585259962789155551e-07
5.611057243718011152e-07
5.593786743008252643e-07
5.619348758367633664e-07
5.602233440527544068e-07
5.627555687051831004e-07
5.610600677145155964e-07
5.635678615243364559e-07
5.618889075949031778e-07
5.643718129921022411e-07
5.627099261050609215e-07
5.651674819470457194e-07
5.635231857396076950e-07
5.659549273519405363e-07
5.643287490700558052e-07
5.667342082914655306e-07
5.651266787199328993e-07
5.675053839607984832e-07
5.659170373634093478e-07
5.682685136458976135e-07
5.666998876928523302e-07
5.690236567280003832e-07
5.674752924158024566e-07
5.697708726559227657e-07
5.682433142403934718e-07
5.705102209660002023e-07
5.690040158525783982e-07
5.712417612359771396e-07
5.697574599037514200e-07
5.719655531047986958e-07
5.705037090115945982e-07
5.726816562486073351e-07
5.712428257131808329e-07
5.733901303791533047e-07
5.719748724880710751e-07
5.740910352299108113e-07
5.726999117142318737e-07
5.747844305467294249e-07
5.734180056749161417e-07
5.754703760999527910e-07
5.741292165279618116e-07
5.761489316368332718e-07
5.748336063008950320e-07
5.768201569129096473e-07
5.755312368806523760e-07
5.774841116610154498e-07
5.762221699921710244e-07
5.781408555923735425e-07
5.769064671907014124e-07
5.787904483911086164e-07
5.775841898436667486e-07
5.794329496899057926e-07
5.782553991248933441e-07
5.800684190999787542e-07
5.789201559917692041e-07
5.806969161572131678e-07
5.795785211831279284e-07
5.813185003506987767e-07
5.802305551972638651e-07
5.819332311096838229e-07
5.808763182872145606e-07
5.825411677780807317e-07
5.815158704470825538e-07
5.831423696302355361e-07
5.821492713973152142e-07
5.837368958566906291e-07
5.827765805696063798e-07
5.843248055607067409e-07
5.833978571043150238e-07
5.849061577360604050e-07
5.840131598394136982e-07
5.854810112898115688e-07
5.846225472940026258e-07
5.860494250200494970e-07
5.852260776460139933e-07
5.866114576044842963e-07
5.858238087514712562e-07
5.871671676118579318e-07
5.864157981188350532e-07
5.877166134791158422e-07
5.870021028778646856e-07
5.882598535204754856e-07
5.875827798062936209e-07
5.887969459136527376e-07
5.881578853030326523e-07
5.893279487031813068e-07
5.887274753772840430e-07
5.898529197853353372e-07
5.892916056380078245e-07
5.903719169120620758e-07
5.898503312998044404e-07
5.908849976810493527e-07
5.904037071539503490e-07
5.913922195336277984e-07
5.909517875785227137e-07
5.918936397533411574e-07
5.914946265294029607e-07
5.923893154562514674e-07
5.920322775040634730e-07
5.928793035828934107e-07
5.925647935954151691e-07
5.933636609136327155e-07
5.930922274050153194e-07
5.938424440438420554e-07
5.936146311249990312e-07
5.943157093816242252e-07
5.941320564380903974e-07
5.947835131658458956e-07
5.946445546014065601e-07
5.952459114311656344e-07
5.951521763835567259e-07
5.957029600242927042e-07
5.956549720730828498e-07
5.961547146003321150e-07
5.961529914789590666e-07
5.966012306108120253e-07
5.966462839378652686e-07
5.970425633085286650e-07
5.971348982835357363e-07
5.974787677348248529e-07
5.976188828544302926e-07
5.979098987184616432e-07
5.980982855088672867e-07
5.983360108841328067e-07
5.985731535919060892e-07
5.987571586365932331e-07
5.990435339589729576e-07
5.991733961608610545e-07
5.995094729402402311e-07
5.995847774165430535e-07
5.999710163800172799e-07
5.999913561425419436e-07
6.004282096201972580e-07
6.003931858427789933e-07
6.008810974755647162e-07
