# -0.9J_-0.1g_0.2618theta_0.2618phi_10Chi_0.01delta_500N
8.345174048530473732e-02
6.230395209482340229e-04
6.745694310205805673e-06
9.161879482172115620e-07
3.300067387822177222e-07
4.463677043355141729e-07
2.537259367889487327e-07
4.380628645881821729e-07
2.283570175079136918e-07
4.383052428693369236e-07
2.125296277535263678e-07
4.375097895101484429e-07
2.002422725418350994e-07
4.348352368925592987e-07
1.896492996903031645e-07
4.303224258980016329e-07
1.800715952255662099e-07
4.240788285438377750e-07
1.712402994932496682e-07
4.161763923528464499e-07
1.630628219964371663e-07
4.066802742065873396e-07
1.555461585661233106e-07
3.957135201919779510e-07
1.487804389822804583e-07
3.834802474710350611e-07
1.429236548621864779e-07
3.703096917627425573e-07
1.381972810338750083e-07
3.566979552604949817e-07
1.348782672929037955e-07
3.433186121314045893e-07
1.332783848638518459e-07
3.310062802567144073e-07
1.337176596776604646e-07
3.207382907022061848e-07
1.364971563817128480e-07
3.136318268548948851e-07
1.418716555094471264e-07
3.109581345569250965e-07
1.500247016694179161e-07
3.141848759861836527e-07
1.610447959339017293e-07
3.250666489581437667e-07
1.748878567031984458e-07
3.457117975867358551e-07
1.913005915520788156e-07
3.782519135171975697e-07
2.096773139963260008e-07
4.237134053855428125e-07
2.288340107684530715e-07
4.805824347157102505e-07
2.467632539061834967e-07
5.431815180851750109e-07
2.606718215351335047e-07
5.990653433182160621e-07
2.678171119673823804e-07
6.288288928509559846e-07
2.670499053758610486e-07
6.171680112279801864e-07
2.595779526279461628e-07
5.695775148957293782e-07
2.478824048417889717e-07
5.066014178674666660e-07
2.341148346029942937e-07
4.430913009825878484e-07
2.194986860353827614e-07
3.836753794828181746e-07
2.045722878036860850e-07
3.291982096380961486e-07
1.895727511538644311e-07
2.804182740321798452e-07
1.746613367317314932e-07
2.381076807736852485e-07
1.600002304553150075e-07
2.024677173892679034e-07
1.457565162633852298e-07
1.730494227632012747e-07
1.320845501281069736e-07
1.490213773416053825e-07
1.191109698291104782e-07
1.294519894125090951e-07
1.069294913135886686e-07
1.134787477753621431e-07
9.560260392899842141e-08
1.003755248084584502e-07
8.516555669188806379e-08
8.956077864920322008e-08
7.563006017637633607e-08
8.057965140814108079e-08
6.698756448986618965e-08
7.307675385573948362e-08
5.921247783123824872e-08
6.676655811833970392e-08
5.226544417301291932e-08
6.140534170093426180e-08
4.609663749386167899e-08
5.677682302393487397e-08
4.064898487175057676e-08
5.269885083715781969e-08
3.586122509344225431e-08
4.903356968530522676e-08
3.167077901780181206e-08
4.568534438232778821e-08
2.801589676174128637e-08
4.259042835837644739e-08
2.483750105797653348e-08
3.970702929717645922e-08
2.208081350419948622e-08
3.700768338201201583e-08
1.969596742082406282e-08
3.447366426452174580e-08
1.763829333223943522e-08
3.209236699181678323e-08
1.586823561389973047e-08
2.985582692973953742e-08
1.435099704131117952e-08
2.775929839584952179e-08
1.305600159146453511e-08
2.580031654250668687e-08
1.195625571635702853e-08
2.397812456726312095e-08
1.102768031703027591e-08
2.229329094534640672e-08
1.024848673818756373e-08
2.074743983532049139e-08
9.598676040495826045e-09
1.934306524231169206e-08
9.059732574612045774e-09
1.808341334926613440e-08
8.614534289650428832e-09
1.697241477851848138e-08
8.247433155519666311e-09
1.601462501028315969e-08
7.944402686622930280e-09
1.521507147645384946e-08
7.693148024915387119e-09
1.457884967749777512e-08
7.483121112471710265e-09
1.411031649965794288e-08
7.305439876145270348e-09
1.381194863033748592e-08
7.152734478361493833e-09
1.368342190033221028e-08
7.018952045716317270e-09
1.372189149879539727e-08
6.899148087316098015e-09
1.392431753747292761e-08
6.789284886277671131e-09
1.429193240937815340e-08
6.686045250482787088e-09
1.483644058023515401e-08
6.586669200474748025e-09
1.558803820422896348e-08
6.488818437852863724e-09
1.660664006735468235e-08
6.390468936337628464e-09
1.799934325365605787e-08
6.289828453573280768e-09
1.994821433365272968e-08
6.185269937351568503e-09
2.274805531483007357e-08
6.075266180902850054e-09
2.681830386048967330e-08
5.958329530613691722e-09
3.248442391147491022e-08
5.833103339352477266e-09
3.884878840746417812e-08
5.699039615616002477e-09
4.147617602255327476e-08
5.557694968087120099e-09
3.507064352711330033e-08
5.415115956115768712e-09
2.415344102846546491e-08
5.276797583351248003e-09
1.620350858536378309e-08
5.140758142254762338e-09
1.183860984875064613e-08
5.005006438597192392e-09
9.558321406421783769e-09
4.869421855637313726e-09
8.362009155595533868e-09
4.734692510193591001e-09
7.709335315057781554e-09
4.601699743452970363e-09
7.292755773284979810e-09
4.471273491717480528e-09
6.959743417141340454e-09
4.344098024423977181e-09
6.651282337812828883e-09
4.220680094019051534e-09
6.349471175351900373e-09
4.101352091737102977e-09
6.051809891841939460e-09
3.986288187894182100e-09
5.761560510339850570e-09
3.875529881391432395e-09
5.484461403588571230e-09
3.769013469741608159e-09
5.227639082368988188e-09
3.666596555564555516e-09
4.999139066452491972e-09
3.568082046715747392e-09
4.807365437015207754e-09
3.473239007311912225e-09
4.660016153125259804e-09
3.381820249658667941e-09
4.562417968235806046e-09
3.293576908538567281e-09
4.515760120873002948e-09
3.208269702774113587e-09
4.516260400525722081e-09
3.125679352068191935e-09
4.555965976042212721e-09
3.045609777609189581e-09
4.624734772277127687e-09
2.967892057991919646e-09
4.712243413765603198e-09
2.892383715931385517e-09
4.809256131854109133e-09
2.818966547190312276e-09
4.908111863376925078e-09
2.747543139379626673e-09
5.002730559665509009e-09
2.678033254940319155e-09
5.088422605798552321e-09
2.610369665316303537e-09
5.161661631071510908e-09
2.544495471619949204e-09
5.219883725663132002e-09
2.480359306973266245e-09
5.261328102832863106e-09
2.417916431168464042e-09
5.284912887338673303e-09
2.357123572478942220e-09
5.290136612654712191e-09
2.297939540270727576e-09
5.276995130537361646e-09
2.240323996039400505e-09
5.245907385416623543e-09
2.184237059233603959e-09
5.197645729032128724e-09
2.129639093934249229e-09
5.133268634338216029e-09
2.076490552051195646e-09
5.054055300259649068e-09
2.024752115245404713e-09
4.961442866978606125e-09
1.974384699702507190e-09
4.856967946836105086e-09
1.925349653852360094e-09
4.742213485989742303e-09
1.877608615083625711e-09
4.618762835207894266e-09
1.831124057299317620e-09
4.488161427455150617e-09
1.785858993449082098e-09
4.351886791404747402e-09
1.741777331683110563e-09
4.211326850535588283e-09
1.698843748261873559e-09
4.067765868763374820e-09
1.657023852608675485e-09
3.922376730205386429e-09
1.616284165376442214e-09
3.776218728343515343e-09
1.576592006849552244e-09
3.630239504988456111e-09
1.537915498489823193e-09
3.485279676664858647e-09
1.500223489734038325e-09
3.342078820664129064e-09
1.463485438820465917e-09
3.201282188277239590e-09
1.427671405652377131e-09
3.063447080538667070e-09
1.392752003067446263e-09
2.929048810836259960e-09
1.358698405308848872e-09
2.798485694005656808e-09
1.325482390925131571e-09
2.672083405750141466e-09
1.293076430677118329e-09
2.550098896763147731e-09
1.261453803184735928e-09
2.432723568445385416e-09
1.230588716115211262e-09
2.320087534612900854e-09
1.200456437626313902e-09
2.212263563824683913e-09
1.171033403939614433e-09
2.109271746673266763e-09
1.142297301584163207e-09
2.011084851692023940e-09
1.114227114407415107e-09
1.917634220107968479e-09
1.086803142951520362e-09
1.828815879316263826e-09
1.060006999975271041e-09
1.744496963087176213e-09
1.033821362076382479e-09
1.664521872304654034e-09
1.008230332908641206e-09
1.588718242100654001e-09
9.832189183912290301e-10
1.516902370231344855e-09
9.587731292937257657e-10
1.448884023002207143e-09
9.348798566549512706e-10
1.384470551639303898e-09
9.115267685238854838e-10
1.323470271105706950e-09
8.887022110687476089e-10
1.265695210001785931e-09
8.663951172310796963e-10
1.210963173104971509e-09
8.445949204134691999e-10
1.159099214627928967e-09
8.232914769424230603e-10
1.109936699414817670e-09
8.024749973147981917e-10
1.063317839856847191e-09
7.821359814189844284e-10
1.019094004961616129e-09
7.622651637707933397e-10
9.771257131149010387e-10
7.428534614644343327e-10
9.372824646365999255e-10
7.238918710508667172e-10
8.994423937738088286e-10
7.053717915052381663e-10
8.634918542429905406e-10
6.872842122917854332e-10
8.293249544460199114e-10
6.696205492729979691e-10
7.968430288124308203e-10
6.523721061474988200e-10
7.659541280733339366e-10
6.355302298328588177e-10
7.365725204699495624e-10
6.190862698075464107e-10
7.086181614193522359e-10
6.030315663208676215e-10
6.820162665793873288e-10
5.873574616609133055e-10
6.566968375441936150e-10
5.720553550908767250e-10
6.325942772819634241e-10
5.571165849340166530e-10
6.096469844565689825e-10
5.425325799170659438e-10
5.877971762881901910e-10
5.282948086172091654e-10
5.669902522016423236e-10
5.143948487349005768e-10
5.471747733339536656e-10
5.008244151884466892e-10
5.283021218502954546e-10
4.875753646911604516e-10
5.103263452465411690e-10
4.746398102081166861e-10
4.932038530683932914e-10
4.620101210683544332e-10
4.768932463075578689e-10
4.496790310236829124e-10
4.613551366703829250e-10
4.376396836423730106e-10
4.465519936114641925e-10
4.258857001602962176e-10
4.324481093778191947e-10
4.144112454138276893e-10
4.190092975704171173e-10
4.032110423138446966e-10
4.062028604838217403e-10
3.922806040370115514e-10
3.939974541111853530e-10
3.816159878723364149e-10
3.823629586216619283e-10
3.712139042946555200e-10
3.712703804943703746e-10
3.610718223303042871e-10
3.606917360719626366e-10
3.511877391736422950e-10
3.505999504237307069e-10
3.415603155251559444e-10
3.409687376507048351e-10
3.321884625434472931e-10
3.317724926783581017e-10
3.230714123887765581e-10
3.229861702991476843e-10
3.142083949748277864e-10
3.145851251909758858e-10
3.055984073192387006e-10
3.065450145666423150e-10
2.972400203444419211e-10
2.988416245490478841e-10
2.891309877117256333e-10
2.914507111796661259e-10
2.812680522107664359e-10
2.843478250852702079e-10
2.736466643158606939e-10
2.775081259249720016e-10
2.662607507732176758e-10
2.709061949173103267e-10
2.591025320019775854e-10
2.645158385635943626e-10
2.521624051496319035e-10
2.583098200274291383e-10
2.454288882785610624e-10
2.522599202199812608e-10
2.388886752644924801e-10
2.463366135191746145e-10
2.325267735910109984e-10
2.405091935928042313e-10
2.263267538433703611e-10
2.347459396117750314e-10
2.202711133842839387e-10
2.290145125784933235e-10
2.143417583345234979e-10
2.232826769261634459e-10
2.085206020772110476e-10
2.175194185398094104e-10
2.027902493808665372e-10
2.116965167359021190e-10
1.971348790159120865e-10
2.057905691018058548e-10
1.915409459304918921e-10
1.997853673113480781e-10
1.859981139120688277e-10
1.936743827662486256e-10
1.804999883126273709e-10
1.874629448575380744e-10
1.750447079668210627e-10
1.811697452001348575e-10
1.696352814449793854e-10
1.748268046575140514e-10
1.642795900562023307e-10
1.684780426003242003e-10
1.589900133168708556e-10
1.621760656094792890e-10
1.537826662095786018e-10
1.559777118015755121e-10
1.486763234946890331e-10
1.499390646420776544e-10
1.436911219211340269e-10
1.441108144894540374e-10
1.388471866637540299e-10
1.385346773465184865e-10
1.341633335546215862e-10
1.332413316528922320e-10
1.296559786997385882e-10
1.282498883371526491e-10
1.253383463132481462e-10
1.235686379602744395e-10
1.212200144359940708e-10
1.191966477859058470e-10
1.173067883020359409e-10
1.151257622353474281e-10
1.136008522263154537e-10
1.113426529531847310e-10
1.101011304926682876e-10
1.078306683480924929e-10
1.068037820014440581e-10
1.045713651989817473e-10
1.037027238864356080e-10
1.015456583257471520e-10
1.007901842801672735e-10
9.873477462372252011e-11
9.805730760068666832e-11
9.612065179928613810e-11
9.549443334741959692e-11
9.368638877467586345e-11
9.309158856722819421e-11
9.141637325779909625e-11
9.083874563514245119e-11
8.929637461115699810e-11
8.872604959032526419e-11
8.731348245973369828e-11
8.674397817587676851e-11
8.545611718962741602e-11
8.488345050200859491e-11
8.371386988176216894e-11
8.313589365606699131e-11
8.207737820198422005e-11
8.149330675851898972e-11
8.053826460942465074e-11
7.994815512016298353e-11
7.908903016249353482e-11
7.849352810545123290e-11
7.772293766224154794e-11
7.712301493573910715e-11
7.643392605787820808e-11
7.583070102271849832e-11
7.521652860413314283e-11
7.461113564565835131e-11
7.406580067156658905e-11
7.345929736348513203e-11
7.297725622454157213e-11
7.237055885097277318e-11
7.194681225073314148e-11
7.134065225527916627e-11
7.097074039142478903e-11
7.036563585484038738e-11
7.004562493260598408e-11
6.944186241083714897e-11
6.916832642373015289e-11
6.856594940910507097e-11
6.833595016373657154e-11
6.773475125458423764e-11
6.754581889758460881e-11
6.694533324589309805e-11
6.679544917682592893e-11
6.619494725292435247e-11
6.608253078286061737e-11
6.548100871332089755e-11
6.540491255938876703e-11
6.480107604124733468e-11
6.476057535302064594e-11
6.415282850403415392e-11
6.414762958874197608e-11
6.353403967805199190e-11
6.356430131854218039e-11
6.294256531862421279e-11
6.300891676690612477e-11
6.237631758668382915e-11
6.247989617062161930e-11
6.183324156270611466e-11
6.197574442060444983e-11
6.131128935383486323e-11
6.149504517694682877e-11
6.080839624744209696e-11
6.103645107431114344e-11
6.032243282557252156e-11
6.059867023801135721e-11
5.985117511626033060e-11
6.018047264482679211e-11
5.939225409407981044e-11
5.978066888700423743e-11
5.894309425771249617e-11
5.939809184438157446e-11
5.850082238955342103e-11
5.903167590769139999e-11
5.806224542479315062e-11
5.868029347956724560e-11
5.762360165607195190e-11
5.834287859823092229e-11
5.718053502776003450e-11
5.801835167215687322e-11
5.672785075825881285e-11
5.770564438399227133e-11
5.625926853511803933e-11
5.740361817264267972e-11
5.576711582107809436e-11
5.711112655638780175e-11
5.524204433074121307e-11
5.682691979371617207e-11
5.467249047829825435e-11
5.654962916058979435e-11
5.404425168155430879e-11
5.627771431888046915e-11
5.333995501431928479e-11
5.600940342420777704e-11
5.253860986612173473e-11
5.574260861326308473e-11
5.161537047524804017e-11
5.547475297712397825e-11
5.054176371015620861e-11
5.520263083356680253e-11
4.928682335654085489e-11
5.492221258896994111e-11
4.781954154593395302e-11
5.462817943323469412e-11
4.611310560010675060e-11
5.431353856509816582e-11
4.415097023636849666e-11
5.396893917722312018e-11
4.193400185293424783e-11
5.358176264014637130e-11
3.948678322205356099e-11
5.313489792244653638e-11
3.686030352841985140e-11
5.260515150165356870e-11
3.412862862408997386e-11
5.196131758244475757e-11
3.137922939269059290e-11
5.116213286714692686e-11
2.869956479250878346e-11
5.015476109029252627e-11
2.616433413514157702e-11
4.887519187798711171e-11
2.382722535452707163e-11
4.725292241767140065e-11
2.171855523326979873e-11
4.522289163511721165e-11
1.984777857335173525e-11
4.274626732989260918e-11
1.820860208821272008e-11
3.983642454795314219e-11
1.678461050179067618e-11
3.657820036861961060e-11
1.555409580856313176e-11
3.312462877994282269e-11
1.449359110586135181e-11
2.966503729279925124e-11
1.358013886859272530e-11
2.637799892933177470e-11
1.279255857975913655e-11
2.339336262740143890e-11
1.211202078769936464e-11
2.077846981749746489e-11
1.152218720136446693e-11
1.854619624560865619e-11
1.100910539677108745e-11
1.667304187919204278e-11
1.056098265074468592e-11
1.511694709884185391e-11
1.016791489411577199e-11
1.383015705697363100e-11
9.821613744994496595e-12
1.276670882758213552e-11
9.515153490488266598e-12
1.188592344431274664e-11
9.242747316578980309e-12
1.115346766120302886e-11
8.999555007412090432e-12
1.054115581100450864e-11
8.781520706759046192e-12
1.002621330990927137e-11
8.585237640451280793e-12
9.590391623734930672e-12
8.407836157134330644e-12
9.219120257711125641e-12
8.246891490071001605e-12
8.900769008413771883e-12
8.100347861011063477e-12
8.626037545021382925e-12
7.966443623763454450e-12
8.387466406069734151e-12
7.843712593780165425e-12
8.179035340489886721e-12
7.730849579731489743e-12
7.995865573852309728e-12
7.626788167064583567e-12
7.834074150513010239e-12
7.530565492525732217e-12
7.690330431589697849e-12
7.441337775151394857e-12
7.562028846410471524e-12
7.358427978985988513e-12
7.446931298808905153e-12
7.281176322962868397e-12
7.343227100187680279e-12
7.209053638517437346e-12
7.249384107702878629e-12
7.141581430747401109e-12
7.164118664844628106e-12
7.078337984926105908e-12
7.086353107521648391e-12
7.018950390998493270e-12
7.015163450499013003e-12
6.963087785793983107e-12
6.949766529335531668e-12
6.910458678719962949e-12
6.889493260442456308e-12
6.860797538718066871e-12
6.833768631883826022e-12
6.813867385332264588e-12
6.782096366889998841e-12
6.769456262650685387e-12
6.734046357029837533e-12
6.727372910483660727e-12
6.689244306200071635e-12
6.687444164043551342e-12
6.647363166274147525e-12
6.649512705621419226e-12
6.608116022709168576e-12
6.613435125003746701e-12
6.571250155263091724e-12
6.579080231882161681e-12
6.536542060542727813e-12
6.546327591020347660e-12
6.503793264888004556e-12
6.515066239626524921e-12
6.472826783976323035e-12
6.485193563535633957e-12
6.443484120664704286e-12
6.456614308324811872e-12
6.415622703087229921e-12
6.429239702096330537e-12
6.389113696387420083e-12
6.402986679596086561e-12
6.363840117845635460e-12
6.377777182132920086e-12
6.339695208662269497e-12
6.353537535011616755e-12
6.316581019171836781e-12
6.330197876400981639e-12
6.294407174076965411e-12
6.307691638381124553e-12
6.273089785235294351e-12
6.285955067758110064e-12
6.252550488355776836e-12
6.264926779729267221e-12
6.232715582468568911e-12
6.244547333854799380e-12
6.213515252644403974e-12
6.224758832233935535e-12
6.194882864344673341e-12
6.205504530092161767e-12
6.176754307286484138e-12
6.186728449900892764e-12
6.159067384826210195e-12
6.168374999682337156e-12
6.141761233380643964e-12
6.150388588305929585e-12
6.124775760955877613e-12
6.132713227218664678e-12
6.108051097384475743e-12
6.115292117978085087e-12
6.091527045824248792e-12
6.098067218649494623e-12
6.075142526583199201e-12
6.080978780082500106e-12
6.058835001726576356e-12
6.063965379019305549e-12
6.042539877840556952e-12
6.046962407621243605e-12
6.026189868441098445e-12
6.029901101657738017e-12
6.009714314492112551e-12
6.012709437749436366e-12
5.993038447564285495e-12
5.995310688515582933e-12
5.976082586679868191e-12
5.977622626564211493e-12
5.958761259346313197e-12
5.959556638337380804e-12
5.940982231082492565e-12
5.941016739852373423e-12
5.922645437106178627e-12
5.921898481350341867e-12
5.903641801675951835e-12
5.902087733624531858e-12
5.883851939136742564e-12
5.881459343638318589e-12
5.863144723923324163e-12
5.859875657870200023e-12
5.841375730816046082e-12
5.837184911397461122e-12
5.818385548285007472e-12
5.813219488335730148e-12
5.793997972664989686e-12
5.787794070690425206e-12
5.768018114722509112e-12
5.760703712873151355e-12
5.740230457813813754e-12
5.731721894024299856e-12
5.710396945151416457e-12
5.700598637059446135e-12
5.678255197544248725e-12
5.667060443077928214e-12
5.643517023794719156e-12
5.630804446468212568e-12
5.605867428771914059e-12
5.591501824835282408e-12
5.564964417721358574e-12
5.548796954747253150e-12
5.520439966659854779e-12
5.502308938296713871e-12
5.471902629276144548e-12
5.451635115478775521e-12
5.418942349292694412e-12
5.396357071232861332e-12
5.361138117892042694e-12
5.336049807332165657e-12
5.298069151176404893e-12
5.270294756653065838e-12
5.229330214324097248e-12
5.198697202117880092e-12
5.154551529466087224e-12
5.120908416750508502e-12
5.073423345370377871e-12
5.036652363000732351e-12
4.985724658444779914e-12
4.945756096887166573e-12
4.891354736724125651e-12
4.848182086485649620e-12
4.790365120163225680e-12
4.744059618349532163e-12
4.682988718856153252e-12
4.633711467744349407e-12
4.569661829379755323e-12
4.517671399526748560e-12
4.451034605556832241e-12
4.396688119646919293e-12
4.327966070254486577e-12
4.271712308183282347e-12
4.201501308369311417e-12
4.143865370972759660e-12
4.072830917198864745e-12
4.014391280526615969e-12
3.943235657229773408e-12
3.884595784211331246e-12
3.814021919268183050e-12
3.755779578369078497e-12
3.686455298573597855e-12
3.629173139917761858e-12
3.561699854049966322e-12
3.505880463969912334e-12
3.440769391469426239e-12
3.386837132319060558e-12
3.324494784873447141e-12
3.272785478589460245e-12
3.213508569282518409e-12
3.164266842648898408e-12
3.108245507773700453e-12
3.061628649054291615e-12
3.008956035538850359e-12
2.965042651847473941e-12
2.915728603473893350e-12
2.874530218583332998e-12
2.828516900550341655e-12
2.789990798131710771e-12
2.747168499557862914e-12
2.711230467530300798e-12
2.671452311901243227e-12
2.637988365937435484e-12
2.601083169071351258e-12
2.569959716691324893e-12
2.535742645326979417e-12
2.506814868225869689e-12
2.475095867191925005e-12
2.448214329946516433e-12
2.418804468649048531e-12
2.393820090220733998e-12
2.366536104606215322e-12
2.343303694296329604e-12
2.317970997174309264e-12
2.296351531195176141e-12
2.272805936113027294e-12
2.252667608460571085e-12
2.230755866972480464e-12
2.211973908743210363e-12
2.191553619051287367e-12
2.174011782368210420e-12
2.154954155999883683e-12
2.138562073381480286e-12
2.120786244352493585e-12
2.105492348463719909e-12
2.088845057388488202e-12
2.074430329915338494e-12
2.058806644781276998e-12
2.045328906057346591e-12
2.030696750785385336e-12
2.018031036674349579e-12
2.004275129529884212e-12
1.992344837024765286e-12
1.979395660173606779e-12
1.968144155436397901e-12
1.955938898081981432e-12
1.945312557749245856e-12
1.933792979658814580e-12
1.923740993721922719e-12
1.912853451254254049e-12
1.903328143197913151e-12
1.893023266462731722e-12
1.883979810953020903e-12
1.874211964248208531e-12
1.865607868561676608e-12
1.856334550910126299e-12
1.848129041807933983e-12
1.839310259070221520e-12
1.831463604988888249e-12
1.823061213601743993e-12
1.815533959034498051e-12
1.807510948377741887e-12
1.800263031614102831e-12
1.792582711178301062e-12
1.785572400664655178e-12
1.778197434226732792e-12
1.771380011290234700e-12
1.764271213024825911e-12
1.757597284897822627e-12
1.750712056726458754e-12
1.744125318898655104e-12
1.737415519351008229e-12
1.730849636321360154e-12
1.724265216815111809e-12
1.717645736850583470e-12
1.711117159084219114e-12
1.704354897500297452e-12
1.697803880903181621e-12
1.690762161264569196e-12
1.684050290408238436e-12
1.676543427313542385e-12
1.669542353401018233e-12
1.661397581469072592e-12
1.653936291212421320e-12
1.644889110065323280e-12
1.636698441833793897e-12
1.626385603848647817e-12
1.617133913497079425e-12
1.605118322184200629e-12
1.594377787486304116e-12
1.580123480125755248e-12
1.567358340219020169e-12
1.550254227250110999e-12
1.534867695549344806e-12
1.514326691474330997e-12
1.495720457761427276e-12
1.471335159442456217e-12
1.449186338899348383e-12
1.420947265321617026e-12
1.395262751825669226e-12
1.363741254831785836e-12
1.335136184530395271e-12
1.301618305212848084e-12
1.271259022018102567e-12
1.237342897646056744e-12
1.206702938896840854e-12
1.174091962265654462e-12
1.144567950354826017e-12
1.114470348612823359e-12
1.087077031314891018e-12
1.060280709016616636e-12
1.035634178354227974e-12
1.012263818272875471e-12
9.904988207028413468e-13
9.704246481942645989e-13
9.514336000028312903e-13
9.343111199133761403e-13
9.178355812563257593e-13
9.032511913503532797e-13
8.889761175207415488e-13
8.765225522015856724e-13
8.641084627884042769e-13
8.534225380416394840e-13
8.426298587104472507e-13
8.334000235009859368e-13
8.239528986449854582e-13
8.159263016001878850e-13
8.076175862866124417e-13
8.005846762323983206e-13
7.932339662968465653e-13
7.870272727724312587e-13
7.804888317800284692e-13
7.749737958288473010e-13
7.691266263387069484e-13
7.641928909485993269e-13
7.589327176518049817e-13
7.544824920320193344e-13
7.497400166013253595e-13
7.457161537216363062e-13
7.414235191838163434e-13
7.377684427973729905e-13
7.338401724696447433e-13
7.305027409654427148e-13
7.269131056435940700e-13
7.238555354046152500e-13
7.205647195494973341e-13
7.177538580354914158e-13
7.147274677030774015e-13
7.121353008972691706e-13
7.093439996113321159e-13
7.069491923009072697e-13
7.043736747743651396e-13
7.021552783439588173e-13
6.997672273776801530e-13
6.977057188146927689e-13
6.954866579455996789e-13
6.935672255512692845e-13
6.915010168381420691e-13
6.897107459096579335e-13
6.877832433973895031e-13
6.861108151107330264e-13
6.843095713985463850e-13
6.827450140310019007e-13
6.810590332541566142e-13
6.795935186929393273e-13
6.780130505051703674e-13
6.766387253892171586e-13
6.751550923170785368e-13
6.738649395446786363e-13
6.724703910312372488e-13
6.712581144969182346e-13
6.699457048823580668e-13
6.688056330934454610e-13
6.675691179386872280e-13
6.664961232134763985e-13
6.653298714073981724e-13
6.643193023070035381e-13
6.632182206688636935e-13
6.622658442164439245e-13
6.612253134518578151e-13
6.603272660950513519e-13
6.593430858419039017e-13
6.584958316129154851e-13
6.575641724933222155e-13
6.567644667480666856e-13
6.558818296080078869e-13
