# -0.5J_-0.5g_0.10472theta_1.0472phi_30Chi_0.01delta_500N
9.991821495200537973e-01
3.728363717862027971e-02
1.417851811164751695e-02
6.207240133382500510e-03
2.017384893774894043e-03
1.015877579083210303e-03
4.998412630701434692e-04
2.186969372026313868e-04
3.280483666089848696e-05
2.794932059847577224e-05
1.788802601178899774e-05
1.536162049019088906e-05
1.435069715258955307e-05
1.081351544266788866e-05
3.722431682204403530e-06
1.944101029474521805e-06
5.266900713204037180e-07
4.850655472122013229e-07
3.682845507717079492e-07
2.450209500214114161e-07
2.112215213335532299e-07
1.843894727960453912e-07
9.255529237800772045e-08
6.818006065175164365e-08
4.440098687916258498e-08
3.244765651404776198e-08
2.724717698096498516e-08
2.251778016099213393e-08
2.164693107577055447e-08
6.916070305886290626e-09
