# -0.4J_-0.6g_0.5236theta_1.0472phi_10Chi_0.01delta_500N
-5.596041744337951762e-01
6.528685406878256270e-01
-3.685289829059042455e-01
-3.032757227799678379e-01
-1.189279381346729086e-01
-1.463893318252132147e-01
1.302742426746141824e-01
-3.151885352479959490e-01
-1.589594644811911928e-01
2.111092056577611523e-02
5.207914007279780266e-01
-8.107031515021455581e-01
3.258519252356265605e-01
-7.735369109472232108e-01
1.366695341574313716e+00
1.588844546458703655e-01
1.662081514204057919e+00
-7.448495547812814532e-01
-1.771208101446870797e+00
4.067736142864015192e-01
5.301893820116800882e-01
-8.766958491634975204e-01
1.151967349373478999e+00
-3.566663369673865325e-01
-1.754521846062284451e+00
-2.032751211515529288e+00
2.907696949222804972e-01
-1.604069556939622831e+00
-8.164943968530262441e-02
-3.766972152069610336e-01
-2.381874495459822272e-01
-3.681475466965447585e-01
-7.685117803420568605e-02
-5.544616087611526467e+00
3.668523814023349150e+00
-1.810161196237435766e+00
1.042343091614997341e+01
-5.618404007750217311e+00
-7.412575709088390141e+00
3.717407520090464379e-01
-2.801344880121627856e-01
1.632479010785344853e-01
2.378726335012062432e+00
-9.139270348749484185e-01
-1.591584169294699080e+01
-1.389974061506639913e+01
-3.573645705724891819e+00
-1.586052802364408043e+00
6.604608971115419003e+00
2.680836712383258380e+00
1.600009391367088196e-01
3.498889672351469526e-01
-2.081534642164760918e+00
2.724071892492988756e+00
1.153295996809872292e+01
1.471016891207572641e+01
2.459159478122678877e+00
3.078953011511032845e+00
-3.680795983234945723e+00
-1.208874119172133987e+01
-9.214178081613938476e-02
-1.077294809637731721e+00
-3.879095733369996024e-01
-1.439886923631579840e+01
1.671633273154563781e+01
5.177548230135914586e+00
4.341829062221950863e+01
-1.795292666286081840e+01
-2.367578835991242769e+01
-1.702775883469545093e+01
2.688391185860538601e-01
1.393343636702601529e+00
-7.426511054527462630e-01
1.105417788841027260e+01
-1.888691548981403301e+01
-6.603971409788928604e+00
-3.529329985454839402e+01
3.711752275951725011e+01
3.807704604637798695e+01
2.038898572151649091e+01
-1.450178135699272119e-01
-1.393921957155789260e+00
-1.330891576720069636e-01
-1.244860114761865511e+01
1.683743465529487793e+01
2.536244241556573353e+00
3.583505599846995437e+01
-3.221654318796962002e+01
-4.312219104466006314e+01
-1.300705641820675318e+01
2.999439877148466632e-02
3.603208918742801803e-01
4.844584034027389907e-01
7.001548818397328455e-01
2.915861467085461900e+00
1.622422856855801854e+01
1.755067804447154955e+01
-1.511228333534801926e+01
-1.233279810792705256e+01
-9.480966112611277197e+01
-5.725559037957436148e-01
3.214935165133470801e-02
7.412171824704449907e-01
1.060680613608342739e-02
3.438633912843418461e-01
-1.255729378176919098e-01
-3.319802772727892815e-01
4.552298610533848933e-02
-1.405579107423467755e-01
-6.851694317171226623e-02
2.405031566948165889e-01
-5.428839857372217415e-01
-7.652265006432866778e-01
-1.974928236088421274e+00
1.077170987497071186e+00
-1.459231375812503284e+00
-5.712542577425049339e-01
1.027490572999993468e+00
7.252861780943919978e-01
-1.951591763812058899e-01
-7.105771564126122097e-01
2.053307113571255504e-01
1.388567002489837110e+00
-8.182916229517657181e-01
-6.688933353575501339e-01
7.520636886666339782e-01
2.164163773453173345e+00
9.087168570399224432e-01
1.644808596880606100e+00
4.670693732173861190e-01
-1.441161638676075329e-01
-1.955801325339079799e+00
-7.826570791128881766e-01
-1.488741882606929678e+01
6.751726709387762426e+00
-9.306393377065703021e+00
4.968962426162792489e+00
6.920839302635510393e+00
8.570145164173933239e+00
-6.145833018115917090e-01
3.551113543635335268e-01
8.821747799193182527e-01
9.213570773511861045e-01
1.852763757197249728e+00
-8.257908671043207249e+00
8.151209997183448408e+00
9.588091172119630912e+00
4.527538661933867559e+00
2.721150922885053447e+00
-1.295796428791809873e+01
1.231458850029060609e-01
1.337125261834465340e+00
1.169500279550042432e+00
7.914423083946527271e+00
-7.585250123617460538e+00
1.119152649849390535e+01
6.027479888856931423e-01
-3.237483818185609152e+00
-3.631637137624663225e+00
-1.783391569955209377e+01
2.582513438499208225e-01
-4.413647079283543606e-01
1.912360270418969721e+00
-2.924756147663718053e+01
-3.098505886938171194e+00
-6.133955597881784350e+00
6.117072404657482565e+01
2.818089067122449975e+01
4.105342727288633853e+01
-2.183998346997508477e+01
-4.679487591568554095e-02
-7.400369462195183212e-01
-8.669280684597161640e-03
-9.285372029622523726e+00
-4.315833545521577719e+00
-6.503797077706946483e-02
1.110742414616466789e+01
2.115446235795798913e+01
9.563734482426892169e-01
-2.892350426537423758e+01
-1.307794115634166587e-01
7.467320228246829839e-01
-1.251717370075263291e+00
1.970747225540670655e+01
2.651464469893294762e+00
1.721802790168385444e+00
-4.460817838645523636e+01
-1.688294371102274027e+01
-4.118008134103909867e+01
1.195361312458050662e+01
-3.556190706458917106e-02
-1.353794529045550810e-01
-2.287636013820377179e-01
3.519300753154611883e+00
-7.514024068520846811e+00
2.568555063163675101e+01
-1.070477465276622553e+01
-4.733171170332878042e+00
-1.465808208450520844e+01
-1.957378434986740103e+02
-6.261270525596371872e-01
-6.306509929568050454e-01
-3.572957817220402954e-01
2.560973849747193998e-01
-1.676689301317472736e-01
-1.420635522185980937e-01
1.855214103183293328e-01
2.399110875087979711e-01
-1.618558422395124929e-01
-1.244202704107151558e-02
-7.110572395534144885e-01
-1.383680001110481061e+00
-3.178323534992094634e-01
-1.032969504570767860e+00
9.860449842024536504e-02
1.498694150067283903e+00
-8.192665024159571097e-01
-1.798084350939251674e+00
1.134634814097989386e+00
2.906718843887712289e-01
1.677548983894396328e-01
-1.712721501584192896e-01
3.731684468522379894e-01
-1.610276308553566960e+00
-1.653600615298153720e+00
9.624028807564412036e-01
-9.573567497757613509e-01
1.013810844891716023e+00
-1.576856005622937928e+00
1.333655750152465513e+00
3.440711563827684172e-01
-1.723762302780384337e+00
1.029456791744704169e+00
-1.233585306297027095e+01
-3.940164901368707007e+00
1.212699418176359423e+01
-2.106782669484589032e+00
-3.700016045055522618e+00
-2.719801522366574353e+00
-3.920411099745749084e+01
-4.514646626001830865e-02
-8.946787441554092668e-01
1.106416434437943908e+00
-8.146845583927371237e+00
-1.035964408880640164e+01
4.728057916968728236e+00
-2.703897229008236813e+00
1.190735879434929778e+01
-1.165021104320315182e+01
-1.468140274103866716e+01
1.309902004877321890e-01
-1.688639810171399525e+00
6.668787778027284174e-01
-1.014525794523264679e+01
-3.463633147311607985e+00
1.264155983800847949e+01
-2.968734926133209662e+00
9.577120791961843405e-02
-3.427919482019347264e+00
-4.013113791427041832e+01
-1.543496464070550633e-01
9.782368838858254145e-01
3.800643446981716300e-02
-5.078847980180507982e+00
-4.735504674087183119e+00
2.718656397180109430e+00
1.403826907772566912e+01
1.628201349365281558e+01
-2.258895238581495590e+01
-8.194764819244743137e+01
-1.839010742518622232e-01
9.720144483667053636e-01
1.335140766212714158e+00
-1.099445707318078469e+01
-2.775011798690639253e+01
4.524458391890468612e+00
-3.835482509991433586e-01
6.477425289558831878e+01
-4.572712819194147471e+01
-6.486826740386430856e+01
-1.408535701668764961e-01
7.822786129810558320e-01
1.349938868534226399e+00
-1.023495518916624114e+01
-2.168492649799865646e+01
2.243415702326582828e+00
8.831120922965547848e+00
5.185941452908184601e+01
-5.394793680717717166e+01
-5.262055903582717065e+01
9.627507029307910691e-03
4.289935473617058070e-01
-1.370355193738770128e+00
-3.954048875961979093e+01
5.728018964109577560e+00
6.608777879025660695e+01
4.477861160797628770e+01
-1.489474309243409067e+01
-1.877150336502172223e+01
-7.727944218722338974e+02
