# -0.75J_-0.25g_0.47124theta_0.0phi_10Chi_0.01delta_500N
-9.916483574024672620e-01
1.285478575282267277e-01
-1.967952425648647821e-02
-1.216780586633920552e-02
-2.015727717232291497e-03
-3.421669717823311654e-03
-2.348835901421676524e-03
1.342941976129115962e-03
-1.588396551106882951e-03
-2.729673740912793743e-04
1.288488507521084736e-01
-1.105468007375287054e-01
-5.408150508895029906e-01
-3.713773008107778550e-01
1.751333873373524253e-01
-9.956370830885695467e-02
2.159588402711698052e+00
2.225286796286675806e+00
-2.743080244245223565e+00
1.889314302979278881e-01
-1.636114538414375078e-03
-1.458430328995575787e+00
-1.587742282695205809e+01
-6.264935564418873781e+00
4.485772730011714771e+01
-7.065407605902628063e+00
1.076270616628176384e+02
3.390901864436188475e+02
-1.308927086751552622e+02
-1.715200373611463291e+01
-1.842898339899306029e-02
1.396473543203292644e-01
2.912906475480454116e+00
-6.245154322613754694e+00
-1.350350830690787518e+01
1.808777879792056709e+01
-4.798900604411748816e+00
-9.848108692365242689e+01
-7.175344668830867967e+00
2.418095402005218943e+02
1.283620071483864583e-04
-1.476953789666544947e-01
-3.410354204967018177e+01
-1.697489650551308848e+00
4.919426780543003588e+02
-6.350136361064176072e+01
-1.073275697519528080e+02
3.535328957127139802e+03
-1.055945532420480504e+02
2.383504026330990087e+02
-3.488595901692131702e-03
2.156758514754431033e-02
-2.238041045418752262e+00
2.048039769675294153e+01
9.447099028410320898e+01
-1.316688597852144653e+02
-1.338970105030145419e+02
7.230005425274612207e+02
4.427343701398335156e+02
-1.525914889646247502e+03
6.388950156416338226e-04
-3.445911206174959052e+00
-5.089873128097481469e+01
-5.128902122428562649e+01
-4.721197639373450983e+01
-2.390902237637108740e+01
1.151517024628889658e+03
-1.948722644791386926e+02
-5.767613314035792200e+02
-4.961894490927712127e+02
-3.729546923879013880e-05
-3.228310121975386249e+00
-2.729577733516745752e+02
2.050345897281994123e+00
3.761048581272112642e+03
-6.467676529568361730e+02
-8.335413021674811489e+02
5.655649393936254637e+04
-1.914054243008298954e+03
5.796860223709951470e+02
-2.497797671958740338e-03
-3.521700517525534035e+00
-6.052171049337560049e+01
-3.809171416519134112e+01
1.580615979968319493e+02
8.939388128349477824e+01
8.718205492544353774e+02
2.719274911683285154e+03
-1.506411512814481512e+03
1.768637874383898406e+03
5.051320273859025069e-04
2.536950071522664718e+00
1.782562439509144525e+01
-7.185276642061228358e+01
1.578897673269002269e+02
4.966675413675569644e+02
-2.589852810259385478e+02
1.358690121683614507e+03
-1.854237099689208208e+03
9.741256087377663789e+03
-1.637921512035484667e-02
-2.169354928347959899e-01
-9.003274502332502260e-01
3.073687857235385956e-01
-8.180302967304639572e-02
4.173422169375018420e-02
-6.292908163243415842e-02
4.016912716427175484e-03
5.938094685826712793e-02
1.100538706323735648e-02
-7.310346667422119860e-02
-1.359226264057805222e+00
-4.887239357739480816e+00
-3.257672223368306863e+00
1.235643532658232679e+00
-9.514667509428458292e-01
6.930217923268719105e+00
-6.813674553358797237e-01
-9.168946715706693951e-01
6.351647031028031520e+00
-8.094182549473267763e-01
-2.020738311948893440e+01
-1.636115451050924321e+02
-5.412837735751370616e+01
3.430522172988897296e+02
-5.036888886553095546e+01
8.801058083036854214e+02
-8.035926748053773849e+01
-7.515218135867304454e+02
-2.115623501058895783e+02
4.055995343030238121e-01
6.230717604254743414e+00
6.113402853560320693e+01
-5.987899310886634652e+01
-1.141088462078022161e+02
1.396243098703023122e+02
-2.819397871025007021e+02
-8.616240517424477163e-01
3.514549009431352147e+02
1.193171822042527310e+03
1.123704770017354138e-01
2.007564034211970772e-01
-2.627864782907325889e+02
-2.410958778289533910e+01
3.814343809153097482e+03
-4.205207672297553927e+02
-8.107568879878353982e+02
-4.843025896730111413e+02
5.981107092410400128e+02
6.114433826743371583e+02
5.559231942381434588e-02
1.128576765749844446e+00
-1.717974105366477033e+01
1.627731833859107837e+02
8.110783514807206984e+02
-1.037456304997169354e+03
-6.675929650523875125e+02
1.698450315151805512e+02
2.300214874747896829e+03
-6.541794856716991490e+03
2.657466790738376994e-01
-2.910328556508226683e+01
-4.475931648545792996e+02
-5.463718764961823808e+02
-4.081678741966319421e+02
-1.436078704071391030e+02
9.934415684269730264e+03
-1.552657386458345172e+02
-4.173844257452828060e+03
-6.878680211706383716e+02
-1.324385086801095623e-02
1.477507273707481472e+00
5.719888272642887728e+01
6.321978486582094092e+01
-4.974429906795067495e+02
-1.907437260601240325e+02
-4.301130694942054333e+02
5.341013546721405874e+02
1.094130631982020986e+03
-3.504989335866574493e+03
2.548526749069000563e-01
-2.650019315383407559e+01
-4.395413779605247555e+02
-5.222039904994148856e+02
-3.564926479390793475e+02
1.381905243196808669e+03
9.844408293027436230e+03
-8.654629648990512578e+02
-1.324589857196564662e+04
1.632842026096834343e+04
-7.351671919732223615e-02
8.522736366680380371e+00
9.196263758446687575e+01
-1.161442201000220621e+03
3.546934342588292566e+02
7.134947426555784659e+03
-4.899472579762127680e+02
-3.428636244115908539e+03
-2.331035538187112979e+04
1.091871276962982665e+05
-1.280749632426651519e-01
-9.077185590319493125e-01
2.728638786809907679e-01
1.682486734809022222e-01
3.291096684906926612e-02
5.207302842053064540e-02
5.691395290863878603e-02
2.068929392168795001e-03
2.834905220377833060e-02
3.562561241585079745e-03
-9.537620232177090873e-01
-1.421950450438385083e+01
-1.180541414724155658e+01
-4.536868042911525833e+01
-3.706485648411392830e+00
-1.257649166132359042e+01
-1.314240478132633427e+01
-5.374422582046857189e-01
-8.904790281428088150e+00
-1.615382419523188506e+00
1.762487990525399006e-01
-2.044107322872406485e+01
-8.364574584639029808e+01
-3.028787118140250527e+02
5.294678787026770195e+00
9.103728287248621598e+01
5.018296079628733537e+02
8.805802640567178230e+01
5.451464059880551076e+02
6.616801104531444366e+01
1.940181052242772874e-01
-4.514494158672187751e+01
-2.055374554274390562e+02
-8.072324114957269785e+02
6.798814346378966889e+01
8.089834871751666014e+02
1.266459994220647786e+03
-3.430841868927780780e+01
1.522833091780511722e+03
1.875179089475813328e+02
-2.214271875307955578e-02
3.135968603578996206e+00
-4.191405278462446660e+01
-2.482082720149793431e+02
2.383683693937951489e+02
1.482080606473923126e+03
-3.607296922576981046e+02
7.265370755830325606e+02
-3.279451432560692297e+02
-3.543751275324175936e+02
4.698268885453819876e-02
-1.149505730466121101e+01
1.830181685108464080e+02
1.182223361008122538e+03
-8.101591258132041276e+02
-6.969117326795865665e+03
1.511335130235544966e+03
6.403950267931363669e+02
1.385841850081315442e+03
1.051320657226300909e+03
-4.799291142223962442e-02
1.070891824926113145e+01
-3.816649391130824256e+02
-1.511716911164916837e+03
-3.400018183267375775e+02
-2.593287748676810224e+03
1.633669959381824992e+04
8.312863140509920186e+02
2.114379211105612194e+04
5.143390658625579817e+03
-1.111519869198708500e-03
3.960629028669496177e-01
-3.592841691337314813e+01
-6.311965347816877170e+01
2.495592524394138820e+02
-2.216061216649518428e+02
6.188023126819213076e+02
5.020305175939784021e+03
7.568562905147356332e+02
-3.674053438241986669e+01
2.124364681093186130e-02
-7.655919633290415582e+00
4.209461973644481532e+02
1.712186177127202200e+03
3.001847689026013200e+02
2.174862802871547046e+03
-1.631994719925434038e+04
-4.859071884689294620e+02
-2.128239346691197716e+04
-4.988885665854862054e+03
-1.090781674923331068e-03
7.917389480306497029e-01
-4.723324213188467979e+01
-1.453986843901621739e+02
-1.709661171152005181e+02
-1.291446923536316490e+03
2.937338239327834799e+03
-1.129757852044202622e+02
3.554101584204146548e+03
1.691108174103059355e+03
