# -0.75J_-0.25g_1.0472theta_0.0phi_10Chi_0.01delta_500N
2.088489545014759197e-01
5.063399151808482780e-04
1.739163700387742124e-05
1.959755853046498839e-06
5.745203192680358250e-07
6.460617960007574125e-07
4.252927275792444448e-07
4.486267477223792573e-07
3.741968730867630024e-07
3.720807792779552917e-07
3.435342019693176633e-07
3.282089683649371183e-07
3.200176661444589082e-07
2.972920472160765675e-07
3.001400090002953159e-07
2.732437608510347125e-07
2.827267889728514724e-07
2.537638614445586717e-07
2.673363998948591511e-07
2.378883081016681715e-07
2.538631966606665061e-07
2.252162460458417297e-07
2.424169420746288379e-07
2.155878164723133060e-07
2.332663989328819139e-07
2.089641512064097096e-07
2.267779193559409443e-07
2.053988637146395580e-07
2.233193408441849366e-07
2.050217469055231394e-07
2.231516005092008081e-07
2.080126240934434940e-07
2.263760434770975929e-07
2.145630933066174104e-07
2.329957707803742239e-07
2.248323337179728678e-07
2.430911736459218699e-07
2.389020545067276021e-07
2.570576574201928466e-07
2.567236665720708019e-07
2.758171333060755872e-07
2.780345726335998322e-07
3.008431014497864710e-07
3.022124266403722772e-07
3.336988478989337563e-07
3.280564266585834091e-07
3.745984905399135784e-07
3.535588934257432756e-07
4.194514771696076257e-07
3.758679965086681927e-07
4.559178455115418185e-07
3.917740202167134767e-07
4.638751373383804347e-07
3.989165380973522656e-07
4.311011688589620207e-07
3.972192628901701935e-07
3.725936673557323882e-07
3.891200578543189406e-07
3.158725780743736916e-07
3.774017468216767102e-07
2.748342802273816481e-07
3.621331311936886447e-07
2.497695087778061699e-07
3.407701665427688858e-07
2.367209579805646164e-07
3.118650536753829917e-07
2.319014622471734667e-07
2.774112019715925398e-07
2.324945915927903075e-07
2.414480847572963374e-07
2.364200775070181034e-07
2.075895296988495691e-07
2.420095413795704559e-07
1.778754309372779759e-07
2.477998863538440355e-07
1.529235758670295888e-07
2.524618264885133667e-07
1.325041457167048876e-07
2.548404851675544295e-07
1.160238617956442053e-07
2.540658378394760215e-07
1.028113923574169333e-07
2.496702738090844643e-07
9.224779459903006517e-08
2.416504323723852524e-07
8.381174431796618346e-08
2.304372223944808182e-07
7.708350339935193486e-08
2.167797060833893400e-07
7.173341450343181284e-08
2.015845129247688052e-07
6.750705694200238874e-08
1.857625236345787776e-07
6.421125711411460560e-08
1.701179709051369048e-07
6.170144825588146842e-08
1.552895156015081362e-07
5.987056828481115104e-08
1.417339875042151252e-07
5.864067936461889366e-08
1.297358156425712194e-07
5.795817574174108881e-08
1.194267140891025947e-07
5.779198755931648638e-08
1.108071446278397071e-07
5.813314803272741684e-08
1.037687576447815829e-07
5.899440042185300731e-08
9.812099013624262814e-08
6.040936794975324456e-08
9.362343160988237567e-08
6.243128410832669574e-08
9.002197288447459744e-08
6.513268565001193276e-08
8.708231179260291617e-08
6.860500306086743904e-08
8.461427371182922083e-08
7.295854159031000710e-08
8.248368850473142770e-08
7.832244272136400924e-08
8.061247142569790977e-08
8.484416626712094078e-08
7.897028951178466653e-08
9.268789727505902014e-08
7.756206474432228514e-08
1.020308051185961696e-07
7.641510394340724700e-08
1.130551720124868314e-07
7.556849601186681717e-08
1.259334071990159372e-07
7.506608192785517141e-08
1.408021349056564702e-07
7.495314805081770569e-08
1.577212431252342659e-07
7.527623880031210043e-08
1.766151199616208135e-07
7.608517847023581316e-08
1.971981048726789841e-07
7.743643548281015211e-08
2.188960165643203572e-07
7.939718956582339888e-08
2.407898427426850362e-07
8.204962995651362431e-08
2.616184408016068235e-07
8.549517797729440446e-08
2.798741134162535052e-07
8.985816138855079281e-08
2.939897243107815289e-07
9.528750152292237013e-08
3.025700779373029461e-07
1.019542183580700735e-07
3.046010346147588378e-07
1.100393041634109076e-07
2.996149811139522262e-07
1.197016289331704765e-07
2.878517238833819666e-07
1.310078116008757828e-07
2.704058150439758960e-07
1.437991484688233233e-07
2.491950050793132210e-07
1.574804670925137636e-07
2.265728828581323301e-07
1.707798595245183657e-07
2.046977056199067928e-07
1.816811691425300769e-07
1.850311750037822772e-07
1.878682461590920219e-07
1.682183416768296943e-07
1.877703470020228020e-07
1.542797765599858268e-07
1.815372670482630460e-07
1.428984888953574311e-07
1.709865036170360445e-07
1.336488660474579837e-07
1.585641502221061516e-07
1.261274662033138987e-07
1.463084103950753512e-07
1.200066968926809089e-07
1.354493396056962368e-07
1.150442193863274339e-07
1.265158288665957597e-07
1.110725045721299316e-07
1.195987521589678462e-07
1.079823023742855728e-07
1.145703542905820772e-07
1.057060775743814276e-07
1.112166216107460632e-07
1.042039339668201809e-07
1.093060516338269583e-07
1.034519041434972955e-07
1.086179543200003973e-07
1.034324730072038477e-07
1.089528516699976202e-07
1.041269338880215847e-07
1.101354290645899623e-07
1.055101445934413044e-07
1.120150312316636243e-07
1.075480139033999976e-07
1.144645757134879260e-07
1.101977634340583073e-07
1.173784989511531096e-07
1.134106422131739272e-07
1.206699975224757269e-07
1.171358097722265769e-07
1.242678117725797975e-07
1.213242546455300592e-07
1.281134095488399531e-07
1.259317036191338891e-07
1.321584281115573646e-07
1.309202010299179961e-07
1.363627370793391811e-07
1.362585103905473560e-07
1.406931231892992351e-07
1.419216694147882844e-07
1.451225693444087780e-07
1.478900496657960622e-07
1.496300553331703362e-07
1.541481902563457990e-07
1.542007672775891286e-07
1.606835790014635335e-07
1.588265488372116779e-07
1.674854804909026708e-07
1.635063408456352612e-07
1.745438658946818504e-07
1.682463385122121970e-07
1.818484778933154741e-07
1.730598455195203619e-07
1.893880573208872584e-07
1.779668361637241452e-07
1.971497643067388001e-07
1.829931734738892799e-07
2.051187998977799194e-07
1.881692660452505724e-07
2.132783396312858450e-07
1.935282819049667164e-07
2.216096637632387891e-07
1.991042081385565320e-07
2.300926422525552010e-07
2.049301094785714655e-07
2.387066023425779825e-07
2.110366582710747523e-07
2.474315726121682051e-07
2.174510794441185134e-07
2.562497290248125642e-07
2.241965470315544161e-07
2.651468383771095301e-07
2.312919627252299257e-07
2.741134254290517751e-07
2.387520929575568326e-07
2.831457226146823176e-07
2.465879352645266557e-07
2.922460028451760814e-07
2.548072181751217423e-07
3.014223641919506436e-07
2.634149710716989904e-07
3.106879819253217340e-07
2.724141008770320340e-07
3.200599709322594625e-07
2.818059341630572051e-07
3.295580663374139532e-07
2.915906981010691061e-07
3.392033407051778639e-07
3.017679268098608821e-07
3.490171344904697338e-07
3.123367910061109282e-07
3.590203018875733484e-07
3.232963579409043776e-07
3.692327954262858536e-07
3.346457937566229082e-07
3.796736475235430764e-07
3.463851368720326000e-07
3.903610279203183199e-07
3.585137748439106026e-07
4.013115973734640339e-07
3.710315183322644051e-07
4.125418585595576183e-07
3.839389521936808520e-07
4.240680691500293821e-07
3.972371720254064760e-07
4.359063812478833365e-07
4.109277683365138460e-07
4.480729262959464704e-07
4.250127980689459447e-07
4.605838646319564058e-07
4.394947321368561585e-07
4.734551867812496817e-07
4.543764041711863130e-07
4.867027267248142185e-07
4.696609630846070878e-07
5.003419588143536231e-07
4.853518060168032560e-07
5.143878207630438822e-07
5.014525116288398905e-07
5.288545418324037179e-07
5.179667776869252247e-07
5.437554872883725594e-07
5.348983752518671396e-07
5.591030267592651291e-07
5.522511256630160352e-07
5.749084306248156271e-07
5.700288947040375212e-07
5.911817967767308874e-07
5.882355944391219806e-07
6.079320113910680251e-07
6.068751904515657189e-07
6.251667493209917562e-07
6.259517142374272399e-07
6.428925209599399948e-07
6.454692288191778197e-07
6.611147795725512259e-07
6.654316242894546220e-07
6.798380178338042892e-07
6.858426744188884620e-07
6.990659823025925234e-07
7.067062079654318597e-07
7.188018300951829704e-07
7.280260612819368686e-07
7.390482869126751088e-07
7.498060478306039187e-07
7.598077778686858176e-07
7.720499475183357780e-07
7.810825380520014688e-07
7.947614839900094987e-07
8.028746485712588337e-07
8.179443107134765457e-07
8.251861107602169044e-07
8.416020306347568266e-07
8.480188692913626243e-07
8.657381885046969186e-07
8.713748285289953595e-07
8.903562737230298316e-07
8.952558630615412969e-07
9.154597228640116868e-07
9.196638239564633724e-07
9.410519210488437905e-07
9.446005426736322620e-07
9.671362021309987840e-07
9.700678344386826331e-07
9.937158602891142065e-07
9.960675185074078819e-07
1.020794163141768895e-06
1.022601369358992628e-06
1.048374235004830437e-06
1.049671131323971125e-06
1.076459188366262087e-06
1.077278547588195606e-06
1.105052076070071885e-06
1.105425350001448307e-06
1.134155887845278367e-06
1.134113244674590007e-06
1.163773549228891868e-06
1.163343919639913607e-06
1.193907894168815955e-06
1.193119047052386040e-06
1.224561715528486966e-06
1.223440279256379411e-06
1.255737735620461040e-06
1.254309253857999698e-06
1.287438596533572717e-06
1.285727568183141737e-06
1.319666874924335874e-06
1.317696799561896917e-06
1.352425075827111973e-06
1.350218497015294745e-06
1.385715631793547241e-06
1.383294179469201738e-06
1.419540902223146232e-06
1.416925333840323421e-06
1.453903172909973247e-06
1.451113413235675927e-06
1.488804655729425270e-06
1.485859835141326100e-06
1.524247488410804680e-06
1.521165979711482987e-06
1.560233734476121966e-06
1.557033188135594924e-06
1.596765383185628969e-06
1.593462761034382112e-06
1.633844349662137061e-06
1.630455957014395221e-06
1.671472475005683170e-06
1.668013991326346327e-06
1.709651526546763198e-06
1.706138034530575474e-06
1.748383198101540295e-06
1.744829211415722908e-06
1.787669110335822749e-06
1.784088599902115113e-06
1.827510811185061679e-06
1.823917230096097423e-06
1.867909776280503679e-06
1.864316083458397383e-06
1.908867409484743288e-06
1.905286092081360421e-06
1.950385043443489988e-06
1.946828138057254708e-06
1.992463940141220338e-06
1.988943052902481022e-06
2.035105291608938373e-06
2.031631617186872810e-06
2.078310220573597885e-06
2.074894560123139100e-06
2.122079781134351503e-06
2.118732559364805853e-06
2.166414959593953344e-06
2.163146240790206469e-06
2.211316675149080274e-06
2.208136178432961134e-06
2.256785780797892561e-06
2.253702894473152002e-06
2.302823064063194608e-06
2.299846859274632889e-06
2.349429247992826597e-06
2.346568491525918370e-06
2.396604991929206214e-06
2.393868158425837737e-06
2.444350892518836056e-06
2.441746175969841877e-06
2.492667484566674436e-06
2.490202809183043631e-06
2.541555242019991249e-06
2.539238272608777505e-06
2.591014578963189535e-06
2.588852730609037601e-06
2.641045850592248278e-06
2.639046297899694016e-06
2.691649354165125980e-06
2.689819040035784700e-06
2.742825330096997135e-06
2.741170973972836991e-06
2.794573962886331135e-06
2.793102068672647790e-06
2.846895382286894492e-06
2.845612245686355210e-06
2.899789664185710227e-06
2.898701379874491541e-06
2.953256831797901604e-06
2.952369338082007871e-06
3.007296906886920565e-06
3.006615908861805882e-06
3.061909764290419345e-06
3.061440791627932503e-06
3.117095273692003774e-06
3.116843681554098793e-06
3.172853258060649040e-06
3.172824230821793003e-06
3.229183492918086918e-06
3.229382049421569513e-06
3.286085707500993840e-06
3.286516705990535293e-06
3.343559585739408399e-06
3.344227728675811053e-06
3.401604767428063982e-06
3.402514605938151214e-06
3.460220849161231934e-06
3.461376787464099709e-06
3.519407385545791745e-06
3.520813685010353508e-06
3.579163890134189982e-06
3.580824673364173891e-06
3.639489836540313028e-06
3.641409091153966058e-06
3.700384659505548344e-06
3.702566241789090987e-06
3.761847755875087355e-06
3.764295394393457947e-06
3.823878485675891340e-06
3.826595784674056835e-06
3.886476173171271589e-06
3.889466615858256461e-06
3.949640107792878068e-06
3.952907059553742042e-06
4.013369545211446887e-06
4.016916256804091895e-06
4.077663708342802708e-06
4.081493318821343623e-06
4.142521788299928001e-06
4.146637327976047729e-06
4.207942945379697991e-06
4.212347338789199101e-06
4.273926310025332007e-06
4.278622378659224214e-06
4.340470983788677116e-06
4.345461448902197729e-06
4.407576040277451849e-06
4.412863525601045539e-06
4.475240526038624483e-06
4.480827560458574710e-06
4.543463461532595798e-06
4.549352481695262335e-06
4.612243842023665333e-06
4.618437194973882630e-06
4.681580638388825877e-06
4.688080584184727652e-06
4.751472798051085359e-06
4.758281512283473652e-06
4.821919245904234547e-06
4.829038822225667640e-06
4.892918885020587123e-06
4.900351337727954193e-06
4.964470597546787328e-06
4.972217864107651976e-06
5.036573245514926172e-06
5.044637189099290116e-06
5.109225671626184126e-06
5.117608083586533601e-06
5.182426700038109288e-06
5.191129302468054246e-06
5.256175137127545039e-06
5.265199585421872893e-06
5.330469772253430643e-06
5.339817657572818833e-06
5.405309378436678174e-06
5.414982230340537687e-06
5.480692713129283517e-06
5.490692002072463037e-06
5.556618518926947038e-06
5.566945658842564255e-06
5.633085524155995425e-06
5.643741875083704885e-06
5.710092443677251527e-06
5.721079314279742247e-06
5.787637979425336844e-06
5.798956629685174257e-06
5.865720821060752219e-06
5.877372464853085743e-06
5.944339646653806120e-06
5.956325454392264611e-06
6.023493123216330256e-06
6.035814224551281035e-06
6.103179907305549694e-06
6.115837393714631927e-06
6.183398645604289414e-06
6.196393573108706472e-06
6.264147975447856759e-06
6.277481367379308444e-06
6.345426525394076815e-06
6.359099374952554914e-06
6.427232915737849686e-06
6.441246188803021638e-06
6.509565758975221207e-06
6.523920396745874551e-06
6.592423660294747602e-06
6.607120582077326630e-06
6.675805218118880835e-06
6.690845324018651712e-06
6.759709024487073979e-06
6.775093198075912616e-06
6.844133665500505709e-06
6.859862776630490486e-06
6.929077721822692016e-06
6.945152629179122074e-06
7.014539768975021084e-06
7.030961322914009734e-06
7.100518377783046483e-06
7.117287422936412638e-06
7.187012114846378692e-06
7.204129492748384975e-06
7.274019542702072677e-06
7.291486094481638331e-06
7.361539220384099078e-06
7.379355789338725566e-06
7.449569703572566006e-06
7.467737137797669584e-06
7.538109545082341010e-06
7.556628699939034088e-06
7.627157295065611378e-06
7.646029035708868019e-06
7.716711501305111706e-06
7.735936705212349013e-06
7.806770709567821979e-06
7.826350268817001981e-06
7.897333463764787443e-06
7.917268287504456654e-06
7.988398306292035817e-06
8.008689323058301696e-06
8.079963778228717780e-06
8.100611938100485103e-06
8.172028419552729368e-06
8.193034696420933684e-06
8.264590769430143138e-06
8.285956162992000052e-06
8.357649366255035653e-06
8.379374904192890788e-06
8.451202748035460070e-06
8.473289487880886656e-06
8.545249452386017658e-06
8.567698483433313091e-06
8.639788016834725980e-06
8.662600461946758958e-06
8.734816978878199700e-06
8.757993996142210557e-06
8.830334876221250788e-06
8.853877660631196152e-06
8.926340246752561744e-06
8.950250031665255644e-06
9.022831628829220896e-06
9.047109687450943661e-06
9.119807561306898799e-06
9.144455207920842662e-06
9.217266583582589521e-06
9.242285174843506128e-06
9.315207235785152393e-06
9.340598171781482991e-06
9.413628058814546578e-06
9.439392784120218403e-06
9.512527594377060867e-06
9.538667598906717672e-06
9.611904385057267429e-06
9.638421204850247608e-06
9.711756974405220469e-06
9.738652192311616473e-06
9.812083906926213905e-06
9.839359153132701827e-06
9.912883728076790147e-06
9.940540680646926626e-06
1.001415498445777382e-05
1.004219536947707077e-05
1.011589622357284368e-05
1.014432181558293533e-05
1.021810599405274049e-05
1.024691861600591131e-05
1.032078284551186949e-05
1.034998436888905600e-05
1.042392532863546511e-05
1.045351767317744324e-05
1.052753199504818741e-05
1.055751712872191476e-05
1.063160139744683008e-05
1.066198133593605897e-05
1.073613208935896859e-05
1.076690889577068814e-05
1.084112262536381216e-05
1.087229840960898590e-05
1.094657156078635204e-05
1.097814847897769441e-05
1.105247745174888650e-05
1.108445770554365171e-05
1.115883885523533775e-05
1.119122469086397285e-05
1.126565432882981182e-05
1.129844803634878220e-05
1.137292243075553670e-05
1.140612634293320330e-05
1.148064171976633534e-05
1.151425821106675229e-05
1.158881075506997430e-05
1.162284224055025022e-05
1.169742809639030037e-05
1.173187703030198267e-05
1.180649230346437913e-05
1.184136117822777672e-05
1.191600193655786877e-05
1.195129328117853243e-05
1.202595555574199616e-05
1.206167193455450261e-05
1.213635172135920641e-05
1.217249573240176647e-05
1.224718899338169636e-05
1.228376326715555323e-05
1.235846593182087033e-05
1.239547312939878522e-05
1.247018109619552367e-05
1.250762390791859189e-05
1.258233304571082425e-05
1.262021418942657046e-05
1.269492033897274203e-05
1.273324255841101249e-05
1.280794153394397461e-05
1.284670759704395052e-05
1.292139518780938241e-05
1.296060788503940372e-05
1.303527985683012462e-05
1.307494199956904558e-05
1.314959409634240548e-05
1.318970851494306729e-05
1.326433646046618990e-05
1.330490600278469200e-05
1.337950550201073892e-05
1.342053303167240159e-05
1.349509977252616521e-05
1.353658816710489834e-05
1.361111782201812869e-05
1.365306997136971316e-05
1.372755819878052716e-05
1.376997700350215670e-05
1.384441944940103928e-05
1.388730781910537396e-05
1.396170011859545346e-05
1.400506097031618008e-05
1.407939874907568647e-05
1.412323500557539919e-05
1.419751388140905918e-05
1.424182846974347088e-05
1.431604405393913619e-05
1.436083990387487853e-05
1.443498780255627139e-05
1.448026784513032895e-05
1.455434366078288388e-05
1.460011082684304964e-05
1.467411015939758704e-05
1.472036737817826968e-05
1.479428582661097673e-05
1.484103602438541534e-05
1.491486918765872170e-05
1.496211528654723245e-05
1.503585876488214694e-05
1.508360368150554230e-05
1.515725307754927594e-05
1.520549972192029165e-05
1.527905064177167746e-05
1.532780191614288915e-05
1.540124997033239418e-05
1.545050876813837656e-05
1.552384957269171438e-05
1.557361877757222252e-05
1.564684795480650829e-05
1.569713043962784794e-05
1.577024361907939425e-05
1.582104224511550697e-05
1.589403506416015691e-05
1.594535268029149296e-05
1.601822078502746559e-05
1.607006022696562012e-05
1.614279927275074622e-05
1.619516336244893450e-05
1.626776901451039490e-05
1.632066055942876304e-05
1.639312849342078874e-05
1.644655028615057163e-05
1.651887618848018547e-05
1.657283100620937806e-05
1.664501057455959688e-05
1.669950117873179643e-05
1.677153012229847160e-05
1.682655925823259036e-05
1.689843329798859401e-05
1.695400369469389772e-05
1.702571856354879179e-05
1.708183293347374765e-05
1.715338437648694487e-05
1.721004541550204370e-05
1.728142918976453802e-05
1.733863957711423361e-05
1.740985145186908220e-05
1.746761385010941241e-05
1.753864960667072542e-05
1.759696666181811557e-05
1.766782209344087393e-05
1.772669643514394893e-05
1.779736734667248908e-05
1.785680158849014759e-05
1.792728379627461015e-05
1.798728053583952224e-05
1.805756986728654847e-05
1.811813168682486797e-05
1.818822398008385197e-05
1.824935344668727325e-05
1.831924455019938130e-05
1.838094421638558374e-05
1.845062998835657794e-05
1.851290239259994287e-05
1.858237870041474246e-05
1.864522636772799374e-05
1.871448908741109478e-05
1.877791453008976284e-05
1.884695954551973034e-05
1.891096526372616448e-05
1.897978846611063123e-05
1.904437694870937735e-05
1.911297423559059672e-05
1.917814796101904558e-05
1.924651523553562443e-05
1.931227667260406814e-05
1.938040984274720747e-05
1.944676145156371135e-05
1.951465642910734950e-05
1.958160066208253989e-05
1.964925336164739128e-05
1.971679266454266893e-05
1.978419900269708505e-05
1.985233581564092238e-05
1.991949170962145529e-05
1.998822846826333983e-05
2.005512983516186839e-05
2.012446897184521984e-05
2.019111172733204410e-05
2.026105567208841076e-05
2.032743572927081410e-05
2.039798691144754155e-05
2.046410017962985644e-05
2.053526102872476735e-05
2.060110341229398829e-05
2.067287635958916329e-05
2.073844375655492289e-05
2.081083123635370073e-05
2.087611953731360203e-05
2.094912398816293957e-05
2.101412907473665303e-05
2.108775294107430618e-05
2.115247068459907791e-05
2.122671641815260531e-05
2.129114267836420318e-05
2.136601273943118870e-05
2.143014336307290824e-05
2.150564022222154568e-05
2.156947104146938267e-05
2.164559718088108733e-05
2.170912401206307821e-05
2.178588192722421497e-05
2.184910056916868534e-05
2.192649277039656290e-05
2.198939900306138087e-05
2.206742801696450607e-05
2.213001759988585319e-05
2.220868597117220741e-05
2.227095464194214542e-05
2.235026493484714664e-05
2.241220840747583517e-05
2.249216320751080367e-05
2.255377717101612607e-05
2.263437908664151334e-05
2.269565920330990453e-05
2.277691086753458633e-05
2.283785277148565757e-05
2.291975684350895813e-05
2.298035613898511388e-05
2.306291530593042145e-05
2.312316756576891696e-05
2.320638454451783201e-05
2.326628530845163879e-05
2.335016284705290491e-05
2.340970762024421886e-05
2.349424849987206970e-05
2.355343275105423255e-05
2.363863978776228872e-05
2.369745894774817992e-05
2.378333499389445661e-05
2.384178445401445280e-05
2.392833240024008290e-05
2.398640751056064257e-05
2.407363028759194946e-05
2.413132635533691295e-05
2.421922693535188810e-05
2.427653922326613190e-05
2.436512062201184441e-05
2.442204434677825795e-05
2.451130962505343331e-05
2.456783995556386036e-05
2.465779222105974727e-05
2.471392427683845102e-05
2.480456668581558074e-05
2.486029553547900584e-05
2.495163129447356036e-05
2.500695195392521421e-05
2.509898432152026028e-05
2.515389175246694512e-05
2.524662404087141542e-05
2.530111314926813341e-05
2.539454872619097169e-05
2.544861436049193065e-05
2.554275665061677946e-05
2.559639360037807985e-05
2.569124608718004085e-05
2.574444908130325136e-05
2.584001530877293618e-05
2.589277901404990462e-05
2.598906258810770208e-05
2.604138160766529791e-05
2.613838619805236487e-05
2.619025506983178737e-05
2.628798441152863243e-05
2.633939760669830812e-05
2.643785550171825176e-05
2.648880742317134704e-05
2.658799774202376761e-05
2.663848272306819134e-05
2.673840940629513096e-05
2.678842170894690872e-05
2.688908876887336180e-05
2.693862258248802381e-05
2.704003410454786888e-05
2.708908354449548716e-05
2.719124368890579659e-05
2.723980279497597787e-05
2.734271579811318889e-05
2.739077853327335821e-05
2.749444870927543575e-05
2.754200895815785602e-05
2.764644070028002650e-05
2.769349226799740592e-05
2.779869005005409198e-05
2.784522666080541182e-05
2.795119503856026755e-05
2.799721033419466491e-05
2.810395394689282122e-05
2.814944148587539567e-05
2.825696505736063574e-05
2.830191831332450750e-05
2.841022665356273685e-05
2.845463901419872550e-05
2.856373702049673722e-05
2.860760178626218193e-05
2.871749444451094857e-05
2.876080482757050700e-05
2.887149721357408039e-05
2.891424633654000089e-05
2.902574361719973875e-05
2.906792451212118411e-05
2.918023194660405921e-05
2.922183755373961695e-05
2.933496049462119319e-05
2.937598366165392676e-05
2.948992755609759168e-05
2.953036103671361076e-05
2.964513142748160759e-05
2.968496788079380785e-05
2.980057040739076053e-05
2.983980239661511105e-05
2.995624279630739104e-05
2.999486278822959491e-05
3.011214689688757358e-05
3.015014726058854420e-05
3.026828101386347386e-05
3.030565402008610331e-05
3.042464345416378009e-05
3.046138127436501434e-05
3.058123252697243956e-05
3.061732723272374182e-05
3.073804654386518004e-05
3.077349010583350605e-05
3.089508381868162477e-05
3.092986810615769999e-05
3.105234266778910253e-05
3.108645944791930558e-05
3.120982140999346187e-05
3.124326234704394940e-05
3.136751836670243328e-05
3.140027502158958554e-05
3.152543186185732441e-05
3.155749569155850851e-05
3.168356022210903357e-05
3.171492257906392733e-05
3.184190177679152063e-05
3.187255390849306347e-05
3.200045485797651856e-05
3.203038790646408083e-05
3.215921780055365601e-05
3.218842280207971461e-05
3.231818894227097931e-05
3.234665682693908226e-05
3.247736662381697244e-05
3.250508821507987520e-05
3.263674918870059676e-05
3.266371520331665703e-05
3.279633498355556562e-05
3.282253603122549493e-05
3.295612235795082579e-05
3.298154894111939570e-05
3.311610966454790235e-05
3.314075217830620362e-05
3.327629525915893732e-05
3.330014399100107139e-05
3.343667750066608605e-05
3.345972263063377731e-05
3.359725475118316499e-05
3.361948635162843564e-05
3.375802537606305812e-05
3.377943341179533415e-05
3.391898774389148281e-05
3.393956207216849340e-05
3.408014022654433730e-05
3.409987059723760481e-05
3.424148119921240026e-05
3.426035725488837236e-05
3.440300904043647916e-05
3.442102031662236172e-05
3.456472213221307266e-05
3.458185805757137268e-05
3.472661885984586872e-05
3.474286875648358172e-05
3.488869761214224269e-05
3.490405069600745387e-05
3.505095678137869165e-05
3.506540216251025408e-05
3.521339476325609745e-05
3.522692144631004612e-05
3.537600995714271679e-05
3.538860684174615896e-05
3.553880076578532263e-05
3.555045664720656967e-05
3.570176559560905388e-05
3.571246916513930105e-05
3.586490285653364988e-05
3.587464270224347164e-05
3.602821096218003836e-05
3.603697556946324453e-05
3.619168832972324986e-05
3.619946608205066359e-05
3.635533338005281191e-05
