# -0.35J_-0.65g_0.83776theta_0.83776phi_10Chi_0.01delta_500N
-5.781661751101506708e-01
2.375439477559656842e-01
7.616411074155917671e-01
-1.670367169378284833e-01
7.111902848116419262e-02
-4.685783980786575875e-02
-3.817282173161239828e-02
-1.124705483296199182e-01
-8.666981133639800605e-02
2.419746613402802213e-02
6.851236787790976335e-01
-9.814565681393143670e-01
-1.300748274001891192e+00
-3.794301080616758970e+00
-1.002636493156666697e+00
-3.763671827046528584e+00
-1.262647454491175436e+00
-4.164162469883970097e+00
-2.270463087917984790e+00
1.149078500387905377e+00
3.993966481841958460e-01
2.201029247070474537e-01
-6.494579197969752027e-01
5.759431802292790392e-01
4.669623151441118836e+00
2.354806748803134120e+00
-4.060618573131571374e+00
2.935115001341196406e-01
-3.708288615470392902e+00
3.883914140629388667e-01
-1.635093091121795350e-01
-5.820686106678920613e-01
-2.460813512777204171e+00
-3.942830511650073788e+01
4.120542690104475270e+01
-1.470464227844106553e+01
-1.000152570189428189e+02
-7.467771643470403831e+01
-6.886203009952345155e+01
-8.054432699089989001e+01
-8.028083743082443935e-02
-5.484069663831497188e+00
-3.112071913135944223e-01
-4.453714000397255290e+01
-4.902425809666767265e+01
-5.497261693017714634e+01
-5.192405338887279242e+01
-2.933857630232987646e+01
2.091514650343395942e+01
-3.119020719498409449e+02
4.925480998646417086e-02
4.288889204973265201e+00
9.556359495879763744e-01
3.541211757390349391e+01
3.235760373792375333e+01
6.099245442685633378e+01
1.407470212231064721e+01
1.939431963438304862e+01
-1.587702868818312396e+01
1.568358930137357845e+02
-1.612004443231370571e-02
2.486994612494194623e+00
-2.465826386646052804e+00
1.861820939927515184e+01
9.447587366365132766e+01
6.194235582713173471e+01
5.083708031892735590e+01
-3.951879080129096877e+01
-7.463911890486323841e+01
8.336352497321980763e+02
1.188073443011101182e-01
8.235480116187610111e-01
4.660820319277306112e+00
1.424644901250258755e+01
-8.329426090784556891e+01
-3.655130877551336965e+01
1.424390490470275239e+01
5.413033731360466305e+01
1.256516456185488266e+02
-6.462589877681382404e+02
7.943867159949531687e-02
-8.196442841159766735e-01
3.956780911666667233e+00
3.684633845530660778e+01
-1.009092681406785630e+02
-2.200590921653532206e+01
1.346893495389916495e+02
1.780611474236394827e+02
2.122056351186297718e+02
-1.160953483669590867e+02
-1.815074507538858711e-02
-8.452014769868264610e-01
-1.834837481658378733e-01
3.023273765698814941e+02
-6.692738720946911357e+00
1.644581574115557601e+02
1.281251215815212618e+03
5.334731647630175075e+02
1.505666825145055441e+02
4.685234855581396005e+03
-5.780577653354926904e-01
-7.783587054160715502e-01
-1.756191023522699346e-01
1.451392610336088573e-01
1.088518635191966094e-01
-4.677395777057816173e-02
1.161828619984416472e-01
2.287714927156106123e-02
-8.661557208762134252e-02
-6.081946422666026364e-02
-6.887253477489028164e-01
-1.200727663501413689e+00
-3.469819679694774450e-01
-3.762923372363013108e+00
5.571283145036317608e-01
-1.567323999510087384e-01
-3.648985976247222762e+00
2.680598598900199914e+00
4.333217791468689128e+00
1.689227615123793269e+00
3.931721110244901229e-01
1.174050454991093728e+00
-4.307971853285293418e-01
-9.874698738934436504e-01
4.696838031187214213e+00
-4.445630097431718220e+00
2.783589883932354070e+00
2.684428918018900490e+00
-1.149939114012608204e-01
-1.224100653172744302e+00
1.226605205731727023e-02
1.397933533099872561e+00
-4.347919577560971582e+00
-4.526938029160179866e+01
4.743689732925503932e+01
-4.013097657485273118e+01
-1.327166128516463317e+01
-1.975413326455927876e-01
5.247282686063537227e+01
4.936175966329925302e+01
1.817997988698937806e-01
-3.599006966972286836e+00
1.669174482105479029e+00
-3.810596913698539367e+01
-4.300653500914753380e+01
4.001325137900081330e+01
-1.256890529839751167e+02
5.745077068169463530e+01
4.991431370929644373e+01
-2.169984184264382066e+02
4.938290482350485983e-02
-2.974682308409885234e+00
3.246073795157372377e+00
1.044495863299658645e+01
-4.663030767889794248e+01
6.102415651876085434e+01
-2.328762636477425119e+01
1.743804644424622241e+00
-1.599913168413664799e+01
-8.164723238303895414e+01
1.109636337678902018e-01
-4.288999072373870014e+00
-3.104093753184533178e+00
-1.058899558008148318e+02
5.413585011204887820e+01
-6.106571387138273366e+01
-5.965198343912535961e+01
-3.594693835863261455e+01
1.470644425417657430e+02
3.727846877699418542e+02
-4.543188204198878727e-02
1.447556544885331364e+00
-2.117412473799098027e+00
-2.418597526320698066e+01
4.093359398599587706e+01
-3.592227939021137928e+01
1.923750120309574285e+01
-5.210489242921482145e+01
4.868263046810012540e+00
-4.314427761107542381e+01
7.949425349565150678e-02
-3.010766587675011596e+00
-2.691758659712182755e+00
-1.062669559205419034e+02
1.711358748797805873e+01
-2.139123446898182479e+01
-2.260074991902455679e+02
3.296546236949358644e+01
2.135540672217815938e+02
-2.398625934350209832e+02
2.642101399426607239e-02
-6.168636008612167210e-01
-5.591853679034572977e-01
2.213190348755239540e+02
1.300876822190313362e+02
-8.337025667070129487e+01
1.120887585373218371e+03
-3.118014090464595256e+02
-3.941893650801536069e+02
3.239934809053640947e+03
-5.774458576705738810e-01
5.412860591453690917e-01
-5.867438065062160479e-01
2.190176269719144864e-02
-1.804296185702327637e-01
-4.678732599048988222e-02
-7.779314734112018070e-02
8.964644479299523072e-02
-8.695443569725598565e-02
3.860201221701867885e-02
3.539086626752951503e-03
-2.638079698853117439e-01
-6.339826907961163549e-01
-5.126994721068985683e+00
-1.930636940630603704e-01
3.926950468501867686e+00
3.460462232978620101e+00
1.323635101608518383e+00
-2.063873996300970237e+00
-8.611483498363106670e-02
-7.934051308163365679e-01
8.891754063158410215e-01
-1.368977692990318795e+00
-2.301449831920193700e-01
3.336113677863855820e+00
2.082090433796526696e+00
1.419795678929299587e+00
-4.449312836728348763e+00
3.825222403251915537e+00
-9.705165893969823765e-01
1.514915290046528751e-01
-1.219042635632797023e+00
-5.119265249474712398e+00
-4.764352202210714182e+01
3.922330436068175175e+01
5.473178876628694667e+01
7.927035136561190853e+00
-1.121340674512259881e+02
1.585808226558761014e+01
-6.162562477833699148e+01
-1.017003007860696057e-01
-2.825547502072579320e+00
-9.514083759997657985e-01
-4.631955565441703726e+01
-4.052177366261619795e+01
1.486256761828711781e+01
-1.314937633303585329e+01
7.802468072353025264e+01
-7.060983415170960598e+01
-1.531013072721599428e+02
4.943903066244831335e-02
-1.317619182654368615e+00
-4.204752085068077960e+00
-4.563991771725556390e+01
1.444501181381244059e+01
6.111946263300831816e+01
1.044372248856773666e+01
-2.158978665497468441e+01
-1.609504756165855710e+01
-4.851473357589833313e+01
-9.474335610191556012e-02
-1.451958147573194191e+00
3.085115976685519179e+00
-9.192917818057905421e+00
-3.362058375229183582e+01
-7.805898205788887045e-01
-3.484798385799574127e+00
6.025345192335525013e+01
-7.343412285978509146e+01
1.501260019435434003e+02
-7.346741000670901911e-02
-4.725876726005422412e+00
7.227375570435395913e-01
-1.121024859976688930e+02
-5.451884304065106335e+01
7.240473558276943322e+01
-7.237660705792129079e+01
-2.528843089098773422e+00
-1.318777890473457148e+02
-6.347366943909444217e+02
7.956491786308400593e-02
3.833705676044205202e+00
-1.261025465210478869e+00
6.886592027922441162e+01
8.329384404807585440e+01
-2.198435948750949720e+01
8.650822304066727497e+01
-2.112916220322861420e+02
2.140731134258694794e+02
3.575679961083387184e+02
-7.401867188104119429e-03
-9.617659673661531627e-01
-5.349289703746458180e-01
1.284010153540329213e+02
-4.498542794676186674e+00
-5.753331534301500483e+01
4.318202355243155353e+02
2.214238315799205168e+02
2.157859257397563795e+02
2.284897599411065585e+03
