# 0.0J_-1.0g_0.10472theta_1.0472phi_30Chi_0.01delta_500N
1.000000000000000000e+00
6.452027692761159851e-10
1.084279556099818630e-10
4.978391823151080884e-12
2.457552264020918835e-12
2.571929753343707810e-14
2.249311638486096209e-15
9.397224709259506941e-16
7.519410638569055945e-16
5.701033227107292300e-16
5.561971719201179744e-16
5.039494251827064369e-16
4.386056513657666057e-16
3.992127583292731933e-16
3.472953718811786920e-16
2.707086059539791756e-16
2.356229368564751641e-16
2.033763097942555477e-16
1.569742790446549146e-16
1.306954533653876006e-16
1.050373931587295258e-16
8.158393028558842312e-17
8.158393028558842312e-17
8.158393028558842312e-17
8.158393028558842312e-17
8.158393028558842312e-17
8.158393028558842312e-17
8.158393028558842312e-17
8.158393028558842312e-17
8.158393028558842312e-17
