# -0.4J_-0.6g_0.20944theta_0.0phi_10Chi_0.01delta_500N
5.886021630937423449e-02
2.964836103515874140e-04
2.752206053818600938e-06
8.746735438882150780e-07
1.597260232971344606e-07
2.819227181404357718e-07
1.317512303189686397e-07
1.804543677760104691e-07
1.173034775591476224e-07
1.397424648020691005e-07
1.062660430492188915e-07
1.194962021218344845e-07
9.677384764499403407e-08
1.076223157397697641e-07
8.829861669278385235e-08
9.987570561657185476e-08
8.068292195773516379e-08
9.467845477924299628e-08
7.390173390315632450e-08
9.137666820271291587e-08
6.799439672902953200e-08
8.964531674476872841e-08
6.303472947799767708e-08
8.928063016345614169e-08
5.909873807316573441e-08
9.013045273372778402e-08
5.623042428041591916e-08
9.206956538712809724e-08
5.443128487602555893e-08
9.499721317924112370e-08
5.367660956937261157e-08
9.885346368287339986e-08
5.394043191092975147e-08
1.036529296471730375e-07
5.521719190129513059e-08
1.095270785363338411e-07
5.751988014382456955e-08
1.167311732183725256e-07
6.081527556759786050e-08
1.254986075664152809e-07
6.485993892909777392e-08
1.355354234329001443e-07
6.896536236441493376e-08
1.449970306095372050e-07
7.186180154201160975e-08
1.495480229381053049e-07
7.196792055361941144e-08
1.439048619238003002e-07
6.820910135304206976e-08
1.270571584281311503e-07
6.090403863747849776e-08
1.045040866617477341e-07
5.177224878705102538e-08
8.290887031852468481e-08
4.286496851327713415e-08
6.551037425035600860e-08
3.550697605087577720e-08
5.261855567084288449e-08
3.009738778411661947e-08
4.344594162492272551e-08
2.644736295380092559e-08
3.709365478194303465e-08
2.411039841164401314e-08
3.283657722392040470e-08
2.259832634227507166e-08
3.014591220552461942e-08
2.151773248054708462e-08
2.865795751015107340e-08
2.062218062265250879e-08
2.814776783790770266e-08
1.979515976990470851e-08
2.850925613141765767e-08
1.900801069297872782e-08
2.973665801918437679e-08
1.828327777787975928e-08
3.190276511270364208e-08
1.766624797223533911e-08
3.512134476498445009e-08
1.720071879547174135e-08
3.946447156655701503e-08
1.690976553032644658e-08
4.479379956367093517e-08
1.678516683254354316e-08
5.051334165247631832e-08
1.678706588518359004e-08
5.544459161020635660e-08
1.685293523057102838e-08
5.822295786983469120e-08
1.691530996108092965e-08
5.824341720193680846e-08
1.693038675412049113e-08
5.627686408256574548e-08
1.692056608826587931e-08
5.396866638096002078e-08
1.702389649425034949e-08
5.279833489887497141e-08
1.753352939068341405e-08
5.350882189414932577e-08
1.894189071876665192e-08
5.605717780440143207e-08
2.210354453240240100e-08
5.945215307717788449e-08
2.878884087239953843e-08
6.037924229807754328e-08
4.298160662453671576e-08
5.079750286207724772e-08
6.966732536202738616e-08
3.211717139970745670e-08
8.199434045749337594e-08
1.955831476433094621e-08
4.199793024119396924e-08
1.394219876617980634e-08
2.127939468407365300e-08
1.152125659633304561e-08
1.480405984830297922e-08
1.051802045011022614e-08
1.250446719519936206e-08
1.022232417203374770e-08
1.170181838357324638e-08
1.032918106704358340e-08
1.158015574091234165e-08
1.069569585759159081e-08
1.183176852535367174e-08
1.125079716987931566e-08
1.231702839428340723e-08
1.195817126454836603e-08
1.296147407119527148e-08
1.279975969605842810e-08
1.371895305066295322e-08
1.376795964894648207e-08
1.455704886258180831e-08
1.486168671473291097e-08
1.545196324683394704e-08
1.608415822765769146e-08
1.638831661513490968e-08
1.744121772957274787e-08
1.736074334030974704e-08
1.893912702590289205e-08
1.837444352466656264e-08
2.058036418848294590e-08
1.944309532836774856e-08
2.235521781541017359e-08
2.058447915512884796e-08
2.422675473976155499e-08
2.181571607797566315e-08
2.611092045883561571e-08
2.315006763827933849e-08
2.786984225748891699e-08
2.459599289010722434e-08
2.935993038071694804e-08
2.615784430931341846e-08
3.054487239220866561e-08
2.783714198152569723e-08
3.155889515309042657e-08
2.963370663952941793e-08
3.261391099749522249e-08
3.154652426353737245e-08
3.386686298644550824e-08
3.357433500662805696e-08
3.538248267355580887e-08
3.571595218461866417e-08
3.716346743229635389e-08
3.797037465301089410e-08
3.918499083901482083e-08
4.033681954442152409e-08
4.141496324525109288e-08
4.281474539349885485e-08
4.382387035378383852e-08
4.540387034475511408e-08
4.638875318966945391e-08
4.810417243020319032e-08
4.909364156087330583e-08
5.091586755211232555e-08
5.192823849097248673e-08
5.383935872786841967e-08
5.488624307321318093e-08
5.687518605928313897e-08
5.796395970668705793e-08
6.002398243457441884e-08
6.115932896633863365e-08
6.328643023549591144e-08
6.447130240091134046e-08
6.666322961482721894e-08
6.789945426250641311e-08
7.015508089072222597e-08
7.144374011008226550e-08
7.376264634159430220e-08
7.510433303708765423e-08
7.748654560489441944e-08
7.888153255972190031e-08
8.132734797779719124e-08
8.277569528855666761e-08
8.528556351179004184e-08
8.678719136786893638e-08
8.936164211031945183e-08
9.091637579252013227e-08
9.355597452171913667e-08
9.516356922161169426e-08
9.786889113740808294e-08
9.952904512311322978e-08
1.023006589793266963e-07
1.040130212600597511e-07
1.068514786453033905e-07
1.086156540338869694e-07
1.115214820104592932e-07
1.133370347619605268e-07
1.163107307417746395e-07
1.181771872676121618e-07
1.212192155092397358e-07
1.231360668673425998e-07
1.262468549963655228e-07
1.282135582846451015e-07
1.313934965641990806e-07
1.334094769878925477e-07
1.366589164550598145e-07
1.387235678670609714e-07
1.420428196128282070e-07
1.441555067118318695e-07
1.475448409592403719e-07
1.497049010381228496e-07
1.531645469411119202e-07
1.553712894065632265e-07
1.589014346218953360e-07
1.611541440237863871e-07
1.647549329140096821e-07
1.670528695412778314e-07
1.707244044481702117e-07
1.730668065337553846e-07
1.768091472727707437e-07
1.791952319689531508e-07
1.830083955492045396e-07
1.854373604112103591e-07
1.893213208773145350e-07
1.917923453886135896e-07
1.957470336630926221e-07
1.982592807905522993e-07
2.022845845365071095e-07
2.048372023094529933e-07
2.089329657963969083e-07
2.115250889186320184e-07
2.156911128875473585e-07
2.183218643619211616e-07
2.225579059058333123e-07
2.252263986733892565e-07
2.295321711109156079e-07
2.322375097109947811e-07
2.366126824692088326e-07
2.393539646920243981e-07
2.437981632033535055e-07
2.465744817498640467e-07
2.510872873399341865e-07
2.538977314790842091e-07
2.584786812828975187e-07
2.613223384901813787e-07
2.659709253667448438e-07
2.688468829620736210e-07
2.735625554386325968e-07
2.764699021904527661e-07
2.812520644123487446e-07
2.841898921229069003e-07
2.890379038345178396e-07
2.920053089008485557e-07
2.969184854446656138e-07
2.999145703786367484e-07
3.048921827275408446e-07
3.079160576404568688e-07
3.129573324535100437e-07
3.160081164986765959e-07
3.211122362287822817e-07
3.241890589924343226e-07
3.293551620117976921e-07
3.324571648565123938e-07
3.376843456317774989e-07
3.408106829895831178e-07
3.460979923084811713e-07
3.492478328986419279e-07
3.545942781396749468e-07
3.577668061359939068e-07
3.631713515877433170e-07
3.663657677188217671e-07
3.718273349558715777e-07
3.750428575299680170e-07
3.805603258451455217e-07
3.837961917030794686e-07
3.893683986074356598e-07
3.926238640016384450e-07
3.982496057803486960e-07
4.015239471671212770e-07
4.072019795020842577e-07
4.104944942635740628e-07
4.162235329322786657e-07
4.195335400003271421e-07
4.253122616393333061e-07
4.286391020386904306e-07
4.344661449786705365e-07
4.378091822893424031e-07
4.436831474741535793e-07
4.470417681874879562e-07
4.529612201594403263e-07
4.563348339488993721e-07
4.622983019234347713e-07
4.656863418277879332e-07
4.716923208351984235e-07
4.750942433442127364e-07
4.811411954576367337e-07
4.845564804920449154e-07
4.906428361375741075e-07
4.940709869524478450e-07
5.001951463013467545e-07
5.036356892753026561e-07
5.097960237095248229e-07
5.132485080543457473e-07
5.194433617202333994e-07
5.229073590868205764e-07
5.291350505193121172e-07
5.326101545078277829e-07
5.388689783414845676e-07
5.423548039361494309e-07
5.486430326901682241e-07
5.521392155709753053e-07
5.584551015164668014e-07
5.619612973125981220e-07
5.683030743962303202e-07
5.718189578364158354e-07
5.781848436878381855e-07
5.817101076674467192e-07
5.880983056790251510e-07
5.916326602470467663e-07
5.980413617015667257e-07
6.015845329705788366e-07
6.080119192484360100e-07
6.115636482160673612e-07
6.180078930512631683e-07
6.215679343720980232e-07
6.280272061582786632e-07
6.315953268298197588e-07
6.380677909850710734e-07
6.416437689629473716e-07
6.481275903378571039e-07
6.517112131217352145e-07
6.582045584387119483e-07
6.617956215689488085e-07
6.682966619079169143e-07
6.718949674331608255e-07
6.784018807319946270e-07
6.820072356294244450e-07
6.885182092240290331e-07
6.921304237745564046e-07
6.986436569497704621e-07
7.022625430770935538e-07
7.087762496194980038e-07
7.124016192187012566e-07
7.189140299953675545e-07
7.225456932111538937e-07
7.290550587306138384e-07
7.326928222476041397e-07
7.391974152087157953e-07
7.428410805167212793e-07
7.493391983732727698e-07
7.529885600319739443e-07
7.594785274964892345e-07
7.631333714023309926e-07
7.696135429490632587e-07
7.732736446155423090e-07
7.797424069435622104e-07
7.834075297914601562e-07
7.898633042309448312e-07
7.935331979053244205e-07
7.999744428071740144e-07
8.036488415261733241e-07
8.100740545560704485e-07
8.137526754840800771e-07
8.201603958932131937e-07
8.238429375585299888e-07
8.302317483608283907e-07
8.339178891363733212e-07
8.402864192132166115e-07
8.439758158296731430e-07
8.503227419639577429e-07
8.540150280981090570e-07
8.603390769149769769e-07
8.640338618311557565e-07
8.703338116377695327e-07
8.740306789092535753e-07
8.803053614559927024e-07
8.840038677672885803e-07
8.902521698714894363e-07
8.939518438879734870e-07
9.001727089754292416e-07
9.038730503158748974e-07
9.100654798448443272e-07
9.137659581271347860e-07
9.199290128730830969e-07
9.236290668694693871e-07
9.297618681059107055e-07
9.334609050096047145e-07
9.395626355434760921e-07
9.432600303033196332e-07
9.493299353939997250e-07
9.530250301975976213e-07
9.590624183328241229e-07
9.627545221534661777e-07
9.687587656957557950e-07
9.724471540077467005e-07
9.784176896745712459e-07
9.821016042382000458e-07
9.880379334725117889e-07
9.917165822539989011e-07
9.976182714382991941e-07
1.001290828642578279e-06
1.007157509160397537e-06
1.010823115400362846e-06
1.016654483546375106e-06
1.020312246110141551e-06
1.026108062886229005e-06
1.029757056136217025e-06
1.035517146857974728e-06
1.039156412749412192e-06
1.044880666548703394e-06
1.048509215265437118e-06
1.054197584410464041e-06
1.057814395122305498e-06
1.063466894226912757e-06
1.067070915968128770e-06
1.072687621028412243e-06
1.076277773688046261e-06
1.081858821016635501e-06
1.085433996430709361e-06
1.090979581419713039e-06
1.094538644602753367e-06
1.100049020376922461e-06
1.103590810825430455e-06
1.109066286760217144e-06
1.112589619906294423e-06
1.118030560013176266e-06
1.121534228727380698e-06
1.126941049925631145e-06
1.130423826156443216e-06
1.135796996433802314e-06
1.139257632921556056e-06
1.144597669364228118e-06
1.148034901453763525e-06
1.153342368195285554e-06
1.156754915714671893e-06
1.162030421766546370e-06
1.165416991013376774e-06
1.170661188000479312e-06
1.174020473759559586e-06
1.179234053591774318e-06
1.182564741267904254e-06
1.187748433685977373e-06
1.191049201449578805e-06
1.196203771547055063e-06
1.199473292569821520e-06
1.204599538201633114e-06
1.207836482939139619e-06
1.212935232097072910e-06
1.216138270584116045e-06
1.221210378700399060e-06
1.224378182925579085e-06
1.229424530141983555e-06
1.232555776409406967e-06
1.237577264802187764e-06
1.240670636155871885e-06
1.245668186914435376e-06
1.248722375557525305e-06
1.253696926153326545e-06
1.256710635864017978e-06
1.261663137202866012e-06
1.264635085806793203e-06
1.269566499342357599e-06
1.272495421119718689e-06
1.277406716006364659e-06
1.280291364122789558e-06
1.285183514318145058e-06
1.288022663253363794e-06
1.292896644690348838e-06
1.295689092605657110e-06
1.300545880324369433e-06
1.303290451445097458e-06
1.308131016780680497e-06
1.310826563712951144e-06
1.315651871509790766e-06
1.318297277526055226e-06
1.323108283377913238e-06
1.325702464693667161e-06
1.330500112229570061e-06
1.333042020164420900e-06
1.337827238387437577e-06
1.340315861524731982e-06
1.345089562200329098e-06
1.347523928469167943e-06
1.352287003566232766e-06
1.354666182256563593e-06
1.359419501477834125e-06
1.361742605178448126e-06
1.366487013521241808e-06
1.368753200011009508e-06
1.373489515429883660e-06
1.375697989479434440e-06
1.380427000612296034e-06
1.382577015682147669e-06
1.387299479684283776e-06
1.389390339572113569e-06
1.394106979999049455e-06
1.396138040390161366e-06
1.400849545189679520e-06
1.402820215112048162e-06
1.407527234711097477e-06
1.409436977902503857e-06
1.414140123373012880e-06
1.415988459560036199e-06
1.420688300912239369e-06
1.422474806972621485e-06
1.427171871509490528e-06
1.428896182568042646e-06
1.433590953377140391e-06
1.435252763772886126e-06
1.439945678289129686e-06
1.441544742483813757e-06
1.446236191176548466e-06
1.447772324505439713e-06
1.452462649681453886e-06
1.453935729040762905e-06
1.458625223723619626e-06
1.460035188170703560e-06
1.464724095094087130e-06
1.466070946312225545e-06
1.470759457045812794e-06
1.472043259713493288e-06
1.476731513876318527e-06
1.477952395963645748e-06
1.482640480525459100e-06
1.483798633455720564e-06
1.488486582184865204e-06
1.489582260937562049e-06
1.494270053920013021e-06
1.495303576992095338e-06
1.499991140262708413e-06
1.500962889573951920e-06
1.505650094865452376e-06
1.506560515524838476e-06
1.511247180107431383e-06
1.512096780152175041e-06
1.516782666760081458e-06
1.517572016724451620e-06
1.522256833601458217e-06
1.522986566067999638e-06
1.527669967103125844e-06
1.528340776119978559e-06
1.533022361064906745e-06
1.533635001495222298e-06
1.538314316302603792e-06
1.538869603085252758e-06
1.543546140307614628e-06
1.544044947653353199e-06
1.548718146933365151e-06
1.549161407427545603e-06
1.553830656090805408e-06
1.554219359718728745e-06
1.558883993448959940e-06
1.559219186560922126e-06
1.563878490135838330e-06
1.564161274328108497e-06
1.568814482444495292e-06
1.569046013397531277e-06
1.573692311566851836e-06
1.573873797770931914e-06
1.578512323311843359e-06
1.578645024789040486e-06
1.583274867852102587e-06
1.583360094769365990e-06
1.587980299453494963e-06
1.588019410706286544e-06
1.592628976240378718e-06
1.592623377972008209e-06
1.597221259939033926e-06
1.597172404020082502e-06
1.601757515655051874e-06
1.601666898083495894e-06
1.606238111651830014e-06
1.606107270928422514e-06
1.610663419114895426e-06
1.610493934587722592e-06
1.615033811951439006e-06
1.614827302083111424e-06
1.619349666589677297e-06
1.619107787209226313e-06
1.623611361759818020e-06
1.623335804278029303e-06
1.627819278340282307e-06
1.627511767907589977e-06
1.631973799147065180e-06
1.631636092818972681e-06
1.636075308775127787e-06
1.635709193582139551e-06
1.640124193412849750e-06
1.639731484478344085e-06
1.644120840682414699e-06
1.643703379272374359e-06
1.648065639524730898e-06
1.647625291058015465e-06
1.651958980002678407e-06
1.651497632063738248e-06
1.655801253178111212e-06
1.655320813513925660e-06
1.659592850990624370e-06
1.659095245473368316e-06
1.663334166111979533e-06
1.662821336680854704e-06
1.667025591832901751e-06
1.666499494444897615e-06
1.670667521973135584e-06
1.670130124494689595e-06
1.674260350719443909e-06
1.673713630878545811e-06
1.677804472592694760e-06
1.677250415817686045e-06
1.681300282285232910e-06
1.680740879653668679e-06
1.684748174631754430e-06
1.684185420702350142e-06
1.688148544485726701e-06
1.687584435195518837e-06
1.691501786654375031e-06
1.690938317203609524e-06
1.694808295854128095e-06
1.694247458520744220e-06
1.698068466609569013e-06
1.697512248654967604e-06
1.701282693193601582e-06
1.700733074709567961e-06
1.704451369614209672e-06
1.703910321391497955e-06
1.707574889531480812e-06
1.707044370909520832e-06
1.710653646208173990e-06
1.710135602973888963e-06
1.713688032508310609e-06
1.713184394735418459e-06
1.716678440830883360e-06
1.716191120771725528e-06
1.719625263110193979e-06
1.719156153080240984e-06
1.722528890738882725e-06
1.722079861037634413e-06
1.725389714627287813e-06
1.724962611393406574e-06
1.728208125127303509e-06
1.727804768302612616e-06
1.730984512053561455e-06
1.730606693288113206e-06
1.733719264658060340e-06
1.733368745270029461e-06
1.736412771640954982e-06
1.736091280565827235e-06
1.739065421156592497e-06
1.738774652951321482e-06
1.741677600804206159e-06
1.741419213619513005e-06
1.744249697642757748e-06
1.744025311278921138e-06
1.746782098196840308e-06
1.746593292135531362e-06
1.749275188503536224e-06
1.749123499989428631e-06
1.751729354076506837e-06
1.751616276208506532e-06
1.754144979982599583e-06
1.754071959864442328e-06
1.756522450802141844e-06
1.756490887712736207e-06
1.758862150733965621e-06
1.758873394297982011e-06
1.761164463535939470e-06
1.761219811987611770e-06
1.763429772628471476e-06
1.763530471085300060e-06
1.765658461068507044e-06
1.765805699849453896e-06
1.767850911618629203e-06
1.768045824615788981e-06
1.770007506764955148e-06
1.770251169847278393e-06
1.772128628737090003e-06
1.772422058225123291e-06
1.774214659583990905e-06
1.774558810741280249e-06
1.776265981148515146e-06
1.776661746798595801e-06
1.778282975158316762e-06
1.778731184280687925e-06
1.780266023222147962e-06
1.780767439654984854e-06
1.782215506895431970e-06
1.782770828100210305e-06
1.784131807674830797e-06
1.784741663550377739e-06
1.786015307054430202e-06
1.786680258855439052e-06
1.787866386578669723e-06
1.788586925853825324e-06
1.789685427806482266e-06
1.790461975481448945e-06
1.791472812411376344e-06
1.792305717895772137e-06
1.793228922163141012e-06
1.794118462595377930e-06
1.794954138966945752e-06
1.795900518450223853e-06
1.796648844873800273e-06
1.797652193935701277e-06
1.798313422117160948e-06
1.799373797151292162e-06
1.799948253110500672e-06
1.801065635947344268e-06
1.801553720471674614e-06
1.802728018084990340e-06
1.803130207027887855e-06
1.804361251279750184e-06
1.804678095807286465e-06
1.805965643339600432e-06
1.806197770069240415e-06
1.807541502288175478e-06
1.807689613288899627e-06
1.809089136454308184e-06
1.809154009137694637e-06
1.810608854562182342e-06
1.810591341482005061e-06
1.812100965860362480e-06
1.812001994364515977e-06
1.813565780184270374e-06
1.813386352011707811e-06
1.815003608106052706e-06
1.814744798754310206e-06
1.816414760977303921e-06
1.816077719034032756e-06
1.817799551019020917e-06
1.817385497376799186e-06
1.819158291443918414e-06
1.818668518323062803e-06
1.820491296501949138e-06
1.819927166391809286e-06
1.821798881563362393e-06
1.821161826045236049e-06
1.823081363193827831e-06
1.822372881610996100e-06
1.824339059188878782e-06
1.823560717232924014e-06
1.825572288690254768e-06
1.824725716794235245e-06
1.826781372174232987e-06
1.825868263862885304e-06
1.827966631532603184e-06
1.826988741573362917e-06
1.829128390095062353e-06
1.828087532611110344e-06
1.830266972661631535e-06
1.829165019046328941e-06
1.831382705548207132e-06
1.830221582295640764e-06
1.832475916546494133e-06
1.831257602991081790e-06
1.833546934987320555e-06
1.832273460897446535e-06
1.834596091714954343e-06
1.833269534794478902e-06
1.835623719065936022e-06
1.834246202361434508e-06
1.836630150877669087e-06
1.835203840052509877e-06
1.837615722437557586e-06
1.836142822989780441e-06
1.838580770449780613e-06
1.837063524831631121e-06
1.839525633008429297e-06
1.837966317630487406e-06
1.840450649512086492e-06
1.838851571714518944e-06
1.841356160631159678e-06
1.839719655542989390e-06
1.842242508210847203e-06
1.840570935572882396e-06
1.843110035204412833e-06
1.841405776094769487e-06
1.843959085575602052e-06
1.842224539123097064e-06
1.844790004186722119e-06
1.843027584204097119e-06
1.845603136724904881e-06
1.843815268312924189e-06
1.846398829534450583e-06
1.844587945667866724e-06
1.847177429541054410e-06
1.845345967596533460e-06
1.847939284072749872e-06
1.846089682367693873e-06
1.848684740736399535e-06
1.846819435070320177e-06
1.849414147282238998e-06
1.847535567409820426e-06
1.850127851422488173e-06
1.848238417600161873e-06
1.850826200662108175e-06
1.848928320199214970e-06
1.851509542149686677e-06
1.849605605945654418e-06
1.852178222486142293e-06
1.850270601623048922e-06
1.852832587522878536e-06
1.850923629887042114e-06
1.853472982204617912e-06
1.851565009179079709e-06
1.854099750352007523e-06
1.852195053506059600e-06
1.854713234460471828e-06
1.852814072360386982e-06
1.855313775507370132e-06
1.853422370549222678e-06
1.855901712741731034e-06
1.854020248075463781e-06
1.856477383456552606e-06
1.854608000002593409e-06
1.857041122804277535e-06
1.855185916340645086e-06
1.857593263546825019e-06
1.855754281894475205e-06
1.858134135877826507e-06
1.856313376186541373e-06
1.858664067180065524e-06
1.856863473323832254e-06
1.859183381815897166e-06
1.857404841884058326e-06
1.859692400894527907e-06
1.857937744825195533e-06
1.860191442093499811e-06
1.858462439409152370e-06
1.860680819406809823e-06
1.858979177067321616e-06
1.861160842955135218e-06
1.859488203356450128e-06
1.861631818770767482e-06
1.859989757870818466e-06
1.862094048579499219e-06
1.860484074143949070e-06
1.862547829630951797e-06
1.860971379643621049e-06
1.862993454469362308e-06
1.861451895646782263e-06
1.863431210760300108e-06
1.861925837239103144e-06
1.863861381090495355e-06
1.862393413226809253e-06
1.864284242803648447e-06
1.862854826152983697e-06
1.864700067811951006e-06
1.863310272215795204e-06
1.865109122441364935e-06
1.863759941261026867e-06
1.865511667254421426e-06
1.864204016794371890e-06
1.865907956912237180e-06
1.864642675904913900e-06
1.866298240023234323e-06
1.865076089327679060e-06
1.866682759015290307e-06
1.865504421402611084e-06
1.867061749988659115e-06
1.865927830125481098e-06
1.867435442636709513e-06
1.866346467113531772e-06
1.867804060071065264e-06
1.866760477652275037e-06
1.868167818797792492e-06
1.867170000729032480e-06
1.868526928548195108e-06
1.867575169089538103e-06
1.868881592274807288e-06
1.867976109197265287e-06
1.869232005998959725e-06
1.868372941410486958e-06
1.869578358841216282e-06
1.868765779871773786e-06
1.869920832876938351e-06
1.869154732736314456e-06
1.870259603120624912e-06
1.869539902106120906e-06
1.870594837560890547e-06
1.869921384158966428e-06
1.870926697019567435e-06
1.870299269230554858e-06
1.871255335232739515e-06
1.870673641849306735e-06
1.871580898811916823e-06
1.871044580845854825e-06
1.871903527231948335e-06
1.871412159485490854e-06
1.872223352856134159e-06
1.871776445463172033e-06
1.872540500992605537e-06
1.872137501083472154e-06
1.872855089860539658e-06
1.872495383334797130e-06
1.873167230688272551e-06
1.872850143994394215e-06
1.873477027741002561e-06
1.873201829729972659e-06
1.873784578359278048e-06
1.873550482223295348e-06
1.874089973056326344e-06
1.873896138278382180e-06
1.874393295576473821e-06
1.874238829946670194e-06
1.874694622953923421e-06
1.874578584646514037e-06
1.874994025637675704e-06
1.874915425277560822e-06
1.875291567579958243e-06
1.875249370372706995e-06
1.875587306289322311e-06
1.875580434183144038e-06
1.875881292991468173e-06
1.875908626851243614e-06
1.876173572730228571e-06
1.876233954531003746e-06
1.876464184470519013e-06
1.876556419502589484e-06
1.876753161224597349e-06
1.876876020339596285e-06
1.877040530198119572e-06
1.877192752025922140e-06
1.877326312905427774e-06
1.877506606109025904e-06
1.877610525326814945e-06
1.877817570818206129e-06
1.877893178018494623e-06
1.878125631228655251e-06
1.878174276298767515e-06
1.878430769397759475e-06
1.878453820373445897e-06
1.878732964508835820e-06
1.878731805490548516e-06
1.879032192990601030e-06
1.879008222110529856e-06
1.879328428712250679e-06
1.879283056040842974e-06
1.879621643076213930e-06
1.879556288641831180e-06
1.879911805183171232e-06
1.879827896933650705e-06
1.880198882010725325e-06
1.880097853810324393e-06
1.880482838494496391e-06
1.880366128181147504e-06
1.880763637723557116e-06
1.880632685147535482e-06
1.881041241069246283e-06
1.880897486196634517e-06
1.881315608324090863e-06
1.881160489333848737e-06
1.881586697860891503e-06
1.881421649292284992e-06
1.881854466783668246e-06
1.881680917676125458e-06
1.882118871021637776e-06
1.881938243172450463e-06
1.882379865556274368e-06
1.882193571701611821e-06
1.882637404492635985e-06
1.882446846590178113e-06
1.882891441245077529e-06
1.882698008785987247e-06
1.883141928654693013e-06
1.882946996982198883e-06
1.883388819147832485e-06
1.883193747841757524e-06
1.883632064889171046e-06
1.883438196137658633e-06
1.883871617860201699e-06
1.883680274959253674e-06
1.884107430089718943e-06
1.883919915868428159e-06
1.884339453729473216e-06
1.884157049105358240e-06
1.884567641196336479e-06
1.884391603712905114e-06
1.884791945331912024e-06
1.884623507762984158e-06
1.885012319526560213e-06
1.884852688507481635e-06
1.885228717856531845e-06
1.885079072565943434e-06
1.885441095192616433e-06
1.885302586062905786e-06
1.885649407371156887e-06
1.885523154858718314e-06
1.885853611315933110e-06
1.885740704668653377e-06
1.886053665116822980e-06
1.885955161259564463e-06
