# -0.35J_-0.65g_0.36652theta_1.0472phi_10Chi_0.01delta_500N
4.091430445748230060e-02
3.035107695308487648e-04
1.333191194885329753e-05
5.913698038515438287e-07
9.105862086049953592e-07
2.633624436493394460e-07
5.812522244511616845e-07
2.356154368064968116e-07
4.543073871930656959e-07
2.172446552622054049e-07
3.844033828442358464e-07
2.025424874936565269e-07
3.380737604196171474e-07
1.901169556563636900e-07
3.037085721188711406e-07
1.793772743925720771e-07
2.762562627041596712e-07
1.698601459886741774e-07
2.532013540645413751e-07
1.611038948375994326e-07
2.332045096151108480e-07
1.526691423572906610e-07
2.155330948843298447e-07
1.441912410446206613e-07
1.997933993731046320e-07
1.354285837965757081e-07
1.857953785573603833e-07
1.262927767197900559e-07
1.734816266414872582e-07
1.168523432833790083e-07
1.628918302950451791e-07
1.073054678849914784e-07
1.541460820367758303e-07
9.792623989163359244e-08
1.474333280083526376e-07
8.900162750671919857e-08
1.429933680774994121e-07
8.077815736503455040e-08
1.410858549238698437e-07
7.343020206806340655e-08
1.419475312028546377e-07
6.705230448158038507e-08
1.457454514571057841e-07
6.166912013822354106e-08
1.525380902261553035e-07
5.725325896776631643e-08
1.622431973304894976e-07
5.374304511171947477e-08
1.745962703310351505e-07
5.105606724972995843e-08
1.891109981761556664e-07
4.909778177802930264e-08
2.051041715912882032e-07
4.776629522220925070e-08
2.218716738373353148e-07
4.695470985855967183e-08
2.390043278709138060e-07
4.655192287597859804e-08
2.565684832568491127e-07
4.644131451445778840e-08
2.747607722838002960e-07
4.649995385166506709e-08
2.931256224264945677e-07
4.659860562699335771e-08
3.100645516673014000e-07
4.660461646399392438e-08
3.232454516637047908e-07
4.638984774265983492e-08
3.308426942620013676e-07
4.584325270792059361e-08
3.329018148344556584e-07
4.488545346691317772e-08
3.316505617828974707e-07
4.348072181798269281e-08
3.297334807675958676e-07
4.164156454225820745e-08
3.264660449177926311e-07
3.942417682554524277e-08
3.147800371020966850e-07
3.691947793133180800e-08
2.854920903904583215e-07
3.424467534477997566e-08
2.395694455559704755e-07
3.152325804361451389e-08
1.897674389479064535e-07
2.885386643806104358e-08
1.472795792436334241e-07
2.630239758347712738e-08
1.153839863490216580e-07
2.391322992550043902e-08
9.278454238329294321e-08
2.171718742306717747e-08
7.713425942967553560e-08
1.973711460200965196e-08
6.635287717443988667e-08
1.799310498686808899e-08
5.886657164217800170e-08
1.650679351687013901e-08
5.356341978899393123e-08
1.530234976449292080e-08
4.969542310409509015e-08
1.440075237894593221e-08
4.677595135596250147e-08
1.380672598599899487e-08
4.449342484845120096e-08
1.349726094350330824e-08
4.264931480706506347e-08
1.342469624177361211e-08
4.111780090074277086e-08
1.353258800648421142e-08
3.982078889799994700e-08
1.376985955582353113e-08
3.871268629950591002e-08
1.409599012932922828e-08
3.777105261733915628e-08
1.448015718928617318e-08
3.699064917592261616e-08
1.489868651578653446e-08
3.637931334426059492e-08
1.533286611456388885e-08
3.595450110509377636e-08
1.576754544591768914e-08
3.573995155756847896e-08
1.619052168334747512e-08
3.576183469017064401e-08
1.659234496165207032e-08
3.604417894243718526e-08
1.696639243611419653e-08
3.660389066299680120e-08
1.730900330055659237e-08
3.744601467871147427e-08
1.761954229532491378e-08
3.856004795820473874e-08
1.790032176122686979e-08
3.991801355530310853e-08
1.815636273350461527e-08
4.147484244390180554e-08
1.839500867554809250e-08
4.317171047011622077e-08
1.862542510648113335e-08
4.494346469974796310e-08
1.885803018625205528e-08
4.673190658762794347e-08
1.910391564677951186e-08
4.850694422871957614e-08
1.937430006237257304e-08
5.029697119452518377e-08
1.968008284573936701e-08
5.222846952493625159e-08
2.003154550436233815e-08
5.457412876821043415e-08
2.043819799628000768e-08
5.781065973033426786e-08
2.090873662551472438e-08
6.269158322181016133e-08
2.145097308840964883e-08
7.033858314022924404e-08
2.207148494201510095e-08
8.231720862808567247e-08
2.277462509922764332e-08
1.004866960330546542e-07
2.356054332800451729e-08
1.258566887538530429e-07
2.442230781003299683e-08
1.546807459770596601e-07
2.534314580949496224e-08
1.711795188653765046e-07
2.629956931106142702e-08
1.529153470862122355e-07
2.728507929712159637e-08
1.109892428417856640e-07
2.828176017534243851e-08
7.692945484236664868e-08
2.922051643155944385e-08
5.679707267618880269e-08
3.003304779244825163e-08
4.549995185732538163e-08
3.068089206323441805e-08
3.902743354477907857e-08
3.116508304220349415e-08
3.525257195770346335e-08
3.152485564607017463e-08
3.309292405800004458e-08
3.182393697444865960e-08
3.197650785180542940e-08
3.213102268339191128e-08
3.158294956993927331e-08
3.250383305943494612e-08
3.172073847424215918e-08
3.298157505370158179e-08
3.226722938013354104e-08
3.358492407734210351e-08
3.313827611548587226e-08
3.432008626699177950e-08
3.427251052278130487e-08
3.518390318507768310e-08
3.562301775232306623e-08
3.616833630179541505e-08
3.715266560429255900e-08
3.726378866497185823e-08
3.883119579184683637e-08
3.846130413890531722e-08
4.063320286190787365e-08
3.975386715768054370e-08
4.253665325579759490e-08
4.113703244818327409e-08
4.452183529434399905e-08
4.260906791222157507e-08
4.657071923702594466e-08
4.417075262371423864e-08
4.866672721553451876e-08
4.582494806754944655e-08
5.079490172793725359e-08
4.757604720318421901e-08
5.294243002595650075e-08
4.942939347449418043e-08
5.509943437946331107e-08
5.139074484659318944e-08
5.725988184637761143e-08
5.346583546147390014e-08
5.942241717174296926e-08
5.566006200110732686e-08
6.159090100228077877e-08
5.797829842901067388e-08
6.377446670462008899e-08
6.042482236659709333e-08
6.598699479104613271e-08
6.300333320193641535e-08
6.824604117376963395e-08
6.571702830045394302e-08
7.057138587961914919e-08
6.856870984146897309e-08
7.298345402338800069e-08
7.156090219008367274e-08
7.550187367612018690e-08
7.469595501040482519e-08
7.814437224823708805e-08
7.797611774714790759e-08
8.092610806030860111e-08
8.140357449357050103e-08
8.385942884536083885e-08
8.498043558078079315e-08
8.695397341754301889e-08
8.870869228698856474e-08
9.021699668171206606e-08
9.259015236750581722e-08
9.365379529831717912e-08
9.662638225481120477e-08
9.726812893262383553e-08
1.008186814720927860e-07
1.010625620106585687e-07
1.051681039272252048e-07
1.050386943571212470e-07
1.096755234543207845e-07
1.091973041200746488e-07
1.143417261585960182e-07
1.135384661377400810e-07
1.191675063029359934e-07
1.180616969205047681e-07
1.241537464773369401e-07
1.227661273375157492e-07
1.293014719162417484e-07
1.276506740095583347e-07
1.346118778041609753e-07
1.327141890114507510e-07
1.400863342202759953e-07
1.379555847165493161e-07
1.457263755559582553e-07
1.433739354562890516e-07
1.515336809590809961e-07
1.489685548052841083e-07
1.575100509094891946e-07
1.547390459496090321e-07
1.636573833844043110e-07
1.606853247956045973e-07
1.699776515885501162e-07
1.668076190205893740e-07
1.764728842721200785e-07
1.731064488353879372e-07
1.831451489043668578e-07
1.795825960538100090e-07
1.899965376672488991e-07
1.862370673768753523e-07
1.970291559674571732e-07
1.930710564584815571e-07
2.042451131138837384e-07
2.000859078321611027e-07
2.116465148281962049e-07
2.072830844739420433e-07
2.192354572244709912e-07
2.146641397950810784e-07
2.270140219890915896e-07
2.222306941665384316e-07
2.349842724995690364e-07
2.299844156561197147e-07
2.431482506453267232e-07
2.379270043521418494e-07
2.515079741270341530e-07
2.460601796354639514e-07
2.600654338626311405e-07
2.543856698016448482e-07
2.688225910909074105e-07
2.629052036345906048e-07
2.777813736810577354e-07
2.716205036477302418e-07
2.869436721739087612e-07
2.805332806677448430e-07
2.963113373666901619e-07
2.896452294510277935e-07
3.058861842178694961e-07
2.989580310428147387e-07
3.156699945805573863e-07
3.084733341720454472e-07
3.256644900256475764e-07
3.181927663592883416e-07
3.358713759112667519e-07
3.281179277937004180e-07
3.462923064364580913e-07
3.382503916508013441e-07
3.569289035508238298e-07
3.485917049091050707e-07
3.677827486733041514e-07
3.591433857859453767e-07
3.788553815491456135e-07
3.699069227964157537e-07
3.901482994094535628e-07
3.808837737574553832e-07
4.016629562547984565e-07
3.920753648004409658e-07
4.134007622061166209e-07
4.034830894368188539e-07
4.253630829343206999e-07
4.151083076976459971e-07
4.375512391248680007e-07
4.269523453438869373e-07
4.499665060167407358e-07
4.390164931877998638e-07
4.626101129705918871e-07
4.513020064869095795e-07
4.754832430829943311e-07
4.638101044095440055e-07
4.885870328558302743e-07
4.765419695965223177e-07
5.019225718833836238e-07
4.894987477665704720e-07
5.154909026037828810e-07
5.026815473833729871e-07
5.292930200622264747e-07
5.160914393872445010e-07
5.433298717366515218e-07
5.297294569609757181e-07
5.576023573741901886e-07
5.435965953531217958e-07
5.721113289015723454e-07
5.576938117094427882e-07
5.868575903195383567e-07
5.720220249914741335e-07
6.018418976728454330e-07
5.865821158739482114e-07
6.170649590483416894e-07
6.013749267128830120e-07
6.325274345866486361e-07
6.164012615102684852e-07
6.482299365444961326e-07
6.316618859326482201e-07
6.641730293943496620e-07
6.471575273338855732e-07
6.803572299398642037e-07
6.628888748082400232e-07
6.967830074791993860e-07
6.788565792720553460e-07
7.134507839879085099e-07
6.950612535399493816e-07
7.303609343977599850e-07
7.115034724708916420e-07
7.475137872779038611e-07
7.281837752250100494e-07
7.649096240532421064e-07
7.451026598599034860e-07
7.825486795950641525e-07
7.622605872908250132e-07
8.004311430691029514e-07
7.796579819075341446e-07
8.185571582479676310e-07
7.972952309421201585e-07
8.369268237685003740e-07
8.151726846603049129e-07
8.555401935673146186e-07
8.332906565892323452e-07
8.743972773294942451e-07
8.516494237479115148e-07
8.934980409802604145e-07
8.702492268794762137e-07
9.128424071859660403e-07
8.890902707080264258e-07
9.324302559144285174e-07
9.081727242152150777e-07
9.522614249615598575e-07
9.274967208991559406e-07
9.723357105746950588e-07
9.470623590518776371e-07
9.926528680505358509e-07
9.668697020738691139e-07
1.013212612360092450e-06
9.869187787534071795e-07
1.034014618825812710e-06
1.007209583577321563e-06
1.055058523789164147e-06
1.027742077055722043e-06
1.076343925303956885e-06
1.048516186035379352e-06
1.097870383872696282e-06
1.069531804027020829e-06
1.119637423165306270e-06
1.090788791549930738e-06
1.141644530806025295e-06
1.112286976464672221e-06
1.163891159099710175e-06
1.134026154317067377e-06
1.186376725858007892e-06
1.156006088700879831e-06
1.209100615195043525e-06
1.178226511600345327e-06
1.232062178323516659e-06
1.200687123752811523e-06
1.255260734408873545e-06
1.223387595031501376e-06
1.278695571384450953e-06
1.246327564777428301e-06
1.302365946825278964e-06
1.269506642204783594e-06
1.326271088777520613e-06
1.292924406765490734e-06
1.350410196646024144e-06
1.316580408516470186e-06
1.374782442047727762e-06
1.340474168503824743e-06
1.399386969691374287e-06
1.364605179163717569e-06
1.424222898259925726e-06
1.388972904672047086e-06
1.449289321283450630e-06
1.413576781365890340e-06
1.474585308011921880e-06
1.438416218113679475e-06
1.500109904304187716e-06
1.463490596696995701e-06
1.525862133495601771e-06
1.488799272218680981e-06
1.551840997280052248e-06
1.514341573483908634e-06
1.578045476561371271e-06
1.540116803394341641e-06
1.604474532317567259e-06
1.566124239333632588e-06
1.631127106456504389e-06
1.592363133580494531e-06
1.658002122656424188e-06
1.618832713673896282e-06
1.685098487201869007e-06
1.645532182821987261e-06
1.712415089789715608e-06
1.672460720299535096e-06
1.739950804353389257e-06
1.699617481822017513e-06
1.767704489832341490e-06
1.727001599954109687e-06
1.795674990978489000e-06
1.754612184490038042e-06
1.823861139089011070e-06
1.782448322840555929e-06
1.852261752772836666e-06
1.810509080437818600e-06
1.880875638655608369e-06
1.838793501109984592e-06
1.909701592093714837e-06
1.867300607464241900e-06
1.938738397840819977e-06
1.896029401284052673e-06
1.967984830762325704e-06
1.924978863893421422e-06
1.997439656408671792e-06
1.954147956567815692e-06
2.027101631674298075e-06
1.983535620884949721e-06
2.056969505396061363e-06
2.013140779113808676e-06
2.087042018893361250e-06
2.042962334590354985e-06
2.117317906552532281e-06
2.072999172093775714e-06
2.147795896309923364e-06
2.103250158220511986e-06
2.178474710187545731e-06
2.133714141742906287e-06
2.209353064746498148e-06
2.164389953974347355e-06
2.240429671519179451e-06
2.195276409156794955e-06
2.271703237457771739e-06
2.226372304789120765e-06
2.303172465320437849e-06
2.257676422017788349e-06
2.334836054028632461e-06
2.289187525978039716e-06
2.366692699025545689e-06
2.320904366146505405e-06
2.398741092599763266e-06
2.352825676692502920e-06
2.430979924164282586e-06
2.384950176836321085e-06
2.463407880537142337e-06
2.417276571177994609e-06
2.496023646195891957e-06
2.449803550072125060e-06
2.528825903474044405e-06
2.482529789925190700e-06
2.561813332804574843e-06
2.515453953550618461e-06
2.594984612838662794e-06
2.548574690518314631e-06
2.628338420669380838e-06
2.581890637483976019e-06
2.661873431897240565e-06
2.615400418459164717e-06
2.695588320812022170e-06
2.649102645226957751e-06
2.729481760427064045e-06
2.682995917591804863e-06
2.763552422598311137e-06
2.717078823746094725e-06
2.797798978065732322e-06
2.751349940534582105e-06
2.832220096488490905e-06
2.785807833812546858e-06
2.866814446483640474e-06
2.820451058747168246e-06
2.901580695619060223e-06
2.855278160085750205e-06
2.936517510442051203e-06
2.890287672507501327e-06
2.971623556402042877e-06
2.925478120892161617e-06
3.006897497894348722e-06
2.960848020620755518e-06
3.042337998153796256e-06
2.996395877882914524e-06
3.077943719260713865e-06
3.032120189942634187e-06
3.113713322022784955e-06
3.068019445455979241e-06
3.149645465937918263e-06
3.104092124717521477e-06
3.185738809113977930e-06
3.140336699971730237e-06
3.221992008196739541e-06
3.176751635668264754e-06
3.258403718244928624e-06
3.213335388759867168e-06
3.294972592666776609e-06
3.250086408932883390e-06
3.331697283109072644e-06
3.287003138930505278e-06
3.368576439366996511e-06
3.324084014768675094e-06
3.405608709265350636e-06
3.361327466024758571e-06
3.442792738575549583e-06
3.398731916072208192e-06
3.480127170872454973e-06
3.436295782369427681e-06
3.517610647476219898e-06
3.474017476667883763e-06
3.555241807330990407e-06
3.511895405319245396e-06
3.593019286861297008e-06
3.549927969456727593e-06
3.630941719946986722e-06
3.588113565303502891e-06
3.669007737766322936e-06
3.626450584334012857e-06
3.707215968725915029e-06
3.664937413601587290e-06
3.745565038372219094e-06
3.703572435907929172e-06
3.784053569289043147e-06
3.742354030035808587e-06
3.822680181020582739e-06
3.781280571036116686e-06
3.861443490025297480e-06
3.820350430390399026e-06
3.900342109555705201e-06
3.859561976262778836e-06
3.939374649634214834e-06
3.898913573689668686e-06
3.978539716975824067e-06
3.938403584862549465e-06
4.017835914940869307e-06
3.978030369278070979e-06
4.057261843489956749e-06
4.017792283985283921e-06
4.096816099149171347e-06
4.057687683767934072e-06
4.136497274970329790e-06
4.097714921378504277e-06
4.176303960516486075e-06
4.137872347727921875e-06
4.216234741854032081e-06
4.178158312077293077e-06
4.256288201512349151e-06
4.218571162275454203e-06
4.296462918514654490e-06
4.259109244899940832e-06
4.336757468373035014e-06
4.299770905479185724e-06
4.377170423101008850e-06
4.340554488711181218e-06
4.417700351227084631e-06
4.381458338592563669e-06
4.458345817857679962e-06
4.422480798655475198e-06
4.499105384664515865e-06
4.463620212095316589e-06
4.539977609956507014e-06
4.504874922040616221e-06
4.580961048736049611e-06
4.546243271650445637e-06
4.622054252736540713e-06
4.587723604306257255e-06
4.663255770493528151e-06
4.629314263819001714e-06
4.704564147455951367e-06
4.671013594570429061e-06
4.745977925966673209e-06
4.712819941692131190e-06
4.787495645450699971e-06
4.754731651237839354e-06
4.829115842467801617e-06
4.796747070338649729e-06
4.870837050765408146e-06
4.838864547370925670e-06
4.912657801462870593e-06
4.881082432104440391e-06
4.954576623080431256e-06
4.923399075890234467e-06
4.996592041721616990e-06
4.965812831790386369e-06
5.038702581118697771e-06
5.008322054697810024e-06
5.080906762828997598e-06
5.050925101601996158e-06
5.123203106309103043e-06
5.093620331601971898e-06
5.165590129061724369e-06
5.136406106154646600e-06
5.208066346797092575e-06
5.179280789142486390e-06
5.250630273514371118e-06
5.222242747089234823e-06
5.293280421733133082e-06
5.265290349242226696e-06
5.336015302528438502e-06
5.308421967736543037e-06
5.378833425780800563e-06
5.351635977739266740e-06
5.421733300270156285e-06
5.394930757590116296e-06
5.464713433878952836e-06
5.438304688873441050e-06
5.507772333680008563e-06
5.481756156624660076e-06
5.550908506158779522e-06
5.525283549422303308e-06
5.594120457352408406e-06
5.568885259524328800e-06
5.637406693011034346e-06
5.612559682973402134e-06
5.680765718773764853e-06
5.656305219754433544e-06
5.724196040294546608e-06
5.700120273881670687e-06
5.767696163508304910e-06
5.744003253536526152e-06
5.811264594665634754e-06
5.787952571180830846e-06
5.854899840617422538e-06
5.831966643669019274e-06
5.898600408899860218e-06
5.876043892364979426e-06
5.942364807953140746e-06
5.920182743250071504e-06
5.986191547304861879e-06
5.964381627030646044e-06
6.030079137656312575e-06
6.008638979264805791e-06
6.074026091180287240e-06
6.052953240437637467e-06
6.118030921568778764e-06
6.097322856078012533e-06
6.162092144283939982e-06
6.141746276879568058e-06
6.206208276648685708e-06
6.186221958774770434e-06
6.250377838107664434e-06
6.230748363050626851e-06
6.294599350319957612e-06
6.275323956428413968e-06
6.338871337381248777e-06
6.319947211199159142e-06
6.383192325901683660e-06
6.364616605236074863e-06
6.427560845277708473e-06
6.409330622178423361e-06
6.471975427750933615e-06
6.454087751484649276e-06
6.516434608673930071e-06
6.498886488495545457e-06
6.560936926552975777e-06
6.543725334565327068e-06
6.605480923299483797e-06
6.588602797100515485e-06
6.650065144333714733e-06
6.633517389699329429e-06
6.694688138729883629e-06
6.678467632152579426e-06
6.739348459441603725e-06
6.723452050640925692e-06
6.784044663355050475e-06
6.768469177688918972e-06
6.828775311474993701e-06
6.813517552323689619e-06
6.873538969111885996e-06
6.858595720140373269e-06
6.918334205941417609e-06
6.903702233318384881e-06
6.963159596211794726e-06
6.948835650780268759e-06
7.008013718853054152e-06
6.993994538198659467e-06
7.052895157606079139e-06
7.039177468087311612e-06
7.097802501204957948e-06
7.084383019870177076e-06
7.142734343423408888e-06
7.129609779953417215e-06
7.187689283268212138e-06
7.174856341759999076e-06
7.232665925103109500e-06
7.220121305808332235e-06
7.277662878737060990e-06
7.265403279834869202e-06
7.322678759579609320e-06
7.310700878743321551e-06
7.367712188718297014e-06
7.356012724730656925e-06
7.412761793098957369e-06
7.401337447355584190e-06
7.457826205578436328e-06
7.446673683546663771e-06
7.502904065072293004e-06
7.492020077710727873e-06
7.547994016619099646e-06
7.537375281685390732e-06
7.593094711549407767e-06
7.582737954978683552e-06
7.638204807565377716e-06
7.628106764607437230e-06
7.683322968778769795e-06
7.673480385261235748e-06
7.728447865926329498e-06
7.718857499359778939e-06
7.773578176380182292e-06
7.764236797039818696e-06
7.818712584242823284e-06
7.809616976269442355e-06
7.863849780506183230e-06
7.854996742791029254e-06
7.908988463050175028e-06
7.900374810256986078e-06
7.954127336793856914e-06
7.945749900253102938e-06
7.999265113749600212e-06
7.991120742295636193e-06
8.044400513140464391e-06
8.036486073891564681e-06
8.089532261411687910e-06
8.081844640618901989e-06
8.134659092370695989e-06
8.127195196088120887e-06
8.179779747205054318e-06
8.172536502026070569e-06
8.224892974648543423e-06
8.217867328292265101e-06
8.269997530933375837e-06
8.263186452895673304e-06
8.315092179937910182e-06
8.308492662073267511e-06
8.360175693205833071e-06
8.353784750283389606e-06
8.405246850043710205e-06
8.399061520228056783e-06
8.450304437570790210e-06
8.444321782896053508e-06
8.495347250772467668e-06
8.489564357604082069e-06
8.540374092548074406e-06
8.534788071971805598e-06
8.585383773772225011e-06
8.579991761997381386e-06
8.630375113344103985e-06
8.625174272046735757e-06
8.675346938268597947e-06
8.670334454901214747e-06
8.720298083661059347e-06
8.715471171761915832e-06
8.765227392773766081e-06
8.760583292242754121e-06
8.810133717143962522e-06
8.805669694465872142e-06
8.855015916499178174e-06
8.850729265005640800e-06
8.899872858918660300e-06
8.895760898918769708e-06
8.944703420766975002e-06
8.940763499791292102e-06
8.989506486810425127e-06
8.985735979703375701e-06
9.034280950234605873e-06
9.030677259282304627e-06
9.079025712600818164e-06
9.075586267710648180e-06
9.123739684017306527e-06
9.120461942734087431e-06
9.168421783031389447e-06
9.165303230628677394e-06
9.213070936728939996e-06
9.210109086273117571e-06
9.257686080753633811e-06
9.254878473135528077e-06
9.302266159318495849e-06
9.299610363258782413e-06
9.346810125230188204e-06
9.344303737276463877e-06
9.391316939908917085e-06
9.388957584449040644e-06
9.435785573409169864e-06
9.433570902595283205e-06
9.480215004439701678e-06
9.478142698230510304e-06
9.524604220360421728e-06
9.522671986380124804e-06
9.568952217248666831e-06
9.567157790739372569e-06
9.613257999851120448e-06
9.611599143583445163e-06
9.657520581609404928e-06
9.655995085846189540e-06
9.701738984718211696e-06
9.700344667037198764e-06
9.745912240050996124e-06
9.744646945265296846e-06
9.790039387218963220e-06
9.788900987285808266e-06
9.834119474618127079e-06
9.833105868419413906e-06
9.878151559352334226e-06
9.877260672577655215e-06
9.922134707242074450e-06
9.921364492322561944e-06
9.966067992914916820e-06
9.965416428750844099e-06
1.000995049970729283e-05
1.000941559152876938e-05
1.005378131967871298e-05
1.005336109892136039e-05
1.009755955370786948e-05
1.009725207776444934e-05
1.014128431132723609e-05
1.014108766342065945e-05
1.018495471090018610e-05
1.018486699979788887e-05
1.022856987944796385e-05
1.022858923937203490e-05
1.027212895275469140e-05
1.027225354308081841e-05
1.031563107531058849e-05
1.031585908042648489e-05
1.035907540032529641e-05
1.035940502934473627e-05
1.040246108970587885e-05
1.040289057633394748e-05
1.044578731405542258e-05
1.044631491629882279e-05
1.048905325265581221e-05
1.048967725261043524e-05
1.053225809346196528e-05
1.053297679707871329e-05
1.057540103307241480e-05
1.057621276991936078e-05
1.061848127671716449e-05
1.061938439980600201e-05
1.066149803830669643e-05
1.066249092371660616e-05
1.070445054025572381e-05
1.070553158706971394e-05
1.074733801368050218e-05
1.074850564360416734e-05
1.079015969823402056e-05
1.079141235535156246e-05
1.083291484206928933e-05
1.083425099272911989e-05
1.087560270197780304e-05
1.087702083435793175e-05
1.091822254317551884e-05
1.091972116720924430e-05
1.096077363943477347e-05
1.096235128642977093e-05
1.100325527296281189e-05
1.100491049542665974e-05
1.104566673446967024e-05
1.104739810579549406e-05
1.108800732302671962e-05
1.108981343731848824e-05
1.113027634616760192e-05
1.113215581793051147e-05
1.117247311976554729e-05
1.117442458368485412e-05
1.121459696806092302e-05
1.121661907872143348e-05
1.125664722367323770e-05
1.125873865530438343e-05
1.129862322741897828e-05
1.130078267371453879e-05
1.134052432850432875e-05
1.134275050226063995e-05
1.138234988430826701e-05
1.138464151726019662e-05
1.142409926043851138e-05
1.142645510299872699e-05
1.146577183072476805e-05
1.146819065169330136e-05
1.150736697714203397e-05
1.150984756351214593e-05
1.154888408978663766e-05
1.155142524643777410e-05
1.159032256688206848e-05
1.159292311639497824e-05
1.163168181469117322e-05
1.163434059705626112e-05
1.167296124751568172e-05
1.167567711996895528e-05
1.171416028768802120e-05
1.171693212437634654e-05
1.175527836553277790e-05
1.175810505728739335e-05
1.179631491926859547e-05
1.179919537342499506e-05
1.183726939501489527e-05
1.184020253517826161e-05
1.187814124681788374e-05
1.188112601257496974e-05
1.191892993650003965e-05
1.192196528320834206e-05
1.195963493377366910e-05
1.196271983232615150e-05
1.200025571602369912e-05
1.200338915267967338e-05
1.204079176844411777e-05
1.204397274452398012e-05
1.208124258387737159e-05
1.208447011556637556e-05
1.212160766285821989e-05
1.212488078101420326e-05
1.216188651352889591e-05
1.216520426342490636e-05
1.220207865165468721e-05
1.220544009276319725e-05
1.224218360048475620e-05
1.224558780631729106e-05
1.228220089084180544e-05
1.228564694867623913e-05
1.232213006098179031e-05
1.232561707169296102e-05
1.236197065665743292e-05
1.236549773446434776e-05
1.240172223096287460e-05
1.240528850326084799e-05
1.244138434434866329e-05
1.244498895150070797e-05
1.248095656462170440e-05
1.248459865976656162e-05
1.252043846685660696e-05
1.252411721569750660e-05
1.255982963337170753e-05
1.256354421395883987e-05
1.259912965366429924e-05
1.260287925625155290e-05
1.263833812441932747e-05
1.264212195126403558e-05
1.267745464944496619e-05
