# -1.0J_0.0g_0.20944theta_1.0472phi_30Chi_0.01delta_500N
4.527810110115075282e-01
6.132399378788364573e-05
4.027694069498881733e-07
9.033428363246219477e-09
6.247089124472008251e-10
3.213694004119948948e-10
3.392355536979121042e-10
3.199205558217989844e-10
3.283876253001294655e-10
3.130489039358086210e-10
3.280636234879893411e-10
2.986089279533705025e-10
3.281546459637918286e-10
2.809023915908279418e-10
3.245873552827131358e-10
2.633104140767024805e-10
3.166342603931377744e-10
2.472673244655344014e-10
3.057041545795788259e-10
2.329604194585929177e-10
2.933546007589446676e-10
2.200975279925981447e-10
2.801803409608396851e-10
2.083004973658256568e-10
2.660463315109800797e-10
1.972480533216448623e-10
2.507695564241545200e-10
1.867083694183655709e-10
2.345550092070374363e-10
1.765342355816641579e-10
2.179892320883829665e-10
1.666463267147547729e-10
2.017434553513112869e-10
1.570158582555067251e-10
1.862978611900916545e-10
1.476472093417602553e-10
1.718653459568691859e-10
1.385642193263619620e-10
1.584637835550381466e-10
1.297983758157980443e-10
1.460191158711373682e-10
1.213806500769383942e-10
1.344347429765158764e-10
1.133360594379429166e-10
1.236252659837218979e-10
1.056808660649175347e-10
1.135248081627614817e-10
9.842225246095253773e-11
1.040855613650005175e-10
9.155858137548349777e-11
9.527220862675775439e-11
8.508177785197761654e-11
8.705710396733361957e-11
7.897870142093960051e-11
7.941591690012182876e-11
7.323358095440066830e-11
7.232511789419788366e-11
6.782903890542821536e-11
6.576119664167054187e-11
6.274771086589055791e-11
5.969998429132355260e-11
5.797295579440232803e-11
5.411631153117622698e-11
5.348921761681863201e-11
4.898399572132848175e-11
4.928242330591105511e-11
4.427691961861748985e-11
4.533952050760744412e-11
3.996810610736119093e-11
4.164856794935701101e-11
3.603206100497216774e-11
3.819853384697068992e-11
3.244271129674091924e-11
3.497901797409269047e-11
2.917507828540120766e-11
3.197973654033822069e-11
2.620524370094048178e-11
2.919076481932680385e-11
2.351018040321510455e-11
2.660250858410825243e-11
2.106765890433991667e-11
2.420515591905482423e-11
1.885739851591761823e-11
2.198895593720967103e-11
1.685965874822761909e-11
1.994413481227679504e-11
1.505609162502000667e-11
1.806127129570115264e-11
1.342979905279322358e-11
1.633087000082803189e-11
1.196495442193803380e-11
1.474338302175313784e-11
1.064701932986190997e-11
1.328976684900473171e-11
9.462379709910636049e-12
1.196146812939258437e-11
8.398844164856346119e-12
1.074947514856990729e-11
7.444788471965560377e-12
9.645722614733866790e-12
6.589942757607155256e-12
8.642304659106104509e-12
5.824762114974053914e-12
7.731766719449086571e-12
5.140743223622130769e-12
6.906887836621456470e-12
4.529748521799424666e-12
6.160780725836944759e-12
3.984758186739092630e-12
5.487413321210754924e-12
3.499236812650582131e-12
4.880291862375891670e-12
3.067301455286725052e-12
4.334209884766864699e-12
2.683365316704751940e-12
3.843634223965394828e-12
2.342970968684157570e-12
3.403697418846033378e-12
2.041588141422607315e-12
3.010042699365119401e-12
1.775132735441055059e-12
2.658256718436900373e-12
1.539882498324394942e-12
2.344212506564013389e-12
1.332759944109437881e-12
2.064652915125422552e-12
1.150864960314089446e-12
1.816085078095425946e-12
9.913874837194530448e-13
1.595319690275406165e-12
8.519629995306373558e-13
1.399687877378403817e-12
7.303214680038929848e-13
1.226692435237103334e-12
6.244259040363758796e-13
1.073688814149812502e-12
5.326292014250707033e-13
9.387191589251180350e-13
4.533013777284798712e-13
8.198359572844180898e-13
3.847192783404592822e-13
7.152916013930559493e-13
3.260008680907043068e-13
6.233245166043510433e-13
2.754566114411423072e-13
5.429268308161744430e-13
2.324261513337359921e-13
4.721838988214191319e-13
1.958616850615526619e-13
4.105148525744863205e-13
1.644887819004048274e-13
3.565987471989681331e-13
1.381888985989564620e-13
3.093757797453773263e-13
1.159542464959728617e-13
2.682565410815233048e-13
9.727743997223016192e-14
2.325610129956914146e-13
8.156828226537017673e-14
2.013932882757798421e-13
6.844972169917028003e-14
1.744036884850311013e-13
5.750246071299458053e-14
1.508434083124186390e-13
4.823683774325825696e-14
1.305269116784426506e-13
4.071448706147122006e-14
1.128503143332338172e-13
3.435293332603628996e-14
9.756566518408296310e-14
2.917099075597374406e-14
8.459963021986125595e-14
2.483930435406747919e-14
7.303245422724225641e-14
2.106808167632009982e-14
6.326079566585175636e-14
1.817173162014938546e-14
5.489968377854977864e-14
1.577807756289491347e-14
4.767881323952645389e-14
1.345005884046388265e-14
4.131189724545191429e-14
1.194173484177206164e-14
3.596080329909187231e-14
1.077253423024961213e-14
3.162307292261158792e-14
9.756361362937498302e-15
2.763720391455865007e-14
8.911618817145210653e-15
2.441080577203029006e-14
8.207317196083129617e-15
2.144978226471799487e-14
7.461121307316428320e-15
1.886953422159639375e-14
7.091227145294789805e-15
1.680369854963071523e-14
6.757331442092175312e-15
1.510000497732012189e-14
6.496749134338278886e-15
1.359575386899379626e-14
6.306843774050943391e-15
1.243588521723153001e-14
6.101764671836996646e-15
1.138126342235359575e-14
6.044397329761967387e-15
1.038729021106403213e-14
5.979471738202476095e-15
9.609838248865462114e-15
5.939308168100958775e-15
8.977384562177980979e-15
5.938872693012426799e-15
8.519920465952010476e-15
5.911964749650499770e-15
8.151648470829700351e-15
5.959201427086194749e-15
7.767440281000141327e-15
5.993856124025740061e-15
7.553316896073912642e-15
5.997410155562940348e-15
7.299601433386845187e-15
6.000640467576019305e-15
7.047889719728558759e-15
6.003579292782440754e-15
6.613444869634919461e-15
6.006250588613054751e-15
6.389422335863551806e-15
6.008687614003906772e-15
6.274101024260504179e-15
5.939672914046824106e-15
6.158886019113217893e-15
6.012933620957153934e-15
6.104972183478745525e-15
6.014782796731633087e-15
5.956780937101963626e-15
5.954055158132595492e-15
6.000839342575933801e-15
5.943518440530984124e-15
5.956193429955271222e-15
6.019441920642084951e-15
5.963402889641560638e-15
5.950824766562537678e-15
6.028949148613969452e-15
5.971270414887817295e-15
5.957839656128960789e-15
5.970595525554649331e-15
5.959677703801699242e-15
6.000865806656172441e-15
5.953950168972093348e-15
5.962876556765849558e-15
5.969457062232309429e-15
5.970318088433318200e-15
5.954294747308314194e-15
5.951696305462604533e-15
5.956587319150908493e-15
5.941086031715625339e-15
5.953986355657111082e-15
5.946678861004630174e-15
6.042590588097691246e-15
5.963489887516100471e-15
6.040799171774233389e-15
5.961455518484614432e-15
5.958528304448884141e-15
5.953103531611569264e-15
5.961586244810928768e-15
5.943797069014949192e-15
6.043207398190752556e-15
5.953119635863402793e-15
6.124084802828670448e-15
5.946758567268880598e-15
6.170412610284256895e-15
5.943407853840854556e-15
6.069713167169746140e-15
5.957829521506757567e-15
6.056292169629514681e-15
5.947864011681000708e-15
6.086118788616005665e-15
5.946237664342293323e-15
5.959772791166351850e-15
5.946873021810940435e-15
5.954032195208737167e-15
5.958593012959955119e-15
6.044549851765360270e-15
5.957995986256244538e-15
6.101778930540848280e-15
5.762821108609940142e-15
6.045832330249677084e-15
5.675252023857620252e-15
6.091298821130695253e-15
5.736237215256935952e-15
6.098464983552634288e-15
5.652208126188291097e-15
6.068786455814354917e-15
5.630007151063127204e-15
6.051834825251503340e-15
5.623890025366802134e-15
6.098070875830483521e-15
5.621502336151516740e-15
5.642348608575213986e-15
5.635245358571614548e-15
5.835293363990166918e-15
5.640173846347458439e-15
5.634527749944139264e-15
5.646478539942384425e-15
5.738688206491656790e-15
5.585905815558797557e-15
5.690146442105618286e-15
5.616578805348794519e-15
5.632208838415571568e-15
5.630917431310295664e-15
5.559873074796732235e-15
5.626782448605656645e-15
5.611168943962994433e-15
5.646324008423242849e-15
5.610829394417325062e-15
5.604446468615551112e-15
5.585375826971164624e-15
5.634667148044495296e-15
5.581023005660189377e-15
5.619587272763845148e-15
5.607116255137691895e-15
5.646616568848113258e-15
5.640038934726103778e-15
5.612381029287270985e-15
5.610454535099160857e-15
5.628780669084703432e-15
5.604365678838671299e-15
5.589978878285057780e-15
5.582720438650887757e-15
5.621127169140955331e-15
5.603163602740866706e-15
5.624576030140967376e-15
5.604109747877986557e-15
5.648596439914393773e-15
5.610667289018577172e-15
5.639650222739777826e-15
5.605594043236871127e-15
5.630885313949744050e-15
5.595074754616059376e-15
5.667732173919493966e-15
5.602041912689848707e-15
5.630548259564796751e-15
5.612290756378338984e-15
5.591968307306962518e-15
5.618178285193895331e-15
5.628457975677085945e-15
5.638210959115484572e-15
5.664455721236669364e-15
5.655485608176424880e-15
5.605717264787538067e-15
5.608623342382739575e-15
5.619318754620940694e-15
5.642287492157398184e-15
5.640488965068926390e-15
5.624532859902842496e-15
5.624069821168912720e-15
5.607123795499047208e-15
5.611270939650591410e-15
5.611512697902147339e-15
5.615363686363524702e-15
5.621187373363132373e-15
5.570769479269352782e-15
5.642459668562564327e-15
5.626516665514912760e-15
5.617896981443680723e-15
5.637063834629420989e-15
5.614452000439973744e-15
5.624435807354100871e-15
5.602272567837435398e-15
5.603233380815017481e-15
5.607108597315193919e-15
5.614138103582281759e-15
5.604841009062102358e-15
5.565646696338361521e-15
5.608640425523738444e-15
5.614167475646219800e-15
5.588712621873323346e-15
5.606473075239285972e-15
5.581268964187647073e-15
5.611959701761092367e-15
5.541091078541043644e-15
5.612685263727986404e-15
5.536444093179650353e-15
5.603592895833519384e-15
5.561464342853336970e-15
5.610875573615756760e-15
5.583780627288584953e-15
5.577739530461274459e-15
5.620738255144551087e-15
5.576837393392775375e-15
5.609558337627491249e-15
5.603390001588320673e-15
5.607151231134087919e-15
5.603116163502190707e-15
5.621597988363985357e-15
5.576522518456093977e-15
5.602428167139791653e-15
5.588849531052372173e-15
5.602437227535021957e-15
5.603738072765126458e-15
5.611595792157382997e-15
5.598032003722162484e-15
5.609099784952220677e-15
5.616312844819855945e-15
5.615050415089201555e-15
5.600707774795618617e-15
5.608566331178183691e-15
5.591178364131273798e-15
5.593886557594911894e-15
5.595289009168977270e-15
5.592073353617881335e-15
5.589824396885981613e-15
5.572272949168845485e-15
5.586833998876801873e-15
5.580806990213183949e-15
5.621847564229977957e-15
5.610615233647528462e-15
5.611098787276643329e-15
5.617153171179225958e-15
5.643341177022370061e-15
5.605950800765212594e-15
5.623634425025143585e-15
5.584535400514401861e-15
5.610834077777725737e-15
5.586475797306671075e-15
5.601486547210794582e-15
5.553188453670199125e-15
5.614555088940915937e-15
5.604615272299417529e-15
5.606978074269759151e-15
5.591125538234824931e-15
5.591673580660267652e-15
5.605626263437295161e-15
5.602890119837755562e-15
5.613064564028715510e-15
5.586117935496741489e-15
5.611606806847605592e-15
5.570244206468890165e-15
5.576357384301998746e-15
5.577394018203260978e-15
5.554611558429854669e-15
5.560723723792483791e-15
5.562547095430325364e-15
5.574188704501173469e-15
5.569371679969227037e-15
5.569112995366800342e-15
5.601590962323575003e-15
5.572575459317585964e-15
5.544419358957984549e-15
5.572377784163637483e-15
5.566085130424233398e-15
5.610722222272743156e-15
5.612519486792108990e-15
5.592923624356862521e-15
5.599044765221237906e-15
5.603902800887082464e-15
5.601343995202516066e-15
5.605044021335682843e-15
5.600663643836103488e-15
5.597072845110537095e-15
5.610880888187682010e-15
5.592975517572830041e-15
5.604913104197166030e-15
5.582444287801764998e-15
5.583383188073007496e-15
5.604274716856495580e-15
5.595535398481150330e-15
5.582465130100594221e-15
5.556125845375708988e-15
5.610469994884096447e-15
5.605457028307703162e-15
5.591136780546189304e-15
5.566630010541647962e-15
5.568298485188262893e-15
5.586468000419200489e-15
5.621897228238540462e-15
5.543663866029704016e-15
5.589067599077489055e-15
5.549380914288248761e-15
5.538864293499601797e-15
5.585933780098500862e-15
5.568690987442011220e-15
5.602637829086411762e-15
5.594825028592469749e-15
5.516294590277941246e-15
5.521030665319209785e-15
5.526061890308896002e-15
5.526586481715397346e-15
5.529254117445676784e-15
5.565912749528826843e-15
5.551898394798206661e-15
5.604109038585077424e-15
5.579717350084520489e-15
5.552745775298293674e-15
5.506605073799189477e-15
5.584880114719875614e-15
5.521609943667898920e-15
5.566003853147331190e-15
5.550059885935324098e-15
5.533110727519879256e-15
5.605298013793924910e-15
5.557060910466077415e-15
5.552448632646965948e-15
5.572368584755381059e-15
5.518637243897126483e-15
5.606712124852523596e-15
5.580750736814453130e-15
5.606311416904337757e-15
5.538297334279087403e-15
5.549034769460248838e-15
5.530977918349188822e-15
5.585743114496366895e-15
5.559801577626935067e-15
5.571275622271691505e-15
5.575112401421464584e-15
5.623420774023224572e-15
5.589640738961256863e-15
5.586739522429640930e-15
5.521946669898023490e-15
5.538637761653350709e-15
5.564042321241358582e-15
5.561724799749130303e-15
5.604525343529756966e-15
5.622010699199874842e-15
5.566673911519042664e-15
5.565678283116625020e-15
5.547143274141381553e-15
5.552305849859435683e-15
5.600188548581761662e-15
5.571880824964360822e-15
5.586418160207139985e-15
5.595881175083528055e-15
5.534458028964994736e-15
5.576950283919236874e-15
5.569613494938666416e-15
5.573161629465652962e-15
5.555534151898757249e-15
5.568101692692582233e-15
5.603190477656493194e-15
5.561649515858947300e-15
5.535057256948914942e-15
5.500158320157340010e-15
5.548883390625236690e-15
5.529954249632986291e-15
5.540405020604463626e-15
5.513392847623692720e-15
5.522634134794277316e-15
5.478420582729162396e-15
5.523032406446180532e-15
5.522561197265944704e-15
5.497603919994856743e-15
5.477918973449552922e-15
5.487667374181212047e-15
5.549727998142517268e-15
5.540259194334318905e-15
5.527749678429937239e-15
5.536959914289390115e-15
5.569900911006486999e-15
5.529198800640957585e-15
5.574123807295527695e-15
5.582054638776457023e-15
5.573155614739756388e-15
5.557687998418680348e-15
5.593606107979979362e-15
5.557483659485689377e-15
5.595528327041149130e-15
5.604312925964537874e-15
5.618842648213592851e-15
5.583753036512384711e-15
5.592256038095769253e-15
5.535186564243280982e-15
5.538792046545806712e-15
5.544377439830859588e-15
5.543653665355063329e-15
5.707144077575259242e-15
5.555671312344389267e-15
5.527495724303644836e-15
5.519702366697136129e-15
5.556494555873921073e-15
5.547727652303083703e-15
5.521303151077687563e-15
5.517018812616785018e-15
5.611547106805222166e-15
5.499463709125590829e-15
5.537408366388383047e-15
5.480588718239068807e-15
5.510203823739285478e-15
5.526719462220030602e-15
5.556183481226092245e-15
5.470143208716293346e-15
5.678608920958984664e-15
5.526046158688494915e-15
5.557459550031708527e-15
5.517229036659973276e-15
5.543682345065957210e-15
5.501027585143212780e-15
5.486830022329792664e-15
5.506644403929682866e-15
5.506392798519690100e-15
5.592730627050573270e-15
5.591279877225934765e-15
5.531469054323123523e-15
5.528304784936863760e-15
5.547823625974596260e-15
5.479508153737587576e-15
5.488528294259488752e-15
5.541515491598360176e-15
5.515758852185176782e-15
5.486888493670539597e-15
5.500419631205816902e-15
5.495352177011818605e-15
5.512316849317981015e-15
5.522412821392074462e-15
5.559692142236623238e-15
5.710943868384132583e-15
5.519688650442770873e-15
5.494976090237959021e-15
5.534684057352548384e-15
5.485394554331582917e-15
5.523875686485389711e-15
5.514113819864290762e-15
5.501194345969785134e-15
5.778494633649931320e-15
5.508209589337911111e-15
5.559852441208120917e-15
5.540912712557609177e-15
5.536653644500262022e-15
5.534535043935819838e-15
5.508939612518639607e-15
5.476376883160930766e-15
5.507198760889540322e-15
5.479253905316434324e-15
5.536233163829626885e-15
5.556793521572151143e-15
5.526001517444936311e-15
5.532928756547302531e-15
5.687358473672155071e-15
5.553588713098450608e-15
5.547565650417370064e-15
5.580510312445328761e-15
5.500611637666822150e-15
5.535644508705050246e-15
5.527100891442233429e-15
5.548836306482305464e-15
5.618978960553338432e-15
5.518700496355097602e-15
5.558453354860779080e-15
5.593501003404952132e-15
5.576234512482622842e-15
5.531784013650673336e-15
5.849858723018960623e-15
5.515342279718832407e-15
5.755822872268150223e-15
5.534819134552003164e-15
5.690299293931484273e-15
5.602653360849996660e-15
5.781588107573712036e-15
5.611504312633511734e-15
5.567891230420266844e-15
5.535182672360777151e-15
5.570513519698569963e-15
5.550686421746675433e-15
5.561168842683016727e-15
5.522178016209272978e-15
5.569650640456653409e-15
5.523162288765379811e-15
5.565505670174701114e-15
5.569361937885944958e-15
5.596060981112776148e-15
5.530095283495390341e-15
5.560058613140080674e-15
5.572657461432556986e-15
5.537595262951122295e-15
5.607462160485698715e-15
5.615866936224776015e-15
5.619799591351890263e-15
5.557965952197671627e-15
5.653429155448309848e-15
5.594427157386195564e-15
5.664355675792107458e-15
5.612527544178169598e-15
5.623923379987178906e-15
5.602605965435871362e-15
5.605156766642680898e-15
5.630643867207553501e-15
5.626349561148436018e-15
5.613902058951119885e-15
5.621046510981181975e-15
5.646665678705000315e-15
5.623715261126890037e-15
6.049110950699529530e-15
5.656894172713431784e-15
6.050885320812457364e-15
5.612619128615245633e-15
6.059172887621868832e-15
5.611886345364609568e-15
6.055102750452050055e-15
5.607548949756987027e-15
6.273567673511419002e-15
5.636011429400071664e-15
6.058974048978376202e-15
5.825733825525983466e-15
5.647320100701464199e-15
5.656946357066755239e-15
5.731241903021400448e-15
5.619830685052327042e-15
5.715208819756108120e-15
5.641132442387813897e-15
5.722058632880177695e-15
5.860026253588322930e-15
5.791979668498871808e-15
6.044359305394547593e-15
5.784630383068298370e-15
6.040278006873809680e-15
5.771922377350035262e-15
6.039886943610446142e-15
5.906708981312466025e-15
6.037533199792566983e-15
5.832040713929892699e-15
6.043258588501109619e-15
5.864397029423158223e-15
6.043650583121966924e-15
6.048313571443155562e-15
6.066399454881771273e-15
5.880161852230881427e-15
6.044698281367261712e-15
6.105227969128725593e-15
6.123529776975992804e-15
6.006106566007327171e-15
6.120870095240828570e-15
6.417149515945228762e-15
6.215078368709511425e-15
6.416073039429541145e-15
6.216869275892764651e-15
6.420655999818440132e-15
6.278388503391111991e-15
6.473246747458067522e-15
6.128076959897569301e-15
6.509090378678886910e-15
6.428360789256874934e-15
6.547245478441808084e-15
6.050904694986174142e-15
6.572052501606430345e-15
6.161523844541473100e-15
6.596203975942031909e-15
6.326117028644396253e-15
6.623219484387994279e-15
6.441953988336639210e-15
6.657960264710528054e-15
6.531600484498816733e-15
6.679560216425290194e-15
6.746825495911881440e-15
6.697897013177314769e-15
7.260432671480150600e-15
6.711884985334299930e-15
7.455431929086159256e-15
6.741672208603804697e-15
7.694957027652347234e-15
6.740188231548093673e-15
7.612133212934289143e-15
6.766285879458412770e-15
8.151679192929121902e-15
6.800964970765777127e-15
8.332711888312771794e-15
6.872009707149705398e-15
8.129223687253082311e-15
6.819144688367435545e-15
8.070383042917609401e-15
6.813371718705176529e-15
7.941482959311485434e-15
6.813834704583731182e-15
7.769826832440869016e-15
6.499474967254665219e-15
7.772332915718906385e-15
6.490479832494899361e-15
7.625436439915723785e-15
6.423821336647252879e-15
7.528552945252690976e-15
6.321802941051104854e-15
7.324081139399515407e-15
6.111985794779803788e-15
7.070109322844574980e-15
5.691001824701132993e-15
6.495837033050355517e-15
5.180764438709551538e-15
6.082407011949732748e-15
5.518401080267919744e-15
5.980263750485583317e-15
5.503931615610347190e-15
6.500657345450907265e-15
5.852681205750097914e-15
6.790761717452464045e-15
6.074809495935336491e-15
6.948733061014927782e-15
6.197650586266688878e-15
7.007554624312852455e-15
6.228685292761114051e-15
7.002667889690298966e-15
6.251983844091340681e-15
6.997343455482955233e-15
6.308481705392213750e-15
6.935757117407456206e-15
6.340836485741631554e-15
6.869634026019097485e-15
6.358530193839302770e-15
6.804847842914615155e-15
6.367509123605156029e-15
6.745291609745412603e-15
6.371696417448025931e-15
6.332409449560120889e-15
6.372737582598400471e-15
6.287427618204582681e-15
6.457850342121271178e-15
6.248053243515577201e-15
6.458901001345448730e-15
6.237213953600841109e-15
6.460030659024893034e-15
6.235040244928265325e-15
6.460680147248668392e-15
6.233338361508010895e-15
6.460988147543268265e-15
6.221114658146944217e-15
6.460854950394874535e-15
6.211674941899902975e-15
6.459428613369268688e-15
6.207459141139303934e-15
6.457968403865729039e-15
6.207349504738824987e-15
6.457465461900857005e-15
6.209300530381673827e-15
6.457103624000196193e-15
6.211707933975622002e-15
6.456690000587544001e-15
6.213799276806566660e-15
6.456213657982639870e-15
6.215446993419358814e-15
6.017008841138568209e-15
6.216386518966988084e-15
6.113636554555286282e-15
6.216672199866406898e-15
6.113639099566984631e-15
6.216111557230460491e-15
6.113640630654393614e-15
6.214831097637070355e-15
6.113641551758483961e-15
6.212717803800589953e-15
6.113642105893148413e-15
6.210060375363263061e-15
6.113642439257193619e-15
6.206694048857985735e-15
6.113642639804790846e-15
6.202501136194096290e-15
6.113642760449694081e-15
6.169324580701708928e-15
6.113642833025121398e-15
6.177338803610227978e-15
6.113642876682099109e-15
6.169868817126641626e-15
6.038643595832971630e-15
6.171932699588255229e-15
6.045315547341960987e-15
6.172296350441429601e-15
6.056346027990296199e-15
6.172309059802702415e-15
6.057317698980048609e-15
6.172124683885949865e-15
6.071085733859964833e-15
6.171343426295081613e-15
6.082619877239384658e-15
6.169997002336584921e-15
6.082653596542245639e-15
6.027056614090887880e-15
6.097110341878542207e-15
6.068794745939250616e-15
6.113642941864363043e-15
6.025592340052183675e-15
6.082509071980153360e-15
6.025381075035357443e-15
6.113642942287642139e-15
6.062681430586977867e-15
6.104415689461753784e-15
6.064509357738113845e-15
6.113642942435575647e-15
6.113642942362699099e-15
6.099580684870478782e-15
6.113642942394205415e-15
6.031001760643271165e-15
6.103820828705647775e-15
6.080379978929419129e-15
6.090251135257020056e-15
6.088291391998374709e-15
6.102608947593109026e-15
6.055273664252419015e-15
6.092692686059770251e-15
6.088556160765567792e-15
6.064111990096396712e-15
6.094768971847847921e-15
6.113642942451319733e-15
6.110710137466156118e-15
6.113642942454205386e-15
6.083690832581293996e-15
6.108134595687759779e-15
6.068366785775166501e-15
6.096130715632991248e-15
6.080326720187082049e-15
6.095745345430690987e-15
6.079931161712149980e-15
6.106305571876750213e-15
6.102632918679908913e-15
6.099769895855576582e-15
6.092879881866555872e-15
6.063951889173728068e-15
6.055471524449985160e-15
6.099481077207729073e-15
6.070836861627892210e-15
6.096943615376739622e-15
6.088283515509778244e-15
6.085763578879680111e-15
6.063946616719751557e-15
6.030353524186654449e-15
6.041007391261158634e-15
6.050424179929481602e-15
6.022710446845217759e-15
6.017151639241904735e-15
6.014257794881061503e-15
6.015302759917373172e-15
6.020552643142751539e-15
6.010780901792374076e-15
6.005611623230621161e-15
6.025131796460001499e-15
6.006714768727981577e-15
6.014621097728451063e-15
6.012460613392013314e-15
6.013413632674168423e-15
6.017294423602505687e-15
6.012410635273648842e-15
6.009918011475603774e-15
6.012531587367039872e-15
6.005833389541776922e-15
6.013362167236886845e-15
6.022674651150068930e-15
6.019811599024930846e-15
6.019437229615136414e-15
6.014036561568200287e-15
6.023411145210246798e-15
6.013861434163469022e-15
6.027339026266587198e-15
6.014821615371366418e-15
6.026740120894642190e-15
6.030101560351972010e-15
6.021407275832555770e-15
6.014551925875381918e-15
6.027146955541508723e-15
6.020755907633159707e-15
6.020967356109798097e-15
6.014959874399312640e-15
6.016736149215443049e-15
6.013573254748806000e-15
6.017603061444044640e-15
6.011950089354731682e-15
6.019689247502888356e-15
6.013768452328989727e-15
6.017348559817236816e-15
5.981388788273850237e-15
6.015066606889669715e-15
6.000753165438837560e-15
6.016776785082544540e-15
6.014598123300299680e-15
6.014631905935130832e-15
5.939242722632602539e-15
6.013480311500244616e-15
5.930067307686000612e-15
6.014208324085122378e-15
5.919397504720820903e-15
6.013705082459413255e-15
5.933661148152845167e-15
6.014146175183787250e-15
5.921240632242250975e-15
6.013073825022259099e-15
5.917741757989819387e-15
6.011224704638057824e-15
5.920152525700636384e-15
6.012961734971943643e-15
5.915431554734747569e-15
6.012228816282824791e-15
5.917323858961285324e-15
6.011189992202063176e-15
5.916253317621202598e-15
5.944899686844171495e-15
5.917699068331275261e-15
5.914962862669430020e-15
5.914975752526613898e-15
6.010194080956287957e-15
5.914898732954371814e-15
5.980528202537328210e-15
5.914581759947992408e-15
5.935281592824842456e-15
5.914564260729361497e-15
5.916345212009989246e-15
5.914198919090117514e-15
5.920719417152957409e-15
