# -0.4J_-0.6g_0.31416theta_1.0472phi_30Chi_0.01delta_500N
-6.366878384491919673e-01
5.657189080677924586e-01
-4.061471549505606404e-01
4.356965985091937887e-01
-4.284851268537288871e-02
1.954195963005195269e-01
-1.510389025912927674e-01
3.196109005837070027e-01
1.725629772869588519e-01
-4.672690979633891545e-03
5.325152543256294474e-02
-7.998553320754943352e-02
3.969873721771585706e-02
-1.192822746561972708e-01
6.782320658167212413e-02
-4.364723917766522542e-03
9.532052433663456767e-03
2.104558679621006123e-02
-1.130988120720972240e-02
-1.905115706190281142e-03
3.991900348214944688e-02
-2.556296531357191495e-02
1.060114568533311076e-02
1.401479898191474588e-02
-2.597859443778371795e-03
-1.981686686393193536e-02
-1.272269376362121333e-02
-8.066578137767814113e-03
-1.722796789147826996e-02
-2.768565193562947530e-03
6.151998578421694619e-01
-1.340850287723905909e+00
3.624128492837321858e-01
1.134167255866070922e+00
7.386347233373542487e-01
1.347344589585210084e+00
-5.360468251471002255e-01
1.018959687053986984e+00
3.392480955144099863e-01
3.712106369501739778e-01
5.063303631815559980e-01
-1.081278830657883688e-01
1.776505564305413676e-01
-3.900188080457318018e-01
1.606011588596975292e-01
-1.513968985424549718e-01
3.034988549723116949e-02
-5.303672280619993462e-02
-3.666566179504612832e-02
-2.455600607456041862e-02
9.155296431854578754e-02
-5.315656354720757482e-02
3.809721441685270243e-02
3.614088479763956363e-02
2.048327701068729939e-02
-6.171879986065897938e-02
1.866660204674210760e-02
-4.758383724685805172e-02
-1.122752762345312696e-02
2.085397608675503001e-02
-3.292623330553916539e-01
1.658549941671045025e-01
-3.960687049185112607e-01
6.661961531781981360e-01
1.059980676873577776e+00
1.458227856132306710e-01
-5.124403121338207967e-01
-1.326158415563848614e+00
-1.531614629033829278e+00
6.047837626246507226e-01
9.404388593077586123e-01
7.695975575426139415e-01
1.923447475692645070e-01
4.437434442188115113e-01
-4.929004382628713876e-01
-3.147508961830559060e-01
2.121767028695562343e-02
-4.043287984322148643e-01
9.835493865740196906e-02
-1.046661272589465563e-01
-2.654502736030038279e-01
2.035130057064540587e-01
-4.248434716927276811e-02
-2.667914927607217129e-02
9.794816207236255179e-02
6.233352215534175567e-02
1.775045101424593263e-01
-1.342090665718622712e-02
1.488617657799078120e-01
6.118942330420315545e-02
4.502846036100741078e-01
1.224413116098590271e+00
5.094984475035619909e-01
-7.819051526293603338e+00
-4.046164923726472296e+00
-6.897422905270764737e+00
-1.043743867912794387e+00
6.587017326139822382e-01
2.439601081290845297e+00
5.172413746285156932e+00
2.076560458913667517e+01
2.996774766764744413e+00
3.106186385856287480e+00
-1.225987789158313745e+01
6.375587725941650241e+00
-6.450608024027586929e+00
3.387222204075018173e+00
2.342288159275296433e+00
6.738428432391670775e+00
-5.211632823308501195e+00
3.823271318555550469e+00
-1.438835228946798273e+00
-3.237152446338436462e+00
9.373268486801208610e+00
-1.917002874062297080e+00
-5.780147447024174490e+00
-5.017409103781295343e+00
-1.964417810858266833e+00
-6.365947488829981182e+00
-4.606342781995210522e+00
-3.140866850495886708e-02
-9.852978038759135915e-01
-7.077823271365757396e-01
5.058891310706454369e+00
6.727627744543090316e+00
3.187948758223119849e+00
-2.063874294116237795e+00
-9.977424099994069095e+00
-8.245142119681316828e+00
-2.549135760009795693e+00
-9.584804301406418148e+00
-5.063792375195256490e+00
-3.317242892004649057e+00
-2.670038256384231534e+00
4.755945333567299649e+00
8.619588748310782478e+00
-1.994880684322016817e+00
1.166190449668119555e+01
-3.148929763717097097e-01
3.283518999148555828e+00
1.410285225142222565e+01
-1.040596473410058387e+01
-1.170786959445020425e+00
7.375018338107073745e+00
-4.625669344830738439e+00
-1.126676116071364531e+00
-9.543808646737160117e+00
2.243515328059508818e+00
-8.791344572615129138e+00
-4.737993262112555115e+00
-1.725484360928219441e-01
-1.344801863792745911e+00
-1.507090122255028697e-01
6.578253445764111085e+00
3.030484793004339927e+00
7.633297418670009549e+00
3.079191213161897034e-02
-1.313861629626780436e+00
-1.580279365155152771e+00
-9.406441397122648596e+00
-2.253440206944945601e+01
1.633366481077883403e+00
-6.065029371042481188e+00
8.903065051069021241e-01
-1.624656536267235385e+00
-8.760648404957310120e+00
8.284965146133703939e+00
6.957908890947781977e+00
2.690751106065278719e+01
-1.410979475432356445e+01
-2.748894718105321999e+01
1.827069278007679642e+01
-1.426148156591258775e+01
9.519132647779885659e+00
-2.959454414676656153e+00
-1.112199116922094255e+01
-5.688889236442644659e+00
-2.849301233485221463e+00
-6.767940136987975919e+00
-1.241804690489942686e+01
-1.333639060768204432e-01
-5.191374696178305825e-01
-1.249809447392538631e-01
-2.422140916453814796e+00
6.514897645518663571e-01
-1.245312705946733933e+00
-1.294045085874492784e+01
3.137904401837816604e+00
8.337729134778475881e+00
7.934845694042358843e+00
4.111326903407873345e+01
6.955080470164651807e-01
-4.140681379665008421e+01
-5.855233693786507487e+00
-1.685997540951968787e+01
6.129964911752085044e+01
-5.421737502558254107e+01
1.280771679869481829e+02
7.177880599423401975e+01
-7.330087397140127337e+01
1.142931234569981491e+01
-2.171168135486412631e-01
-4.643280268757887086e+01
3.710337235267534339e+01
2.801411677317885562e+01
7.070880551485228693e+01
-1.154478602256555853e+00
2.643666211200790173e+01
6.396403436624581929e+01
1.593260047571917681e+01
2.723808388326890983e-01
7.372570881568090151e-01
-1.173415474566177341e+00
4.235143723932853099e+00
1.640580677016573219e+01
7.785974177789566353e-01
-4.788983972121716448e+00
-6.299803436012274460e+01
-4.228628428985602739e+01
-2.117011212250289631e+01
-4.436395372203692489e+01
-3.106209917958678091e+01
-1.865443832605110330e+01
-1.639189005943254358e+02
1.241082928655760327e+02
3.628280648434044409e+00
3.557341691518779925e+01
-4.763833260772441847e+00
2.528958814017454770e+01
-2.025376982853626373e+01
-4.647653711409978960e+00
-1.188423308709899118e+01
6.985797691907604801e+00
-2.918355826212600235e+01
3.742706218509278671e+01
-5.568322952335582166e+00
8.140352139347756122e+01
-4.259109076565316343e+01
3.976479807418149193e+01
7.204527351346122543e+01
-1.680458313836561968e-01
-3.217450346867591904e-01
1.292381827360532309e+00
-3.398786998638533507e+00
-1.239249589057928524e+01
1.783446843309167695e+00
-1.215467561700633192e+00
4.533601385631797598e+01
4.348964626716232829e+01
4.692445014247754287e+00
1.419654890059781138e+01
1.363723996472779199e+01
-1.607090683757161642e+01
1.126933644380117414e+02
-1.400495237015000214e+02
1.806753864191829351e+01
-4.675489612142879281e+01
1.999630254864209178e+01
1.044555895102013352e+02
-6.276795013652276367e+01
4.498919136586506795e+01
-1.073582666822578204e+02
-3.264410509807022009e+01
1.807928033008550699e+02
2.799333299463066638e+01
1.104653547860356895e+02
1.376715007218145956e+02
-5.877430229807631967e+00
-2.712849067240646050e+01
8.199185473356244813e+01
-1.052914859250052813e-02
3.976518804565414844e-01
5.207822488066976563e-01
5.261932304626527390e+00
1.064466183706183067e+00
9.933358977968685721e+00
8.292955040884407936e+00
-1.255543420780608876e+01
-5.099693891402956147e+00
-5.163049036300971295e+01
-9.917377500374981025e+01
-3.716288113082502509e+00
8.741265408795053204e+00
-5.808172628863767528e+01
2.063180367188161668e+01
-2.258947266786955481e+02
1.398988394590933240e+02
-1.230453852190165804e+02
1.330681292368790594e+02
-2.039761920143445906e+01
-3.632431764989684098e+01
-9.534067334413019523e+01
-9.083843088474506544e+01
2.159216638812567908e+02
4.968119705908158323e+01
1.023495842432506748e+02
-6.557290514506073009e+01
2.008302200663594022e+02
-1.611959320813063457e+01
-1.838688884572950712e+02
2.762073269749898419e-02
5.306069488666588230e-01
1.027381999627157594e+00
2.147051331122846207e+01
4.013567257108066499e+00
2.710077138810062891e+01
3.477435973036046590e+01
-1.851209809867832590e+01
-7.548800338803503429e+00
-1.037938036210576485e+02
-3.022118054739505055e+02
-2.218300533532490704e+01
4.862899111693142373e+01
1.693818566404540960e+01
-7.382164279159587750e+01
-4.392119942411892453e+02
3.465954504175662692e+02
-5.193942626975622261e+02
7.524815408282395701e+00
-8.515988035478876839e+01
1.085576667987661068e+02
-4.422888580178974394e+02
-3.594558563063844758e+01
6.658475629266421265e+02
2.309640659237791169e+02
1.791139474949085297e+01
1.248062867988029367e+01
-1.140102794677694220e+02
1.558615285539499666e+02
2.189140339939619082e+02
-7.665280140946986731e-02
-8.188551806040876915e-03
7.576253716320794362e-01
4.561512649212911441e+00
1.297906428610464680e-01
2.850680483354173234e-01
8.028441709240723867e+00
2.478628175230473296e+00
8.080967438516088563e+00
-2.399757059439045381e+00
-4.268017191155870904e+01
-6.567158066235879232e+01
2.033592970501833719e+01
2.961033834810156051e+01
-1.877560817633047918e+01
9.510179071292047581e+01
-5.988474819957627204e+01
-1.650581176818916163e+02
-1.786379127086114806e+02
1.696327899940659449e+02
3.425917669346162597e+02
-1.848014334916804557e+02
-3.052229124651909586e+01
2.067524773543798631e+02
8.719908095200418074e+01
7.099824680221679785e+01
8.175101534547847848e+01
-1.004661433514883981e+02
5.009744836580976823e+01
-8.269907330065073836e+01
-2.891010178668882227e-02
-1.749019412227754977e-01
-1.410417933103874089e-01
-2.093830698595878559e+00
-2.584976100942845356e+00
-5.546026121759878968e+00
3.403801950283997968e+01
-2.090637176926580132e+00
-2.284578376416536827e+01
2.673369635652490750e+00
-7.825360354830765175e+01
1.668411299938499903e+00
3.511526781527638263e+02
-4.749038374643105698e+01
1.901932697416597478e+02
-5.398760179246706912e+02
6.423568976894790694e+02
-8.855860137711082416e+02
-4.024425012875176435e+02
4.757900598986543628e+02
1.754548953157259348e+02
-2.686786909659381877e+02
4.111861310709836204e+01
2.708297166658999799e+02
-1.574245647566523076e+03
4.096674872984264937e+01
-9.356841261199175506e+02
1.277296992980456935e+03
-4.168746788199959497e+02
-2.104131905275428835e+03
-1.537560435865885922e-01
-2.925388944051752205e-01
9.494678923153913042e-01
-8.839357974028571263e+00
7.818095223351341438e+00
-4.531410163168149374e+00
-2.217048097569150400e+01
-1.490110125405115582e+02
-8.104137584584762521e+01
-8.492789449954307202e+01
-8.150581417692202990e+01
-1.519259171094472549e+02
-4.994470043382990099e+01
-1.350619794870121495e+03
9.200847162041177398e+02
-3.470859206812892239e+02
4.276840693972444569e+02
-1.000414159356297432e+03
2.685978159872369702e+02
2.026563445612321246e+01
-2.811780899735549610e+02
-9.984973561980114098e+00
-4.061730668883977842e+02
-7.696881303752431904e+02
5.236499907343320501e+02
4.623325677602259020e+03
1.766376151830646450e+03
3.035557483661430069e+03
9.220993110767749386e+02
-2.865741565435519533e+03
-9.718832571175470281e-02
-1.233461513839821944e-01
8.078280201855830844e-01
-4.218750707008279477e+00
7.520614649695612997e+00
-8.111042480452400838e+00
-4.697294365070519895e+00
-1.101523977045040539e+02
-8.972168375221752967e+01
-1.688802687913239708e+01
5.596485306007476623e+00
-1.267801994554776144e+02
7.171848082206355457e+01
-9.631523868690055679e+02
1.045610506796225536e+03
5.496131108130648357e+01
2.126184413942276592e+02
-3.779453102151449002e+02
-3.697023356165630616e+02
3.929188423845720877e+02
-3.090435621143938647e+02
7.961646797825546855e+02
-2.702315435353926318e+02
-1.608513055600802545e+03
-3.476817376635369214e+02
2.857596184729425204e+03
1.240815022387524778e+03
3.401973340981531237e+03
9.012237296877543713e+02
-2.581314676576990223e+03
1.128631320113784517e-02
-1.540671788520094898e-01
-4.018264439448176462e-01
-6.521842583582079911e+00
-7.509275080846602890e+00
7.020645466683720137e+00
5.192609232017375831e+01
-3.555906445341175726e+01
-6.730833460558945092e+01
-2.125707476983420747e+02
-4.014552907476067389e+02
1.408524215727832143e+02
4.697954532146695215e+02
-5.416125950840213363e+02
3.450541719657914541e+02
-3.375886515712105393e+03
2.452256555216981724e+03
-2.329765776324966282e+03
3.527083798539602526e+02
-2.080133849734924922e+02
-8.170675290087946223e+02
-1.509151706271680268e+03
-3.366406434115674529e+02
1.582623239174409491e+03
-1.494952027375645230e+03
2.483545433290647907e+03
-5.234726349833844324e+03
6.521336304573756024e+03
7.084859493840451705e+02
-5.288074339856055303e+03
-1.420264772860787813e-03
1.411418259948329229e-02
9.794273753942077387e-02
2.582583140656841802e+00
2.571158930712813095e+00
-5.811730822241410799e+00
-5.019890763178820947e+01
4.928455288163979020e+01
6.930918252631219900e+01
1.383005773425764744e+02
3.486794356319816757e+02
-6.855536294330136116e+01
-5.018260270505949165e+02
5.389822689340844590e+02
-4.513797167869981877e+02
2.384662952199843403e+03
-2.226095376536178719e+03
2.333406220177903378e+03
2.231481596147002904e+02
-9.528649590824365134e+01
4.583034418647987422e+02
1.070543006175553273e+03
1.608770652182823540e+02
-9.751554951276475549e+02
2.204458561239647679e+03
-2.507043214095409439e+03
3.650447119997313621e+03
-5.082479547922871461e+03
-2.631463791940702208e+02
6.097993387435180011e+03
5.286962151963451456e-02
-6.470513185935254652e-02
-6.800234678621203122e-01
-5.090643860615863270e-01
-1.278817462072754374e+01
1.589036549550458144e+00
9.816006983217098991e+01
-4.157563750001261837e+01
-6.745136351077199777e+01
-1.222995623441201900e+02
-5.191791963198667190e+02
-3.301196536346242549e-01
7.389743210687137207e+02
-5.968725478903492103e+02
2.661846889583335383e+02
-2.609179061469694261e+03
2.435906203953210934e+03
-4.472560638680367447e+03
-7.094327903769340082e+02
4.881404259741664760e+02
2.157596512566351805e+02
-1.683097751695903980e+03
-3.267941148524417940e+02
2.084371284540927263e+03
-1.794974084562501730e+03
3.413494668856590124e+03
-3.268712853924484534e+03
3.600545175704569374e+03
-7.062729357645955588e+02
-7.189449940307483303e+03
-1.035435772685874486e-02
-2.062107429161989108e-02
1.127586490097421124e-01
9.056228089139931825e+00
-2.014170134579722937e+00
-2.694961432296999249e+01
7.748540442592853594e+01
1.824040489269299670e+01
-6.198297162971624630e+01
1.334467219473809507e+02
-7.785348323272430093e+01
-2.039941636857397782e+02
5.092720806589159679e+02
2.930991061443803574e+02
3.741310035634153905e+02
4.700077178220741985e+02
2.653168574283149610e+02
-1.517311524075332272e+03
-3.325485663116844535e+03
1.919199512732064477e+03
1.955035289616734644e+03
-6.554071594855204808e+01
7.082643870684926242e+02
-4.845790635840028244e+02
-1.104400175816973842e+03
-1.881400430823123543e+03
-1.849795481631859730e+03
-1.440920749473723845e+03
2.009854473934346686e+02
-3.108272281588255737e+03
-8.284527821545789594e-03
-2.180205166964197319e-02
-1.604443345559353543e-02
-7.985970159339139229e+00
1.955742108180509753e+00
1.661054023994100604e+01
-6.429698445789006200e+01
-1.189086343688761360e+01
4.935107240145075025e+01
-9.110306976289355418e+01
-9.223474342927760006e+01
1.642210881935828581e+02
-4.910290061245496531e+02
-2.300661912672396880e+01
-5.054890700864885957e+02
-6.005091648187020610e+02
3.300899348461220484e+02
9.984516751722137542e+02
1.757821126163275267e+03
-2.818958190954398106e+03
-1.021115683487839647e+03
-1.130946499065765465e+03
-1.417661227066616902e+02
1.856146327618020450e+03
2.348255368850271225e+03
1.509135759464316777e+02
1.039590122276280681e+03
-1.588919346060029511e+03
2.968664700819189875e+03
6.974960818545071561e+03
3.811712630198031693e-02
6.350484461682680271e-02
-2.826873247695244618e-01
-1.864575946213086755e-01
-8.747801164721025202e+00
2.461692992638971589e+01
-2.906601038681819560e+01
-3.107145889029278862e+01
-6.412624371980643900e+01
-1.834803388450799488e+01
2.342634901573323418e+02
3.552579793963483894e+02
-3.790683088333923934e+02
-6.551826753259406360e+02
7.042346505991821459e+02
-1.022641552241191647e+02
-1.113486291186030428e+02
1.890945906221934138e+03
1.762143743759952031e+03
-1.454424427317567051e+03
-4.651728742314351621e+03
3.535859395178094928e+03
2.266890803982012130e+02
-5.303451991387113594e+03
2.958281964919316920e+01
1.801019215206543549e+03
1.313690265944334442e+03
3.607582652636155672e+03
-1.502695929092074493e+03
2.328853955086724000e+03
-2.565642089419528996e-02
-3.806234129326450943e-02
2.052175408708190318e-01
-6.304000481075027196e-01
7.171480130318655277e+00
-1.254275685383916716e+01
6.264807615181897660e+00
2.844420966520532446e+01
1.372967689177590955e+02
-1.365726552944161369e+02
-4.983342679051700657e+02
-2.062504548843859880e+02
2.269393283775562224e+02
2.642514474159274869e+02
-1.222905031441536494e+03
-2.103936877383409865e+03
1.576995135671614435e+03
-2.734598907053185485e+03
4.594901525677844347e+02
-5.942507473629850665e+02
3.595459965621334504e+03
-7.111776781623171701e+03
-5.105524747528297524e+01
7.401373815823479163e+03
-1.189343639711344309e+02
4.449835302497876910e+03
-1.414206089114725955e+03
2.859870665481131255e+03
3.396278489493399320e+03
-3.591407377016109422e+03
1.125584201215634045e-02
2.963602866193458529e-02
-6.336056800989670057e-02
-4.247804502117628722e+00
1.730474805441609476e+00
1.562876585747700808e+01
-3.651109015531308444e+01
6.783356401005920411e+00
2.215529696142386840e+01
-8.315323568713533575e+01
1.592231082593537117e+01
2.464659350827254869e+01
-3.353084860091294672e+01
-9.887141265135873880e+01
7.532072420312057659e+01
-4.559531332350844082e+02
2.955448991607097469e+02
-2.898588153941552292e+01
1.196922538474334715e+03
-1.949787928654889697e+02
-2.545212932166853363e+02
4.267835825991542151e+02
-2.263189883341899986e+03
1.492763105353754554e+03
-1.866565638540904274e+03
1.854339572197206962e+03
-9.854969264652667107e+02
4.351128445251481025e+03
4.978645895006891919e+02
-5.140992741444145395e+03
1.926162308691576827e-02
3.925236877524095058e-02
-8.625752610089683359e-02
8.941520236979673797e+00
-7.987766525865475309e+00
-9.611186187509215273e+00
7.097463846525612574e+00
-6.331569689476435059e+01
-1.588282404336215450e+02
2.269590623888704783e+02
6.284158689813704086e+02
7.881934083616634723e+01
-2.944900717671624761e+02
-1.443071342374084679e+03
2.196362285607072408e+03
2.588314242693993037e+03
-1.756321385331488045e+03
1.920559426058578310e+03
-8.400807842718871825e+02
1.382295545399276989e+03
-4.891375978682602181e+03
7.313990136854567936e+03
1.050375351294263055e+03
-1.321309525535021567e+04
2.642570821225443183e+02
7.878063520209061608e+03
7.012996972930137417e+03
7.375632472468278138e+03
-4.196830861421257396e+03
-4.406515643539775738e+03
-2.954393058634601117e-03
2.572452948110738255e-02
9.389807263205336707e-02
1.122909328257308409e-01
2.417033753129796292e+00
-3.042166695151728995e-01
1.466353030268837010e+01
2.111438392977321854e+01
-1.700762695369936495e+01
1.191984837099136172e+02
1.065056331866204005e+02
1.154553240285079312e+02
1.155521667094921895e+03
9.122129440343746865e+01
9.115432563619606299e+02
-1.209040174569799092e+03
2.957794354654122344e+03
-1.372237651636155761e+03
-1.054082412860043632e+03
2.000948138673210451e+03
-4.302966891653790640e+02
4.430536566485164940e+02
-7.812922897302764795e+02
-6.005254573716058530e+02
-1.801279200408323959e+04
7.649123796017453287e+02
-9.162998238332598703e+03
1.734423540217844857e+04
-3.444319269154324843e+02
-2.337339912888593608e+04
-4.104334217026585352e-02
-6.044286215744734680e-02
2.879201734199678953e-01
-5.236464753857720922e+00
6.040045040637346041e+00
5.004845779559683017e+00
8.722952879994770115e+01
-2.765160453789704764e+00
-1.312892490318356806e+02
1.540686730281803989e+02
1.624128276984454544e+02
4.748864435981001861e+02
7.238488578286232951e+02
3.614260640523177244e+03
-1.490583144325207513e+03
1.446167861101962899e+03
-1.210367055405816927e+03
7.428507197743880170e+03
-2.283875605790943155e+03
4.152161050291818469e+02
-2.149214602020301257e+01
3.624129669343486057e+03
4.421198669442826031e+03
2.808272518095484884e+03
-6.213647154934463288e+03
-5.521301104712427332e+04
-1.468865070489336358e+04
-3.634164049895113567e+04
-5.455937498391507688e+03
4.214532328007326578e+04
-2.622317169532909290e-02
7.612796984511172038e-03
2.826840861945852934e-01
-3.588796875899695316e+00
8.857468509184025507e+00
1.949521048075595564e+00
2.743570346481992317e+01
8.221710894199591735e+01
-1.108741204051300571e+02
-5.647086737914949595e+01
7.335306383636398664e+01
2.532038407001915914e+02
1.561418164775693185e+03
7.019438501257525331e+02
1.741688426492176859e+03
-6.417245470248801212e+03
5.822854935517981176e+03
-2.260566281351713769e+03
-3.467717798665839837e+03
3.747458831355484563e+03
-1.286545034285190241e+03
1.825938056089553356e+03
-1.697750872646622156e+03
-5.457248969348100900e+02
-1.988088720106618712e+04
-5.261655158699450112e+03
-4.332715908745249180e+04
3.695736425241368124e+04
-1.676828484648806580e+03
-4.312285077896709845e+04
-1.785505083517756678e-02
-4.268435944349549538e-02
1.015617818491974383e-01
-3.165893244227453440e+00
2.175711061592144890e+00
1.914711734357477768e+00
4.906753885490439160e+01
-2.418256019668120516e+01
-1.223537130522991134e+01
9.759142263243975890e+01
-4.071167139657851664e+01
1.247806792609057567e+02
-7.603709038744869986e+02
3.092285871649676210e+03
-3.613623435338826312e+03
6.188613397279761557e+03
-5.733842295056727380e+03
6.874482616983101252e+03
-7.375509819366916417e+02
-1.882690832372461045e+03
3.336678961540478213e+03
1.162444600467935288e+03
5.113348425348605815e+03
6.178862370877412104e+03
1.486925017105804000e+04
-4.771368361203602399e+04
1.327747523962193191e+04
-7.855781833079221542e+04
-9.789297232746228474e+03
6.716209190476909862e+04
-1.787939523521700144e-02
-5.743866757866183254e-03
1.635600481074598322e-01
-3.292257686379412185e+00
6.211212788171868837e+00
2.826997398508605208e+00
5.641688651551131528e+01
4.224877422762360624e+01
-2.092091892236180417e+00
-6.639426901588676344e+01
1.124997844621369865e+02
1.273306958185326181e+02
5.443359861479553956e+02
-2.236678749215999176e+02
7.637481330707654479e+02
7.995365882779790923e+01
-7.820520191593725485e+02
4.494596929133717822e+02
1.317528979557082721e+03
3.312022139331853396e+03
-4.662114681858144650e+03
6.236079367583918611e+03
2.256913052909651185e+02
-1.003077926550831944e+04
-2.188733857584815269e+03
1.555805934630891898e+03
2.217772878326740283e+03
1.137531489446045271e+03
-2.868638115215106154e+04
-6.162932546357042156e+03
-5.609736624427635182e-03
1.372760229397779891e-02
8.383300164809014132e-02
-2.968278382565412432e+00
4.216885064487034818e+00
7.314068442320357910e+00
9.228485316553250328e+00
7.050886028383958148e+01
-8.501223613220868458e+01
-6.418128303621936936e+01
1.633622859349225678e+02
-1.237618469999449786e+02
2.656275116234045072e+03
-2.533081862448404081e+03
4.032478529261144104e+03
-7.052852901284920335e+03
9.070458907890821138e+03
-1.351331932240174501e+04
-3.703731967954766333e+03
1.089546883096836245e+04
2.075870078023967835e+03
-2.964525813776892846e+02
-8.732544727395528753e+03
-1.712457294028158458e+03
-3.564480522893680609e+04
4.992475375655316748e+04
-3.462662664409645367e+04
7.973674624113173923e+04
-1.144770653257445156e+04
-1.435251219977627916e+05
-5.868206358121206279e-01
-6.563989701463638360e-01
-2.694405391272459704e-01
-2.846865215600622445e-01
-3.275195568691624537e-01
2.153604259799320741e-01
-2.351741776583060051e-01
-3.205672008534203865e-01
1.646960301650542691e-01
8.827735496077469823e-02
-5.174325994603425766e-02
-2.818497931793062863e-02
9.591985081914747302e-02
1.009711096423061977e-01
7.094661340442894037e-02
-9.784620135021822665e-04
-3.087791490177808906e-02
-7.789383061803453398e-03
3.502627589821765992e-03
-3.868513638594657522e-02
-2.526777251156390666e-02
-2.704321826684492891e-02
7.973249065917323644e-03
-1.527726071960795566e-02
1.973260509947791577e-02
6.740590813866537828e-03
-1.645022686505798540e-02
-9.130789063325621055e-03
1.270015443598955518e-02
-1.270924032072090828e-02
-6.107887538505231140e-01
-9.737449851338497719e-01
-4.801179348014412707e-01
4.426808859004204844e-01
-3.050174796049051062e-01
-5.021536401011892359e-01
1.478090796845392685e+00
7.859862852474174266e-01
-1.289453074480557015e+00
-4.041827376980410835e-01
4.208092994572390499e-01
-5.946474128028299555e-01
-5.146923918059923553e-01
-2.315797469768265671e-01
-4.465083180102775717e-01
-1.679138857652734684e-01
2.788202079627185026e-01
1.617910093801820937e-01
2.751562761444574165e-02
2.411748296072770970e-01
9.275614192131208247e-02
1.686038333781219034e-01
-4.526204565564542065e-03
4.399860298323855778e-02
-9.720591621467752907e-02
2.279842065847466348e-02
1.350725000797735886e-01
1.828666360690083675e-02
-9.130247853605530373e-02
7.095566950856008193e-02
-3.480720083552623079e-01
-6.932718176257683940e-01
-8.999412984825506667e-01
-2.657623086685879099e-01
1.682320571291239242e+00
-1.493087190237093909e+00
-2.046842408273101821e-01
7.042830355080429428e-01
5.638838252714993837e-01
-1.517830064307889026e-01
-5.365862286625673327e-01
1.028105083545812093e+00
1.859793465629974371e-02
-2.875049764946765452e-01
1.162185624160247815e-01
2.905842420028471595e-01
-2.283567147485620341e-01
-1.594857319830900455e-01
-2.695892849582573816e-02
-6.135919821183018902e-02
4.175926653817761680e-02
-4.439910907546081725e-02
-1.757769952886054088e-02
3.441256442739857452e-02
1.204457233615447050e-02
-7.670205443462793649e-02
-1.106473567455535517e-01
4.685289316629302758e-02
7.852142720755968253e-02
-2.572327450799931012e-02
-2.206949243496628965e-01
1.697066295159559424e-01
-3.185418184524408391e-01
-3.024613069005161581e+00
1.907002816325872985e+00
6.700832495759001528e-01
-8.152546322393535050e+00
-2.486050966600608536e+00
4.913271145227848358e+00
-3.307517563212758027e+00
9.803255416057025107e-01
2.205354084679354898e+00
-8.046754977367827522e+00
-3.590176246985777642e+00
-6.971824422299109258e+00
-4.414566780570466697e+00
1.054243263752446680e+01
6.059903597547399379e+00
-6.776904302753965048e+00
1.222336063473948897e+01
3.624998076552337523e+00
8.709290599435053792e+00
-1.050297783666782969e+01
2.785591487896271978e+00
-5.136288900105547839e+00
2.799602002439488313e+00
1.065696232385677256e+01
-3.979987628338086392e-01
-1.054893529474969682e+01
4.913546820382858726e+00
3.903079964448744610e-01
-5.937298874474057631e-02
-1.708176440361853343e+00
-8.107383315239466981e-01
1.069136627654615701e+01
-8.408817540152615067e+00
-4.755090034996674930e+00
-2.893124993481361429e+00
4.812439052646823257e+00
8.640826231670439839e-01
2.714933765048112679e+00
-2.357758295487785105e+01
6.319115627804475110e+00
8.648331015089425478e+00
2.708845394312854538e+00
-1.106665265608487125e+01
2.155411259426192494e+00
6.529234577881738666e+00
7.399144770159609585e+00
7.000650729142325446e+00
8.628201908333839043e-01
4.621807092179091470e+00
6.294855443529473682e+00
-8.829261786867164119e-01
4.184057246079597725e+00
2.995084939202110164e+00
1.189454754831153344e-01
-3.156244098105577933e+00
2.953438753860864185e+00
-2.028495421972101309e-02
-2.044360591855466924e-01
5.621996715299595326e-01
1.480865471351865859e+00
-8.632492679614804931e-01
-8.074785710105052416e+00
9.254304885785691326e+00
1.990829254007185467e+00
1.023243711954632262e+00
-1.657860453906560672e+00
-8.590097142460979995e+00
-4.334780363309017837e+00
2.615579088088717441e+01
1.255664039562794709e+00
-6.960927464347699711e+00
-1.765147303064353634e+00
-1.007032044638195067e+01
-8.066877592962736543e+00
6.082415509798647868e+00
1.881810595417640641e+01
2.892025513270645121e+01
1.617357679249567681e+01
1.682946537197777559e+01
1.569293674937784644e+01
5.452780326283888535e+00
1.103689866821543575e+01
2.065168023662701469e+00
-6.363292377670892286e+00
-2.868720828896445862e+00
1.569321149289205231e+01
5.554721372852269301e-01
-1.970057438066215305e-01
1.087506466980840303e+00
-2.647508642459311390e-01
-1.118870842408609612e+01
9.605529172861080767e+00
-1.829825881421573319e+00
-5.124131315678186382e+01
-1.944654260659098099e+01
2.662593058109841593e+01
-1.418121551727475094e+01
1.991648967397145142e+01
-2.790916856900392773e+01
-1.430577920121147315e+02
-4.351395162967283881e+01
-9.189568661343000144e+01
-2.623987328727830004e+01
5.698336981881541163e+01
1.722954239071058780e+01
-7.349442765998543337e+01
-3.324769245858252020e+01
3.024188097125036112e+00
-4.647942313905843115e+00
1.290254951879050482e+00
-2.005948919355390103e+01
4.291341426568212825e+01
-2.764391653164958740e+01
-6.494330969980579482e+01
2.033450317401543472e+01
9.376137966352378328e+01
-1.873997988495298017e+01
-2.863028765205926085e-01
8.971528162220564484e-01
4.290522916940970322e-01
-4.975532354818036573e+00
8.157899391214616713e+00
-2.463168665571979776e+00
-2.775510074696538965e+01
-2.848424181204622485e+01
2.479701315572015119e+01
1.312693265976126344e+00
1.221344670326255510e+01
-6.686468689393979048e+01
-5.837097969814440290e+01
-6.914786187471254664e+01
-7.644077623726884951e+01
5.179487861514410696e+01
-7.512302133371130708e+01
-1.092637913150921207e+02
8.980157929969344366e+01
2.620717248114713982e+01
-6.825257259681080768e+00
1.848633333385669175e+01
6.825588818312238004e+01
1.403084373035763655e+01
-6.310854006922605208e+01
-2.923408437859908915e+01
-3.034375945196576652e+01
4.572637176518546909e+01
-4.713188044177278435e+00
3.883933832161694255e+01
-1.626230131693442715e-01
1.091628262832660345e+00
-4.477161129657702965e-01
-7.873692224943791729e+00
7.415949221249526602e+00
1.115979597701147519e+00
-3.283925007102905624e+01
-2.174035693449272699e+01
3.299120890255827021e+01
-7.592473185626658072e+00
3.730029398149664832e+00
-5.616633856703550087e+00
-7.569748427017646009e+01
-6.443072405294368821e+01
-1.176244420653240752e+02
1.604299233970598593e+01
5.080677375083243241e+00
-2.990398594134446242e+01
1.258882513070745119e+02
-6.995044449598535330e+00
-1.123765668249055771e+01
-1.086619127081770415e+02
1.704787773943408808e+02
-6.152868293308468139e+01
-1.087523665272962603e+02
-1.990590865035106560e+01
1.400973958797748651e+02
-2.065077996147990902e+01
-7.396037002366253432e+01
-7.849861468299245360e+01
7.858402552269402874e-02
-3.727174507781857438e-01
-6.621336413045204872e-02
-1.715492689572051532e-01
-1.374704021999194614e+00
8.121862894141283817e+00
8.273617710244018042e+00
6.947058510828559186e+00
-8.595890937873983617e+00
-6.639022598855513024e+01
-5.171785883399710571e+00
4.498626960380406814e+01
4.377269002677156351e+01
1.690327651717947433e+01
8.598111955793740435e+00
-2.694486381245853295e+02
-5.226100432094462889e+01
1.558721490689455607e+02
1.517623093501406686e+02
3.215834082765721860e+02
9.148426086279918934e+01
3.351172909972163438e+01
4.443900806221426336e+01
2.156422008947563196e+00
1.782048605825976750e+01
-1.462659316902463935e+01
-1.096923328579785846e+02
1.722159646520430272e+02
-1.190419298690074612e+01
-4.548402554583673663e+01
-5.034543874540130248e-02
3.123371384983041898e-01
-5.428578862181248077e-01
-1.100139531609878540e+00
-2.317091707307174620e+00
4.592442370057944423e+00
4.699577985652271472e+00
7.436654495681565891e+00
1.631042588472124688e+00
-1.410991540861437632e-01
-2.700985281663774629e+01
6.313533562150662704e+01
3.840385667263225855e+01
3.037853082569333196e+01
2.148642519560463882e+01
-9.280661136202063233e+01
5.778621256138482920e+01
7.392952753940450350e+01
3.957365999125652678e+01
-9.550686615136929447e+01
4.191799009366786777e+01
-8.555093301204128409e+01
1.843077125971913688e+02
-3.693849932325226515e+00
-1.267115062189176200e+02
-2.902264737320752985e+01
-2.711923831696802267e+01
1.840521534564239516e+02
2.174738349489275890e+02
9.351153768575541392e+01
-1.800934145450796501e-03
-6.278837518719057043e-01
1.118819916919236990e+00
8.235620495049504441e+00
2.135383809449867698e+01
-2.975600256267137667e+01
-8.870729218811596040e-01
-4.254500633274201249e+01
-2.770541024204135727e+00
5.981340967143777476e+01
5.774957835217440305e+01
-3.455870140359766083e+02
3.566462188980683834e+01
-3.682169092160425095e+01
7.822337809987975277e+01
4.098926380500706159e+02
-3.350392844289042955e+02
-5.280309191130535282e+02
-1.073648508379747391e+01
1.924113841030105903e+02
1.905684049836285965e+02
5.301816948567067129e+02
-7.038467846862529314e+02
3.063552674001530249e+02
1.589520284164315456e+02
-2.097983030617433826e+02
-1.438608241701323642e+01
1.054155691807216044e+02
2.621654360779645003e+02
-6.366371913999148546e+01
-1.401935358533109299e-01
8.061111844239556845e-01
-3.245042882485464353e-01
1.039810702261488551e+01
1.557021679611846121e+00
-1.126331823574610258e+00
1.277921357610561728e+02
3.492207180676977885e+01
-4.346725017814962655e+01
7.976246352286027275e+01
-1.114343339888395263e+02
7.406994241466192364e+01
1.080734106831739382e+03
3.939830743575263909e+02
6.119442275895265766e+02
-3.655094752026957394e+01
3.641866346623739332e+02
3.030183988136878384e+02
3.736079012340637746e+02
3.731649874439002588e+02
1.936077982510766162e+02
1.135011546129527602e+02
-4.805579899270442183e+02
6.895207087667142787e+02
-3.992242887845782661e+03
-8.378625030548344057e+02
2.004771866729177191e+03
2.101347684688105346e+03
7.040853372702248407e+02
1.188335758599266228e+03
1.168142469553714036e-01
-4.600609550684843785e-01
-6.708946914552819940e-02
-5.196035984250118922e+00
-4.237297577242133073e+00
7.873917701974613159e+00
-5.899212547024885822e+01
-5.978652978380243610e+01
4.831397573924249400e+01
-3.590259258874677784e+01
4.694058534401135319e+01
-1.363356362400062665e+02
-4.914035961490423574e+02
-6.400855665041990505e+02
-5.630947144316621689e+02
6.154893749730518948e+02
-8.129920034440287964e+02
-1.252436993137079298e+03
4.913517945891351815e+02
3.493324124474861492e+02
-8.792807735991900131e+01
4.131614581608159824e+02
-1.962055061311144755e+01
-2.237774688638870373e+02
1.505530435877521086e+03
2.188980935451084861e+03
-2.632507399689266094e+02
-2.677561760349696215e+03
-2.866530344095283453e+03
-1.436784153173486402e+03
-1.054517663691020568e-01
6.636341513926352631e-01
-3.069287701971336046e-01
8.315727890183671533e+00
-8.459580981103790309e-01
-7.384543817924098974e+00
8.868750119567506829e+01
4.971344247135061067e+01
-6.846126799273963570e+01
9.971974873458808020e+01
-5.487540532949775951e+01
9.796852881459074069e+00
7.136695749752166194e+02
5.062994657125482263e+02
8.954283541378130167e+02
1.036098951822922061e+02
1.834599800082746981e+02
2.482860325762577531e+02
-5.612698169488701296e+02
5.420995264252908186e+01
2.283150830164473746e+02
7.795626399265602231e+02
-1.254557151713888288e+03
9.538357049752107741e+02
-2.016398717694238940e+03
-1.544377839503704536e+03
1.292593567739400896e+03
3.258245380769704752e+03
1.770921989774604754e+03
1.399208923960964512e+03
1.286668194479318426e-02
-2.079693932481153362e-01
3.207610733747661147e-01
-2.784159313998152641e+00
1.007530467655821838e+01
7.098815293287310979e+00
1.278769611580273846e+01
6.470117824622865044e+01
-5.895014691394648310e+01
-2.788993323404882858e+02
-7.840490500037257959e+01
3.798903141918122515e+02
3.013502153482506287e+02
6.853905678590627986e+02
3.130337164481666719e+02
-3.428569225673183155e+03
1.030374723639473586e+03
3.030307508650001637e+03
-4.000493244600480836e+01
7.273717660385004820e+02
1.118063194474143671e+02
-1.641278314915720102e+03
1.567934768470378231e+03
-2.591470119082947008e+02
-1.482172985324184538e+03
-2.626448349736953332e+03
-5.012575908054509455e+03
7.124093684050686534e+03
3.853412520742872402e+03
2.920347968680825034e+03
-5.751575091259390760e-02
4.261215959198092484e-01
-3.556485632072614589e-01
9.409081858473056670e+00
-5.311212207557796106e+00
1.146948988830165828e+00
1.540382582193904248e+01
-6.921351768022772433e+01
2.847558905826810616e+01
6.197653859988735547e+01
3.478324506265883187e+00
-3.022606892898201636e+02
-9.576058576881690954e+01
-5.657531655348457207e+02
-6.676067259402499587e+01
1.265988715711368741e+03
-1.955086005626572160e+03
-2.300463244886762368e+03
7.265424381925139414e+02
4.816094200961667298e+02
2.026498685175279775e+02
9.944198669474242251e+02
-1.124518265851888145e+03
2.919216406831357062e+02
1.313983364937129409e+03
1.613073625295682177e+03
1.373410622041850047e+03
-1.367532547151535937e+03
-3.642007068634297866e+03
-1.062023588142428025e+03
-3.420356044795110767e-02
3.046436380080912443e-01
-2.466182220059067176e-01
5.662103725343712313e+00
-7.603332336153511228e+00
-7.314991858916202183e+00
-1.913357424315922728e+01
-1.096975120352619797e+02
6.999507306360199266e+01
2.214815315577602064e+02
4.701105914016759613e+01
-5.292618543775057560e+02
-3.514551509451331412e+02
-1.046076017000385718e+03
-4.058393346120657270e+02
3.153911294061931130e+03
-2.227186007397762296e+03
-4.283371704465637777e+03
8.271875440173736251e+02
-7.623557646680602318e+01
2.372555006106365738e+02
1.896475771457751762e+03
-1.792603002995964744e+03
3.983142885614232114e+02
2.088677942209998491e+03
4.223065460209150842e+03
3.936925145807505487e+03
-6.044011434026243478e+03
-6.895372635770343550e+03
-3.462805694391418001e+03
9.213237285630658871e-03
-1.237526990137566632e-02
-6.968311158143343509e-03
-9.925554491755855580e+00
-7.907439072533088087e+00
-2.150000969098904946e+01
-5.054215802996964868e+01
8.717027230580288233e+01
-9.174089527619783269e+01
1.665022089590088683e+02
7.751780104644264213e+01
7.770360816788667080e+00
-3.085395218379880475e+02
5.475068037016570770e+02
7.423751040727656800e+02
4.985488847097179246e+02
1.142494771051740599e+03
7.204370348282129726e+02
-3.614814090389327703e+03
-1.926623707509543465e+03
-1.501528586551999922e+02
1.153461946387095622e+03
-2.742697928640809096e+03
6.271196023808646487e+02
2.000175462204040286e+03
-1.435648006286199006e+03
-1.805649135403023365e+03
5.970439996173455484e+02
6.000472383406168774e+03
1.352381902218350660e+03
-3.190947803535777727e-02
1.982269706289431499e-01
-6.154507318571800917e-02
3.728441835842105423e+00
-7.755292018925172393e+00
-2.830349105704233992e+01
-6.050693725318043903e+01
4.262844794721642216e+01
3.064026156697182302e+01
3.158151709933520124e+02
-5.627257873940892807e+01
2.871886099441858846e+02
-7.717636822564717249e+02
3.073524442656323572e+02
-3.216532441595022078e+02
4.240335563295155907e+02
1.863195486519693532e+03
9.750719436048248099e+02
-2.087100006976735585e+03
-5.357061099779830329e+03
-1.322115037103835448e+03
-2.834629161865992501e+03
3.419485705840420451e+03
-1.716549524712284665e+03
1.856362369500189061e+03
-5.497555235070252593e+02
-1.632891219464021788e+03
-2.165569481847644056e+03
5.205232955408788257e+03
3.593802473748444754e+03
-2.849219419862389358e-02
1.347908603943846484e-01
-1.335411398100099130e-02
3.504381896346456582e+00
-1.481805037032325245e+00
-1.241729658151376015e+01
-1.828997392921154841e+01
4.655291593372643533e+00
3.279111821443263608e+01
6.806331427245287102e+01
-1.131496953614149259e+00
2.966552430514292951e+02
-3.644388714217568577e+02
-7.921881012610519690e+01
-4.565714180645961164e+02
-3.383055183372013630e+02
5.757641383088403018e+02
1.000996878469364788e+03
-2.435100190664415152e+02
-1.807128605594145483e+03
-2.181474601576945588e+03
-2.656615416414964329e+03
3.100795326594081416e+03
-1.820059122741986130e+03
4.524575114884248137e+02
1.453512089038644035e+03
-8.329294995101718087e+02
-2.792177483741096694e+03
-3.524752208330651229e+03
2.076723956922914113e+03
-2.465675924226403554e-02
1.447773197736736406e-01
-4.690300693630485018e-02
5.245577570155944613e+00
-3.470129397178825403e+00
-1.201070598312920978e+01
-3.415439207133359645e+01
-3.748188712499337605e+00
1.302491809664530820e+02
3.167386923530203546e+01
-1.049143369496624132e+02
5.846775688121799703e+02
-3.168305911645627475e+02
1.658474116493916597e+02
-1.153406468633062559e+03
-2.053110807024994756e+03
1.712368602106008893e+03
2.684336237725157389e+03
1.257024860754099564e+03
-3.025267394980591234e+03
-2.040756055333855329e+03
-7.194967737218957154e+03
6.454766661794234096e+03
-3.170391735346202495e+03
-3.837816986956985602e+03
-2.721122203505922698e+03
-1.349628978149212344e+03
3.465446606772984069e+03
1.545377542164469787e+03
4.697696654960938758e+03
1.275394699088086038e-02
-4.084907588762243247e-02
-2.294296870969591944e-03
-1.112334495274709134e+01
-5.899724600916337103e+00
-1.638593160318877295e+01
3.974393684723820996e+01
5.714282653017222913e+01
-1.422771454102003759e+02
1.434575720841175723e+02
1.498452082684814854e+02
-6.238334625464623286e+02
1.111971269477786791e+03
3.881503342889905639e+02
1.769885872792848431e+03
2.451221620809469186e+03
-6.479188832643676506e+02
-2.180471818627739594e+03
-2.677767123386189269e+03
3.099413149613361384e+03
2.277486444810044759e+03
6.154625019405009880e+03
-1.186917418893717695e+04
4.104791103620114882e+03
-5.314719953851144055e+03
-1.754633677972711439e+03
6.034521011546995396e+03
4.042105449504631451e+03
4.020975227892888142e+03
-4.110573271287737953e+03
-1.924872937099443571e-02
8.074258037563392110e-02
3.773269901620058230e-03
2.474439475045075554e+00
-2.331340989451796963e-01
-6.827091178813678773e+00
-3.439530920950877402e+01
1.194035484441794814e+01
5.080485449186252822e+01
-2.535937044003080842e+01
5.273952107109301402e+00
3.153686918067992906e+02
-7.692666326770334990e+02
-2.800086619366894070e+02
-1.026870068381126430e+03
-5.977561469416909858e+02
2.242754254903526885e+02
5.308237946389009494e+02
2.976984391029492940e+02
-1.908896485125095069e+03
-1.913085027746827109e+03
-3.376873358108668526e+03
3.594621731114444174e+03
-3.480009286077857269e+03
4.709136108608992799e+03
4.632289583918366588e+03
-2.507932235890078118e+03
-8.486487172736646244e+03
-7.737756484317591458e+03
-1.329016295449494237e+03
4.336744656165070211e-02
-2.571013858925486617e-01
1.226963862064904542e-01
-7.553002821836506619e+00
-8.602068020635972312e-01
-4.784902230053370786e+00
4.561096445525627985e+01
-7.530855700681128440e+01
1.221825542967303591e+02
2.933936532544900615e+02
-3.053036195666242634e+02
3.139290928311791617e+02
3.268307169053572125e+03
5.308413771801086796e+02
5.449464017464464405e+02
-1.933882776109637405e+02
5.048416835492843347e+03
2.421599258106880825e+03
2.901890182552896022e+03
2.428551176884404583e+02
-5.115490407099350989e+01
-3.376418348385239824e+03
1.828488182301317977e+01
4.128783379041022272e+03
-4.711245219723630726e+04
-1.002525760889513731e+04
1.764445792984413129e+04
2.253477576595487699e+04
1.770627285854460570e+04
1.157247606852058198e+04
1.925177699862365768e-02
-7.369307761751563157e-02
-1.498158537668427964e-02
-1.836369257172079994e+00
-2.013570166218471513e+00
-2.444416198475711344e+00
-4.085197257498384360e+00
-3.966863576091851940e+01
4.532085556909944302e+01
1.269812231241268705e+02
-2.439194361692846513e+01
1.009837612902531667e+01
1.122941216850393857e+03
1.497303979826474688e+03
1.348143454458026781e+03
-1.758388312311603386e+03
2.876388530903808260e+03
5.098578014430278017e+03
-1.073363223347337225e+03
-7.770648786357158997e+02
1.120318999983090407e+03
-1.982977983506032388e+03
2.888672442652528716e+01
3.693371471078637569e+03
-1.730854546385495269e+04
-2.521041684434193303e+04
5.175170985270192432e+02
3.380613814832237404e+04
3.495204817378712323e+04
1.848085227303023203e+04
-3.151863826561087517e-02
2.175194965155486382e-01
-1.520683650516145291e-01
9.156548708143574800e+00
-1.214801902959616653e+00
2.813417532831976597e+00
-8.111280899578115111e+01
-8.313929101305005176e+00
-1.158558138105896660e+02
-2.290987281422182491e+02
9.483351765033544822e+00
-1.103474445512974000e+02
-1.237543765658697794e+03
9.831885459195477779e+02
1.664959975406935655e+03
-6.444808855541223238e+03
-3.933144834623225705e+01
5.100912686469147047e+03
-5.280488582234245769e+03
-8.204973645129975921e+02
1.304948289328270675e+03
1.508140907227056232e+03
-1.654768545539072875e+02
2.083068319863204579e+03
1.369890653803171517e+04
-1.352522995110880402e+04
-3.979354715514463896e+04
3.589468029644345370e+04
3.506953153847459907e+04
1.639664843356138226e+04
-2.105037916044063748e-02
1.081771002970997736e-01
-2.022388179132355440e-02
3.630774448723043779e+00
1.795817073216057880e+00
2.217335191627337387e+00
-6.178906199916526454e+00
5.728922288441521715e+01
-5.061680336588164408e+00
-7.589424906618721423e+01
1.509647833793138716e+02
-2.292102943545555771e+00
-2.301551819878807237e+03
-2.282363170480754434e+03
-3.268595977745951132e+03
6.447257436797000082e+03
-3.986774118813476889e+03
-8.211146474694876815e+03
1.651149776510712627e+03
-1.148045906489255458e+03
-2.353380716614384255e+03
2.397076575282930662e+03
1.926807034688270278e+03
-7.925459720725494662e+03
3.382822824603472691e+04
3.722523655203055387e+04
1.153507019169874002e+04
-8.323518092430409160e+04
-5.364126686834407155e+04
-3.556812420677876071e+04
1.575144197967258061e-02
-1.107807044209368208e-01
8.602561786345433448e-02
-7.600711632336718537e+00
-8.687864403392777657e-01
-9.148955780129451654e+00
8.763523685592727475e+01
3.182550264024993858e+00
8.662131759592338653e+01
-5.128899611850625462e+01
1.343570755644980750e+02
1.828635434376056992e+02
-7.568049077702681871e+02
-3.619612612831590468e+03
-3.667695833961149219e+03
5.690297364841630042e+03
-7.432881366044564857e+03
-1.146014140037500329e+04
8.567314122833835427e+03
5.952100083850488772e+03
-6.830609258873305407e+03
-1.282945193120635395e+03
2.139315412535690939e+03
-1.006266935233699041e+04
2.226148536403713297e+04
5.110183449671298149e+04
2.446136602965486236e+04
-7.005685235007043229e+04
-1.242851910341206385e+05
-3.690672277576397755e+04
-1.057349147095009226e-02
5.964971034595763916e-02
-2.903641861646322903e-02
2.307980451212224171e+00
-6.596996327105880686e-01
-1.580640989136066210e+00
-1.653405015912214182e+01
3.028795809650154069e+01
5.189202758192710974e+01
-1.431180808987184037e+02
2.488851096772393490e+01
-4.105030896269932583e+01
-1.367463788293784717e+02
-1.178015347011552876e+03
-9.772884963239714580e+02
2.851818459845244888e+03
-3.357168295501477132e+03
-6.682853169811990483e+03
3.193326075858172771e+03
6.852241617969535582e+03
2.380838850371389071e+03
5.451975561615085098e+03
-9.719007261541637490e+03
1.223012884935116631e+02
6.854521180946532695e+03
2.243220594207111935e+04
1.621381249402473077e+04
-3.243754963747897636e+04
-4.367438684298872977e+04
-4.403504944583446922e+04
-5.756272468281372623e-01
6.239055481292589411e-02
7.045879102718441978e-01
-1.852580637096360172e-01
4.372897427671715853e-01
1.808387526119835664e-01
3.900942279703797921e-01
-4.625157007945468468e-02
1.591216162068263829e-01
6.735402494848265198e-02
6.793439840653113515e-02
3.942633524126376576e-02
-1.352041076732425628e-01
3.156518510751619988e-02
6.750934867390936955e-02
-4.529033104040386566e-03
1.691349363996866653e-02
-1.743881959232844447e-02
1.611573653211144722e-02
4.040502599498219105e-02
-1.934083610441865789e-02
-2.333327986206964327e-02
-1.634128410302542606e-02
3.139481559993319033e-03
-1.616834111807444879e-02
1.273696738112250863e-02
-1.273450715555326899e-02
-7.772224143802288106e-03
4.622702520206523058e-03
1.764718261760407289e-02
-2.917532098112252462e-02
-3.846986083807888979e-01
4.168147740486324859e-01
1.597117349569612488e+00
-4.218389220392065875e-01
-8.171801699806355845e-01
2.411691966805994680e-01
-9.826625004174553979e-01
1.028031105185912342e+00
-1.104841432255074807e+00
6.208055698626172569e-01
3.291491056371314561e-01
-3.099267808722829323e-02
3.106617084169324139e-01
3.051751281721701847e-01
3.529911338387038966e-01
3.062767804255145943e-01
-1.594709104644179143e-01
7.735843138921787154e-02
1.020650976561285755e-01
-1.507399150962498158e-01
-1.039138943215237865e-01
1.002443116748582760e-02
1.519443574552500377e-02
3.810827697783408102e-02
8.332346833423481813e-02
-1.417205355712536918e-01
4.511892572753978259e-02
-4.539001671795787375e-03
1.295013553673249329e-01
7.065082293114152145e-01
1.913649465151253393e-01
-1.540559046191688264e+00
-3.946435480447286204e-01
6.116967612982674440e-01
1.080280600869215180e+00
1.535913002851397202e+00
-6.622970225416636714e-01
9.191152518812635286e-01
9.635809047752867673e-02
4.459463018368221010e-01
4.983146810147984912e-02
-5.385758350655875937e-01
2.478714599238370231e-01
3.583356373503029380e-01
2.593350141715967602e-02
1.320377508712311798e-01
-8.015881178244900485e-02
6.854745849236952571e-02
1.884846692203163976e-01
-1.303548649590600406e-01
-1.212432637259890089e-01
-5.080986125046933061e-02
2.963426789233587419e-02
-5.601775318275196286e-02
6.684426709312964177e-02
-6.550634420200546204e-02
-3.180545244418701845e-02
2.175438462595025851e-02
7.732620337944870470e-02
-2.634943983713713411e-01
1.400411418599850855e+00
-8.463678463756880710e-01
-1.028741989891530473e+01
3.775068280749721339e+00
6.031168719244920595e+00
-6.988215790006807815e+00
5.749784442421042030e+00
-6.483962565195879435e+00
-1.759003120500847217e+01
8.410290767748382024e+00
-1.166825011470009832e+00
5.505700951048638991e+00
1.911293479629365022e+00
9.045246720210989855e-01
1.199577190866829746e+01
9.048774620995494899e+00
-1.746599320764333108e+00
3.574351444185614124e+00
7.232613236886117569e+00
-9.460215167928941682e+00
-6.919996664354945537e+00
-3.961181403737005779e-01
5.032608800049507281e-01
3.683661586367561913e+00
1.329589470137035656e+00
-5.053380180574626124e+00
3.227014367043043563e+00
6.483513391435173912e-01
4.205273900888369276e+00
-4.091976224409393237e-01
4.242090959602794475e-01
-5.507237784426692873e-01
-2.644169525782053665e+00
4.531030856730404288e+00
4.687853407734888123e+00
3.013218162785747722e+00
-4.117497123703416584e+00
1.340538169498337373e+00
-1.503121125216125087e+01
2.200392881102978926e+00
-2.238464627594266787e+00
1.166684779372020131e+01
-5.348352688865700699e+00
-7.551181243767419282e+00
5.002516410239022937e-01
-5.552436753541464931e+00
4.396590673587856379e+00
-1.091975411055326362e+01
-8.328521794955996427e+00
1.698912469354635357e+00
7.054495264540633137e+00
8.520065324387871897e+00
8.380571928843007612e+00
1.809874459388736589e+00
-5.785985751020243484e+00
8.180268877919431247e+00
-3.908994204543377871e-01
1.028320324839427036e+00
-1.197953806220618134e+01
-1.667043101114320802e-01
7.978454185415249089e-01
-1.124170279609718603e+00
-5.849937929600885766e+00
4.637565641630049029e+00
7.138129785914221870e+00
-1.766252346605137635e+00
1.228034359485455029e+00
-1.711859839410051931e+00
-2.387370692013240969e+01
1.664565507217930174e+00
6.565646715552761470e-02
2.511313082763921845e+00
5.121395761467072205e+00
-4.377194219223966565e-01
-1.060301153624676829e+01
-2.227914205613317766e-01
-1.012211425979922730e+01
7.677997752134312570e+00
-2.598950351248420176e+01
2.838871651810019969e+01
1.291598918158087095e+01
-5.775754403385912283e+00
-2.023928086445614127e+01
-7.509809435240931030e+00
8.608218346761754347e+00
-5.902430606650283629e+00
-1.303929926159121733e+00
-8.395061218965725658e+00
1.519981617144161490e+01
3.367375964936862864e-01
4.193594064216895623e-01
1.319811343120982139e+00
-1.452591910553265464e+01
-2.717228163783449002e+00
2.267445056438081252e+00
-5.159270541123421339e+01
2.842031039921505098e+01
-3.334178709147851549e+01
-6.045372598110610340e+01
3.395005502962126798e+01
5.454645919745903626e+00
-1.242391608151562394e+02
6.860896225821232974e+01
1.094601056403071055e+02
-3.640145409634830287e+01
-8.239861846050315819e+01
-1.448469622150346048e+01
-2.368553806119195215e+01
-3.369617483382166157e+00
-2.294599791960578372e+01
-4.376533324561996174e+00
2.722453648046726826e+01
5.276771422717079219e+01
-4.895781049581515276e+01
9.052908145123273798e+00
5.676517199675326708e+01
-5.332491963482498676e+01
4.119763028743234656e+01
-2.592414541455418586e+01
-3.519968004029179476e-02
-6.946467401950494613e-01
-3.188341218365404739e-01
8.128339599681041250e+00
4.700415693936250250e+00
-2.285753213990363020e-02
2.038111150777897151e+01
-2.861950024294344530e+01
1.075494592082390000e+01
-1.208873902812502799e+01
-1.134900948257151754e+01
-1.279376711348652407e+01
5.715137536982816613e+01
-8.813259752332200492e+01
-4.616304558465373731e+01
-5.715247705420505042e+01
-9.902626860094646588e+01
3.327005560391605599e+01
-6.818049658385771750e+01
4.745392516200781508e+00
-9.185105604611237595e+01
-3.455810394605261848e+00
-3.712975698666600266e+00
4.353859753844442082e+01
-2.132398214753658294e+01
6.204198614870698236e+01
-2.762552564188922233e+01
6.022428382276903136e+00
-3.964526186996409685e+00
9.577819370344514027e+01
-1.615855459475121492e-01
-8.734064470542640679e-01
-8.087720410026016937e-01
1.010281777676335402e+01
2.869468439089851053e+00
1.076178864372200339e+00
3.464375202210531057e+01
-1.879894613418513316e+01
3.327927851174877105e+01
8.217776242574945655e+00
-9.831770938488343603e+00
-1.531129998583856677e+00
9.018922168822875562e+01
-3.174032192494924942e+01
-1.194252626140373650e+02
2.633338476281004148e+01
3.305749987377110699e+01
2.380346183823370154e+01
1.111490460779210565e+02
2.375655442911977389e+01
6.764815365997436913e+01
-1.266138539368304521e+02
-1.354357889801878230e+02
-1.198495261095740432e+02
7.381820907435765378e+01
-8.744379586811128036e+01
1.409715854396168595e+02
-2.599261018866300788e+01
1.030861661499649813e+02
-4.348876531849063554e+01
3.793538779580720582e-02
-1.167718941679719125e+00
9.862965348777909258e-02
-1.368868364923389613e+01
1.843601436292488671e+01
2.681979911368784286e+01
-3.574187724386197118e+01
-1.880494380560340772e+01
-6.771391705077892453e+00
-3.203722331449013154e+02
5.578515191190080458e+01
-7.933336184054513573e+00
-3.126132698419819889e+01
-4.018217881078811615e+01
-5.340836416182904856e+01
-5.249154298914153287e+02
-5.560961245812833340e+02
-4.385306461245160392e+01
3.685114348475308788e+01
1.344126807681236073e+02
-2.073255694315974562e+00
-4.738133538101603222e+02
-5.086221388580125904e+02
-3.648317564853419412e+02
-7.253040466750788084e+01
-2.005027199009727497e+02
-4.584505282309775964e+01
-1.590973862038336506e+01
5.131028487903490998e+01
-1.774646655210651147e+02
6.788080001634247407e-02
6.848663614161480950e-01
3.501688618900772321e-01
4.496831701951886195e+00
-6.502127428007777432e+00
-2.976814169951351285e+00
5.899357233390605693e+00
1.195558041665894145e+01
-6.942222342443963967e+00
6.984444701336818184e+01
-7.503461590002581261e+01
5.744785798664480581e+00
-1.936453225354340191e+01
4.562360579985915621e+01
2.816759154015441524e+01
-6.302511531552743662e+01
1.736786405299533556e+02
-1.323620178641667451e+02
-3.386846325534713209e+00
-3.085298043674227415e+02
3.381612645147649232e+02
2.141118273030635351e+02
1.811268961808691813e+02
1.061944414037397593e+02
2.729899849101120779e+01
1.171161316497751699e+02
-9.668268824687466179e+01
1.767235808790395026e+02
4.141967982657091341e+01
7.834244700675715478e+01
3.475616160155441808e-02
2.748469238670031012e-01
-3.528066480972720520e-02
-1.261214043511992733e+00
1.932873356727874636e+00
8.301431268154151333e-01
2.734978773866481916e+00
-6.179994666202443199e+00
-8.336396206666722708e-02
-8.292597136486991261e+00
-5.227101049219190720e+00
-1.632068632727939672e+01
4.905139317680338706e+01
-3.644413585632177899e+01
-4.383352580570434043e+01
2.241945720297076505e+01
-3.482686129800744368e+01
2.570920051304446563e+00
-7.496458989472903056e+01
7.010005052492441280e+01
1.838341844506092571e+01
-4.026098028008640739e+01
-4.235107557435868131e+01
7.435108957766840376e+01
-1.177016356417651650e+02
4.582071877906467705e+01
1.707522101891582622e+01
-2.449408209259967464e+02
1.892891815774717656e+02
-1.895787469929016709e+02
1.626034809960220928e-01
4.699929705730989671e-01
6.814255225491073764e-01
5.837655182543530774e-01
1.105016278740125735e+01
5.234730604946750354e+00
1.123416990321864262e+02
-7.059845519757348598e+01
5.933711661166429252e+01
1.177223507720002118e+02
-1.323528418063228571e+02
-5.798257850600975161e+01
1.083105246918283001e+03
-4.932943592059660887e+02
-7.980814691657997173e+02
6.548673753307665493e+02
1.397470153960169228e+03
-1.044995676964899758e+02
1.394339617957188295e+02
1.086010479510876223e+02
2.485282989593862624e+02
2.043317007401842602e+02
-6.005847472049744056e+02
9.919230423568587085e+00
-3.550941832543495366e+03
1.752656744417503205e+03
-1.440664139105089134e+03
-3.463602556005072074e+03
2.733293992889997298e+03
-9.264740850332129867e+02
6.071427463297297128e-02
5.216240491451109573e-01
3.023741331263559151e-01
4.206036359681430525e+00
5.562892832819978928e+00
-2.865955342151737195e+00
4.496477547759914728e+01
-7.607900185264443849e+01
7.415850581482029469e+00
-1.697569802808157036e+01
-6.345686272113925241e+01
-7.276796326980502272e+01
3.962547919650859285e+02
-6.372394799741231282e+02
-2.518137017697329441e+02
-3.244745887706982330e+02
-3.474851237546737934e+02
-1.492097034158097415e+02
-2.557897127812967710e+02
3.074698187013632946e+02
-6.943477769332987464e+02
-2.298938994202711683e+02
-6.254142776126000172e+02
-7.785478804797891428e+01
-1.143687701740544753e+03
2.688552228804664992e+03
-1.807252040398762801e+03
-3.448502086720977786e+02
-2.691977425973156528e+02
1.117862728366369765e+03
-9.813240723419711098e-02
-5.705718459276856169e-01
-4.650811915490852821e-01
-4.320750387286828698e+00
-7.297489386593270844e+00
-6.690491462623104013e+00
-8.816714410008597724e+01
5.636312568442751569e+01
-6.832580941974464395e+01
1.025608585250916249e+01
1.064075927957118779e+02
4.239028567156298521e+01
-8.017202668568498893e+02
3.850358850359302778e+02
9.274858518998692034e+02
1.508249336194528034e+01
-3.996085189992306255e+02
8.945103770159828827e+00
-4.744923582804211151e+02
-2.363668840567494271e+02
-3.305679868432613375e+02
8.483161856882281882e+02
1.386096004510866806e+03
5.507072229069597142e+02
2.441008747726147703e+03
-1.000624024855983407e+03
1.386424784936977858e+03
3.453924330336975345e+03
-1.916680606004713809e+03
3.864703578532981396e+02
1.333573363129507590e-02
4.268703901468454687e-01
6.284679833595913090e-02
1.068776189922491682e+01
-1.878159582910984504e+00
9.075410567328500377e+00
-6.667535000066197881e+01
-2.437065457414457725e+01
-7.278851469107385697e+01
-5.020157718899167207e+02
-1.025609128089699738e+02
2.095582021654622906e+01
-7.834362052537035197e+02
-1.349560598963061864e+02
3.757242390938111498e+02
-3.910256526031756493e+03
-3.130751452282263017e+03
-8.451396626718382095e+02
-3.759356026064525054e+02
-3.947438537413840436e+02
2.474441659584061313e+02
-1.843446242458507186e+03
-1.108095925950427045e+03
-1.151664877071962337e+03
3.259245137087724743e+03
1.348448684058864160e+02
-5.172350297367984240e+03
7.788629765186399709e+03
-5.130798991119580933e+03
2.025593968684425136e+03
5.090016308544916684e-02
5.297941397005562214e-01
2.511502680561434886e-01
1.106523698991856719e+01
4.228173747652272496e+00
5.990079304296525464e+00
-9.987993817499720706e+01
-5.405047307077474272e+01
-7.986573895341358309e+01
-5.682550120256144055e+02
3.997552298058944587e+01
-6.616719776410263876e+01
-1.036023720773086779e+03
-3.361088159849941803e+02
3.919526376069837852e+02
-3.369596767415654085e+03
-4.928814052470784191e+03
-4.690789341814953417e+01
-8.970829077043021016e+02
4.309718468875640838e+02
-9.401856210729058603e+02
-1.909773382758009348e+03
-1.314015264525585053e+03
-1.176714362739964827e+03
4.606682092418337561e+03
3.504175879698912013e+02
-3.379388100265673529e+03
5.921652482418473483e+03
-6.882344970575651132e+03
4.706370558657630681e+03
-2.577924335934246233e-02
-2.351309460818978292e-01
-9.790736145605045959e-02
-2.971712182157223658e+00
-3.140852928219003193e+00
4.331837620857181825e+00
-1.129253710683306444e+01
1.817079149741286059e+01
-1.569206876050657051e+01
-4.393162784168579549e+01
-5.518650660803735519e+01
2.296007236778182659e+01
-1.314946503785550931e+02
5.314136011364877277e+01
2.090712295425778677e+02
-6.307731459017942370e+02
5.217199934627484481e+01
-6.531479194912564026e+02
-7.122189745604698885e+01
-3.319651694889903979e+02
3.822064949894316328e+02
-9.972488586264395849e+01
1.896199054126648775e+02
1.587670122725860153e+02
9.392154769403024375e+02
4.816891885794800032e+02
-1.004286241656926904e+03
2.571438066464470012e+03
-1.249163779049252071e+03
6.457053237568572968e+01
1.871513933202885102e-02
9.572391151285694622e-02
7.376817282652542440e-02
2.863936819617866281e+00
9.401231262151949153e+00
-8.199380093967521432e+00
-3.292386627421471701e+01
-4.052885250628267499e+01
-9.020386395513538957e+01
4.152694022768275062e+01
-1.764288056083484335e+01
-8.221204039870451652e+01
-2.275347442273851186e+02
-1.499258451038429882e+02
6.413192821705604274e+02
5.193442018543040462e+01
-5.345012682854154491e+02
-7.480902254212024616e+01
-1.913064995053088523e+03
-1.826243556047065226e+02
-7.335065622001072825e+02
1.793065895274627110e+03
2.011899172392667197e+03
2.008861804541133097e+03
-8.920352795029972981e+01
1.079233739961659012e+03
-1.068277929567349929e+03
7.233383552686211715e+02
-7.188214727536806095e+02
1.344687369163763833e+03
3.917304891783461585e-02
1.495739189994742535e-01
1.770289984010488260e-01
5.922680184708831064e+00
4.042894760190436365e+00
2.270250074632064852e+01
-4.901748610227564029e+00
4.738758502362673397e+01
-4.569372975971823791e+01
2.651549071870116450e+02
-3.380879953952443202e+02
8.302025684981605025e+01
-3.079158617028418803e+02
6.438098136506046103e+02
5.756322520189096394e+02
2.919944710995432615e+02
1.924806106273634441e+03
-5.316173593576813801e+02
-2.445804653451826027e+02
-4.134216950782671120e+03
3.077169865064585792e+03
3.616769920428959722e+03
3.979509827088895690e+03
2.116790855254664166e+03
1.552634273665422597e+03
-6.841790007865815824e+02
1.597009476847212682e+03
3.651389743501440535e+03
2.815199273206863836e+03
2.262139419952733988e+03
-1.048101843308399048e-02
-9.102344156804620390e-02
-7.761495627564733713e-02
-5.585097170011125378e+00
6.221966737221453769e+00
-3.141174980139327388e+01
-2.682570704247173410e+01
-9.920521121034317957e+01
-3.978814534490460630e+01
-2.546915417638542323e+01
3.547035031580151099e+02
-6.679577787037752046e+01
-1.157801013728251007e+02
-8.876861677246585032e+02
2.891909689995762847e+02
3.867288239976480781e+02
-2.033111374147255447e+03
1.169531328429111682e+03
-9.252664664666199315e+02
2.583782930840455265e+03
-5.550925974840793060e+03
-5.445941432493189041e+02
-4.569468467463328807e+02
1.578042166252112963e+02
4.933948163693389120e+02
2.910812114352881963e+03
-1.814023962772935420e+03
5.829812030135024088e+02
-6.814101191168198056e+03
5.779360026060248856e+03
-2.266590307215617800e-02
-1.042055443302657147e-01
-1.059257631780399639e-01
-4.783372524999420783e+00
-5.146989550471895214e+00
-7.719097936511041702e+00
2.919129258973262253e+01
-2.530836204260327094e+01
1.444935875643487009e+02
-5.218066412001114713e+02
2.263978457788205674e+02
-2.306493855404327320e+01
1.303789936135342771e+02
-3.515633128286431202e+02
-1.286172592396747405e+03
-2.410325268434783084e+03
-2.850649906068442760e+03
-1.993539345534189522e+01
2.149758751296085848e+03
3.278833757050806980e+03
-8.621008271393234281e+02
-7.535425239705590684e+03
-5.931260642294840181e+03
-3.647313518535150251e+03
3.600048311170711713e+03
-1.912344599700282060e+03
-1.275869688107188722e+03
2.876702610528658624e+03
-4.519680615453647079e+03
-2.619748913660171638e+03
-2.182583593878219957e-02
-4.536500096719737335e-02
-8.162560375777161426e-02
-1.502658592182800845e+00
-8.220969524214382318e+00
4.459205893308755719e+00
3.935619177069987273e+01
-3.562028764272684356e+01
1.076466577133906384e+02
-5.034759163099186026e+02
1.088094375570263708e+02
-4.829261071525264981e+01
9.514024032107718085e+02
-8.585757875470238787e+02
-1.687452730072103350e+03
-1.780848730936479114e+03
-1.349593585809626120e+03
-3.073152686006319527e+02
1.952338084490679648e+03
3.749321502127684653e+03
-8.474669021694102184e+02
-5.870568149731491758e+03
-7.938465324717149088e+03
-4.379774915309332755e+03
-7.426911167222897348e+03
3.677784135891970436e+03
-5.826163714908642760e+03
-9.563125160207046065e+03
2.563190701213155990e+03
-6.260777586209502260e+03
-3.447993098661769509e-04
4.359207931041385840e-04
9.166436125484163019e-03
-1.238278675964571696e-01
-9.356090827885347849e+00
2.094056924673575537e+01
5.452323505190786790e+01
1.481631850639331738e+01
9.387406869094209583e+01
-3.160819866422261839e+02
1.285857934676937120e+01
7.304904645057335699e+01
4.569213766238667631e+02
-3.782642686948374831e+02
-9.015909368358716165e+02
-1.660504783681502431e+03
-1.065134609508462290e+03
-3.848845263163733534e+02
2.167581017920449540e+03
1.379407453690546618e+03
2.343142660063888627e+02
-3.223253744626989374e+03
-4.921048847837119865e+03
-5.919397471041805147e+03
-8.757703632057480263e+02
2.756398719953386262e+03
-3.985787521823314364e+03
6.950221848749675928e+02
-3.838772798770116879e+03
-1.101810315035956819e+03
-3.620919953755311754e-02
-1.303201803433850225e-01
-1.532593694834677445e-01
-8.698901756341629321e-01
-5.581953171698766702e+00
5.216795753683581616e+00
-4.906548309258639762e+01
-4.787756947883711689e+01
-1.084457372330015374e+02
6.376532565596545510e+01
-3.095626955181077733e+02
-1.143989503500277465e+02
2.606834174403211819e+03
-1.564620987861291951e+03
-1.542440656307566087e+03
2.319010027036748852e+03
7.188786724531777509e+03
-1.357745190591874689e+03
-4.226222684505167990e+02
4.582934445860888673e+02
6.003185892695489656e+02
3.088911988703152474e+03
-4.772389598971280975e+03
2.085604047761466518e+03
-4.236246184558866662e+04
2.053445391890170868e+04
-1.164674783094595296e+04
-4.424940724158290686e+04
3.771244256998043420e+04
-1.752569176099567267e+04
2.598298793196035517e-02
1.882435727737986342e-01
1.195136429295470953e-01
3.186349223831464350e+00
4.793457242052031830e+00
-2.778707577429122555e+00
1.509363691516195516e+01
5.646369014471226677e+01
9.198362332398843932e+01
-1.767805822912563087e+02
3.131575748014475948e+02
1.783990706194053075e+02
-9.629923631951380685e+02
2.195794197406070452e+03
-2.334866765459621831e+02
4.994761398296457742e+02
-1.272731162792666737e+03
2.937942099428660640e+03
1.589084523919553931e+03
3.888632423836331213e+02
2.305235344626337792e+03
-2.363833239077730923e+03
1.785577149176972398e+03
-6.803309456192432663e+02
1.352338050401156943e+04
-3.068966819466210291e+04
1.641497965562411991e+04
2.389959470814697397e+03
5.136387797822380890e+02
-3.915669020758261013e+03
-2.825029657612489892e-02
-2.300694052049609417e-01
-1.274843582231345307e-01
-5.474746321453665132e+00
-7.014885291776139731e+00
2.277535056467738350e+00
4.643318468765663454e+01
-5.713151507911167215e+01
-1.214755520304824046e+02
-2.616068189054330251e+00
-2.670040291904809351e+02
2.555312003990925973e+01
9.362226895585406794e+01
-1.617044211325251126e+03
1.563913785386195968e+03
-6.289763432956014185e+03
-2.751917308912417866e+03
-3.328873133516348844e+03
-3.266667465431256460e+03
-8.434738827797669956e+02
-3.585829341857139298e+03
2.134790276546294081e+03
9.889857072933182280e+02
-8.047231819067299057e+02
1.011324064307564413e+03
1.992600842882763027e+04
-3.917752720891756326e+04
3.468817511141438445e+04
-2.723440014985839298e+04
1.786681410952431179e+04
-1.755100515169711467e-02
-4.784275952384040020e-02
-7.872253212995994343e-02
1.852587672845106004e-01
-3.267312628068262281e+00
2.234726223783903176e+00
-5.043178672877456137e+01
-2.656812559058838730e+01
-2.868803830211437145e+00
-1.000715783482738885e+01
-6.893516457289605626e+01
-1.585320593485737106e+02
3.339688764654757961e+03
-8.050065268730292019e+02
-3.768699577599146323e+03
7.863134448043651901e+03
9.568803506251118961e+03
1.401095399651915159e+03
1.767170075232934323e+03
3.059441563201591180e+03
1.953594525107567506e+03
1.626235351871151579e+03
-8.502407512162160856e+03
2.117094617521529472e+03
-5.380701822441268450e+04
1.000026349792819929e+04
1.104405581351186265e+04
-9.444635061738437798e+04
6.427481129274431441e+04
-2.837336320081214944e+04
-1.970282558700227316e-04
-2.944007146034837569e-02
-3.170456513887581242e-03
-4.460130558249512656e-01
-1.718840155362949762e+00
5.249302160828781538e+00
3.950772188662322293e+01
-4.710655334512370729e+00
-8.845122682372573308e+01
8.361185595084727140e+01
9.061837058903950037e+01
7.755403294880804310e+01
-2.413762807453138976e+03
-1.015806106516991008e+03
2.711100168797072456e+03
-6.455405554655576452e+03
-1.271412199989392320e+04
-7.075809548805764280e+02
-1.797142864043404870e+03
2.977839723054945807e+03
-1.121260037036663380e+04
-3.152588139498322107e+03
4.797358277946065641e+02
-7.930475523948185582e+03
4.561901627478020237e+04
8.680837197758313778e+03
-2.380070039272598297e+04
7.034727607369859470e+04
-9.714812528015056159e+04
5.193653066940955614e+04
2.203303358569759854e-02
1.640935803328847642e-01
9.572005460557689305e-02
4.315508649389399487e+00
7.834025383428188327e+00
-7.656739848740466314e+00
-3.140007580666053144e+01
8.871313241701651009e+01
6.491778966217930247e+01
-1.173756802027040607e+02
1.138674133575036507e+02
-1.464055857512434784e+02
2.070427287171849457e+03
9.208035870112159955e+02
-2.736490200158090829e+03
3.565582406427363821e+03
6.706098335879886690e+03
-2.079196589236977104e+02
2.484213440878100755e+03
5.919324498424984085e+03
6.680405233440752454e+03
-6.387680830864142990e+03
-1.059528124895054862e+04
-1.472648225504765378e+03
-3.065170871093732057e+04
-5.236393694932477956e+03
9.249133588025682911e+03
-4.501818279776980489e+04
4.319506932261714246e+04
-6.560818891756038647e+04
