# -0.6J_-0.4g_0.31416theta_1.0472phi_10Chi_0.01delta_500N
6.223325532797982507e-02
1.502822785105395367e-04
4.546151759765793815e-06
2.225883077077508242e-06
3.717545349016906198e-07
1.028612117623140117e-06
2.636032850558805730e-07
8.485400863489849273e-07
2.191610626981553654e-07
7.792719851881426571e-07
1.956338575424605466e-07
7.400140901940793693e-07
1.809629383464689446e-07
7.122474838781682012e-07
1.704648868256655567e-07
6.900378037231355071e-07
1.621625994070340550e-07
6.710673367710445736e-07
1.552305846750445437e-07
6.543068863541955294e-07
1.493804859789824864e-07
6.392624058980342408e-07
1.445986282470196200e-07
6.256952427490934887e-07
1.410224011790828317e-07
6.135110903861022103e-07
1.388697116255973682e-07
6.027160869237483801e-07
1.383893766285739089e-07
5.933997287778897263e-07
1.398304521557713448e-07
5.857252218527268812e-07
1.434405183220034848e-07
5.799165899699530802e-07
1.494934671625780222e-07
5.762368874217356536e-07
1.583325221432051131e-07
5.749553570742191977e-07
1.704125591346984818e-07
5.763031053054738886e-07
1.863280048153518642e-07
5.804184665883375967e-07
2.068114897074656197e-07
5.872854138534574773e-07
2.326779322503417048e-07
5.966699739780086625e-07
2.646788405805734145e-07
6.080616287971488306e-07
3.032355658062589119e-07
6.206296655489701745e-07
3.480606775324506565e-07
6.332122525219934837e-07
3.977587972737661439e-07
6.443653439170523832e-07
4.495668940534689324e-07
6.525017119037763849e-07
4.993405831386414732e-07
6.561330431831050844e-07
5.417239513212018767e-07
6.541796623368883397e-07
5.704674862820016054e-07
6.462457693133104573e-07
5.794118894082818928e-07
6.327214815278449819e-07
5.650920858152930140e-07
6.146247662703712867e-07
5.301950615103211514e-07
5.932339494171315430e-07
4.838246564017918809e-07
5.696941032440314847e-07
4.365497970362235026e-07
5.447906685996345132e-07
3.950799336981183445e-07
5.189553089235451251e-07
3.611626252249138553e-07
4.924197082325755118e-07
3.334933424200138372e-07
4.653834080018504791e-07
3.098112022438902849e-07
4.381110767411145832e-07
2.881004264305251443e-07
4.109471943355784091e-07
2.670386049361599304e-07
3.842785221104151744e-07
2.460352023338482000e-07
3.584812414190712114e-07
2.250813228533062377e-07
3.338776416219935929e-07
2.045284245476486951e-07
3.107108062211233174e-07
1.848688259644875250e-07
2.891389944259434983e-07
1.665662481773145523e-07
2.692425871514707280e-07
1.499567583253202018e-07
2.510387198452662105e-07
1.352160914364126533e-07
2.344936461650349944e-07
1.223717393620927793e-07
2.195404501861634260e-07
1.113409738459409751e-07
2.060919692151277704e-07
1.019712127870928015e-07
1.940496500258703928e-07
9.407542572493077239e-08
1.833101453699210610e-07
8.745816919584650350e-08
1.737694963941309139e-07
8.193256847802876568e-08
1.653257497777921565e-07
7.732973869902636145e-08
1.578807040880156114e-07
7.350297461230429340e-08
1.513414515899269222e-07
7.032867606573960008e-08
1.456219137349196207e-07
6.770529408904615592e-08
1.406441751062374909e-07
6.555112554981327419e-08
1.363393014525821916e-07
6.380159978394371556e-08
1.326474729162609515e-07
6.240649888593154870e-08
1.295174748170984388e-07
6.132735130019602690e-08
1.269057086233258660e-07
6.053510179265408207e-08
1.247748955893981555e-07
6.000809068273016737e-08
1.230926033430117012e-07
5.973035508409469841e-08
1.218296831495798390e-07
5.969027305318277493e-08
1.209586806171951051e-07
5.987958035220389891e-08
1.204522686428331212e-07
6.029277263977339780e-08
1.202817384112812619e-07
6.092686061734046392e-08
1.204155696761195749e-07
6.178139778227885335e-08
1.208180879944237888e-07
6.285868083929821080e-08
1.214482106683615486e-07
6.416403942268892299e-08
1.222582918358163041e-07
6.570616764937884448e-08
1.231931128238636508e-07
6.749749167189291736e-08
1.241891356085419415e-07
6.955456526301054619e-08
1.251742288439963999e-07
7.189842291686525032e-08
1.260683064779212271e-07
7.455512098598802076e-08
1.267854021413132685e-07
7.755623362692151762e-08
1.272379054654330012e-07
8.093938002503732419e-08
1.273436803483072892e-07
8.474878338971747050e-08
1.270365013718771540e-07
8.903586140672349226e-08
1.262795306626633410e-07
9.385987086829592232e-08
1.250803139307825122e-07
9.928865904954023439e-08
1.235041326421854614e-07
1.053996295156392029e-07
1.216810488392627483e-07
1.122811089973524758e-07
1.198016970228517998e-07
1.200343723482707261e-07
1.180990779147294142e-07
1.287765814528759899e-07
1.168185608147862846e-07
1.386447048756052678e-07
1.161837967912567983e-07
1.497998353971307505e-07
1.163688995302017611e-07
1.624297839228530497e-07
1.174863480842214545e-07
1.767440981550959901e-07
1.195920954368592843e-07
1.929470674821457305e-07
1.227046717755625144e-07
2.111547507246883622e-07
1.268304908961063922e-07
2.311794620363532678e-07
1.319879110664068786e-07
2.520301910353257925e-07
1.382259107173900821e-07
2.709425879873647903e-07
1.456366736031538454e-07
2.822709929890602002e-07
1.543644552791844429e-07
2.787687959844875188e-07
1.646166174147343943e-07
2.586674792234328786e-07
1.766753812564698945e-07
2.310467146998334829e-07
1.908853368871709067e-07
2.077086803963613661e-07
2.076052706584631491e-07
1.939250412498835877e-07
2.271222735768856041e-07
1.892173634388117044e-07
2.494970865999935332e-07
1.911980844557422685e-07
2.743291362925080959e-07
1.975601816516973541e-07
3.005016821933440426e-07
2.065252757093195743e-07
3.260332655474020835e-07
2.167585677599021949e-07
3.480771049092117903e-07
2.272284998435837350e-07
3.628095902341054534e-07
2.371278451805032747e-07
3.650188536147471223e-07
2.458481075382315319e-07
3.491054509885997801e-07
2.529800089716765011e-07
3.152118382339253787e-07
2.583153793906228150e-07
2.746209443748008988e-07
2.618259472133208251e-07
2.406996672696502267e-07
2.636295680637929697e-07
2.182031980164422218e-07
2.639609471067799743e-07
2.052977830582917719e-07
2.631349167073455607e-07
1.987813147440045307e-07
2.615016289008423913e-07
1.961966501928192625e-07
2.594037235805457005e-07
1.960017357681746583e-07
2.571433773044542464e-07
1.972819036517683988e-07
2.549628675283127386e-07
1.994939570237082428e-07
2.530383238070353098e-07
2.023068657565952391e-07
2.514834593873710103e-07
2.055116596015385542e-07
2.503593606048764790e-07
2.089713944778687238e-07
2.496865731284258291e-07
2.125930007254437267e-07
2.494567443064784433e-07
2.163110097695317785e-07
2.496425957955491141e-07
2.200778393236447961e-07
2.502057038249496256e-07
2.238578345926527787e-07
2.511021523135905391e-07
2.276235521150612898e-07
2.522863838818235547e-07
2.313534134900804086e-07
2.537136537596749750e-07
2.350302070561745541e-07
2.553414787601083848e-07
2.386401670238742011e-07
2.571304319948754563e-07
2.421723087354146100e-07
2.590445469445815979e-07
2.456173736015534799e-07
2.610514872100610136e-07
2.489679547880121960e-07
2.631225313635221482e-07
2.522179661957302540e-07
2.652323834027584641e-07
2.553623629532607489e-07
2.673588743169985583e-07
2.583969491922639137e-07
2.694826848495808193e-07
2.613182432826228057e-07
2.715870875310470216e-07
2.641233792518553873e-07
2.736576636815837184e-07
2.668100310241636247e-07
2.756820333269529777e-07
2.693763509323645173e-07
2.776496143662058314e-07
2.718209159013258454e-07
2.795514100822450112e-07
2.741426759489968221e-07
2.813798423843385577e-07
2.763409024736527653e-07
2.831285578120611023e-07
2.784151400092664083e-07
2.847920464874737691e-07
2.803651693807081833e-07
2.863656837661501943e-07
2.821909859519262126e-07
2.878456495229191445e-07
2.838927904750671559e-07
2.892288127969883696e-07
2.854709854705037744e-07
2.905126856869521617e-07
2.869261925684673090e-07
2.916953804964338023e-07
2.882592600409795375e-07
2.927755644850855588e-07
2.894712671222592012e-07
2.937524113723543114e-07
2.905635198071779122e-07
2.946255519249293725e-07
2.915375394499930775e-07
2.953950274325691096e-07
2.923950468982466505e-07
2.960612437563953675e-07
2.931379404888278307e-07
2.966249296720624148e-07
2.937682799903926053e-07
2.970871033565383972e-07
2.942882682834234584e-07
2.974490376873932374e-07
2.947002336132000359e-07
2.977122301535413181e-07
2.950066136750249492e-07
2.978783756118982416e-07
2.952099409621509205e-07
2.979493416074595079e-07
2.953128292947988659e-07
2.979271459893480761e-07
2.953179614241649719e-07
2.978139365873023396e-07
2.952280776209323149e-07
2.976119727506022525e-07
2.950459651501680484e-07
2.973236085617992909e-07
2.947744485505919300e-07
2.969512775712718378e-07
2.944163806689252212e-07
2.964974789186563044e-07
2.939746343623883883e-07
2.959647647045926917e-07
2.934520948568474085e-07
2.953557285112698088e-07
2.928516526780209584e-07
2.946729949712054750e-07
2.921761971520484311e-07
2.939192102939993859e-07
2.914286104126804837e-07
2.930970336703125803e-07
2.906117619061984784e-07
2.922091294818819251e-07
2.897285033479554274e-07
2.912581602490484632e-07
2.887816641123266506e-07
2.902467802579446812e-07
2.877740470279685035e-07
2.891776298142498883e-07
2.867084245557157164e-07
2.880533300616617730e-07
2.855875353209667341e-07
2.868764783381991537e-07
2.844140809908299925e-07
2.856496440101273369e-07
2.831907234542646817e-07
2.843753647462973576e-07
2.819200823138676935e-07
2.830561432380515485e-07
2.806047326417100144e-07
2.816944442211481300e-07
2.792472030027672906e-07
2.802926919232214413e-07
2.778499737177594914e-07
2.788532677920208354e-07
2.764154753510733784e-07
2.773785085157816025e-07
2.749460874132781254e-07
2.758707043158078243e-07
2.734441372562128194e-07
2.743320974901613226e-07
2.719118991502918194e-07
2.727648811768740181e-07
2.703515935334656288e-07
2.711711983273848684e-07
2.687653864164153552e-07
2.695531408696991618e-07
2.671553889258314333e-07
2.679127490446563059e-07
2.655236570176317740e-07
2.662520109005502134e-07
2.638721912330306752e-07
2.645728619337554575e-07
2.622029366590553870e-07
2.628771848624389788e-07
2.605177829520923037e-07
2.611668095187228915e-07
2.588185644521972901e-07
2.594435128556953748e-07
2.571070604006677929e-07
2.577090190493754938e-07
2.553849952300059357e-07
2.559649996949886794e-07
2.536540389348921097e-07
2.542130740854073165e-07
2.519158075062683421e-07
2.524548095641681888e-07
2.501718634256418954e-07
2.506917219465475390e-07
2.484237162191016191e-07
2.489252760005683153e-07
2.466728230601349927e-07
2.471568859855865475e-07
2.449205894148303803e-07
2.453879162377992190e-07
2.431683697337143244e-07
2.436196818003955924e-07
2.414174681747585943e-07
2.418534490925437785e-07
2.396691393614287749e-07
2.400904366169061868e-07
2.379245891692240003e-07
2.383318156922063196e-07
2.361849755380594774e-07
2.365787112177528222e-07
2.344514093034572172e-07
2.348322024585474398e-07
2.327249550523406374e-07
2.330933238521254568e-07
2.310066319913874090e-07
2.313630658323662039e-07
2.292974148277297924e-07
2.296423756690518131e-07
2.275982346642838942e-07
2.279321583160112603e-07
2.259099799040632711e-07
2.262332772742382827e-07
2.242334971576780119e-07
2.245465554562435033e-07
2.225695921585455255e-07
2.228727760639619937e-07
2.209190306819191976e-07
2.212126834612636749e-07
2.192825394625646801e-07
2.195669840553274161e-07
2.176608071152685521e-07
2.179363471747128157e-07
2.160544850511542745e-07
2.163214059482135295e-07
2.144641883921537827e-07
2.147227581789697291e-07
2.128904968822427256e-07
2.131409672163024911e-07
2.113339557902187423e-07
2.115765628229860147e-07
2.097950768088977419e-07
2.100300420336543152e-07
2.082743389450627284e-07
2.085018700077169216e-07
2.067721894001895743e-07
2.069924808759100465e-07
2.052890444443634436e-07
2.055022785729062571e-07
2.038252902754272750e-07
2.040316376634927035e-07
2.023812838701968483e-07
2.025809041564532075e-07
2.009573538219374529e-07
2.011503963091315084e-07
1.995538011679868903e-07
1.997404054134106829e-07
1.981709001973910123e-07
1.983511965775240538e-07
1.968088992519931785e-07
1.969830094849954656e-07
1.954680215069800137e-07
1.956360591465947427e-07
1.941484657394915980e-07
1.943105366319585331e-07
1.928504070785723946e-07
1.930066097884796112e-07
1.915739977410279728e-07
1.917244239406880593e-07
1.903193677464359855e-07
1.904641025781547559e-07
1.890866256201099030e-07
1.892257480206064477e-07
1.878758590699155014e-07
1.880094420658799080e-07
1.866871356505902798e-07
1.868152466201271818e-07
1.855205034054527891e-07
1.856432043086872500e-07
1.843759914880923364e-07
1.844933390648926452e-07
1.832536107637260616e-07
1.833656566999478450e-07
1.821533543868114824e-07
1.822601454478709361e-07
1.810751983581955447e-07
1.811767764906106579e-07
1.800191020588650228e-07
1.801155044583049079e-07
1.789850087553133480e-07
1.790762679029888411e-07
1.779728460889760718e-07
1.780589897487957928e-07
1.769825265255354430e-07
1.770635777132752257e-07
1.760139477873684990e-07
1.760899246997516784e-07
1.750669932522633156e-07
1.751379091587244489e-07
1.741415323210985915e-07
1.742073954172211623e-07
1.732374207527797990e-07
1.732982339744257687e-07
1.723545009653529646e-07
1.724102617592648628e-07
1.714926022990522327e-07
1.715433023436096352e-07
1.706515412385412211e-07
1.706971661258425234e-07
1.698311215931131916e-07
1.698716504501611407e-07
1.690311346296719677e-07
1.690665396879253616e-07
1.682513591549895006e-07
1.682816052604436202e-07
1.674915615431618073e-07
1.675166055990465027e-07
1.667514957049032583e-07
1.667712860398916620e-07
1.660309029805661576e-07
1.660453786489313667e-07
1.653295119752335925e-07
1.653386019581841353e-07
1.646470382967053818e-07
1.646506606166438177e-07
1.639831842149519207e-07
1.639812449376446437e-07
1.633376382114264517e-07
1.633300303372101661e-07
1.627100744186463878e-07
1.626966766396061262e-07
1.621001519374250153e-07
1.620808272431973354e-07
1.615075139978139171e-07
1.614821081281355818e-07
1.609317869698857516e-07
1.609001266725629258e-07
1.603725791874458875e-07
1.603344702764742763e-07
1.598294795575201152e-07
1.597847047355663059e-07
1.593020559397620317e-07
1.592503723611750334e-07
1.587898532506827663e-07
1.587309897892634277e-07
1.582923912629630869e-07
1.582260454497873407e-07
1.578091620441818068e-07
1.577349966290965725e-07
1.573396270011971238e-07
1.572572660928160989e-07
1.568832134525864006e-07
1.567922381872681934e-07
1.564393106737974794e-07
1.563392543457277763e-07
1.560072653297714301e-07
1.558976079284878586e-07
1.555863762114154946e-07
1.554665382794492620e-07
1.551758881648041599e-07
1.550452239131521650e-07
1.547749851042470776e-07
1.546327746822994185e-07
1.543827819710439042e-07
1.542282228155104384e-07
1.539983154818349350e-07
1.538305126477585197e-07
1.536205335180574965e-07
1.534384888882986692e-07
1.532482829409255576e-07
1.530508832399572979e-07
1.528802956585744043e-07
1.526662991805462090e-07
1.525151727025558623e-07
1.522831947051683522e-07
1.521513661047362075e-07
1.518998628430857532e-07
1.517871583366662667e-07
1.515144097793064070e-07
1.514206391061508345e-07
1.511247304462962584e-07
1.510496793319839422e-07
1.507284815287489048e-07
1.506719021873538438e-07
1.503230519508989481e-07
1.502846512264856020e-07
1.499055310629629883e-07
1.498849557676975293e-07
1.494726750354423633e-07
1.494694939993553999e-07
1.490208722966148515e-07
1.490345546259089423e-07
1.485461093647603761e-07
1.485759984176931610e-07
1.480439390666130425e-07
1.480892217434028645e-07
1.475094539776943998e-07
1.475691250753537910e-07
1.469372689756474426e-07
1.470100906607197388e-07
1.463215180264768240e-07
1.464059749362399749e-07
1.456558717298303477e-07
1.457501229290378968e-07
1.449335835929868970e-07
1.450354135322244875e-07
1.441475742450685400e-07
1.442543461580295608e-07
1.432905636034129958e-07
1.433991802452690476e-07
1.423552607579581122e-07
1.424621390813855958e-07
1.413346195682818512e-07
1.414356874916315805e-07
1.402221639059263066e-07
1.403128884607091985e-07
1.390123795759672098e-07
1.390878358678564762e-07
1.377011599989688910e-07
1.377561489411028253e-07
1.362862801482035980e-07
1.363154992947794799e-07
1.347678594945698564e-07
1.347661252002409254e-07
1.331487624468628261e-07
1.331112733496995020e-07
1.314348775738017865e-07
1.313575001276062714e-07
1.296352185353439396e-07
1.295147669396587299e-07
1.277618027703866556e-07
1.275962805901587013e-07
1.258292887506742613e-07
1.256180599123149503e-07
1.238543856834575299e-07
1.235982494239533004e-07
1.218550843824624429e-07
1.215562413324004851e-07
1.198497864890547702e-07
1.195116988675757012e-07
1.178564243363803244e-07
1.174835885036974291e-07
1.158916618494124655e-07
1.154893227389793359e-07
1.139702492428037917e-07
1.135440912230431774e-07
1.121045761028126680e-07
1.116604232887035778e-07
1.103044360153476675e-07
1.098479883548063271e-07
1.085769880380743191e-07
1.081136100305030983e-07
1.069268805550183949e-07
1.064614496499715828e-07
1.053564929671956801e-07
1.048933064229962861e-07
1.038662493610228742e-07
1.034089825569964359e-07
1.024549633251992267e-07
1.020066693931618156e-07
1.011201816568771902e-07
1.006833213802368508e-07
9.985850431028940570e-08
9.943499593370760370e-08
9.866586690535535634e-08
9.825714706005766165e-08
9.753777944521227164e-08
9.714486834586419710e-08
9.646952030113049174e-08
9.609308627903849383e-08
9.545628808372956789e-08
9.509670820704017797e-08
9.449331608185568177e-08
9.415073094902214007e-08
9.357595483116393936e-08
9.325031664533118788e-08
9.269972852355931887e-08
9.239084224902471446e-08
9.186037060533166777e-08
9.156792846682733947e-08
9.105384330747453697e-08
9.077745316258728103e-08
9.027634515378500034e-08
9.001555339702011502e-08
8.952430978222719500e-08
8.927861948170428461e-08
8.879439877121203246e-08
8.856328372198159995e-08
8.808349059609307002e-08
8.786640592209806667e-08
8.738866736933618215e-08
8.718505723941276849e-08
8.670720063091056610e-08
8.651650358400020970e-08
8.603653715167985024e-08
8.585818945465894783e-08
8.537428547319790295e-08
8.520772287480591529e-08
8.471820372423221475e-08
8.456286191266219782e-08
8.406618911554440344e-08
8.392150314585631973e-08
8.341626940718211195e-08
8.328167232633417888e-08
8.276659655503749570e-08
8.264151743341277116e-08
8.211544267895343977e-08
8.199930423546909400e-08
8.146119842472959116e-08
8.135341442742319496e-08
8.080237373621312634e-08
8.070234635491556779e-08
8.013760098121738307e-08
8.004471827233530271e-08
7.946564030830188356e-08
7.937927400952096824e-08
7.878538701748351575e-08
7.870489084287973330e-08
7.809588064547224740e-08
7.802058926009976929e-08
7.739631535738369284e-08
7.732554421169632458e-08
7.668605113144925866e-08
7.661909732107409929e-08
7.596462512333592005e-08
7.590076941212334612e-08
7.523176250777126954e-08
7.517027261408926314e-08
7.448738601595532919e-08
7.442752121933827443e-08
7.373162337124508810e-08
7.367264041672127595e-08
7.296481181504140738e-08
7.290597203906135665e-08
7.218749899360993718e-08
7.212807649994123243e-08
7.140043959112861890e-08
7.133973023513989528e-08
7.060458727356253841e-08
7.054191813913300091e-08
6.980108173784220150e-08
6.973582073316431507e-08
6.899123092311727083e-08
6.892279608895930671e-08
6.817648872573098466e-08
6.810435683736315947e-08
6.735842882732879451e-08
6.728214289548591074e-08
6.653871549133156880e-08
6.645789081608192323e-08
6.571907236539412249e-08
6.563340087207041856e-08
6.490125044634346915e-08
6.481050312810808944e-08
6.408699639034459425e-08
6.399102378813031361e-08
6.327802230810190131e-08
6.317675306047154942e-08
6.247597805311739245e-08
6.236941565342616736e-08
6.168242683418395327e-08
6.157064480857265684e-08
6.089882475216610921e-08
6.078196053804998746e-08
6.012650462958910143e-08
6.000475246580532210e-08
5.936666424973800659e-08
5.924026741165354773e-08
5.862035892402674640e-08
5.848960162050492233e-08
5.788849810942587883e-08
5.775369733902002193e-08
5.717184566737226718e-08
5.703334328777449271e-08
5.647102326074133220e-08
5.632917848307203332e-08
5.578651633320159200e-08
5.564169879911661030e-08
5.511868210510672691e-08
5.497126565823094259e-08
5.446775903986118623e-08
5.431811625772585558e-08
5.383387727693282431e-08
5.368237478571871769e-08
5.321706958461846569e-08
5.306406415497385456e-08
5.261728245849934909e-08
5.246311784275767972e-08
5.203438705147680168e-08
5.187939151904192428e-08
5.146818970019508620e-08
5.131267420029825122e-08
5.091844186616872321e-08
5.076269875210724767e-08
5.038484937039654177e-08
5.022915161069293864e-08
4.986708084685037011e-08
4.971168165120906408e-08
4.936477537902936032e-08
4.920990817061880515e-08
4.887754931314221208e-08
4.872342798321085710e-08
4.840500227042095575e-08
4.825182165861697315e-08
4.794672239112346197e-08
4.779465893774207847e-08
4.750229086116813109e-08
4.735150339116961200e-08
4.707128577733536392e-08
4.692191637293561125e-08
4.665328540820945912e-08
4.650546034269955756e-08
4.624787091333766383e-08
4.610170161692414411e-08
4.585462858124020551e-08
4.571021261794191339e-08
4.547315163999125933e-08
4.533057367927409855e-08
4.510304169763477167e-08
4.496237446648128944e-08
4.474390985983385934e-08
4.460521506558818352e-08
4.439537757101057805e-08
4.425870678753696762e-08
4.405707721962129340e-08
4.392247273123189607e-08
4.372865254371305836e-08
4.359614814318195602e-08
4.340975886899879978e-08
4.327938060947621304e-08
4.310006320788059182e-08
4.297183010562729286e-08
4.279924424463480487e-08
4.267316893448119946e-08
4.250699222660936688e-08
4.238308157061922221e-08
4.222300878177909356e-08
4.210126443510500836e-08
4.194700668501551616e-08
4.182742560400760861e-08
4.167870954069056007e-08
4.156128447197497899e-08
4.141785149209850412e-08
4.130257140727769552e-08
4.116417686328692095e-08
4.105102735956646562e-08
4.091743979385624466e-08
4.080640345991955518e-08
4.067740386341135530e-08
4.056846061291075506e-08
4.044384171029052937e-08
4.033696908581278797e-08
4.021653464981279261e-08
4.011170810166746712e-08
3.999527230349110675e-08
3.989246543096071877e-08
3.977985220071911647e-08
3.967903698093382705e-08
3.957007942782614252e-08
3.947122642202841122e-08
3.936576626848206934e-08
3.926884480358355414e-08
3.916673185208102494e-08
3.907171018502199349e-08
3.897280181585028335e-08
3.887964728037851798e-08
3.878380797662378002e-08
3.869248711512995536e-08
3.859958801571055128e-08
3.851006669567355935e-08
3.841998517404031076e-08
3.833222869156985216e-08
3.824484795888537199e-08
3.815882113006225013e-08
3.807402986242814163e-08
3.798969710299105112e-08
3.790738908982268723e-08
3.782471448485148364e-08
3.774478829880772355e-08
3.766373566221914997e-08
3.758609434840915566e-08
3.750662727423990324e-08
3.743117805699229087e-08
3.735325996205676261e-08
3.727991396931525808e-08
3.720350812796993171e-08
3.713218013070506750e-08
3.705724970281489637e-08
3.698785786999360582e-08
3.691436592156386871e-08
3.684683158700272106e-08
3.677474110542236606e-08
3.670898854814291684e-08
3.663826245034681569e-08
3.657421868537284185e-08
3.650481982083917485e-08
3.644241440079999227e-08
3.637430554852526861e-08
3.631347037380620760e-08
3.624661423450052514e-08
3.618728337227405008e-08
3.612164255434346766e-08
3.606375206449999546e-08
3.599928906559649436e-08
3.594277683314945624e-08
3.587945401618334432e-08
3.582425958954744178e-08
3.576203915317911445e-08
3.570810358662450054e-08
3.564694753083470216e-08
3.559421323130040463e-08
3.553408331733837483e-08
3.548249389373888793e-08
3.542335159799133932e-08
3.537285171299319015e-08
3.531465817599879451e-08
3.526519339870901978e-08
3.520790936671593389e-08
3.515942602627780175e-08
3.510301178712732318e-08
3.505545682530603435e-08
3.499987213709720718e-08
3.495319295994372659e-08
3.489839697212678942e-08
3.485254129870303589e-08
3.479849246576117281e-08
3.475340817436354332e-08
3.470006416025999045e-08
3.465569912926409941e-08
3.460301670292943624e-08
3.455931864707524333e-08
3.450725356801518292e-08
3.446416986752687736e-08
3.441267676038111391e-08
3.437015428244661589e-08
3.431918649938889156e-08
3.427717141067128654e-08
3.422668088110561181e-08
3.418511844941362846e-08
3.413505551553771803e-08
3.409388989945064991e-08
3.404420313640938090e-08
3.400337716120397653e-08
3.395401318000452838e-08
3.391346809819974991e-08
3.386437133055633532e-08
3.382404656544311771e-08
3.377515902785709127e-08
3.373499189700853744e-08
3.368625293356451854e-08
3.364617835106400781e-08
3.359752435114913642e-08
3.355747450650131672e-08
3.350883859686600852e-08
3.346874260668100625e-08
3.342005431507295784e-08
3.337983784626361248e-08
3.333102273318280169e-08
3.329060759469657859e-08
3.324158685204443872e-08
3.320089055121427929e-08
3.315158056481914164e-08
3.311051582622664707e-08
3.306082769895609844e-08
3.301930194377359865e-08
3.296914097652068104e-08
3.292705575650233250e-08
3.287632088584971319e-08
3.283357127196849552e-08
3.278215446010278275e-08
3.273862838176362569e-08
3.268641395804071942e-08
3.264199149036929925e-08
3.258885544252791467e-08
3.254340804183409700e-08
3.248921725603898878e-08
3.244260694035499565e-08
3.238721839097756476e-08
3.233929686849781199e-08
3.228255675907069595e-08
3.223316450552146633e-08
3.217490736576414805e-08
3.212387265569330244e-08
3.206392040022491658e-08
3.201105830073477292e-08
3.194921926066932460e-08
3.189433059748617538e-08
3.183039853975790422e-08
3.177326885423928065e-08
3.170702200776822621e-08
