# -1.0J_0.0g_0.31416theta_0.31416phi_10Chi_0.01delta_500N
-3.862918466871716568e-13
-7.396809413064372486e-04
-6.585372717651826191e-01
6.316596596310327660e-01
-3.870405511404177018e-02
-1.009863737998888816e-01
1.921919717162094421e-01
-2.003656420639771465e-02
-1.472690179068120164e-01
-4.850734063115835076e-02
9.408100658645342446e-05
3.604293499841204612e+05
2.778233125629762411e+08
-6.493055922104203701e+08
-7.472198970832235336e+09
-7.041732992436626434e+09
-1.406918245136002541e+09
-1.443462862684485197e+09
-2.242004267831151009e+09
-1.031783270250591516e+09
6.712466793920239816e-01
1.470172804800288439e+09
1.131765047607937256e+12
9.030716673791831055e+11
-5.553016600838896179e+10
-1.444210299404050903e+11
2.749818947661666870e+11
-2.907505822191643143e+10
-2.110038740805540771e+11
-6.954454687064494324e+10
7.206760544522705647e-01
5.510426950874933624e+10
-9.973755630236536865e+11
-5.246669554696665625e+14
-2.283691705445515938e+14
-3.643196507535477539e+12
5.690911229182950000e+13
-4.498076696855693125e+14
-3.760147450700933750e+14
-1.519159639431570312e+14
-2.520860886059949485e-02
-7.905429113749871826e+10
3.625053661057415771e+10
-2.734186261016077500e+14
-3.140181115458977000e+15
-9.060278900373984375e+13
1.537786331983238750e+14
9.896683318059907500e+14
-1.612881141073259500e+15
6.338892158436707500e+14
-3.082123958581413706e-02
1.051654724325326996e+11
4.075095793516471863e+10
5.905053047168024219e+13
-5.864249302191875000e+13
-2.030447023888613250e+15
-3.440110187565144375e+14
-9.594203364323657500e+14
9.352450071285387500e+14
2.703386303280694062e+14
0.000000000000000000e+00
-2.285031825236882401e+10
5.130380576450420618e+08
-6.961290867028416250e+14
4.612528770052774375e+14
-9.555545651197508750e+14
-2.880925046466099609e+13
2.052981175904583250e+15
-5.897086473835486250e+14
-4.751183360804375625e+14
5.702820846942266431e-02
-3.032438852513893890e+10
-7.832164972514407349e+10
2.073637489895637188e+14
1.382439328038027000e+15
1.313328857040302750e+15
-1.610248117648267500e+14
3.208304070112939000e+15
6.076888144514840000e+14
-1.955986288106225250e+15
0.000000000000000000e+00
1.385272606649888611e+10
-1.591787909847672284e+08
-6.420014541321667500e+14
9.387949812586076250e+14
-1.615898591640299000e+15
3.729202815318640000e+14
2.674698721665648000e+15
-1.938527409673123000e+15
1.345944376518888750e+15
-2.175976862283362026e-02
-1.152516438914955597e+11
3.223611788603695297e+10
-9.115083721612656250e+14
7.181836959862478750e+14
-1.006335181810527375e+15
4.673787900949134375e+14
-2.425238713199828000e+15
-1.470169369043203250e+15
1.827703128563708000e+15
-3.296735036545991566e-13
-3.476369968851367731e-01
4.116238710551751046e-04
-2.874514260941668509e-02
-1.168563484983105721e-01
-3.197045913406850737e-01
-2.650782309952809737e-02
5.783328359215778730e-02
1.544854778002934248e-01
-1.371700997313297921e-01
3.667599131495517528e-01
3.873865154229351807e+11
-4.586848475549483895e+08
-4.803242150698377609e+09
-1.934035933692214966e+10
-5.290187279910642242e+10
-4.402351478416835785e+09
9.580730670189495087e+09
2.557180739274582291e+10
-2.270086557178791046e+10
-7.207757467360699478e-05
-7.680204854894994199e+07
9.102257518493407406e+04
-3.129074719480141401e+08
5.414217649214529037e+09
-3.770029865563129902e+09
-5.069820125276049614e+09
-4.839858958736248970e+09
-1.301173866427225494e+10
-1.040989512240765953e+10
-4.736877704451921073e-04
1.004946360156963468e+08
-3.117521341949830530e+05
1.104352639582350830e+12
-1.427018283672197754e+12
1.016071457778148438e+13
3.387192519723670410e+12
2.370096831066354492e+12
6.253266725799120117e+12
1.250405926066672070e+13
-2.257181203832266461e-02
3.703086406493245602e+09
9.921189576044708490e+06
-7.686839759337448438e+13
2.562314018563737188e+14
-7.210956474696778750e+14
-3.521885797930701250e+14
-2.938305711267488125e+14
-7.805498124032421250e+14
-1.085527547238238250e+15
-1.783278790126565094e-01
2.927286677429283905e+10
-4.872510591129252315e+07
5.208627025270799219e+13
-9.425004086999772500e+14
5.658662501619886250e+14
8.169829588199957500e+14
8.315766830529690000e+14
2.224561856235359750e+15
1.793141354041276000e+15
-5.296860954419366774e-01
8.694905228184921265e+10
-6.394277303206688911e+07
-2.659587352089796250e+14
-9.801854829711866250e+14
-2.331756068328977500e+15
1.643270623855639062e+14
5.159841380170886250e+14
1.404563699931076750e+15
-1.188051354167963500e+15
-2.101127106848872939e-01
3.449578605981651306e+10
-5.469993157305733860e+07
1.009185003123876719e+14
4.652374678885941875e+14
7.945041775772460000e+14
-2.044200565848423125e+14
-2.824261466108638750e+14
-7.793621234182560000e+14
3.287694202109105000e+14
6.059762307449071406e-01
-9.947804061253117371e+10
1.392689568132227659e+08
-1.276666653010792656e+14
1.252623391742690469e+14
-1.059491763391882000e+15
-2.628515350693281562e+14
-2.277676342509422188e+14
-5.794456269578262500e+14
-1.399520713701166000e+15
6.145027783168552360e-02
-1.008788465301200294e+10
-2.200337074351889081e+06
6.705202989445232031e+13
-4.902013666319773125e+14
6.832364819436727500e+14
5.320960806657333125e+14
4.790382365943834375e+14
1.282650899407881500e+15
1.312204293526424000e+15
-1.000000000000000000e+00
9.476215533620831135e-13
5.890227174177357592e-13
2.532304434825919441e-15
-1.761448405771720829e-16
-2.326052470568534568e-16
7.041137969579372104e-16
-3.401215140389093279e-16
-1.046628951643987311e-15
-1.407853845955609818e-16
-8.977058062098759052e-13
-2.883753543235276218e-01
1.224567806187004892e+00
-1.108950991187972482e+06
3.800737824296667241e+05
8.149013326436736679e+04
4.602399531841463409e+06
-3.685745982742279302e+05
-1.412597725292464384e+04
-9.768182447204847122e+05
-5.788121911540009716e-13
3.559773309033367750e-01
-1.550704382967916573e+00
9.435387033260125900e+05
3.217067993764879066e+05
-6.021782562882821076e+05
-4.094899913652783725e+06
3.076055731154615642e+05
-1.713529727422434953e+05
1.810660446530774236e+06
3.006242819233511190e-15
9.076456147766982904e+05
-3.909419201445369516e+06
2.823350981410627441e+12
-3.200617198195360661e+09
-1.006348644932153687e+12
-1.197922616935654883e+13
9.232418981128449707e+11
-2.341835757457146301e+11
3.924526755417851074e+12
-1.969007401904326935e-16
1.953383639668601155e+08
-8.645544448402664661e+08
3.778871041153217500e+14
4.458768814584615625e+14
-5.013525791092530625e+14
-1.731760742805406000e+15
1.242955246486819844e+14
-1.613505508851530938e+14
1.223841161266971750e+15
1.353365299345913809e-16
3.114323716368732601e+07
-7.652870564256833494e+07
7.051826630965973750e+14
-1.155063496343277250e+15
6.988933418119583750e+14
-2.664999030395457000e+15
2.340183563045960000e+14
2.744741927819189688e+14
-8.042394598921561250e+14
2.220446049250313081e-16
-3.513285508703305572e+07
1.348762385541962981e+08
-2.757058066513302500e+14
3.211650442387516875e+14
-1.654355995498802812e+14
1.077980349367766750e+15
-9.015820453403289062e+13
-7.039035363243279688e+13
1.170228232354557031e+14
3.803455451508735640e-16
2.904449497706294060e+08
-1.284210324827952862e+09
5.705311209032502500e+14
6.432717136228506250e+14
-7.325263277806708750e+14
-2.605439711369666500e+15
1.870352390525090938e+14
-2.346395928547119375e+14
1.799087401156524250e+15
-4.440892098500626162e-16
4.158717698819967918e+06
-2.169194349562176038e+06
1.769280116020840312e+14
-3.128858974854353750e+14
1.942327017834672500e+14
-6.618056804859132500e+14
5.848607300217045312e+13
7.572418169079026562e+13
-2.387699062019518125e+14
-4.161989588343031772e-16
3.254036691610312462e+08
-1.498981118954377174e+09
-1.240816679677768555e+13
1.946784066672268000e+15
-1.598106882048688250e+15
-4.994330058810686250e+14
-9.258548792172339844e+12
-5.607768700080170625e+14
2.994900039088697500e+15
