# -0.7J_-0.3g_0.94248theta_0.94248phi_10Chi_0.01delta_500N
6.333245094289674526e-02
9.826368816021483280e-04
1.440616201213137065e-05
2.830859099451587826e-06
8.680889502161698384e-07
1.324351175943750979e-06
6.474955274153081103e-07
1.025976757281701209e-06
5.728677212891765837e-07
8.437794468304596404e-07
5.300606320615657818e-07
7.230076531998661291e-07
4.986915101335565542e-07
6.408269999497386249e-07
4.724159843038080415e-07
5.826839459172508576e-07
4.488185197731256624e-07
5.394128722383602327e-07
4.268869192960382006e-07
5.054829676333751465e-07
4.062077254807748836e-07
4.775855423450177535e-07
3.866662261219766376e-07
4.536789655519071082e-07
3.683090808647861673e-07
4.324405570328925478e-07
3.512630871821584171e-07
4.130244415814401465e-07
3.357146481063069817e-07
3.949346904493380310e-07
3.219471178764163797e-07
3.779101501635112818e-07
3.104149717547784775e-07
3.618203002484189044e-07
3.018542686649665408e-07
3.465888595016878991e-07
2.974223420417280701e-07
3.321524554975138325e-07
2.988204206415965540e-07
3.184499029330907118e-07
3.082986217282079907e-07
3.054333146421231904e-07
3.284219692058904899e-07
2.930944767414809656e-07
3.615423427385933200e-07
2.815037431512028967e-07
4.090264960049989753e-07
2.708604050102711925e-07
4.702971563841495877e-07
2.615553122819623478e-07
5.417928739945287288e-07
2.542434619321392579e-07
6.163288738068035959e-07
2.499071582097237759e-07
6.837013389198610492e-07
2.498461040672761537e-07
7.330758980755501970e-07
2.554735832791126271e-07
7.566738866872167030e-07
2.678077610417428870e-07
7.529456198457726868e-07
2.866846793655307713e-07
7.269947976187381498e-07
3.098657039327761186e-07
6.878835521470153365e-07
3.323717099634005138e-07
6.448832386615506598e-07
3.469034971385947560e-07
6.047419814128470748e-07
3.465471318944485396e-07
5.705208643130661965e-07
3.290640649141493845e-07
5.416887684247629418e-07
2.987060112556003859e-07
5.150621405420302944e-07
2.630310444695374896e-07
4.862961615624589448e-07
2.283048226487759869e-07
4.517183104908408045e-07
1.976795636644030720e-07
4.100271341739004227e-07
1.719074163454045567e-07
3.629282470506439693e-07
1.505917194854607235e-07
3.141455438191924791e-07
1.330092804645513355e-07
2.675570712311126859e-07
1.184712311820188241e-07
2.258265855786653325e-07
1.064236623602420590e-07
1.901021060085986595e-07
9.644035686981850708e-08
1.604142603499605426e-07
8.818565849274925073e-08
1.362215419864622894e-07
8.138149743213944990e-08
1.168158184182105998e-07
7.578890773341618092e-08
1.015480216075662516e-07
7.119907138360412957e-08
8.991560646282872465e-08
6.743458047465434722e-08
8.154129360378008604e-08
6.434878114274968409e-08
7.606688723719621367e-08
6.182333766001245524e-08
7.304390837719664822e-08
5.976669616796936393e-08
7.193685219675643300e-08
5.811081836957806893e-08
7.222980286207526177e-08
5.680913773679076545e-08
7.351556381434075541e-08
5.583402166312696589e-08
7.551313843637821259e-08
5.517424319381025350e-08
7.804289253661352845e-08
5.483250303213139657e-08
8.099394168148374741e-08
5.482211556597462359e-08
8.429781043476029718e-08
5.516302090454050431e-08
8.791026204778121642e-08
5.587735522863656142e-08
9.179941957248746501e-08
5.698554438978414595e-08
9.593787220484751412e-08
5.850368580109962221e-08
1.002973130638520950e-07
6.044362832073133729e-08
1.048448118696588246e-07
6.281470445870109259e-08
1.095400982303111684e-07
6.562645807495986338e-08
1.143337788408209916e-07
6.889127854692352991e-08
1.191664361351471804e-07
7.262633618221198643e-08
1.239686558218919331e-07
7.685465661057320990e-08
1.286620507567651626e-07
8.160540206582123388e-08
1.331613216002055713e-07
8.691345323158340782e-08
1.373773180730455426e-07
9.281829776933991865e-08
1.412209466591957749e-07
9.936210292768853560e-08
1.446076374530005527e-07
1.065867164201465023e-07
1.474619647688717667e-07
1.145292183095384524e-07
1.497219478973070942e-07
1.232156002388804050e-07
1.513426103004095476e-07
1.326519323510295980e-07
1.522981903246876399e-07
1.428126227676851788e-07
1.525832206636443994e-07
1.536260003669025140e-07
1.522120287332917839e-07
1.649569664889664399e-07
1.512169729687704029e-07
1.765882695378643490e-07
1.496456825713227170e-07
1.882027621108856040e-07
1.475576478269007147e-07
1.993708687116272032e-07
1.450205316359788378e-07
2.095499986506912789e-07
1.421065421567997972e-07
2.181057758148781063e-07
1.388891446875796700e-07
2.243673104671099502e-07
1.354403090779375758e-07
2.277259304496432790e-07
1.318283934468546968e-07
2.277717344324760416e-07
1.281166641463822822e-07
2.244324279020344970e-07
1.243623647681767035e-07
2.180497646837952074e-07
1.206162302169275334e-07
2.093347820639979629e-07
1.169222010193547501e-07
1.992017882064330841e-07
1.133175086495605147e-07
1.885542826473750519e-07
1.098329142501924699e-07
1.781163777481796191e-07
1.064931350745048851e-07
1.683602063122340655e-07
1.033174180786997822e-07
1.595192000304026576e-07
1.003202005236633613e-07
1.516469562741386735e-07
9.751180987089826127e-08
1.446848633926621149e-07
9.489916665916562041e-08
1.385185053450671429e-07
9.248646343220390540e-08
1.330171306489662314e-07
9.027579912710211716e-08
1.280577830302013316e-07
8.826777290868263902e-08
1.235379080511725307e-07
8.646193721177824136e-08
1.193798408609593100e-07
8.485723751801705720e-08
1.155305481542996167e-07
8.345235629474572676e-08
1.119581644901595983e-07
8.224593957121361972e-08
1.086471615469512714e-07
8.123674518229030755e-08
1.055932070086822145e-07
8.042370986970381975e-08
1.027984670267931659e-07
7.980595020814326961e-08
1.002677883697652254e-07
7.938271577846118523e-08
9.800592908593828675e-08
7.915331006724108219e-08
9.601580265103849722e-08
7.911698970165974585e-08
9.429757149448930535e-08
7.927285240399018407e-08
9.284837650089401803e-08
7.961972827315289237e-08
9.166250139246660958e-08
8.015609157805965230e-08
9.073180228195129253e-08
8.088000448644663581e-08
9.004627494696462293e-08
8.178910859988841357e-08
8.959460847926125708e-08
8.288059305313696298e-08
8.936463517481707125e-08
8.415126414514762048e-08
8.934385444219844268e-08
8.559760265169091911e-08
8.951976049760794089e-08
8.721583794745735470e-08
8.988012976470866325e-08
8.900203644510176169e-08
9.041324398498838122e-08
9.095219280007906656e-08
9.110805873104423544e-08
9.306231772929322511e-08
9.195432717794298657e-08
9.532851780698294092e-08
9.294268775350104466e-08
9.774706427007615308e-08
9.406472278922274971e-08
1.003144492399965104e-07
9.531299413183893716e-08
1.030274289919672767e-07
9.668106068348643273e-08
1.058830547273779298e-07
9.816348174331107758e-08
1.088786919490537073e-07
9.975581527958448010e-08
1.120120635130047643e-07
1.014546106218891470e-07
1.152811631838462719e-07
1.032573050856735220e-07
1.186843110376867945e-07
1.051622840936880083e-07
1.222201489806437914e-07
1.071688013645335769e-07
1.258876135029079927e-07
1.092769275663976635e-07
1.296859192526838096e-07
1.114874916316112850e-07
1.336145413918662918e-07
1.138020155320795255e-07
1.376731976152801714e-07
1.162226436635957036e-07
1.418618304814215472e-07
1.187520683603574077e-07
1.461805905711447067e-07
1.213934532876039320e-07
1.506298208188662182e-07
1.241503566721145599e-07
1.552100422522567796e-07
1.270266563164105730e-07
1.599219413103317675e-07
1.300264781913708843e-07
1.647663588703427210e-07
1.331541301641202279e-07
1.697442810364481997e-07
1.364140419484439764e-07
1.748568316458539776e-07
1.398107119811442736e-07
1.801052663487937375e-07
1.433486613653240758e-07
1.854909679442838862e-07
1.470323946465022273e-07
1.910154426402807103e-07
1.508663667687047930e-07
1.966803168727964004e-07
1.548549553183549392e-07
2.024873343911629906e-07
1.590024370493140534e-07
2.084383533797983372e-07
1.633129676837949686e-07
2.145353434006701771e-07
1.677905640869915312e-07
2.207803820096427869e-07
1.724390882287465957e-07
2.271756508609335749e-07
1.772622350996539240e-07
2.337234441336743495e-07
1.822635254046459767e-07
2.404261280555536876e-07
1.874462620394790614e-07
2.472861600091894932e-07
1.928135576587229677e-07
2.543060841449630595e-07
1.983683158432727804e-07
2.614885172716002291e-07
2.041132289573316215e-07
2.688361400868542200e-07
2.100507804036448974e-07
2.763516880034668447e-07
2.161832516591553302e-07
2.840379419291004241e-07
2.225127340383991699e-07
2.918977193702742034e-07
2.290411448505704866e-07
2.999338661821269675e-07
2.357702471858437358e-07
3.081492491602179681e-07
2.427016723659682079e-07
3.165467494998864183e-07
2.498369438546307740e-07
3.251292570317798342e-07
2.571775015313858728e-07
3.338996650861043877e-07
2.647247251575528843e-07
3.428608658382803991e-07
2.724799561785316899e-07
3.520157459430572825e-07
2.804445171193801511e-07
3.613671824334526541e-07
2.886197282046822483e-07
3.709180388232807855e-07
2.970069208926399886e-07
3.806711614415345680e-07
3.056074484451588027e-07
3.906293759986440698e-07
3.144226937256702326e-07
4.007954845113615909e-07
3.234540745529380352e-07
4.111722625466706652e-07
3.327030471442627835e-07
4.217624568530847344e-07
3.421711078976183288e-07
4.325687834232576463e-07
3.518597939033284699e-07
4.435939259540288397e-07
3.617706823018375192e-07
4.548405347650345397e-07
3.719053887469643146e-07
4.663112261685157209e-07
3.822655651752781691e-07
4.780085824117593600e-07
3.928528971097009849e-07
4.899351530551780541e-07
4.036691007074445432e-07
5.020934464993059887e-07
4.147159197004173310e-07
5.144859410895809767e-07
4.259951222956897950e-07
5.271150752514671939e-07
4.375084981499519458e-07
5.399832564652515348e-07
4.492578553766950751e-07
5.530928608747454135e-07
4.612450176600600665e-07
5.664462335667122508e-07
4.734718214920318623e-07
5.800456892821205109e-07
4.859401134806162437e-07
5.938935132962109332e-07
4.986517478582321714e-07
6.079919623450942493e-07
5.116085840466172112e-07
6.223432655617306361e-07
5.248124844037239706e-07
6.369496253957199349e-07
5.382653120756394628e-07
6.518132185183999776e-07
5.519689289460649833e-07
6.669361966060038262e-07
5.659251967124712583e-07
6.823206987886399008e-07
5.801359965837815523e-07
6.979688268370591595e-07
5.946031508963151064e-07
7.138826546822695042e-07
6.093284980298515273e-07
7.300642402805855820e-07
6.243138665381019308e-07
7.465156195435817860e-07
6.395610738242760493e-07
7.632388067198177113e-07
6.550719248340334201e-07
7.802357947059638383e-07
6.708482108316132090e-07
7.975085553265783157e-07
6.868917083053913039e-07
8.150590394916015134e-07
7.032041779230273752e-07
8.328891773776691424e-07
7.197873635521016652e-07
8.510008785332418551e-07
7.366429913965751691e-07
8.693960319095343355e-07
7.537727691465274802e-07
8.880765059336072548e-07
7.711783852393887350e-07
9.070441484498713875e-07
7.888615081531872869e-07
9.263007867375610545e-07
8.068237857481647602e-07
9.458482274400723049e-07
8.250668447208609862e-07
9.656882565132904121e-07
8.435922900691152887e-07
9.858226391428542374e-07
8.624017047260080661e-07
1.006253119724285683e-06
8.814966491847742744e-07
1.026981421739486360e-06
9.008786615585620243e-07
1.048009247758978731e-06
9.205492582756418615e-07
1.069338283328447121e-06
9.405099673128313781e-07
1.090970196699558480e-06
9.607622367725751445e-07
1.112906608449824478e-06
9.813074916044903515e-07
1.135149134774035521e-06
1.002147152099231659e-06
1.157699369893883489e-06
1.023282615585148940e-06
1.180558885891923374e-06
1.044715256194617252e-06
1.203729232518871803e-06
1.066446424804409107e-06
1.227211936959925469e-06
1.088477449655541324e-06
1.251008506666355430e-06
1.110809642812081248e-06
1.275120427969660408e-06
1.133444277577666961e-06
1.299549151368750398e-06
1.156382612700418408e-06
1.324296112201095414e-06
1.179625884723577029e-06
1.349362722688977693e-06
1.203175307930991145e-06
1.374750371873550181e-06
1.227032074661263325e-06
1.400460425471462232e-06
1.251197355559296300e-06
1.426494225754410673e-06
1.275672299886996295e-06
1.452853091427995881e-06
1.300458035913652094e-06
1.479538317563902188e-06
1.325555671151760232e-06
1.506551175511649538e-06
1.350966292806099844e-06
1.533892912796369109e-06
1.376690968115960020e-06
1.561564753079764191e-06
1.402730744723671559e-06
1.589567896072632020e-06
1.429086651107788935e-06
1.617903517503575859e-06
1.455759696938685528e-06
1.646572769051799075e-06
1.482750873520808587e-06
1.675576778336294882e-06
1.510061154194287402e-06
1.704916648880398859e-06
1.537691494764151376e-06
1.734593460052916346e-06
1.565642833899741414e-06
1.764608267133036937e-06
1.593916093579395031e-06
1.794962101233535267e-06
1.622512179497634561e-06
1.825655969346856173e-06
1.651431981498951585e-06
1.856690854327389046e-06
1.680676373981438664e-06
1.888067714915003488e-06
1.710246216335495235e-06
1.919787485776220195e-06
1.740142353319684716e-06
1.951851077545281047e-06
1.770365615500872517e-06
1.984259376792523645e-06
1.800916819608172525e-06
2.017013246154020556e-06
1.831796768988340178e-06
2.050113530164845131e-06
1.863006256881834171e-06
2.083561042332457228e-06
1.894546062622307526e-06
2.117356569725229765e-06
1.926416947289483731e-06
2.151500879648305016e-06
1.958619664205021304e-06
2.185994715675087700e-06
1.991154955077149733e-06
2.220838797833898011e-06
2.024023550299678670e-06
2.256033822611742183e-06
2.057226169242438967e-06
2.291580463062545940e-06
2.090763520606616806e-06
2.327479368901636361e-06
2.124636302632634222e-06
2.363731166586439554e-06
2.158845203408970537e-06
2.400336459371787250e-06
2.193390901115559820e-06
2.437295827506241255e-06
2.228274064231813706e-06
2.474609828222711709e-06
2.263495351781212753e-06
2.512278995905899409e-06
2.299055413522948485e-06
2.550303842143163100e-06
2.334954890100770382e-06
2.588684855889280091e-06
2.371194413278786296e-06
2.627422503532507199e-06
2.407774606038072489e-06
2.666517229004213920e-06
2.444696082696690153e-06
2.705969453884837356e-06
2.481959449086262137e-06
2.745779577541686425e-06
2.519565302603293823e-06
2.785947977198095333e-06
2.557514232287582120e-06
2.826475008069846269e-06
2.595806818960581684e-06
2.867361003481396306e-06
2.634443635143696309e-06
2.908606274945236763e-06
2.673425245232318785e-06
2.950211112290222508e-06
2.712752205412587889e-06
2.992175783791996822e-06
2.752425063748915266e-06
3.034500536260264591e-06
2.792444360100196927e-06
3.077185595134015750e-06
2.832810626137317184e-06
3.120231164638739256e-06
2.873524385300823688e-06
3.163637427824774624e-06
2.914586152726888701e-06
3.207404546784943064e-06
2.955996435219719114e-06
3.251532662623203877e-06
2.997755731161058600e-06
3.296021895665461471e-06
3.039864530381416586e-06
3.340872345555166583e-06
3.082323314139209216e-06
3.386084091284050024e-06
3.125132554953903603e-06
3.431657191395944214e-06
3.168292716513797542e-06
3.477591684032705075e-06
3.211804253525809648e-06
3.523887587048219276e-06
3.255667611602992960e-06
3.570544898098804674e-06
3.299883227128554811e-06
3.617563594759659133e-06
3.344451527047550677e-06
3.664943634654071583e-06
3.389372928803589212e-06
3.712684955478378160e-06
3.434647840080772652e-06
3.760787475168084842e-06
3.480276658708533935e-06
3.809251091967425797e-06
3.526259772422551060e-06
3.858075684550736430e-06
3.572597558776920362e-06
3.907261112069398487e-06
3.619290384853717382e-06
3.956807214304428807e-06
3.666338607180924036e-06
4.006713811763113499e-06
3.713742571491467643e-06
4.056980705695516612e-06
3.761502612547519190e-06
4.107607678325216997e-06
3.809619053973934466e-06
4.158594492796446670e-06
3.858092208028201183e-06
4.209940893403105653e-06
3.906922375456634807e-06
4.261646605632677245e-06
3.956109845314293421e-06
4.313711336196473873e-06
4.005654894707333177e-06
4.366134773288304013e-06
4.055557788711242081e-06
4.418916586470820699e-06
4.105818780113857828e-06
4.472056427000313766e-06
4.156438109256317031e-06
4.525553927769186993e-06
4.207416003891107749e-06
4.579408703468298744e-06
4.258752678950574535e-06
4.633620350672193815e-06
4.310448336461055552e-06
4.688188447957525410e-06
4.362503165282130258e-06
4.743112556003805481e-06
4.414917341041889147e-06
4.798392217696790178e-06
4.467691025900794517e-06
4.854026958257348289e-06
4.520824368462343056e-06
4.910016285300423204e-06
4.574317503610104328e-06
4.966359689057035169e-06
4.628170552371945628e-06
5.023056642330995359e-06
4.682383621789440673e-06
5.080106600740776139e-06
4.736956804756655519e-06
5.137509002862317429e-06
4.791890179989871366e-06
5.195263270191119437e-06
4.847183811825621415e-06
5.253368807462402483e-06
4.902837750162285397e-06
5.311825002663152650e-06
4.958852030350349684e-06
5.370631227173181571e-06
5.015226673102294844e-06
5.429786835946000996e-06
5.071961684379803879e-06
5.489291167617054972e-06
5.129057055400160720e-06
5.549143544689351341e-06
5.186512762453468134e-06
5.609343273577859828e-06
5.244328766911741474e-06
5.669889644868802372e-06
5.302505015152377556e-06
5.730781933482186045e-06
5.361041438544845231e-06
5.792019398679450913e-06
5.419937953327981651e-06
5.853601284451256119e-06
5.479194460649814675e-06
5.915526819454127748e-06
5.538810846517983493e-06
5.977795217379450094e-06
5.598786981745994380e-06
6.040405677011899924e-06
5.659122722008607339e-06
6.103357382450577978e-06
5.719817907788753387e-06
6.166649503307274824e-06
5.780872364346506900e-06
6.230281194814160927e-06
5.842285901809132828e-06
6.294251598204736331e-06
5.904058315142811897e-06
6.358559840682542958e-06
5.966189384120177219e-06
6.423205035837496545e-06
6.028678873461600237e-06
6.488186283706075113e-06
6.091526532753208099e-06
6.553502671063093017e-06
6.154732096582328464e-06
6.619153271636524596e-06
6.218295284508219425e-06
6.685137146323976149e-06
6.282215801133305837e-06
6.751453343419447664e-06
6.346493336193512828e-06
6.818100898886611060e-06
6.411127564631239393e-06
6.885078836552270816e-06
6.476118146550933200e-06
6.952386168403504827e-06
6.541464727419266506e-06
7.020021894826615780e-06
6.607166938065579997e-06
7.087985004827991612e-06
6.673224394839440237e-06
7.156274476401979543e-06
6.739636699622454080e-06
7.224889276661664570e-06
6.806403439968308632e-06
7.293828362261737118e-06
6.873524189134368964e-06
7.363090679581837552e-06
6.940998506275775712e-06
7.432675165034776227e-06
7.008825936519197086e-06
7.502580745395763328e-06
7.077006011025907412e-06
7.572806338095754173e-06
7.145538247149883287e-06
7.643350851440757900e-06
7.214422148529372928e-06
7.714213185050702176e-06
7.283657205250280356e-06
7.785392230091663375e-06
7.353242893897200821e-06
7.856886869631470491e-06
7.423178677771924816e-06
7.928695978932560849e-06
7.493464006917298142e-06
8.000818425776901944e-06
7.564098318353213761e-06
8.073253070866170464e-06
7.635081036112455687e-06
8.145998768088450777e-06
7.706411571462847779e-06
8.219054364914695477e-06
7.778089323012589909e-06
8.292418702670585693e-06
7.850113676814261747e-06
8.366090616956888129e-06
7.922484006542752203e-06
8.440068938032632437e-06
7.995199673696141754e-06
8.514352491049070195e-06
8.068260027661239080e-06
8.588940096552456717e-06
8.141664405785084199e-06
8.663830570764972919e-06
8.215412133835383715e-06
8.739022725907394053e-06
8.289502525736378841e-06
8.814515370740901108e-06
8.363934884061073187e-06
8.890307310740246525e-06
8.438708499972811204e-06
8.966397348680282172e-06
8.513822653528165305e-06
9.042784284779251897e-06
8.589276613687206986e-06
9.119466917291123371e-06
8.665069638585746608e-06
9.196444042714671389e-06
8.741200975654963242e-06
9.273714456343129409e-06
8.817669861733309585e-06
9.351276952493227262e-06
8.894475523287562147e-06
9.429130325000966315e-06
8.971617176572453079e-06
9.507273367553615721e-06
9.049094027668031100e-06
9.585704874098763273e-06
9.126905272833833084e-06
9.664423639135191592e-06
9.205050098536702311e-06
9.743428458322245494e-06
9.283527681560840069e-06
9.822718128601325312e-06
9.362337189299310352e-06
9.902291448759512781e-06
9.441477779855206087e-06
9.982147219694162112e-06
9.520948602176400213e-06
1.006228424489057067e-05
9.600748796210110565e-06
1.014270133071179805e-05
9.680877493050453009e-06
1.022339728687274371e-05
9.761333815219935903e-06
1.030437092668231867e-05
9.842116876607033771e-06
1.038562106747802094e-05
9.923225782803323352e-06
1.046714653104590795e-05
1.000465963111892162e-05
1.054894614385639024e-05
1.008641751094833120e-05
1.063101873755433144e-05
1.016849850355572593e-05
1.071336314915299346e-05
1.025090168261990820e-05
1.079597822155190225e-05
1.033362611418210289e-05
1.087886280367069593e-05
1.041667085675189748e-05
1.096201575103433480e-05
1.050003496157400663e-05
1.104543592586460457e-05
1.058371747272645003e-05
1.112912219753683491e-05
1.066771742724047028e-05
1.121307344283173750e-05
1.075203385530258920e-05
1.129728854626902019e-05
1.083666578030091343e-05
1.138176640039674696e-05
1.092161221913611071e-05
1.146650590607713025e-05
1.100687218211508352e-05
1.155150597277568432e-05
1.109244467335703332e-05
1.163676551882185381e-05
1.117832869072737162e-05
1.172228347163957960e-05
1.126452322610630906e-05
1.180805876809283736e-05
1.135102726539626186e-05
1.189409035465741078e-05
1.143783978879449479e-05
1.198037718761135708e-05
1.152495977081779692e-05
1.206691823339472837e-05
1.161238618053045040e-05
1.215371246869332962e-05
1.170011798153786752e-05
1.224075888064245214e-05
1.178815413229877320e-05
1.232805646716009973e-05
1.187649358602888208e-05
1.241560423695532006e-05
1.196513529109709986e-05
1.250340120979388507e-05
1.205407819084454797e-05
1.259144641662380427e-05
1.214332122399032113e-05
1.267973889968056862e-05
1.223286332458626767e-05
1.276827771270067904e-05
1.232270342214167781e-05
1.285706192097488753e-05
1.241284044184300237e-05
1.294609060151916059e-05
1.250327330453873152e-05
1.303536284302324063e-05
1.259400092698840043e-05
1.312487774617717882e-05
1.268502222193272020e-05
1.321463442348475580e-05
1.277633609807471280e-05
1.330463199944291881e-05
1.286794146037616237e-05
1.339486961064485883e-05
1.295983721013405829e-05
1.348534640565731786e-05
1.305202224501685664e-05
1.357606154514220759e-05
1.314449545920084066e-05
1.366701420188948616e-05
1.323725574346715175e-05
1.375820356066028255e-05
1.333030198540469454e-05
1.384962881835602707e-05
1.342363306930783559e-05
1.394128918381323895e-05
1.351724787652750710e-05
1.403318387788583258e-05
1.361114528537809926e-05
1.412531213333054948e-05
1.370532417132929465e-05
1.421767319466723349e-05
1.379978340712087335e-05
1.431026631828442691e-05
1.389452186276730387e-05
1.440309077211893972e-05
1.398953840573759707e-05
1.449614583572196889e-05
1.408483190101398516e-05
1.458943080003369788e-05
1.418040121122810094e-05
1.468294496732790066e-05
1.427624519666728985e-05
1.477668765095235154e-05
1.437236271548183319e-05
1.487065817545207524e-05
1.446875262364742291e-05
1.496485587590851716e-05
1.456541377520208344e-05
1.505928009832753534e-05
1.466234502217810418e-05
1.515393019908613377e-05
1.475954521479707050e-05
1.524880554485246519e-05
1.485701320149248289e-05
1.534390551237843679e-05
1.495474782909600092e-05
1.543922948827470607e-05
1.505274794277305854e-05
1.553477686884681384e-05
1.515101238616506735e-05
1.563054705978465006e-05
1.524954000160683474e-05
1.572653947593556764e-05
1.534832962997603425e-05
1.582275354108143658e-05
1.544738011090469954e-05
1.591918868774399914e-05
1.554669028283878608e-05
1.601584435677868713e-05
1.564625898315484312e-05
1.611271999725329623e-05
1.574608504806936763e-05
1.620981506610611673e-05
1.584616731304493967e-05
1.630712902785317188e-05
1.594650461245093485e-05
1.640466135431812274e-05
1.604709577997986814e-05
1.650241152439398091e-05
1.614793964850303577e-05
1.660037902369094272e-05
1.624903505025751969e-05
1.669856334424381727e-05
1.635038081688847155e-05
1.679696398418180893e-05
1.645197577952714133e-05
1.689558044760424744e-05
1.655381876876565946e-05
1.699441224397583693e-05
1.665590861491560214e-05
1.709345888804836628e-05
1.675824414784992479e-05
1.719271989953528588e-05
1.686082419726631139e-05
1.729219480262193627e-05
1.696364759267867365e-05
1.739188312585599960e-05
1.706671316339685273e-05
1.749178440172507421e-05
1.717001973871601237e-05
1.759189816640489910e-05
1.727356614791652375e-05
1.769222395929665717e-05
1.737735122036050350e-05
1.779276132296096080e-05
1.748137378548153412e-05
1.789350980263345746e-05
1.758563267298636284e-05
1.799446894587474082e-05
1.769012671274087066e-05
1.809563830241066470e-05
1.779485473496572343e-05
1.819701742374173892e-05
1.789981557017151619e-05
1.829860586281844802e-05
1.800500804933310954e-05
1.840040317382558651e-05
1.811043100398401954e-05
1.850240891172914704e-05
1.821608326602083112e-05
1.860462263220741261e-05
1.832196366805356128e-05
1.870704389106210940e-05
1.842807104331802180e-05
1.880967224430516330e-05
1.853440422569538221e-05
1.891250724748802937e-05
1.864096204990436161e-05
1.901554845571744665e-05
1.874774335134696027e-05
1.911879542319744405e-05
1.885474696635429904e-05
1.922224770311824356e-05
1.896197173221556760e-05
1.932590484722295879e-05
1.906941648709490337e-05
1.942976640570303045e-05
1.917708007017361515e-05
1.953383192680970256e-05
1.928496132176774790e-05
1.963810095679884666e-05
1.939305908315111385e-05
1.974257303942334178e-05
1.950137219695568833e-05
1.984724771596746735e-05
1.960989950682359446e-05
