# -0.7J_-0.3g_0.94248theta_0.94248phi_10Chi_0.01delta_500N
-5.824234936495105153e-01
-1.540495866355788002e-01
-7.333001393369340537e-01
-3.326848514020727763e-03
2.589557627492168890e-01
2.342945398989587300e-02
-4.862133364301020055e-01
2.470804354435276323e-02
-3.061166902023170211e-01
-3.014890512763442887e-01
-5.740616637262225819e-01
-5.682537095099035040e-01
-9.600914408320548876e-01
-3.663448224726535418e-01
5.258479808147327184e-01
-8.448123251318508942e-01
1.270829835537267138e+00
-3.699516118302703105e-01
7.138439352703409568e-01
1.165585871173480559e+00
-5.262014247072732687e-01
2.118729572310205922e-01
-7.180867476914433167e-01
1.676988879751151629e+00
-1.289379270546839651e+00
8.741706312284009961e-01
3.284245585772915810e-01
-3.002876132977713164e-01
8.938567744237380097e-01
-4.114456386693129963e-02
2.393525495281535465e-01
-2.017622568426770790e+00
-1.946649566137540754e-01
-3.836600175764207421e+00
2.779120180250790995e+00
-6.262955464727835597e+00
1.576141705936726112e+01
-6.734854091930237097e+00
6.813143859513796308e+00
-2.941303099932309095e+01
-2.009661346969588147e-01
-2.742770661247612707e-01
-2.487416081070002727e-01
7.342178282227550257e-02
1.014679161494921322e-01
-2.575572547435952542e-01
2.382483079309998697e+00
-2.795706690882744816e+00
-3.593852834416276787e-01
-5.511564677796519263e+00
-1.117955832539183347e-01
1.132912095705366440e+00
1.388964574092490523e-01
4.533690815419195275e+00
-2.499202441409279274e+00
4.887249513843069160e+00
-1.505575757368599943e+00
8.593627540241495222e-01
7.427074892357763414e-01
3.817647138757078729e+00
-3.583064955293511766e-01
-1.056156315409728652e-01
1.203744263493090827e+00
-1.671015127024116964e+01
1.508307060240519881e+01
3.573282015127676736e-01
-4.364272704890507981e+01
1.767491474038768828e+01
-2.963064408069410050e+01
1.080913964168044927e+01
-9.947539109482569919e-02
-8.371641823937818472e-02
2.628446150794830904e-01
-2.764695245666614731e+00
5.177466626476930678e+00
1.628928875698560264e+00
-9.589867611099210265e+00
8.310306373002946501e+00
-3.552576440205856834e+00
7.666113857115552044e+00
-2.305445684475709578e-01
3.964330893342600526e-02
9.530518602437080267e-01
-1.148995562673536242e+01
8.249639382269545962e+00
-1.378924850166558969e+00
-2.638555679441338953e+01
4.244838964763109068e+00
-2.553132665411513003e+01
-1.302456611962280952e+01
-2.986824653603908919e-01
-2.969563508207656022e-01
1.197865117367725274e+00
1.039883652446158102e+01
-1.116460562395679723e+01
-7.358549518177529336e+00
8.016232937703544792e+01
-6.154129579141778095e+01
1.799048307178275508e+01
-1.953364736368086483e+02
-6.332252327613658860e-01
7.117427052581029034e-01
2.563309999938065409e-01
-2.235833615948411013e-01
-1.573871774230401199e-01
-2.591303731572873123e-02
1.957417492457008135e-01
-3.752926596819523009e-01
-3.193320257508683868e-01
1.379178777055010130e-01
7.232792553145673820e-01
-8.966476530722508054e-01
-4.484206919369764233e-01
-1.289079269862508925e-01
-1.308383349234070847e+00
-5.238928296175227040e-01
5.709712829693587566e-02
-9.832386125789960296e-01
-1.201885704327118720e+00
1.961062079183714668e-01
-2.090625864186530236e-01
6.259637236676580674e-01
-3.121359889390089015e-01
-4.356014181976904931e-01
-1.345709157264746381e+00
-1.466047956295733368e+00
-3.473675821804779740e-01
1.034118238302846216e+00
3.221145277005503793e-01
-3.468847170224533261e-01
-2.713076203559153243e-01
-1.917942198515056040e-01
6.456019513371532570e-01
3.531171621492675272e-01
1.445148942603234898e+00
2.659310601972835197e+00
2.086183020838408009e+00
-4.773286627415650685e+00
-4.026257870698879415e+00
-3.501454193382702584e+00
-6.429246078007230802e-02
-1.028906317467763065e+00
1.401166851015480663e+00
8.764700827852127674e-01
2.435207126640194453e+00
5.267640526811677049e+00
1.267632290063563705e+00
-1.537099593774792794e+01
-6.922327354081890149e+00
-3.957731748507818725e+00
-1.387166525653179827e-01
-9.018501548327716444e-01
1.335333725320250187e+00
5.594452478438947107e-01
5.238080315294469713e+00
7.384529969023257756e+00
6.984389152362779907e-01
-5.174350310596227409e+00
-1.207392854798498671e+00
7.445534829490551010e-01
8.270989467106044934e-02
3.042192884017056453e-01
1.601039227867870340e-01
-2.864746309539249469e-01
6.720786907098016627e+00
2.647282600901212035e+00
-5.338160214933156844e+00
1.414252218343778367e+01
1.412912877861657890e+01
5.233760895342784103e+00
3.478456309271090729e-01
8.923423088971426109e-01
6.728612098605893932e-01
5.254415700644880616e+00
2.058869439429071235e+01
2.962796833022506071e+00
-4.680211105769616964e+00
4.300206553083011585e+01
3.127098237606605835e+01
5.335370633598890855e+00
-2.493625939994579543e-01
-8.900754360860022585e-01
-4.883296310744711932e-01
-1.954813691608974446e+00
-1.523133576506046971e+01
-4.128704292831978151e+00
9.625251677607217005e+00
-2.777305697318634614e+01
-3.137432684022903118e+01
-6.645789847567312059e+00
2.187406392501479169e-01
5.605697752355324193e-01
6.720203650024092479e-01
6.063250343044551016e+00
-1.203294044069681057e+01
-1.197956953147432912e+01
1.254728332703628269e+01
-6.010537697503125543e+01
-3.295729373290981101e+01
-6.135563296334134975e+01
-5.607407279206594319e-01
-5.984109494451385070e-01
5.055473753029459116e-01
2.691870397450805696e-01
-1.020244523056675207e-01
-6.341213622297001140e-02
2.249687287439708083e-01
3.922123636742602115e-01
-3.192441214094543511e-01
2.399354593040718339e-02
-1.940796005627168364e-01
-3.920828846872184137e-01
-3.090053789926696104e-01
-1.634731340810818834e+00
-7.705019072227619059e-01
1.438461898337651146e+00
2.187878896476691259e-01
3.941419042623586777e-01
3.011073406291958077e-01
1.299926675014574928e-01
7.287967391939538242e-01
8.956763836780169408e-01
-9.195146243355600824e-01
4.695008684160864032e-01
3.402023617202328265e-01
2.396428115284311156e-01
1.029228883237178982e+00
9.515773713575655934e-01
-1.202952794404249959e+00
2.274175640746249616e-01
9.578502962672058585e-02
-2.063368305393833979e-01
-1.053067811187396785e+00
-6.175928718979315502e-01
-3.230042698406790924e-01
2.467503308470165191e+00
9.331287798357642771e+00
5.602456101661704047e+00
-3.890651999658121696e+00
-8.661779380393126004e+00
2.855817653157385339e-01
7.802931198101066279e-01
1.525324668711002252e+00
2.610304075156541614e+00
1.945865620701929588e+00
-5.952056759697739174e+00
-9.828637572907735986e+00
-8.961324113082905995e+00
6.927017284703083533e+00
4.039438034956448931e+00
-8.770520741626852690e-02
-5.031957650930320991e-01
-1.384437031059317924e+00
-3.500345547117992950e+00
-2.984980040144522562e+00
6.231702319921956779e+00
4.502525152732374636e+00
2.746928150023757453e+00
-9.289425343599064799e-01
-3.555330245273280454e+00
2.773680573522301351e-01
-6.899354904397231314e-01
2.298659471688327127e-01
-1.445546859064178591e+01
-2.880593235426913257e+00
9.309765770424291986e-01
-2.423651816900728662e+01
-1.644377279989982910e+01
1.804932434803084718e+01
-2.603355684014517113e+00
-2.968303723759313506e-01
8.026283658060228143e-01
-3.795998971657664756e-01
1.516087682276604376e+01
6.351303022794195563e+00
-2.953558283095977899e+00
2.246622598941744187e+01
2.417484682352717584e+01
-2.665690004139645097e+01
1.047399867268596374e+01
-2.642632971895125249e-01
7.883471252137321805e-01
-4.896493957852917633e-01
1.283816482176833773e+01
5.870144749372820492e+00
-3.028395378493439427e+00
1.574127892700031772e+01
2.246650836250558569e+01
-2.790500630261582060e+01
2.036733591234790097e+01
5.647691280938835906e-02
-2.661390743595830610e-01
2.726692969683674680e-02
3.775613629429894758e+00
-3.529738132158561914e+00
2.728574843889780777e+00
2.218658808951448336e+01
-4.784070848941619047e+00
6.808466215497659846e+00
-2.136088147228095124e+01
