# -0.8J_-0.2g_0.2618theta_1.0472phi_10Chi_0.01delta_500N
-1.864078332866114362e-03
5.803640792715732827e-02
9.578506958464271248e-01
2.793024275341253193e-01
-3.025805000110848297e-03
-4.150177840398048580e-03
7.899421231349124106e-03
-3.084307527936609727e-02
9.792357353433565198e-03
-3.340768031206152499e-04
3.145348087845949853e-02
-1.425595931479064715e+00
-2.018664940221067994e+01
9.704345085406703930e+00
-7.052865651298631633e+01
-7.080440328097130198e+00
1.143924266624688357e+02
-4.114457392073425126e+02
2.795594998554574886e+02
-4.422189008352392925e+00
9.082461444174773080e-01
-4.691846184238800532e+01
-1.323596628623057768e+03
2.677909012398827144e+02
-1.680499229512415332e+04
-4.018969926648551336e+04
1.689510808114487736e+04
-5.978632705626136158e+04
-9.732117283565204707e+04
-7.741799585431751439e+03
3.381937232361684753e-01
-3.353787935326516756e+00
-2.924661097801977121e+02
-6.222672559055991997e+02
3.757744568316984441e+03
-2.796693405892610099e+04
5.137271667786093303e+02
-1.839677087795957732e+03
-5.084733536947554967e+04
3.274732922934942508e+03
-1.751608063537600860e-02
-1.088755277776298129e+02
-9.218311527046887932e+03
9.401849601602298208e+03
-1.801008237062299857e+06
-1.040112322898948751e+07
-3.202051765948263463e+06
5.976203739354531281e+05
1.463245991386349779e+06
-1.895529981875451747e+06
7.604003451159460289e-03
2.614273449958580287e+01
3.675045247179716534e+04
3.024848876182596359e+04
8.833379512378925458e+06
1.480104138720656633e+08
1.063710811077027954e+07
-2.987230667799961194e+07
-4.355619627745479345e+07
3.013762719990547281e+06
-2.524723614143558129e-02
-1.439487836307676218e+02
-3.606046967523915100e+03
8.106818713948875484e+03
2.812373701186512131e+06
6.294541378293502145e+06
1.156430077865720354e+07
9.901314260902372189e+05
-5.807157023048903793e+05
2.127386515476419590e+06
-8.144671002290469752e-02
-4.565576044710480232e+02
-5.055428444940826921e+03
2.992989030899719728e+04
-7.604348160140287364e+05
1.125329325721805543e+07
-2.259528633745159023e+06
-4.875858307776124217e+06
-4.832160109873219393e+06
-1.958465800696479622e+06
-2.726265103532034793e-03
3.111014656074776497e+01
-1.115907162569746433e+05
-4.446720582032869424e+04
-1.343213149539668811e+06
4.852694128576344997e+07
2.884950218968378846e+06
-2.653177220120805874e+07
-7.232782817739877105e+07
-2.098839622334532067e+07
7.816056910058829339e-04
4.373085121513095253e+00
-1.383981132057022842e+04
1.781882428759420873e+04
-2.493106649579079356e+06
-1.558950821141704684e+06
-1.246054974236528389e+06
-3.946038830737493932e+06
-1.295882025217515789e+07
-1.412883462931931391e+07
-4.334155972079959535e-02
9.935870945168867596e-01
-7.980515798710467734e-02
6.708848664195753153e-02
6.013134911281255157e-03
-3.317790909761915148e-04
-1.779775028798642441e-03
2.060566492084550953e-04
-4.866018566883444215e-04
-1.632717520972191820e-04
9.755583201236552870e-01
-4.493873364494675826e+01
-1.408612732316701113e+02
4.937321595030091430e+02
4.860280017171886158e+01
-3.559465627174525970e+00
-1.469612636398575845e+01
1.813418048477498212e+00
-6.723097635159461127e+00
-1.465602380171098007e+00
-5.816262341298285288e-02
-1.734703099623172307e+02
-1.917599797159616855e+03
7.329157148681746548e+03
-6.023533731518103741e+04
5.469105781434684104e+03
2.591007161315859776e+04
1.489416836147687900e+04
-1.047527099458606017e+03
1.976634387516419883e+04
6.860749628683807111e-02
4.730527333021169625e+02
5.584710467554444222e+03
-2.182738358151141074e+04
2.428351374273356341e+05
-2.401452542596369676e+04
-4.018935778195250168e+04
-6.100999418581175996e+04
-6.033536110301084591e+03
2.662226553927846544e+04
5.844417228750014778e-03
4.467389704590659960e+01
-4.731442670512447512e+04
2.493449091972997994e+05
-2.458625515152291209e+07
3.469272538485160097e+06
-6.012425616249639541e+07
-1.093613049044504762e+07
8.027620538093934301e+05
-6.864721928345925175e+06
3.155012375359923273e-04
3.268265679309502403e+00
-4.405163059102080297e+03
2.411975448585982303e+04
-3.271780127039513085e+06
7.632698217985202791e+05
-9.495085680304555222e+06
-2.037955357133832527e+06
-3.450585443977706745e+04
-7.730229809910190292e+06
1.844872913678968860e-03
1.270683743045155900e+01
-1.469587814546937443e+04
5.056674166223138309e+04
5.931636861662402749e+07
-9.901407828064842150e+06
2.543503791007241905e+08
6.568676543229350448e+07
3.151868385835973080e+06
-2.328245674862470105e+07
4.619156588837613781e-04
-7.563638387544231456e-01
1.512350705403168104e+04
-7.689214691782223235e+04
-1.231045376044875011e+07
2.268610263592820149e+06
-6.777565435305686295e+07
-1.949822546795524657e+07
-1.623307491099074250e+06
1.170880096007068641e+07
-1.413650034400143181e-04
-2.115681616235035811e+00
4.416230066941507175e+03
-7.430341199873864753e+03
-1.988504228165877052e+06
3.376761006969560985e+05
1.281785541996301909e+05
1.925194803469283273e+06
7.610607262912355363e+05
-9.208136742518184707e+06
-3.924823805571462754e-04
-1.120309199506786868e+00
1.505171837077838791e+04
1.436685620183964238e+04
-7.461741808043692261e+06
4.737830314072854817e+06
1.921746950373942405e+07
1.426025701566474140e+07
3.597783330343314912e+06
-1.922782247095086873e+08
-9.990586588158527626e-01
-4.337618707693589870e-02
1.159976692842871462e-03
-1.633701367491720421e-03
-8.648861350769102279e-05
6.057259537060537106e-06
2.205095032216117796e-05
8.048432368107903090e-06
9.976073770327964816e-06
-3.615010378355964523e-05
-4.319221640201625911e-02
-3.279134448718607625e-02
-6.451775175393854589e-01
4.499553074442637635e-01
-4.177102533765745029e+00
-9.787788024543059295e-01
7.493605792256704312e+00
-2.894320122585773802e+01
-2.846789746112214559e+01
2.328616587779537781e+02
1.086200151057745578e-03
-1.219181319082392800e+00
-4.113549533140693626e+01
1.797671313887677158e+01
-6.788766737970094027e+02
-1.747693341860328019e+03
6.569990522025516384e+02
-2.389485635453005216e+03
-5.190513553810613303e+03
4.746752065778284305e+04
-1.595105286934662102e-03
1.908740962276282427e-01
3.329883996026936632e-01
-1.895502606722802597e+01
2.267413759482701607e+02
-1.180696332104597786e+03
-1.305916164407024667e+02
5.750573200260793101e+02
-8.316125231249739045e+02
2.040514307066644324e+04
-1.071047931562306589e-04
-4.361182878807137620e+00
-3.857471257482132501e+02
3.752889885323951944e+02
-7.768746670756876119e+04
-4.523215401304717525e+05
-1.382639026159245695e+05
2.033127457266395504e+04
1.026917774597344214e+04
8.815003311126144603e+06
-2.210622638756340428e-05
1.544831922291620696e+00
1.591488653204770799e+03
1.284342145985814113e+03
3.863287140912869945e+05
6.420809939618685283e+06
4.740153978817228344e+05
-1.296717969611270120e+06
-1.788103014748377958e+06
-1.221800376884555221e+08
-5.292240506169460055e-05
-3.887021982281325450e+00
-9.661900679422916483e+01
2.431748970057138877e+02
1.235573586960286193e+05
2.724600976354909944e+05
4.956778283063502167e+05
5.242843580515406211e+04
5.732278473448449950e+04
-5.346191743996852078e+06
-7.206517517763805637e-05
-4.060899091710710174e+00
1.413920347098579384e+02
6.618512105273659927e+02
-2.024099515314841119e+04
4.858886410581365926e+05
-1.109666942339282105e+05
-1.638292944668884738e+05
-1.954920160448499373e+05
-9.136679307611815631e+06
-2.646179961813983623e-04
-9.752484395456698962e+01
-6.221132133499547308e+03
1.569049547248384442e+03
-1.060690546531192376e+05
2.066339307270752033e+06
1.112444113470956509e+05
-1.194972915590905584e+06
-3.173694870365127921e+06
-3.542619922432674468e+07
2.507109806603967633e-04
2.323516770625321897e+02
3.720849707053763996e+04
1.892382268232046044e+04
7.657142848433231935e+06
1.224104699543735981e+08
9.531539351323576644e+06
-2.404171271516539156e+07
-3.051509969493788108e+07
-4.782207278398794174e+09
