# -0.9J_-0.1g_0.0theta_1.0472phi_30Chi_0.01delta_500N
-1.852931575337167860e-02
4.198071476063205557e-07
-9.990299824219153191e-01
-3.265665012408944596e-09
-2.854653486941903170e-02
2.986183754122711045e-02
3.311321806641433544e-04
1.023740420411829241e-06
3.335687584868509631e-07
1.105693574001003019e-03
1.894839494692395181e-06
1.437784399133209721e-04
-3.379249334826988065e-09
-5.599990300253806358e-06
1.335784025341093048e-09
1.109059667390854814e-04
-2.286578897846394126e-06
-1.922206919896712659e-08
2.635145788114963602e-07
-4.284132142394368491e-06
-4.461664435857745735e-07
-1.136975051154333322e-05
-1.015615330792506192e-07
-1.555093563103956610e-07
2.501150660612309991e-06
-5.049383874647942345e-07
-6.031222681544013066e-08
-8.454318144837450788e-08
-1.752244100337012039e-07
-1.197214642389833906e-07
4.104710927619670558e-07
-3.240738127417757547e-02
6.442635674677270319e-05
-1.725549943016681187e+00
-1.225717572888816980e-03
5.331628417685856970e-03
-9.808992303303960825e-02
-9.004701490255357044e+01
-2.835281340322717014e+01
3.965026781376844271e-03
-5.252621578574555956e-05
-4.261490610006713809e-04
3.638602556608702132e-01
-2.061598906023098183e-05
2.204697990775140948e+00
-2.343454093507647178e-04
2.148029998196305848e-05
2.531214647837933663e-05
8.542051193891671973e-05
7.255237816552624337e-05
2.845832640980270126e-02
1.538114453930834258e-03
1.848508020953947700e-02
-8.023947285913618499e-02
9.557295038237496876e-03
-4.030142243393049326e-04
-4.619471457012450447e-03
9.388278056242141054e-03
6.544602086746072189e-03
7.605379851907124490e-03
9.724268231121943051e-01
-6.466288238269674764e-05
1.049565419822367431e+02
-1.180644343189550787e-03
-8.467970107268558877e+02
2.697797040360011124e+03
2.860220958713776440e+01
1.316691576892546900e-01
4.269174188796116126e-02
1.138314168397702417e+02
8.784224813030719337e-02
1.120826306035488251e+01
-4.646958772213782688e-04
-2.144207959295043153e+00
-7.050043933854719443e-04
1.330937589207685789e+01
-2.117013132406342091e-01
-6.372195682121025231e-03
2.880704274996231246e-02
-4.411691860343602278e-01
-5.796581712639741618e-02
-1.439024722174895965e+00
-1.343153053966293295e-02
-2.110987371858330866e-02
3.172332410261579638e-01
-6.345621458638198154e-02
-7.857124030446374641e-03
-8.623670155991976227e-03
-1.899183386951977526e-02
-2.002937005153065594e-02
2.915314247467990681e-09
1.725496277438807846e+00
-1.155681535539472560e-03
1.378872172526028805e+02
5.403702179815177836e-02
-2.856389367660208123e-01
9.980167162242690182e+00
7.000765211581345284e+03
-1.237751238152422275e+03
-2.117319817672911331e+00
-1.778394165936948712e-02
7.692468948906500126e-01
5.569726068041375402e+04
3.851436023776824147e+00
2.606057511722006020e+05
2.733444758356193915e+01
-3.933665144120145385e+01
3.229264849864154296e+00
-4.359400230013946498e+01
-2.796012904785246747e+02
-1.619846638784595416e+04
1.542560167645388219e+03
-4.087645864840325203e+02
-1.370571630493849807e+04
2.080467165487802049e+03
3.330949635872567569e+02
-1.180632365030938445e+03
1.321295792664614055e+03
9.404277707295859727e+02
9.266808457550769162e+02
-2.777823168739964807e-02
-1.219813703204325429e-03
8.241961003094063472e+02
-5.429800448948150782e-02
-2.274710086392845187e+04
7.919912842022297264e+04
-1.448609371295352139e+04
-3.764306035325508049e+01
-3.499103227557708351e+01
-1.671146249529558234e+06
1.177277168535928286e+04
3.098315215307537001e+05
1.159235130355308172e+02
-1.475800230323452270e+05
-4.772109061412020736e+01
-3.350669917907684576e+06
-4.404463726628276345e+04
-4.079466744516035703e+01
-3.074940324656141456e+04
-1.579547618907995347e+05
5.964790457668197632e+04
1.083235757773033343e+06
7.416359424615416174e+03
-1.269640445609381459e+04
-2.309295803373831732e+05
5.038174998229471385e+04
3.001761150244164583e+03
-4.446369356184156641e+04
1.976437172968462619e+03
-2.786486677485612745e+04
-2.903986070131245670e-02
-5.329602956240431580e-03
2.625947053276855058e+03
-2.879381915056722363e-01
-7.896221218666956702e+04
2.826889468679536367e+05
-1.721045443124562153e+05
-1.057709804932866859e+02
-1.530740951947873612e+02
-7.844174490778741427e+06
6.205211546144863678e+04
1.748159941822331166e+06
-1.416852751438751739e+02
3.130982808797071921e+05
2.925021627059142304e+01
3.526736470078147482e+06
5.415957521517385612e+04
6.961076515555137121e+02
4.393645962232045713e+04
2.495690343661861552e+05
-8.627089693685549719e+04
-1.526352385690829717e+06
-9.630754806890152395e+03
2.440123622220385732e+04
3.238822650181412464e+05
-7.140760986384231364e+04
-3.956081994759755162e+03
7.373601895918951777e+04
-6.438313258965511068e+02
4.850673129756636627e+04
3.348652887787278726e-04
-9.637585485936740748e-02
-2.896106771040452443e+01
-9.756047310926504679e+00
-1.406237552206219880e+04
1.648286289025256992e+05
-1.719176433289703727e+07
1.710804546893448060e+04
5.233564134765104427e+03
3.253746748165371828e+05
3.161586334620169946e+05
-7.861067649792983138e+04
4.218232973612200709e+01
-9.657207619093782341e+03
1.564616481155828467e+02
-7.573975950908812229e+04
-1.319485453540886283e+03
1.666618722979771519e+03
4.522994401449945144e+03
-6.661391576990507019e+03
1.413587351674625324e+03
3.947703626685161726e+04
1.419653237252401823e+02
-8.443840845393174277e+02
-8.269759993732486691e+03
1.854321779810599992e+03
1.945129671684616994e+02
-2.033456215332553256e+03
-3.631285253295504845e+01
-1.372747570318092357e+03
1.033711677926240962e-06
-8.764677406341290578e+01
-1.308954824305764431e-01
-6.795981921807258004e+03
-3.685910422673299536e+01
1.084579981687418382e+02
1.725232383079188367e+04
-6.735429492996410700e+05
-2.124827091225217009e+04
-4.061471444366944343e+04
1.021820615049603447e+02
1.816352218946686844e+04
-1.196224442369782552e+07
7.626609442973929981e+04
-2.470249486619110778e+07
6.889443646721491823e+05
-7.633344130468412768e+05
3.352060590149540985e+03
-9.942534845876230393e+05
-5.147555227392549627e+06
-3.482272164488135576e+08
2.563972336146053299e+07
-4.889873132480114698e+07
-9.863271646277809143e+07
2.158572738188053295e+07
8.845178746117901057e+06
3.859248202610647678e+07
5.317226789061130257e+05
6.440119928372081369e+06
1.189143413388240710e+07
-3.379759796159622914e-07
2.759938281117839054e+01
4.242753971384940342e-02
-1.256025074565404339e+03
3.430526228520236032e+01
-1.526447693516807647e+02
-5.280103323337912116e+03
1.546672042153797884e+04
3.611768824468055391e+05
3.010497699992677371e+04
-1.642077854757188220e+02
-1.330717408073730076e+04
-1.257644267059729807e+07
3.378057859343872988e+05
-2.423922068834260479e+07
-1.018690182898004423e+05
8.733607173635193612e+05
3.461119854136650974e+04
1.776326955024712661e+05
5.687225703748260275e+04
2.580607196029112935e+08
2.333825171140588820e+07
-1.704673499460395277e+08
-7.481634000030763149e+08
1.045738101523272991e+08
8.629980457544170320e+06
-6.166165669585684314e+06
8.062497476353988051e+07
7.013223462172664702e+07
7.258562501703943312e+07
1.209882940471290269e-03
3.921859750165687143e-03
-1.109074300850604402e+02
2.047661783605664088e+00
-1.612601254813271808e+06
7.645311028547694907e+06
3.194484378957411973e+05
-4.014972134827357513e+04
-2.787355011740170448e+04
-7.708075985519573689e+08
7.358125835324476473e+06
2.671403775988643169e+08
4.413740961309581064e+06
4.328547469228415489e+08
7.064617548846751451e+05
6.988705556803343773e+09
-7.964117765543159842e+07
3.443544899857631326e+07
-5.318198337821978331e+08
1.836874334861150980e+09
1.208056640457205772e+09
1.892599446187424850e+10
1.223288704759990983e+07
-1.005014550565783978e+09
-3.858507648253935337e+09
9.298810284504754543e+08
-8.214803521147111058e+07
-2.090835079827534199e+09
1.560121474256992936e+08
-1.270328086975211382e+09
8.749061941918147419e-07
-5.043620305849873627e-05
-6.658006546292088990e-02
4.501860963329250287e-02
1.115938318440941657e+04
-5.908637486094280030e+04
3.161091218059418024e+05
1.204389357709062836e+02
8.202629023397240644e+02
7.089399957974866033e+06
-3.059203035575890099e+05
-2.802480357193690259e+06
-7.538978240393212764e+04
-5.686105841139339842e+06
-5.257306693270997494e+04
-9.080120443305222690e+07
7.256639013579405146e+05
1.515172055363260396e+07
1.609859355047203414e+07
-4.460803825133018941e+07
2.622367771145201027e+08
-3.118105198261805177e+08
-2.368439787898687422e+08
-1.592133770058768272e+09
-7.268550888176953793e+08
1.233216714330553770e+09
5.142053332616969109e+09
3.663600337870851517e+09
-1.159197887007847595e+10
-9.223992446127470016e+09
1.242799311360321638e-04
-4.183283562010461812e-04
-1.088955781870867412e+01
-7.403618636178405099e-01
2.999767971179384622e+05
-1.702932479740020819e+06
-7.695215133765945211e+04
1.796217604711524473e+04
1.286525966482446165e+04
2.644434631537949443e+08
-2.897060356283951085e+06
-1.141201615390301496e+08
-4.115012572213004809e+06
-2.627012009784701169e+08
-1.883940447765360586e+06
-4.085524863034364223e+09
9.613599287033985555e+07
-3.319238750926414505e+07
4.753356533013008833e+08
-1.553343884427567482e+09
5.062029787848719954e+08
-1.717672250774169540e+10
-1.520483692338387728e+09
-9.379437080762166977e+09
7.347293778709806442e+09
1.778427529646031559e+08
-9.617689036730289459e+09
-1.939026709943391800e+10
1.575369399555300140e+10
3.144828265613007545e+09
-1.044353112240042537e-07
3.606324660568400731e-01
-5.426215715629685793e-04
-5.275449672931846726e+04
-2.295047532056657360e+02
-2.983222420481231438e+02
4.040810397498462692e+01
-1.187878656533834897e+07
1.146586784569284692e+07
4.768231379405585467e+05
-1.381994378438954009e+06
1.243501485519169644e+07
-1.646815473797273397e+09
-1.361299544629395962e+09
-1.381039215305431604e+09
-4.185438385489370674e+07
6.533506937811288834e+08
6.173243517822207212e+08
4.366460590152663231e+09
-5.643704241528265953e+09
-4.486476964737226105e+10
-1.411879935599601746e+11
-3.887514082767024231e+10
-6.574989584871229553e+10
-5.461232817662639771e+11
-6.735277734635808105e+11
-4.980614367065640259e+10
1.992927073752795105e+11
-1.670119900934285278e+11
7.076031615470910645e+11
-3.825587327655761955e-05
5.364798868794822592e-04
-2.166999449186670201e+00
-6.076601854824897231e+01
1.391072989503166464e+05
3.018542897590021021e+05
9.438979502438738564e+03
6.780230020958351088e+04
-9.655821611743807443e+04
-3.995651471305488348e+08
3.666722083902445622e+06
2.444076966474017799e+08
-1.069975190275569856e+08
8.585823011672806740e+08
-1.823955179483804386e+06
1.080883775494101715e+10
3.510033078379622936e+09
5.304920245096592903e+09
7.768571608274162292e+09
1.662510976468143940e+09
-1.271192806951625443e+10
-1.742859505474414673e+11
2.290056377887349701e+10
3.901566198593867493e+10
-7.281912539936282959e+11
1.627849635255625000e+12
-2.825488545389478760e+11
-1.600378529459086609e+11
-2.592852015752265625e+11
9.103591415604873047e+11
-4.062312505637545704e-07
2.183435842675133021e+00
6.544489045183374959e-03
-2.469314827850152797e+05
1.116374998513188757e+03
1.159223037760543320e+03
1.723958932323522788e+02
-2.450928933896295726e+07
2.294518841949912906e+07
-2.759677282855808735e+06
1.463240539140459150e+06
1.438692484952205559e+06
-1.619279180580056667e+09
2.475114347120914608e+06
-4.487857496145001411e+09
1.318011425225152224e+08
1.818378977678587139e+08
6.853352861607342958e+07
3.061551223022124171e+08
3.633036555704965591e+08
-4.797580316098905945e+10
-1.186781347131466675e+10
3.033485429020197678e+10
2.421544710644331055e+11
3.142385984478588257e+11
-5.888256222150894928e+10
5.932177669374862061e+11
4.998219141029015625e+12
1.464216084527645996e+12
1.930331966095733032e+11
-9.872371594519986637e-04
-7.740526651980068201e-04
1.431786512713825843e+01
1.132436725351442703e+02
3.168839358457743190e+06
3.365262733939649537e+06
7.263226761057565454e+04
-7.059331016690616962e+05
-1.047078057396306889e+06
-6.847870914146934509e+09
9.611954179092891514e+07
4.074649619509300709e+09
2.567039435676489174e+08
1.334856591004411888e+10
2.748805949352229387e+07
1.932603069491824951e+11
-7.398182120101797104e+09
2.590414906988490105e+09
-3.275221727449197769e+10
1.024517896107530670e+11
-1.303320081134263153e+11
1.154816551509963867e+12
2.270703781785856628e+11
1.472276937623955078e+12
-3.837109931047193604e+11
-1.822130932474695740e+11
-1.413328269619831055e+12
1.934639501017432129e+12
2.437332683000127930e+12
3.379387638128982422e+12
-7.769861795287541785e-06
5.391448732891098361e-04
1.104888080484424107e+00
-1.162332828302037484e+02
2.950502064196626088e+04
3.860924844167792617e+04
9.458198759051505249e+02
2.213946769554172643e+06
-3.327104207528962754e+06
4.053716859746467322e+07
-1.934855526476747990e+08
2.273407913922420442e+08
-8.403009136048215628e+08
-7.136052191261332512e+09
-6.252891417303430557e+09
-6.110171079060942650e+09
2.994230659141768646e+10
-2.486116554514915466e+09
9.597264587957891846e+10
-1.209760653689316864e+11
-2.942230929116528931e+11
-2.748963931994255371e+12
-3.680070508212322388e+11
-1.851572643651776367e+12
-8.192887367626350586e+12
-3.717273652066227539e+12
-1.209406280820473877e+12
5.661655193215936523e+12
3.907374966774620605e+12
2.972503036392737793e+12
-3.702059620798028858e-07
-2.050842399471974908e-04
-3.142365331427431074e-02
2.132288559279209039e+01
1.139297759398335756e+03
2.370955647123527342e+03
-9.709844461018643415e+03
-2.438050489101447602e+04
-1.968328647190200863e+05
-8.806471179898243397e+06
-1.704182815396746248e+07
9.763189773678019643e+06
2.571927454239663202e+06
2.571032930841006339e+07
8.583551270964701474e+07
3.873022598970683813e+08
4.216097527522218227e+08
9.084821338642425537e+08
1.444686261431877851e+09
-1.367551301697636604e+09
3.864190664996541023e+09
-2.897490310580885696e+10
-7.055268595546995163e+09
-4.015813591377812958e+10
-1.069288191352754402e+10
8.233216426075352478e+10
3.898480986148875732e+11
3.470743979124861450e+11
-1.383316996789688826e+09
-4.106417357374346924e+11
-4.027702673366518200e-06
2.373274473269768243e-04
2.050801313979998264e-02
-3.914429284609038007e+01
1.305643312046807296e+04
1.950907480358187604e+04
-2.615305381161513651e+03
3.836421289737561601e+05
-2.576814822626160167e+05
1.832588603039821982e+08
-2.470622972807340696e+07
-1.488998230443916619e+08
-9.772808719386492670e+07
-1.149197534138110638e+09
5.119962697766595483e+08
-1.132243910846204948e+10
4.573586851014233589e+09
6.312664123599425703e+07
1.523265979832249260e+10
-2.429769220318967819e+10
-1.074285597043566895e+10
-4.290806549382746582e+11
-6.190344089065586853e+10
-3.583697730235278931e+11
-4.140104071521747437e+11
-4.678463247675908203e+11
-2.582550851544079895e+11
4.839863737363378296e+11
-3.346332721702978516e+11
7.880744779466934814e+11
-4.716750103051109037e-05
1.004726461826903599e-03
-3.438771342382598850e-01
-1.680982068606086557e+02
1.656829721261950326e+05
2.652602153210547986e+05
7.475550421727338289e+03
1.836044701696872478e+06
-6.930539713568400592e+06
-1.369517193225235224e+09
-2.600484410022500157e+08
1.517654280507383347e+09
-1.006999116313349128e+09
-5.201765837607742310e+09
-1.166074007615584373e+10
6.467542636106407928e+10
3.316524670753512955e+10
-8.704723657385564804e+09
1.049520158011881256e+11
-1.030425485282775574e+11
-4.976794245876395264e+11
-2.924033366348292480e+12
-4.518158144562255249e+11
-1.914734803760033691e+12
-1.328181400302650781e+13
-7.414162383926646484e+12
-7.584429565428011475e+11
7.375518765104760742e+12
7.584244960946750977e+12
1.285075704830012939e+12
-4.569409576237382508e-06
-7.610676320625384128e-02
9.525754949909403732e-04
1.706486277828686434e+04
1.085819259248317940e+04
1.716965528684342280e+04
3.904623109536873358e+02
-3.519664224175812602e+08
-1.342730976013541520e+08
3.373642390161981583e+08
-1.128232121337013483e+09
2.535622706385591626e+08
-1.090548785880026245e+10
-3.018965674535585046e+08
-1.377193924635049582e+09
1.421540760052732086e+10
7.288239025767098427e+09
-3.684519322896772003e+10
5.919197157119027710e+10
-4.070693310577573395e+10
-9.489804574533931885e+11
-9.773139071838153076e+11
-1.349689288170788422e+11
2.238063922930999451e+11
-3.520099378705150391e+12
8.106062817220876465e+11
-3.848572396475586426e+12
-3.781892759563548828e+12
1.946059472666772656e+13
1.250730972190549316e+12
3.221351523886855782e-04
-6.682194071039895778e-04
-1.945065808852923128e+00
2.224576755991841708e+02
-1.054149789341125404e+06
-1.502656461168555310e+06
-3.744880255519776256e+04
-5.086108445140997879e+06
-4.595392292312855832e+06
-1.884598413258034897e+10
5.494755460892430544e+08
1.859392740963972473e+10
2.592296540835208416e+09
8.932873518986959839e+10
5.518828450341394424e+09
1.147073005885267090e+12
-8.548825858068487549e+10
2.233824448041704941e+10
-3.207782608672512817e+11
8.660918916774918213e+11
-7.517017998211552734e+11
1.090809939086557227e+13
2.038410559487102783e+12
1.305356388644188477e+13
3.906978887201177734e+12
7.157671354590417480e+11
-1.373493869435815039e+13
-9.285165029868537109e+12
5.811569208577143750e+13
-1.404005713362849854e+12
1.383749891950121572e-05
1.932359630727532515e-02
6.054326598229419626e-03
-4.686310425734628552e+03
-2.287896316469403700e+03
-3.223166797768237302e+03
2.919640245173135895e+02
4.880147771768152714e+07
-4.976274162220218182e+08
-7.408849344884480350e+06
-2.173370488264905930e+09
-9.316076914859834909e+08
3.097614588711210251e+10
-5.354093510094028473e+10
-2.794732208864924316e+11
6.987064671801368713e+10
-3.805552466224821777e+11
-3.267244988171721802e+11
-6.852834683737524414e+11
5.782498929867988281e+11
-8.458356651173483887e+11
1.849310467283635938e+13
-9.398069922312608643e+11
4.281575958713049316e+12
4.582186329981248047e+12
-1.345857111910981719e+14
-1.148177287573133594e+13
-7.482174469774809375e+13
-1.837823158077115312e+14
5.602812520871963281e+13
3.597824992928346622e-05
6.899155803771674089e-02
1.858437610090850345e-02
-9.655632837889417715e+03
1.302939795544424442e+03
2.136426865129377802e+03
-1.043576907600245022e+03
2.607182666936013475e+07
-5.816218216880452633e+08
6.492411433160937577e+07
-1.971280829503596783e+09
-1.629691909307669878e+09
3.318663745746509933e+10
-8.314398493657301331e+10
-3.767628946241540527e+11
1.627749745699628601e+11
-1.114451383882344238e+12
-4.347179351625457153e+11
-2.343369374962059082e+12
1.596341492641283447e+12
2.259826950731259766e+12
6.240342835592496094e+13
2.371693647952687012e+12
3.278171995456764062e+13
1.806258100573947812e+14
-2.369940209584483750e+14
-2.654622221607108984e+13
-1.090346370226082969e+14
-2.294357440305540938e+14
9.612628571571185938e+13
-1.243449457482585167e-04
1.495126186945467880e-02
-3.767590477370524188e-02
-2.171054906874787775e+03
-1.808273236816624558e+04
-2.642727745363319264e+04
7.175546547758617635e+03
8.696835890939265490e+06
-1.289427323042499274e+08
-3.121920930377321243e+08
-3.635153400280975819e+09
1.838939428166049004e+09
-1.012263321428371582e+11
-1.411001697246067810e+11
-1.859289782063297729e+11
-3.729582234913940430e+11
3.145011268665338379e+12
3.344675206310944748e+10
7.654648519672574219e+12
-4.760923217471150391e+12
-2.456480623783552734e+13
-2.074803901097191562e+14
-2.794923089487530469e+13
-1.537123014108208750e+14
-1.006652208132936250e+15
6.244945682164483594e+13
2.962917470134474219e+13
-6.312049684684707812e+13
1.031541760528216211e+13
-1.492879142774680625e+14
-1.452601646571629874e-04
-3.390108566658344997e-03
-1.253341829809086205e-01
1.287978450837904347e+03
1.329439207205579078e+04
2.525379776475110339e+04
-6.088684641883918403e+02
-1.149084173000431992e+07
1.005034309633184522e+08
6.660117329212766886e+08
2.342213881221381187e+09
3.705266007647840500e+09
6.637013453730246735e+10
-5.030319376626206055e+11
2.074524881336633301e+11
8.452448071952801514e+11
-1.711783762117911865e+12
-6.352964148938750977e+12
-4.168538400566670410e+12
1.244283011237869873e+12
-2.244446344930465234e+13
8.602599442093270312e+13
-3.385336946286845703e+13
-5.266191369697694531e+13
-1.541169712458395938e+14
-1.986233277956707500e+15
1.386745205784046250e+14
-8.875945938881120312e+13
1.882827695979114062e+14
-2.850933396847952500e+14
-7.414666669524647244e-05
-7.998638193108725813e-03
1.307082279034715248e-03
-1.066790109299498454e+03
1.141106147676300225e+03
8.546242809112213763e+02
1.608251936955867222e+03
-3.971900901014953107e+07
3.845722994726927485e+06
1.152313645782492682e+07
-2.720554596856689930e+09
2.646138027239150405e+08
5.115894102774943352e+09
2.600751100039061890e+11
4.307551208637825012e+09
-1.470144438633249512e+11
-1.910194212473779907e+11
1.618238269378271240e+12
2.374934630129607849e+11
6.526058962223663330e+11
-1.217102126564781055e+13
-8.376585651919297852e+12
1.710164292202358984e+13
1.240871840372207031e+14
-3.647193454711781250e+13
1.772474609381754062e+14
1.002177734170177969e+14
-5.595848729026760000e+14
1.637539888545033750e+15
-3.183469743767205625e+14
-2.311418547421822262e-04
-4.169878741562184181e-03
-2.982136270606204898e-01
-5.911387281020062119e+02
4.507304505708515353e+04
8.210146383681616862e+04
-6.452393027148268629e+03
9.641693703009439632e+05
-5.243685180248482525e+07
2.272381612919751167e+09
1.899597804157738113e+10
2.943579590628760529e+10
-2.475284601044799042e+10
-1.693081024305567627e+12
1.085103864126297569e+10
1.946163519449719238e+10
1.562463306300503662e+12
7.851071199370999023e+12
5.303750218133046875e+12
-7.646947243702197266e+12
-5.823947536516807617e+12
-1.828857451244514062e+14
-1.493644523673664453e+13
-2.952510841689391016e+13
2.287679669625315000e+14
1.235391828410733789e+13
2.752690666601964688e+14
-1.788834766765827250e+15
2.000572863362225250e+15
-3.009080196822055000e+14
-2.110346043866766913e-04
1.142328018065215953e-03
7.829992273894895161e-02
4.706683667710386487e+01
1.113638438371410484e+04
1.702420277378158789e+04
6.467812947562710178e+03
1.035987101067373157e+07
1.368498141309672222e+07
5.002553337291235328e+08
-2.541400886899480820e+10
8.282050686098799706e+09
-6.309690907473252869e+10
8.174222691632434082e+11
1.641848262473066406e+12
-6.217283094691256104e+11
-3.868373357497876465e+12
1.509715565925111914e+13
-7.430666015031802979e+11
-7.626179766824728516e+12
-2.485336145284457031e+13
5.637492771263318359e+12
2.988954855382566406e+13
2.810400025961913438e+14
-2.195180213387166992e+12
-2.642261987523447500e+14
-3.500794689837553125e+14
-3.336906375501102000e+15
4.624722325285014000e+15
-1.476317456687749375e+14
6.720414633280050707e-05
-1.119763723501877514e-02
4.594887919028555617e-02
6.660711457257629036e+02
-2.603688456212100209e+04
-4.051188052225531283e+04
2.963439509425256347e+03
-5.376788204311076552e+06
7.033428998665127158e+07
-9.576772723711260557e+08
-2.055393202688148117e+10
-9.982800819768293381e+09
-3.726896310596636200e+10
-2.257976626411597168e+12
-1.992135498410771973e+12
5.573819123038863525e+11
2.856900977447719238e+12
4.744699095071776367e+12
1.950388179661596069e+11
2.823013192667499512e+12
3.719336292272330469e+13
2.802402621469064844e+13
-2.722042324641837500e+13
-2.246607160948517812e+14
1.084059299624303594e+14
1.847553418317618750e+14
-5.450657495492378750e+14
-2.225664411843548500e+15
-3.022281943690903500e+15
5.592634718825443125e+14
-9.998843280093919761e-01
-2.529230632405348160e-07
1.853248555876931339e-02
7.127349181281889931e-09
9.893579526653280341e-05
-3.292145835620250739e-04
-3.394784727125067654e-06
-8.029213069666526328e-09
-2.386861202412485632e-09
-6.682248444293862118e-06
2.526751139619447099e-08
4.833008129436727103e-07
7.111533574956898565e-10
8.116738263100222347e-07
-3.411993903949486977e-10
-4.461842446014847450e-07
-6.501357355260226856e-06
1.226511550590476832e-07
-3.210749557773653645e-08
-4.400355561866883656e-08
1.557580500202803910e-08
-2.176453653602694780e-08
-1.764459060668404044e-10
-1.824325534578270350e-08
-1.326209096730684017e-08
-1.564890067829688861e-09
-3.230983680471452291e-08
-1.141100062126724792e-07
-1.376509489227543472e-07
1.853868254621655462e-07
-2.443884739795553808e-07
-1.749949945602497392e+00
-2.256329122965297672e-06
-9.435062193622486859e+01
-7.623570719105627053e-06
-1.495039129671254239e-04
1.875450164164420633e-03
2.695954963662003045e+00
-2.820430927259748088e+00
-2.368098347972083588e-05
-1.216469938464962775e-06
2.471453073113218972e-06
-1.044253657886478059e-01
-4.586251981984945809e-06
-1.360578701857857037e-02
1.738093707786666466e-06
-6.781673760251024472e-06
5.462063326644054978e-06
1.873846709223312706e-06
5.372324235014999910e-05
2.041976251418390481e-04
-9.495747002217610664e-05
1.040422245727315280e-02
-1.312201713361797837e-03
-9.758873765550114994e-05
-1.682355144557845094e-04
-2.479243244982112944e-04
-1.324732302045548310e-04
2.386062160573289208e-05
6.077478899222573663e-04
-1.852335101667804476e-02
2.265313959948220841e-06
1.388742545821720561e-02
1.642727195488851853e-04
-9.012928946263216723e-01
3.937249693201369527e-01
1.771999482373957631e-03
4.791391908929797084e-04
-2.210433111856198278e-03
-1.102612269111161680e+01
-1.056387024720414125e+00
-3.510457666282085398e+01
-3.011736817353488083e-01
-3.052601784010299184e+02
1.455868029440777200e-01
-1.494937720091917477e+01
2.803977658312422136e+03
-5.279631578792186986e+01
1.360158447404043969e+01
1.736272043389882569e+01
-5.990272423659337875e+00
2.510310935032513768e+01
2.364427964986152708e-01
8.102328427212228235e+00
2.302704091811178522e+00
1.336567321026447708e+00
1.399439618893233472e+01
4.932436244710934403e+01
5.965803900714691821e+01
-7.981850298187366377e+01
-1.376838535717244093e-08
9.183816017985913049e+01
1.596283034740284966e-04
9.912326047812197430e+03
7.096286954208184082e-03
-4.015013933971615240e-02
2.028109036205515192e+00
7.996955091636722500e+04
-2.548014885283125332e+05
3.681555419054350242e+00
-1.793221043040285345e-01
-4.051961656364548858e-01
-1.075071262466035296e+04
-4.860789789523586868e-01
-1.061196779817687229e+03
-3.511159811604525061e-01
-8.653537456256424898e-01
6.424659852093327350e-01
8.056635746375043761e-01
7.901610531505972368e+00
1.625582422458107885e+02
-2.050350082805955765e+01
1.254281228869181859e+03
-1.439311785455109884e+02
-1.621207152687861708e+01
-2.264251536982630597e+01
-2.485413213053050896e+01
-1.633587300104497331e+01
3.278081262803878015e+00
7.904125106307091642e+01
5.689919529308304098e-04
-6.059428166518007930e-06
8.895253589794495097e-01
-7.046981780619779659e-03
-9.488887240577868454e+01
2.227352173852035122e+01
-5.793555247731187130e+00
-1.938898772803610560e-01
4.354856849120216644e-01
-2.189667762801532263e+03
-4.561821456521583968e+02
-3.145162028623532024e+03
-3.390265860032766909e+01
-8.078425117597020289e+04
9.697646794449397589e+00
4.375531230949634846e+03
3.246576269287092728e+05
1.240414965446504539e+04
-2.848766100897882552e+03
2.651893855355362393e+04
9.606961327231681935e+03
-1.497124972217429422e+04
-1.784055133232264325e+03
-9.582306077975301014e+04
1.540793004422695594e+04
-5.877761984472114273e+04
-2.361243580724592612e+05
-8.074058872264812235e+05
-1.018060759817525162e+06
1.329692159763194155e+06
1.809760279491855921e-04
1.480732808457691971e-04
3.794816735920235051e-01
-4.020042705802691352e-02
-2.166779480413116232e+01
5.109769476673978517e+01
-5.921034382038315869e+01
-1.341938253575426954e+00
4.491912276273409610e+00
-2.461023156501315952e+03
-3.219332952358659441e+03
-3.634814811915797236e+03
-1.562619681462875860e+02
-3.939310018108986355e+02
3.083793949338828355e+01
9.625286884525054120e+03
1.529892997788096545e+05
1.595624890578015766e+05
-5.057278342854184302e+04
-1.456839270529973437e+05
4.107298641067675817e+03
1.343685016360531336e+04
3.115571779795119710e+03
2.717973061286608936e+04
1.472800077822288586e+04
5.701501395349608356e+04
1.623085636976801907e+05
-1.915260187518111779e+05
5.983916882518966449e+05
-1.570124947764331882e+05
-2.436615131729948890e-06
1.841176391321437851e-03
-1.891849200156109053e-03
-1.955156301719551903e+00
-5.632093523683460390e+00
5.674883126028565528e+01
-5.899956207558766437e+03
-4.873989053088922674e+01
1.904648026372838103e+02
-4.016666971086916647e+02
-3.140474065588975209e+05
8.499743139571570282e+03
-3.379410049120544500e+03
-1.914551705584516822e+04
5.966085397457868567e+02
-1.515718456257512798e+03
3.212387617648481973e+05
1.639993722198875435e+07
-5.129817764557735063e+06
-1.371867485287162126e+05
4.559959573934884247e+03
-1.559125976691031537e+05
4.671000581686157602e+03
-5.309098080739408942e+03
-1.996859490250466706e+03
-4.004650428187075886e+04
1.868442432388497309e+03
3.867466147785846260e+04
-1.830128243624474999e+04
-2.851628602403668629e+04
-5.045041431395343000e-09
2.623395072801723682e+00
-4.469297820027060149e-04
-7.783509862418209377e+04
-1.890899497412486807e-01
1.296182704150962595e+00
-4.896072709303571457e+01
-2.146808275822060183e+06
7.465671325993422419e+06
-5.534858074225119253e+02
2.877736965269805296e+02
1.950111816109189817e+02
-1.578365912269571722e+08
-1.127855754714174691e+04
2.921781346621701121e+07
4.492795153753179875e+03
-1.977517731181065392e+04
-3.012667090038607421e+04
4.037302570471558720e+05
3.606568623206287157e+05
-1.841135250521808863e+07
-4.370874998438540497e+05
3.082818917180045843e+08
-7.472124181090290844e+07
1.018009039062779280e+06
-4.852567325679565780e+06
1.937059902672230965e+06
-9.876919869745967910e+06
5.625727972346713766e+06
6.666018915244947374e+07
9.246426078678422841e-09
2.742810209203474958e+00
-2.104570845853185289e-03
-2.480165695112963149e+05
-4.174538964808872099e-01
4.310235851280120656e+00
-1.908246724403946359e+02
-7.443114933559229597e+06
2.653968812550457940e+07
-2.315218098122092670e+03
-3.234062127325379947e+02
9.420236954282970601e+02
-7.411118035319210291e+08
-3.322966765122659126e+04
1.650768412079422176e+08
-1.791592903931671754e+04
-7.069596899576246506e+04
-1.720822800115286082e+05
-4.381013945675739669e+05
1.015000627651172254e+05
3.246510628742848709e+07
-7.065718648813990876e+05
-3.222309671366676688e+08
9.121079502630065382e+07
-2.381640701049130876e+06
5.085678882352153771e+06
-2.441466017809862737e+06
1.375743660308788158e+07
-7.959484897124239244e+06
-9.408752848404398561e+07
-1.192148813417317468e-05
-2.351870257972650435e-05
1.072830729729405519e+01
-3.640835480695434612e+00
-2.154425497862402608e+03
2.418114513528921634e+03
-4.216335108976879837e+02
-5.464555476264247318e+02
2.303574659914287622e+03
-3.075883227162414114e+05
-4.267888603377804975e+04
-2.325655051772021689e+05
-1.781061649525578832e+05
-3.395056766773149837e+06
5.029799003948544851e+04
3.294555060901694465e+06
1.281493594101855159e+07
1.550157952058652649e+06
4.535778236562712700e+05
-1.611891795977671072e+07
7.354636360533636762e+05
1.048099333881704696e+07
3.465720802144017653e+05
2.747318901108731516e+06
5.960694682610780932e+06
2.194083103253593296e+07
8.157400459071290493e+07
-7.435443236189569533e+07
7.579718156802663207e+07
2.052782944228322431e+07
-5.716085853380898890e-07
-2.933019390020721337e-06
9.974172464333298516e-01
1.740901662148389151e-01
-4.435152697954520704e+02
3.086514934447561700e+03
-3.140475987599724904e+05
2.879613862663355235e+02
3.126884078176004209e+02
-4.103737629252627084e+04
-2.508841647871094942e+07
6.685334589865868911e+05
-1.330193517845462484e+05
-4.189530436609856784e+06
3.928421292005990108e+04
-5.808412227698083370e+03
2.323840649811422080e+07
1.274864481381977797e+09
2.202940388411561847e+08
-9.318612814973969012e+06
-6.137717280210268218e+05
3.265383353490006644e+06
2.686215130504155997e+06
3.797273757343210280e+07
3.024817692268889770e+07
4.030623908220623434e+07
6.751742381980600953e+07
-1.832029824116584957e+08
4.814671011097103357e+08
-1.292293334097291678e+08
-2.255137519023693606e-05
2.550199345004734291e-06
3.456856949523142930e+01
4.023849240481500722e-01
-3.165716119565249301e+03
3.639069875309876807e+03
8.171369256653238153e+03
1.955228128619227448e+02
-9.441911099361773267e+02
-2.379375745931195270e+05
6.420237582884393632e+05
-4.753668998945817002e+05
7.401008699613151839e+04
-2.104179762531128712e+06
-2.610645695989046362e+04
8.202886528578809230e+05
1.362074983502076007e+07
-3.355888522926680744e+07
-5.331749165697930381e+06
-1.596085339599728771e+07
-6.009583824913038552e+04
-3.564649019875667524e+06
7.577541545080026845e+05
-1.266378519107417436e+06
7.922175811451845802e+06
4.508062023731322959e+06
9.607797659265466034e+06
-4.083899896084804833e+07
6.836323807804463804e+07
3.492227814615975320e+07
1.709969948451635825e-07
-1.142770542196194644e-01
-1.508769479315797135e-01
1.047463684647964874e+04
-3.617075885644499635e+02
-1.640429546421593443e+02
-2.938184829788518982e+03
-1.523455811970009506e+08
7.222895710362477303e+08
-2.437874333425942750e+05
7.735940651149535552e+04
5.544378191346624226e+04
-7.270896080130505371e+10
6.129419575074590743e+06
2.519729509505238342e+10
-8.497126460324881598e+06
-9.097911889444878697e+07
-9.445089846664506197e+07
-6.984243712522326708e+08
-1.051077734104330778e+09
4.863359838151985168e+10
2.276776994743883610e+09
-6.451089550810048828e+11
1.229326928682972870e+11
-2.823649464095352554e+10
-3.642241219830112457e+09
-1.503430151550643349e+10
-2.258255171449361267e+11
4.836380372673203278e+10
1.131725221812853027e+12
8.252574058594018894e-05
-4.890884304287451504e-06
-2.889837159859918074e+02
2.468310882645528559e-01
7.883725297429841885e+04
-4.341612236466823447e+02
2.688251595681266190e+04
1.453718170909180571e+03
-4.407642160981260531e+04
3.346500460949339904e+06
5.000797505038185976e+06
1.989143685822827974e+06
-8.064472798316010833e+07
1.806016793423168957e+08
8.185345864889918268e+07
-3.296188535626454279e+07
-3.052709717249240875e+08
-3.560190701750071049e+08
-2.907367057880092859e+08
-2.378981677171707153e+08
1.110079500382910967e+09
-6.182433827526373863e+08
-6.341611899752138138e+09
-7.847433858990733147e+09
-2.810324305128491211e+10
-7.887373127824878693e+09
-4.182571221659848785e+10
7.116918944462150574e+10
-1.560581604566662292e+11
9.730226237400920105e+10
-1.631332734445345308e-07
-1.176799584528812406e-02
4.438575176675572664e-01
1.031657557391774844e+03
-4.430533494677524686e+01
5.789814890054844199e+01
-1.154784524012773090e+03
2.831363147910904884e+07
-1.607044544665235281e+08
4.926399010430200724e+04
-1.282129508940021769e+05
-1.659387495282976306e+04
2.490098026392187500e+10
-5.436862930247195065e+06
-1.074751669554846001e+10
3.419018678694210015e+06
8.626250003925503790e+07
4.570589655739966035e+07
3.337307939552304745e+08
7.637689809306544065e+08
-2.961395052257228851e+10
-1.948042695224941015e+09
3.782348589130565186e+11
-6.024079883969012451e+10
2.192939714261104965e+10
9.524307529807651520e+09
2.839856283841735077e+10
2.193469194696743774e+11
-4.917073973605912018e+10
-1.115430590360244873e+12
3.524038902448803302e-06
-2.205535812229149719e-06
-6.140946906590521337e+00
-3.428294081846530728e-01
-5.360950173878850364e+03
9.707789162759583633e+03
7.845232329994703377e+02
-1.746736777906951465e+04
8.147037106130378379e+04
-3.286883266974987928e+06
-6.704112161939672660e+04
-7.597728309968449175e+05
-1.775243663253306225e+07
-3.274865531346544996e+07
1.178227337181987055e+07
7.665667527597062290e+07
4.751921467024868727e+07
1.837924805179556459e+07
1.801108048638821021e+07
-2.412769751908719540e+08
1.395825089246859848e+08
4.167520135213388205e+08
-7.194247464392333031e+08
-7.261807738509278297e+08
-3.634315544805742264e+09
-1.134898903996698409e+08
-1.908612126004642248e+09
8.223196486289578438e+09
-1.672562407336933136e+10
1.035146566802343941e+10
-8.652464438628617921e-04
-3.040910899761177830e-05
2.656194899480130516e+03
2.531883255608450511e+00
-3.164009238242784049e+05
1.447658033371071797e+05
-3.732192265289700008e+05
-9.379621111113553343e+04
8.096446995201378013e+04
-1.362607597407691926e+07
-2.185003572284697369e+07
-1.298073466796662845e+07
-3.009061026983259916e+08
-3.071682291049653292e+08
2.908349428960385919e+08
3.335809309969843179e+07
2.202269402224137306e+09
2.109724299673306227e+09
-1.111430044950155497e+09
-3.987780790294477940e+08
3.556682977617344856e+09
-3.128924543246783257e+09
-2.406046923484301376e+10
-1.945482883969443893e+10
-1.050375578729337311e+11
-1.640382765220026779e+10
-9.841233854811647034e+10
1.840778256293811340e+11
-4.047866593664136353e+11
2.992331541519159546e+11
1.862016368410866418e-05
-1.111868413850085834e-04
-5.316519441029550563e+01
1.990222107768691684e+00
-1.137316091974944720e+04
1.488987343810223683e+05
-1.595888448245333135e+07
1.536843394919389766e+03
-6.563310767932551971e+04
-1.434223655943233985e+06
-1.237089637795138597e+09
3.383721497909982502e+07
5.420326334035706520e+07
-3.737991686746913791e+08
-3.388124355652064830e+07
-7.745675334521195851e+06
2.151176106649106979e+09
1.227002979873338470e+11
-4.021311415954054356e+09
-1.600659009788373411e+08
9.412574952152924240e+07
-7.909557488404129744e+08
1.691532608150342464e+09
1.539769991994210005e+09
-3.899687034227781773e+09
2.457194412121456861e+08
-1.857717079483699799e+10
8.031393630631012917e+09
-1.629787881390875816e+10
1.119998576509803772e+09
-1.175595349811944631e-05
-2.894202549109467994e-06
3.642098665430518878e+01
2.658775184013624227e+00
-7.721823674140169942e+02
-4.699009413523202238e+04
5.005768940157373436e+06
-5.668006740874834941e+04
2.301739655102278339e+05
-7.983469510481988546e+05
-2.267668502629508972e+08
5.830507777255186811e+06
-6.094757416505819559e+07
-3.740672003377959132e+08
3.364427385750862211e+07
1.764758523681380972e+07
-3.397998088594771624e+08
-2.917075404732266903e+09
6.379752568075889587e+10
1.049324337987504005e+09
-2.476016275662782788e+08
1.256775069274386883e+09
-6.678544711455801725e+08
1.043685830761547661e+10
1.384241294015732384e+10
1.358692054114231300e+10
8.819084209380889893e+09
-4.676912282411498260e+10
1.126324578602938995e+11
-5.099019614622159576e+10
1.275033475815643154e-05
-5.523653527060679394e-05
-1.388244106509954889e+00
3.504506099880119407e+00
-3.115174472101175706e+04
-1.486690847337243031e+05
6.509019655783882627e+04
-1.559222051302007749e+05
3.400527723798779334e+04
1.479315023263486661e+07
8.712163970369715244e+06
1.540090423713964038e+07
-3.631946488508788347e+08
-1.697993989839958847e+08
3.773904722553780675e+08
-2.648497223235125244e+08
8.674432603012727201e+07
-2.430438674979117215e+08
6.113885593411479890e+07
2.760024988631660938e+09
4.595273785981774330e+09
-5.670185362763710976e+09
-3.279530743238650894e+10
-2.594984093570936966e+10
-1.477522921418629761e+11
-2.724004481359585190e+10
-1.498728227356767578e+11
2.526448270731640015e+11
-5.661346518901385498e+11
4.150280498911959229e+11
-4.623893112582197403e-06
-3.687170083470030831e-03
1.415671443815075570e+01
-2.066220314086050962e+02
-1.540050582652158482e+03
-1.005057686085243063e+03
4.475795601228611304e+03
-1.344862640860411152e+07
-2.912921162623815984e+07
-2.708802943207033677e+05
-1.373976324757123599e+06
8.584351733032392804e+04
3.748306405283079529e+10
-2.590468081263463944e+07
-2.258323000045780563e+10
5.544297026748779230e+06
4.463642916477701664e+08
1.451371310419970155e+08
1.116983587320727110e+09
2.972477363230610847e+09
-8.982185000003413391e+10
-1.002041560329079437e+10
1.082917102845825317e+12
-1.247858170587562561e+11
5.665139591439776611e+10
1.261691038449506950e+10
-9.051460921667196655e+10
9.875101783238607178e+11
-4.131695989684819946e+11
-4.379815056869056152e+12
-1.154879248267117780e-05
3.095747648142154054e-05
1.426007550196581342e+01
-4.260594770184639835e+00
2.728002297082396035e+04
-1.153045567324361400e+04
4.825159909311612137e+04
7.909191212283963978e+04
-1.247681744976693590e+05
-1.324028293970951624e+07
-1.364416505839382764e+06
2.735212528785456903e+06
1.847432060676816106e+08
-8.733290367225813866e+07
-1.737574443049587905e+08
5.299927393081790209e+08
-3.772206117429266572e+08
-9.341064481032991782e+06
5.350549572365646958e+08
-1.607643374218543291e+09
-1.783145718824630737e+09
5.883309204573852539e+09
1.461763026889866066e+10
9.758594955820058823e+09
5.429505554926947021e+10
1.379576480915447807e+10
6.869348797303907776e+10
-8.119343558994735718e+10
1.982896636824773865e+11
-1.658501203703272400e+11
1.007220009470325378e-05
-7.239267986108625930e-02
-1.165556043944724252e+01
1.105937801664730387e+03
-2.948154067752508490e+04
8.566194810541217521e+03
2.895921013808364478e+03
-2.312133825721349716e+08
-2.406217595933113396e+08
3.546177350685163401e+06
3.433559476477572322e+07
-1.275802919270724524e+06
4.739633279456870117e+11
-1.891028388644056022e+08
-2.756874122836113281e+11
4.993777520673497021e+07
3.327938218315120220e+09
-1.013298210621473885e+10
-2.232585594570236683e+09
3.080205459987396240e+10
-1.053404645974396851e+12
-5.359614523762665558e+10
1.265974780125032812e+13
-1.229189811786688477e+12
2.100924258183223389e+12
7.373491410785064697e+11
2.621521743256587891e+12
5.736747028278137695e+12
5.519231547384708008e+12
-5.044723511794208594e+13
-5.409137521952793126e-06
5.860124606005259057e-02
-4.318104232842574497e+00
-7.681543452561364802e+02
1.887886886664409758e+04
1.859654357205993074e+04
1.274338503700799265e+03
1.902249536065881848e+08
2.098714577154706717e+08
1.548644357344513759e+07
4.327142432349938899e+07
-5.353440530370941386e+06
-3.942012515056411743e+11
-2.749140290901974440e+08
2.279050930269678345e+11
-8.647363026270052791e+07
-8.083258627938914299e+09
-1.828897218738916779e+10
-2.601405710390798569e+10
-2.309752809559758759e+10
7.498901641864401855e+11
1.938648848255903625e+11
-1.027869745375164062e+13
2.582309592991083984e+12
3.741092949439313965e+12
9.747294580583435059e+11
6.643721745790812500e+12
-1.974633794152466016e+13
2.707388494151099219e+13
2.809934918430129688e+13
1.272360408838610205e-04
1.076235383934857903e-02
-5.094842076354457561e+01
-1.382791644877239037e+02
-4.040423525240230956e+05
-6.598146994253073353e+04
7.127334576099892729e+03
3.355482292475992441e+07
3.667171186152067035e+07
-7.210423293408781290e+07
3.356819020730665326e+07
1.924254496229252964e+07
-7.950489954809030151e+10
2.980862819825075626e+09
4.952201244811844635e+10
3.567197802965237498e+08
2.331721157871699142e+10
4.058048527140491962e+09
-7.341948325871065140e+09
-1.863527142672634125e+10
4.584979893164185181e+11
-3.921271453566046753e+11
-2.931847377349579590e+12
-3.004648740602944336e+12
-1.551203826007428125e+13
-3.167812574931042480e+12
-1.876572417779269141e+13
3.401579567961309766e+13
-6.966571353470373438e+13
3.919880513938716406e+13
9.695571055940380579e-05
-5.931923135777898010e-04
-2.693181130260608214e+01
1.055579307832822700e+01
-3.786981274545845808e+05
-4.732346838761583058e+04
5.598206300917419867e+03
-6.140504117817528313e+05
-2.217076513761269161e+05
-1.515544746563589014e+07
-3.938996854095469415e+07
-2.213409829895026609e+07
1.179039361305302887e+11
-5.949075737349661589e+08
-1.083085002842209320e+11
2.812524762400446534e+08
1.178288599619978189e+09
-9.517735907853007507e+10
-8.591304727166355896e+10
2.964747803583686829e+10
-1.086769574109137695e+12
2.699231102458806152e+11
7.463842631782888672e+12
5.647166066619751953e+12
1.574823507341289648e+13
5.581107322704426758e+12
2.744412500690889453e+13
-3.865715632375951562e+13
1.055646227905631094e+14
-8.715778099536651562e+13
-1.087635256682870316e-04
-3.685065337460921358e-04
2.237103309992543032e+01
9.598632002985003453e+01
3.979606470319990185e+05
2.455825386666804116e+04
-6.685172614659571082e+03
-2.058784903824238572e+06
-2.886878864850575570e+06
5.443085205273290724e+07
-9.156530765865778923e+07
2.871318204181855544e+06
1.052054432809634590e+10
2.287718276856988370e+08
-6.842799019221577644e+09
-9.162653951069312096e+08
-8.109357203340799332e+09
1.381071637672427559e+10
2.545435722102508926e+10
9.101223762980756760e+09
-5.890643242858218384e+10
3.660809179969325256e+10
4.987166670461818237e+11
1.407399134968523254e+11
1.752999555191477051e+12
-3.721682131628988647e+10
8.843641489080811768e+11
-2.390407937715573242e+12
4.375460036044555176e+12
-3.667218795027893066e+12
-4.426110667392545254e-05
-3.537905254862389048e-03
9.452847857445153323e+00
2.237957110767438706e+01
2.078687585095706454e+05
-4.321661129155437229e+05
-2.229322728742573963e+04
-1.035564174635767005e+07
-1.462007114255220443e+07
-8.997028287404958904e+07
-2.872843287579244375e+08
-5.430739280972187966e+07
-1.937876554312376709e+11
-8.755151762499296188e+09
1.779616101173448486e+11
1.966527632040131569e+09
-2.654053588043143845e+10
8.314178024908351135e+10
5.742470817275076294e+10
-3.980785533306732941e+10
1.029835914067060913e+12
3.632715921959226074e+11
-1.176712914466963477e+13
1.094629500413858765e+12
7.872509588461675781e+12
1.540907937597182861e+12
1.629303804610821094e+13
-3.727322599419782812e+13
4.065762808927242969e+13
5.849851204642884375e+13
1.002824456066174280e-04
-7.799005254788448499e-03
-2.226983932422984225e+01
3.222101547324825788e+01
-2.952903564903911320e+05
-3.297176164026325569e+05
-4.662111705736889235e+03
-2.579408562892033532e+07
-3.732521533359852433e+07
8.846352641450049356e+06
6.127818414292831719e+07
-5.811289595975929871e+06
-5.084551312394945068e+11
2.760511618260371208e+09
4.721685900643872681e+11
-2.385461517980656147e+09
-1.569840708681698227e+10
-2.800138051109217453e+10
-1.142068830431760788e+10
-1.352108358205492096e+11
3.295984585044168457e+12
2.026813945822902832e+11
-3.184961144092170703e+13
-4.337752308981585938e+12
-1.581607177859898633e+13
-3.643583383667510742e+12
-9.557359382226837891e+12
-7.276983415816263672e+12
-6.926591446433461719e+13
2.221948359186245938e+14
2.185446610928906219e-04
-3.729971946669535191e-03
-5.148252299361718087e+01
2.937661270630410826e+01
-7.829801722664538538e+05
8.253567859949765261e+04
1.668028420212684796e+04
-1.333187898887770064e+07
-1.944375471859232336e+07
-1.582394550928529501e+08
6.660237696714317799e+08
-1.812912819643263519e+07
-2.119988587800607300e+11
-3.571804849478442967e+07
1.931936336639586182e+11
3.930894136765904903e+09
1.253021400207424545e+10
4.683775099069878578e+09
-9.144732414572821045e+10
-9.018597602234777832e+10
1.631491617528351807e+12
-9.778892817551704407e+10
-1.384694277536522070e+13
-4.595692393295139648e+12
-1.579113003463255469e+13
-2.961039738325527832e+12
-1.367470771610093555e+13
1.945747004356959375e+13
-7.690956852809562500e+13
1.132935174408452500e+14
-3.431450151394945794e-04
2.268561233118109147e-05
-1.827095640640071655e-02
-8.865114408088123832e-07
9.534567586297175712e-01
3.002220764216674831e-01
2.119143742979513398e-03
2.220510958016711434e-06
6.487946334534617875e-07
-3.858951416310654140e-03
-6.134558589744082586e-04
-2.333533097996878108e-02
2.114420745982853098e-07
-1.741407735783852512e-04
-2.710640254303334238e-08
3.199710960807089846e-04
-6.546998658856432302e-05
8.684090512400370338e-06
1.474577890810763932e-06
8.776385511339681363e-04
-1.522034917178885063e-05
-6.358448423752721223e-05
-3.289439446944681819e-06
-4.883581983020858715e-06
9.783366676001215527e-06
-1.118515721039354344e-06
5.621031518572400549e-06
-4.812349158354788524e-07
4.068721244572380912e-06
6.035864838791937502e-07
2.242029005332142074e-05
-9.443130816053975707e+01
-7.926492353886387902e-05
1.750249308181782482e+00
2.043002943534845232e-03
6.433716338318165714e-04
4.237878307110934940e-06
-9.343225911063660419e-03
3.109353097527145157e-02
-9.295258095272074500e-06
-1.394590985438483092e-06
-5.256528065037294564e-05
6.311304557096866037e-04
-2.010108667310086665e-07
-4.552709304977055896e-05
7.413844399087975253e-07
-2.535114733850484670e-07
-3.656757892096618721e-09
-2.126596747188823234e-07
2.998384849973275320e-07
-7.473234776299491689e-05
4.384602524145572529e-06
-5.126544407953570850e-05
-2.873518669771812903e-05
-5.336884206902828893e-06
-1.305009726148107227e-05
-5.607893430344131720e-04
6.142945486038865050e-05
-1.417830210916465747e-05
-1.083734536778426492e-04
1.827038817763212281e-02
7.997127494776008609e-05
1.460017257201913665e+00
9.262669853126370614e-06
-7.412793300644581507e+01
1.310493159969413490e+01
3.928337261151722271e-02
-9.114631395980980419e-03
-6.902105179689150237e-03
-5.904693263224764905e+02
-7.112948070655136235e+01
-2.758332332541539017e+03
2.138768637483490220e-02
1.926747412088965916e+02
7.129842039361475672e-05
2.293838093046868565e+01
-1.627804793084211354e+01
1.846450805529721517e+00
9.647695770566554474e-01
1.202306083015743212e+02
-2.097419503634054827e+00
-9.158592005135776759e+00
-4.370118195326708754e-01
-6.595084080456622422e-01
1.361613914078894538e+00
-2.701290274719894136e-01
8.411232914045611020e-01
-7.036292347248729317e-01
3.786067978204921136e-02
1.096513970366271185e+00
8.716056111285289594e-07
-1.749386621586006774e+00
8.840362619997336530e-06
1.311558130191944782e+00
-1.077591631012336706e-03
-5.021497644812735958e-03
1.796211906212770437e-01
8.511898782046353062e+01
-3.718566170082992528e+01
7.463655966521284824e-02
9.318149436114214978e+00
5.311992437711644463e-03
1.040260753936474430e+03
-4.003501424640163009e+00
3.315985188352427940e+03
-2.726052421689818317e+00
6.080632675704489998e+01
3.188924346895715356e+00
9.048967100068266234e+01
5.649441837131682860e+02
2.849644194338244051e+04
-1.612963497677347277e+03
2.616697249281104177e+03
1.514580331228825162e+04
2.487720730998346426e+03
5.977708324383625950e+03
2.419545282809356868e+05
-2.636980850357167947e+04
6.024641853369987984e+03
4.581376437716601504e+04
9.280418663784265609e-01
2.070848067416409827e-03
7.195960545248370011e+01
1.079938714042236484e-03
-7.132017034815064108e+03
-2.173915265677190121e+02
-3.208662689246857553e+02
-2.811762567747602137e+00
-2.218256160986641135e+00
-1.268938945559809945e+05
-2.733806662681026137e+04
-2.611987817901212256e+05
6.269637461697652725e+01
-3.841344195766159333e+06
-8.091614178979031635e+01
2.557732524887500331e+05
-4.208612041968270787e+05
-7.011035813481655168e+03
-1.823956354181854840e+04
-5.788474180704059545e+05
1.124978945377223317e+04
4.233882446190351766e+04
1.835187825785155837e+03
2.372744229905753400e+03
-7.006118779981400621e+03
2.703422867142024188e+03
-8.011160159300186024e+03
1.285865773968917711e+04
4.630508432227024059e+03
-2.042113948283681020e+04
-2.922437860667455034e-01
-6.549958765657046917e-04
1.329828495257453547e+01
-5.057866609142454631e-03
1.605794581177813711e+02
3.854478002302439563e+03
-3.189470602104759564e+03
-1.198699981265980874e+00
-2.087660397493283693e+00
-1.332257976496666088e+05
-1.762104094247216708e+05
-2.521882076932276541e+05
-2.225554452856931221e+03
1.374992385136185912e+06
2.954627339395343597e+02
5.855642313467015047e+05
2.015276139039333502e+05
-8.227874948913682601e+04
-1.993348540028946081e+04
-8.762301863711114973e+06
1.495339005813850963e+05
5.626656542828662787e+05
3.209496340823007631e+04
4.664820392319175880e+04
-8.539616199854023580e+04
8.855514912871942670e+02
-9.808409207858874288e+04
1.256058744210404257e+04
-7.952247284999825933e+04
-1.769659374937942994e+04
2.163312619347858290e-03
-4.602116524348220586e-05
-5.592011162559221843e-02
-1.756206644504975378e-01
-3.121719497074926153e+02
3.055572205391881653e+03
-3.185887392495780368e+05
3.210457297194391799e+02
1.053548238444489158e+02
-2.195951514572143788e+04
-1.717166724968579412e+07
4.646277589674535557e+05
2.166122814298232129e+02
4.143460271493637265e+04
-2.221696405166137822e+01
-2.990746192704274290e+04
-4.925048980825680701e+03
-4.868419754067927715e+05
-5.132464264273536974e+05
3.387877022385637974e+05
-5.246105815364856426e+03
-3.593539091130151792e+04
-6.294017902418070207e+02
-2.258408215787126665e+03
2.446533317698278552e+03
1.688602411279203807e+03
4.019072807033720892e+03
-1.716521091742322596e+03
3.848464908339808062e+03
1.607936009747965500e+03
2.207853837179489891e-06
-5.373658434230543096e-02
8.697675983462277091e-03
-8.400766494755043823e+01
-2.815179516295025053e+00
1.253997124659216089e+00
3.237025620030102573e+02
-8.961159027233454253e+03
2.095894242005561409e+03
-7.900482121280346064e+02
1.766852106746691788e+04
-9.005424815582520068e+02
-2.065436633054589620e+05
-3.991448617275441393e+03
-2.976508623848073767e+05
1.544400032344179090e+04
-1.822284431849824614e+04
-3.957648362281518985e+03
-3.684215677589281404e+04
-1.941879203169492248e+05
-7.283483203519109637e+06
5.701015088261232013e+05
-1.109824147062371951e+06
-2.194136645529289264e+06
4.877984001748252776e+05
-1.223386697753259446e+06
-3.393218615082783252e+07
-2.988703239672529511e+06
4.418828499936711974e+06
-1.661392877172358334e+06
-6.446703300104342755e-07
-1.709408327815871431e-02
-6.603715458371085464e-03
-3.584060993527997852e+01
2.210011611130726195e+00
-2.092936156565746497e+00
-1.061345176263442625e+02
-2.040824812199978624e+03
4.772165424989840176e+03
5.852227280039099924e+02
-6.146709074909002084e+03
4.816512377047039308e+02
-2.320058579948655679e+05
5.057587892153496796e+03
-3.511037966797159170e+05
-7.537144115046265142e+03
-5.330745749469282373e+02
7.097629546509703687e+03
2.449630171513996538e+04
-1.051701615830994706e+04
5.879923452460840344e+05
1.104946203737115320e+04
-1.637516119718423812e+06
-4.616233313104891218e+06
-1.641130663899926236e+06
4.387096638723601587e+06
1.495918705186388455e+07
2.018821348261454329e+07
-1.632432956334662624e+07
6.550016811571632512e+06
-3.826133543983113554e-03
-5.123639035752283623e-06
5.594502880609644535e+02
-7.383884298269886848e-02
-1.249408322491439467e+05
1.290766703179528849e+05
-2.230162213070933649e+04
-7.812695443665631956e+02
-5.638662098835150118e+02
-1.723103677930029854e+07
-3.136636911222729366e+06
-1.710180012474877760e+07
-2.068880290157182608e+05
-1.418851966123901606e+08
6.118264715247822460e+04
1.840666551053925753e+08
-4.225446375572233647e+07
1.785915047022138909e+07
7.054119851109665632e+07
-1.168063510110747337e+09
2.572757457777616754e+07
5.795154990680831671e+08
3.010223019051334634e+07
1.157114807050983459e+08
-1.606084703198671937e+08
7.335826887771689892e+08
3.821011528127040386e+09
-1.165101869383302689e+09
2.145563674775387049e+09
1.916381803268596172e+09
-5.816097008056744181e-04
-9.432822820713290075e-05
6.464396148547849918e+01
-8.865651574511137056e+00
-2.606117332405161505e+04
1.641665354276052385e+05
-1.671493613454158604e+07
1.706809858524721858e+04
5.949469212284941932e+03
-3.014657444676060695e+06
-1.803538342587035418e+09
4.773146284505836666e+07
-5.399986648496966809e+06
-1.996861837521861494e+08
7.743257828179482603e+05
6.579162664096067660e+06
1.447885151438054629e+07
1.447203705270562935e+10
4.638511238204701996e+10
-1.591664737577480376e+08
-3.998878987619366497e+07
1.309826905490002632e+09
-5.072081865546897799e+07
4.446101237273748219e+07
6.935545821983033419e+07
-8.282473712495630980e+07
-2.085086144750275882e+06
7.175485608827564120e+07
-6.537619668771439791e+07
-1.021551909750066511e+07
-2.311049520854014175e-02
-4.434480702771302933e-05
2.613633508567119407e+03
-1.529487799612019340e-02
-2.590235128615501453e+05
2.387500129873501137e+05
4.346623030595170567e+05
-8.535265454951306765e+02
-4.369676898264935971e+02
-1.692253511010306329e+07
4.580504655227596313e+07
-4.928093518412727118e+07
-3.837004740694025531e+05
-1.432671585651864111e+08
5.531748738477675943e+04
7.611273101000416279e+07
1.192548123148385994e+07
-3.880112327613428831e+08
-1.191242832877567530e+09
-1.470541694747984171e+09
1.742509189640745521e+07
-1.881836083611492515e+08
-1.938391704409296066e+07
-1.648192522308973074e+08
8.779188185591775179e+07
2.002701180333836079e+08
6.811343528968001604e+08
-1.873292846148891151e+08
1.780283811698835135e+09
2.389433903232703209e+09
4.224544166229335123e-08
1.117755558097133402e-03
-5.861659869965727028e-03
-9.908496207528418154e+02
-2.448968448732845715e+01
5.998998114475033390e+02
-8.296741337971063501e+01
-2.019364357143044763e+05
2.245275983908516064e+05
-3.458012853551552631e+06
1.250968212660753354e+07
-3.216378155932666734e+06
-2.933474910141224042e+07
-3.356190781208106130e+07
-2.027769470257749781e+07
3.395159564056368917e+07
5.547960060359325260e+07
-4.416732545728332996e+08
-1.926122832188563585e+09
-9.581270434483406544e+08
-3.042749748551701903e+08
-2.517106115292011738e+09
-1.544271554456092596e+09
-7.860478872218523026e+09
-1.496679970478329086e+10
-4.050300402780675888e+09
2.512508085717937469e+10
3.114990511924459457e+10
-9.893138693172878265e+09
1.781418716930250168e+10
-8.110998178404439348e-04
-7.190161338689515162e-05
1.812859715721789371e+02
-5.309418223781516843e+01
3.734175674814393278e+06
1.370279719622277655e+06
-4.077030241223598568e+04
1.916332982341109982e+03
-4.814947945783082446e+02
1.389423014950151742e+08
2.249058439279409647e+08
1.345520316708077192e+08
2.848576869649012806e+05
9.800320914265327454e+09
-7.258229426399453077e+05
-1.680966689784343958e+09
4.526553945924421310e+09
-7.465991169509987831e+09
-2.705748678209931183e+10
-1.032409203003162575e+10
3.671272506787095070e+09
-2.942371202590200424e+09
-5.417838333728024483e+09
-4.825843473117573547e+10
-3.704738303205913544e+10
1.477573025166167603e+11
3.321884256525075073e+11
3.506998303948513184e+11
-3.266168117062023544e+10
-9.773374153800793457e+10
6.204833665205293961e-08
2.130988900282604001e-03
-3.331219817540130579e-02
-3.266222646639677805e+03
-8.794101089323371525e+02
-2.658115199618490010e+02
5.229256697717863744e+01
-2.996777028680593357e+05
3.517472429987823707e+05
1.007973866807871236e+05
-9.816595596434167819e+05
1.759754109934230219e+05
-2.270907056474985927e+07
2.403477030952785630e+06
-4.350443708199492097e+07
-8.573715284808096476e+05
2.306779165640827268e+06
3.892649850295545161e+07
1.536527207443072796e+08
2.673650937270352989e+07
-2.964643820505424142e+08
5.055529571947957575e+07
8.113837803888081014e+07
1.075534168707892418e+09
2.625438999506539822e+09
-1.397958553381850421e+08
-2.332773802674003601e+09
6.998763911966588020e+09
1.231495400714021301e+10
-3.256173812397870541e+09
-2.754390165287498213e-04
-2.952404464694664837e-06
2.199024405859423936e+01
-6.295690077010323904e+00
-2.414533222164929612e+05
5.423287381445935462e+05
2.818235249177734659e+04
-1.597656333506528972e+04
-1.264554207107317234e+04
-1.790326908389952779e+08
-6.938276686726127751e+06
-7.122890947223189473e+07
7.096495857956346590e+05
-1.607573341963430405e+09
1.132972890711191343e+06
4.246783865978175640e+09
-1.236042766131609440e+09
3.808660825554530621e+08
1.259101350987085819e+09
-1.740595340773681641e+10
3.413990390607634187e+08
2.673752450084309387e+10
1.733783607782606125e+09
8.554283876761655807e+09
-1.018237432872840118e+10
4.725862969422231293e+10
1.959811356808098755e+11
-2.343139377883075333e+10
1.381806656810139465e+11
2.328097866668300629e+10
-4.272962054704643696e-05
-1.303652281403152766e-04
-1.496464558019821034e+01
3.589769791502046701e+02
4.129993927755936165e+05
1.467624172217765881e+05
-1.091271387224025602e+03
7.891113377615930222e+04
-3.798037401310104906e+04
-1.348713096318643540e+07
3.652760349630944133e+08
-5.638965886831504852e+07
-9.013992477744800970e+06
4.353467330123523712e+09
-1.560295193701477721e+07
-7.699028379972373247e+08
5.271160206997670174e+09
-1.276789936017242813e+10
-4.993114679201098633e+10
-3.233151338105091858e+10
8.758688850398729324e+09
-4.510805158649080658e+10
-2.707489865637506866e+10
-2.136132928655729675e+11
-2.391523290345013733e+11
3.136083712943483887e+11
1.107956103179545654e+12
1.127130259924687256e+12
-2.093144924912434692e+11
1.395786502673442688e+11
-7.636151026292352422e-06
-2.553907382046599294e-05
1.737224382369888520e+00
4.142083440852539766e+00
7.890626930856057697e+03
-6.610143043345292972e+04
4.745890785099227796e+05
2.896144814375053556e+03
2.392791744544089397e+03
-1.838481659479848668e+07
-1.412099679832974434e+10
3.913062947554488182e+08
-1.828326864183993340e+08
-7.506333697609770775e+09
2.878183300975101814e+07
2.462208604476253688e+08
-1.652776143783623695e+09
3.865649124382673340e+11
1.339699386369515869e+12
1.024527185563628006e+10
-3.476684377100993633e+09
3.242102327028535843e+10
8.869019301347169876e+09
8.221467229265232849e+10
1.284222179687922058e+11
3.316206535089979935e+10
-1.725672564114809570e+11
-5.022028597574286499e+11
6.745095890540732422e+11
-1.166982377351680603e+11
-1.283420080192377215e-05
-1.011272456292059899e-04
1.777846185587185213e+00
5.991954933299531660e+01
2.728456182335605263e+04
-8.517889971310445981e+04
4.962377002429926652e+05
2.349466803491588871e+04
9.371009864328032563e+03
-7.408435697143638134e+07
-4.514992920038924408e+10
1.219959663773759604e+09
-6.615664795982645750e+08
-2.917183523201705933e+10
1.098551044497749507e+08
1.150845816808108330e+09
-9.220675757873868942e+09
1.338537706791640625e+12
4.744484690998523438e+12
5.466062993446643066e+10
-1.455298846167451859e+10
1.051746771156474152e+11
4.077526942129691315e+10
3.580656482949314575e+11
6.260609736916347656e+11
2.460812013863357239e+11
-6.681432655016614990e+11
-2.229007773597053223e+12
3.115217127414966797e+12
-6.012336606562518311e+11
-7.331194338489855581e-04
-1.583410597436310703e-04
1.142477151707590650e+02
5.881833248031572339e+02
5.315826204384998418e+05
-8.325288685439615510e+06
-3.279651026768322918e+05
1.283943043578855868e+05
-1.732941880804010361e+04
1.050580931726018429e+09
5.682587897034311295e+08
1.355541638449805260e+09
3.642860787594036013e+07
-6.526845977667015076e+09
-6.100371687999796867e+07
-1.736379312606553268e+10
-7.301902690436695099e+09
-6.646119107010128975e+09
-1.278879426744495773e+10
1.970066793574460144e+11
1.689204409054860353e+09
-1.641587050817581177e+11
-3.411762514457289505e+10
-2.471251903154233093e+11
-2.362885179547395630e+11
5.378931633115180206e+10
2.049325992650307007e+11
1.062184579682040039e+12
-8.781173220670933838e+11
8.963959679615676880e+10
-3.834490360020461837e-06
8.186651712643900139e-03
4.952077190415288266e-01
-2.843916455437052718e+04
5.786422559135854499e+03
-3.726659601871650375e+04
-1.098962972272722027e+03
-7.414630075288694352e+06
-4.544871901042070822e+05
-1.335327342088473774e+07
-3.345995119583860785e+07
-3.388697189551066142e+06
-2.874025645000733137e+08
-1.061529709423884451e+08
9.078543801624073088e+07
3.791245512714290619e+08
3.410154521564855576e+08
2.084148827139946461e+09
1.218577857865530968e+10
-6.147119414133990288e+09
-1.348225600976616859e+10
-1.452362504414555740e+10
-7.075935016250955582e+09
-3.638919626962878418e+10
-3.083577342609796906e+10
1.669000992794026794e+11
2.420245049220749512e+11
1.501783695899353333e+11
2.504708727731136169e+11
-1.351678786944651413e+10
4.109451489952184016e-05
5.291588858766701342e-05
-6.245696263995150765e+00
-3.214376515000230370e+02
-2.598245187965324658e+04
3.657200368156453478e+05
1.932414203789277235e+04
-1.493832669469781104e+05
-5.732970877002693305e+04
-8.751629856117308140e+08
-4.616047365484812260e+08
-5.638897771847739816e+07
1.460224551926760189e+07
-9.030499756475921631e+09
2.961671031981249154e+07
3.039262072226285553e+10
-8.895136085088582993e+09
1.294839335397689438e+10
4.109305435399514771e+10
-1.154102986498622437e+11
-3.289352047972250938e+09
2.655994700577071533e+11
3.405065497208643723e+10
2.270197457314780884e+11
7.303067211956282043e+10
2.077084981992922363e+11
9.718668753231243896e+11
-8.939548778441861572e+11
1.424010724467493652e+12
-7.003198819807377815e+09
5.754536124039012524e-06
-1.248472377094578256e-03
-7.537133643394857696e-01
5.264859854382526464e+03
-5.424817786191929372e+03
5.992947398990167130e+04
2.096852503691774928e+03
1.833781057966592256e+06
-2.881848670420640614e+06
2.394416957395173013e+08
6.393729733534504659e+06
1.688222332540476620e+08
5.182887250765295029e+08
7.008662833313996315e+09
-8.043797949539591074e+08
-3.116867626105719566e+09
-2.829539478099014163e+08
-9.703422253634988403e+10
-4.937154859432733154e+11
9.373070332624206543e+10
-1.376058790366377258e+11
2.122387492801801758e+11
1.609741042188773804e+11
1.696520835853635498e+12
1.130226732925865326e+11
-7.273186340800170898e+12
-1.433824150701182617e+13
-1.030385894038329688e+13
-2.928646486665469727e+12
2.413797772220435059e+12
4.932783834126831359e-06
-1.876057662267196363e-03
-5.600281318810530484e-01
8.449990686507382634e+03
-3.869169346294338538e+03
4.524620767305687332e+04
1.464602442264581441e+03
1.570239440066372976e+06
-1.840735658766546985e+06
4.318333565995355248e+08
-1.258467883222686825e+06
2.467355788520587981e+08
4.104176234524208903e+08
-1.580897649001947021e+10
-8.528538191788762808e+08
-5.797491861865253448e+09
-4.147868197051104736e+10
-1.536174250678070068e+11
-7.709400102781437988e+11
5.411037718353858643e+11
-4.785635734136782837e+11
6.776444930405355225e+11
7.871307544276492920e+11
7.364968372072884766e+12
4.852901722484940430e+12
-2.287634322685979297e+13
-5.633108046404156250e+13
-4.267930386268631250e+13
-4.543119256257452148e+12
4.036570547437078613e+12
7.306193782550718084e-06
-2.208768464712229911e-03
-1.393212403705412772e+00
-7.724458491399494733e+02
-8.802139198414535713e+03
1.168590974100154272e+05
5.072390272447003554e+03
5.066654182411825750e+05
-2.016135527675493155e+06
-8.375113434307695627e+08
1.333044173055722006e+07
-3.609428079085485339e+08
-1.130897127845999479e+09
1.394054244058549194e+11
-2.757159614411887169e+09
1.020739376537065887e+10
2.344830592157956848e+11
2.674341118751924133e+10
2.271596495685847473e+10
-2.331350422991767090e+12
1.437751348302179199e+12
-2.323695615512414062e+12
-3.207209308426330078e+12
-2.726905930897792578e+13
-2.746012618379760156e+13
6.381456955863581250e+13
1.920853996683772500e+14
1.516348076238450312e+14
-1.199389011988464203e+11
1.105647951276942627e+12
-9.383997485814203799e-07
-6.030802841821227347e-03
2.229341211824328040e-01
2.827538145084201096e+04
7.573703638856372891e+03
1.294882118158353296e+04
2.819496274282570880e+02
6.358484962567697279e+06
3.991169392570890952e+06
-9.168597867569793463e+08
-4.249768185761857033e+07
-1.023286373038131595e+09
1.560136664270514250e+09
6.009078816855996132e+09
-1.237206180566596031e+09
2.946907476543497443e+08
1.258649248907140923e+10
-7.189035209211807861e+11
-4.009429075185086426e+12
5.352633761349738770e+11
-1.687593731209907715e+12
5.428353867841058960e+11
1.257690682172266846e+12
1.616542450915708789e+13
-5.499331392239259766e+12
-8.611133912891779688e+13
-1.537071589791917812e+14
-1.042455050000053594e+14
-2.521736844902058594e+13
3.711864672756257812e+13
2.093457892777256580e-06
-7.867885967526928870e-02
-4.096128931742311075e-01
2.417902434053076140e+05
-5.927346932325887792e+03
1.324531084703674605e+04
-4.608654937661477646e+01
2.946581622635879740e+07
-1.857699988787424937e+07
3.835508557051190138e+08
7.131379202721405774e+06
2.220585148278338611e+08
1.759255944258006573e+09
-8.737929257689458847e+09
2.258790138702151299e+09
-2.443749539782132721e+10
-2.633207866058428574e+10
9.637799466281561279e+10
4.774617854121288452e+11
5.795881814283508301e+11
-3.194223586017828369e+11
-5.698839055576039886e+10
4.217115117424271240e+11
4.027770158879592285e+12
-2.195652802094161621e+12
-5.092220346570112305e+12
-1.059429074938676758e+13
-2.115694380220966406e+13
1.904023731322037109e+13
-3.550452435020163574e+12
-1.609840718914474144e-05
1.067263969600653175e-03
1.667208601653515476e+00
2.696908096190596098e+03
2.017420057588780037e+04
-1.664418010281206225e+05
-7.824759691639561424e+03
4.127295780057655065e+05
5.385056690318144858e+06
-8.013255046155120850e+09
1.150396578130599409e+08
-6.874711871525458336e+09
-1.175061690144110680e+09
-5.146729561515491333e+11
-2.645828662161467075e+09
1.371142242888570099e+11
-4.230312976675975342e+11
5.825266103899183350e+11
3.168122994483364258e+12
1.687886085873937012e+12
-1.367993136892296387e+12
-4.445619069475668945e+12
1.223790664257939453e+12
1.338857372926301367e+13
5.893324894309431641e+12
-5.079079312709700000e+13
-1.262550045920277500e+14
-1.005831533367039219e+14
-2.436723764645618652e+12
1.912848474977693359e+13
-5.061551073145927503e-06
1.355132185635083038e-02
5.853901142101711752e-01
-3.715207678055726137e+04
9.842004942270144966e+03
-3.688498874312770931e+04
-1.633365552596535053e+03
2.005662061350586824e+06
-1.486192366848495789e+07
-3.127272149289187908e+09
3.839664425974976737e+06
-2.076516356372163296e+09
-3.431230780475957394e+08
-1.063553509515346336e+10
-3.808793459018559456e+09
-3.421237281095910645e+10
5.217697133094737053e+09
-7.084874875128382874e+10
-9.058668530706044922e+11
7.396973359565290833e+10
-3.227577828447234497e+11
-2.331329466783061829e+11
3.959555629016362305e+11
4.287036482287908691e+12
1.861855549956582275e+12
-1.207692280814657812e+13
-2.905624917856667578e+13
-3.228904114434968359e+13
1.404418115949435352e+13
2.191764277634181885e+12
4.700182407614826105e-07
-1.243290442450238446e-02
4.562703521710465004e-02
2.552427872741394822e+04
5.757788748401377234e+03
3.842114450103467243e+04
1.673828768365172664e+03
-1.095161317165261321e+07
1.338943329022311233e+07
3.334931440730803609e+08
-2.971115523327102885e+07
3.472022706226246357e+08
-3.256431636260072231e+09
7.736784547091520309e+09
-6.108006037953081131e+09
1.248832015856768188e+11
3.451724767520187378e+10
-3.001475909914540405e+11
-1.317307794302391357e+12
-1.861606552435832764e+12
1.336616633296879150e+12
3.024629781309694214e+11
-1.506336584895922607e+12
-1.543556000550097461e+13
6.311967272194790039e+12
4.115778844496539844e+13
8.340177698613001562e+13
8.041371952778287500e+13
-2.546071291221082812e+13
-2.041191545268989258e+12
