# -1.0J_0.0g_0.83776theta_1.0472phi_10Chi_0.01delta_500N
-5.631500369447970484e-05
7.910176903811442020e-03
5.453102324597012093e-05
-2.915288498880708706e-07
6.217226611363953569e-06
4.296539553454964667e-07
1.421885995069550947e-06
1.426508714354524424e-04
-1.261393298671940082e-05
2.074617014684074332e-05
2.766678986469862239e-02
-3.886162129366223184e+00
-2.679034687126358172e-02
-8.783894249801648581e-06
-3.798994654637326913e-06
-1.679957042275773208e-07
-2.996077053368732582e-06
3.976298733768627244e-06
-3.542675483221113910e-07
5.566980683327803802e-07
-2.249759220339952358e-05
2.544108332882229814e-04
1.083270330902646607e-05
1.140224916614540263e+01
-2.289218077794843680e+02
-3.348807126895904762e+00
-5.801758856513139051e+01
-6.649795080383517742e+00
8.689873555431494312e-01
-3.621830884371259884e+00
1.373443017371964517e-02
1.403813815319941401e-03
-6.176622906333079435e-03
7.856202828536495872e+03
-1.577821810774718178e+05
-2.564284333841886564e+03
-4.094718232244100363e+04
1.620101254496233538e+06
-1.015788004328864918e+05
2.362546648449579952e+05
-1.026356778292297101e+00
-1.045797353168466393e-01
4.560993145606115906e-01
-4.177595618282083160e+04
8.416904245391999139e+05
8.998867421071909121e+03
2.710151740899916040e+05
-9.157841754693697393e+07
3.672653663509510458e+06
-1.431683534137984924e+07
1.446941365088417857e-02
1.485275273557870460e-03
-6.611318232907547991e-03
1.877999920542080145e+04
-3.770658945104777813e+05
-7.437569033526912790e+03
-9.545163396749035746e+04
4.383346382937342860e+05
-6.135289033733413817e+04
4.081353144578627689e+04
-5.872861572787324569e-03
-5.166931609657563840e-04
1.266924453982716005e-03
1.343149639663466369e+05
-2.696533233676792588e+06
-5.231136430230448605e+04
-6.780052572132305941e+05
-4.545711358972217888e+06
-2.133262158837712486e+05
-9.383249152702981373e+05
2.867987660089850194e-03
1.438695862063569489e-04
1.180177343928172319e-03
-2.450066576911645825e+05
4.919337974711604416e+06
9.231239536268915981e+04
1.248842849800555035e+06
-9.847639698191152886e+06
1.559334796835606452e+06
-9.613535926425886573e+05
-3.006904714610515728e-02
-2.221732592960232264e-03
-6.823316276928751041e-04
1.396473240080246469e+06
-2.804265485222569481e+07
-5.201316148820904782e+05
-7.199824379174402915e+06
1.836802973007324338e+08
-1.700207898902049288e+07
2.427035482126547024e+07
2.165279612686392494e-03
2.379827412781561531e-04
-6.293732789052674994e-04
-1.417404633234472567e+04
3.121197346709772246e+05
-2.040593612264181720e+05
7.018769611153175356e+05
-9.309242195184094906e+08
5.117962472995003313e+07
-1.407866676390285790e+08
-1.034825887552868418e+00
-7.366978828417093325e-03
-3.867879569996130140e-05
-5.514760980066772909e-06
-2.417571747366390506e-06
5.602554075625863902e-04
-2.358104270790653708e-05
-6.972845147618721461e-08
7.406355110130869070e-06
2.660384411843444773e-06
-2.106482499539966049e-03
-1.499613118029002610e-05
-7.522274453335085743e-06
3.807524609396057552e-02
1.735745965547241115e-02
-3.882321235547051774e+00
1.635349364796623572e-01
5.746283557354307922e-04
-5.133075175689533198e-02
-1.841488840661761189e-02
-1.858388537898432707e-03
-1.322997489825568850e-05
3.076096081748929321e-06
-1.607890235759482089e-02
-7.330992284313934092e-03
1.640898758675170432e+00
-6.916620551517915771e-02
-2.600550460811385553e-04
3.117923318808192221e-02
1.144353356308987039e-02
-5.696474167810380352e-07
-1.192449496253140368e-08
3.930882650184494044e-03
-5.863928638495863765e+01
-2.246796223962095596e+01
2.178690051722806515e+02
1.887728942402869734e+02
1.500145775246510595e+02
-1.526617442820953147e+04
-5.381295167492380642e+03
-1.062542024684476492e-06
-5.239897522654475803e-06
3.524836422964262361e+00
-3.528852265337842709e+03
-1.392165704492760142e+03
1.273537407075784577e+05
-2.048231829891093003e+04
-5.068153475637215888e+04
-5.924436806496944278e+06
-2.470169241425052285e+06
-6.789295232455441330e-05
-4.006697580939208993e-04
2.219447103334517806e+02
-2.027210956396331545e+06
-7.772970470225734171e+05
6.305874275098470971e+06
6.903479882014343515e+06
6.135275914928349666e+06
-4.088748347223696113e+08
-1.409694039579548240e+08
1.889511145096131164e-05
1.068100254776051082e-04
-6.468530294978450002e+01
3.206898371071534348e+05
1.230185027174134593e+05
-3.721772224335864885e+05
-1.241634972865659278e+06
-1.314153975475462154e+06
2.294291274045776948e+07
6.438663720919031650e+06
-1.508507488991667649e-05
-2.601773222571775938e-04
-4.730719643231779514e+01
-8.942811815542042255e+06
-3.427071764253984205e+06
4.984404770007576048e+07
2.517556677179270983e+07
1.496562128410897031e+07
-3.268335192408273220e+09
-1.178886126551499367e+09
-4.334991815384649157e-06
-4.988521941198872792e-05
-4.846943172854660808e+00
-1.521475356466397643e+06
-5.834998333389813779e+05
1.000610339215772599e+07
3.927289302460487466e+06
1.817871977603003848e+06
-6.370372229708043337e+08
-2.334583472754374146e+08
-6.358404925557493992e-05
1.570718612707500323e-04
9.159556960248002255e+00
4.211284414269081317e+06
1.586258753815460717e+06
1.088310331833982766e+08
-4.560907386560842395e+07
-7.505488896776208282e+07
-5.267373261297107697e+09
-2.201807034743345737e+09
-4.600349891095919340e-06
2.709533501992014010e-03
-3.933289548877060837e-01
7.035389445986520718e-01
-1.266971009804305215e-01
3.302123585990762028e-02
6.353167161472410562e-01
-2.725306831425197609e-03
-1.450851098605352796e-03
1.970266574830479428e-02
1.597443428826397514e-07
-9.418895637034012662e-05
1.365186452466239132e-02
2.773162613748178171e-02
-4.992787968515115596e-03
1.303304026625288917e-03
2.508248335844341648e-02
7.585712992116348374e-05
3.127724389313802896e-04
-2.639132256541357907e-04
2.561790265285782912e-03
-1.509749994829101549e+00
2.189777231663626083e+02
6.614036652682185036e+01
-1.190863533525188345e+01
3.103503286315036469e+00
5.971783171271564328e+01
-2.561916824466838882e-01
-1.364032882742715891e-01
1.852118129495921028e+00
-9.910305485140665817e-04
3.464047606602290053e+00
9.076378883294650279e+01
-2.317291016938625835e+06
-7.295551655998923816e+05
7.510150883896401501e+04
2.412355197350264061e+06
-2.021893528862208404e+04
-9.554070274737865475e+03
1.372918055446739600e+05
-1.370619659807561368e-05
4.783987878913603664e-02
1.248342788860796748e+00
-1.896845247316897803e+04
-9.331242013581591891e+03
-7.859306805491723935e+02
-1.176972507917774601e+04
-1.594273580847982084e+05
-3.319602236888972693e+05
9.339199055886955466e+05
-5.754014961785015403e-05
2.130607266272846467e-01
5.582598276082586963e+00
2.798333369404296391e+06
4.430754758008837816e+05
-4.212593489746977575e+05
-1.042672673133569397e+07
-3.474989566924761236e+07
-7.152406962117490172e+07
2.009405436230115891e+08
-1.924170545043006337e-04
7.411192776745751942e-01
1.941721163639808623e+01
9.770975205769581720e+06
1.090416101268669008e+05
-1.408218993174172472e+06
-3.465777745142134279e+07
-1.268757962219400853e+08
-2.654043598276213109e+08
7.454444449918897152e+08
-1.817523967167401173e-05
3.366967755943194550e-03
9.082578494363108268e-02
-1.130841915759768744e+05
2.780518246711905580e+06
9.708498899077743408e+04
1.653241335257632891e+06
3.524320884902959317e+07
7.789454246867498755e+07
-2.187726980724098980e+08
2.121103182656365968e-05
-9.154277130464531786e-02
-2.400252777575591967e+00
-9.839758201467747567e+05
4.737949786680492107e+05
1.593370660215237294e+05
3.787527834751003422e+06
1.902708044640190899e+07
4.048217144732977450e+07
-1.137050930819875449e+08
-3.862574809282355546e-06
2.929234311189717402e-03
7.681874907536932751e-02
4.258249884845216729e+04
8.026286388334972435e+04
2.456892698929771723e+05
5.609059468363744207e+06
2.898306885568385944e+07
5.610911545440772176e+07
-1.580025541289975941e+08
