# -0.05J_-0.95g_0.15708theta_0.15708phi_10Chi_0.01delta_500N
1.176759916149595388e-02
6.891399677664308658e-05
4.270868928924465307e-06
6.970056482183430791e-07
3.166099420913662434e-07
4.849759064538977100e-07
2.757192249114941935e-07
4.024457014202947606e-07
2.119902150852888791e-07
3.563501961372546557e-07
1.432094002851558293e-07
2.611121090273348790e-07
9.319830835054777886e-08
1.301457707775386773e-07
6.222591333401099794e-08
6.079754488093379960e-08
4.346305197087519581e-08
3.242468864076693227e-08
3.176154580933618997e-08
1.973608312824049588e-08
2.415250212176785973e-08
1.332415747992187607e-08
1.899688960392391902e-08
9.744110348416236032e-09
1.537387825758896286e-08
7.581412827617081847e-09
1.274723073105530232e-08
6.187382827997058436e-09
1.079196823658921910e-08
5.237845768769706603e-09
9.303609050652214127e-09
4.559836390865352610e-09
8.149098955373065810e-09
4.056025848169528738e-09
7.239206208798682843e-09
3.669683268013549309e-09
6.512588909825826834e-09
3.367590247144270633e-09
5.926245231299124719e-09
3.130500756064470242e-09
5.449539734015209986e-09
2.947167873067078686e-09
5.060330238617187976e-09
2.810662336515021876e-09
4.742331376556855371e-09
2.716149341008159800e-09
4.483229678341819948e-09
2.659506207182322487e-09
4.273304395459995090e-09
2.636490692395299402e-09
4.104452681608851168e-09
2.642383256358800341e-09
3.969549662315490647e-09
2.671971674438664425e-09
3.862023141054079766e-09
2.719662004407140457e-09
3.775498473557236922e-09
2.779523638248704803e-09
3.703446362328055150e-09
2.845214427321365452e-09
3.638853403465947513e-09
2.909884854122904107e-09
3.573966312481448074e-09
2.966262152590784184e-09
3.500181561337729024e-09
3.007134004607821771e-09
3.408207506092865764e-09
3.026346825917929997e-09
3.288704781946186637e-09
3.020175957869303926e-09
3.133634840584550874e-09
2.988590339719403566e-09
2.938358071332069800e-09
2.935754090257021292e-09
2.703992584764017079e-09
2.869314912395219382e-09
2.438821962135370582e-09
2.798582879217280837e-09
2.157388236654644356e-09
2.732201863025852063e-09
1.877021861551678137e-09
2.675984345554706405e-09
1.613366804180989572e-09
2.631251445333989178e-09
1.377165381654795916e-09
2.593701949197184456e-09
1.173431763003239204e-09
2.552931483648657047e-09
1.002520234283046664e-09
2.493321420925545981e-09
8.618919025724266472e-10
2.397618234226047565e-09
7.476750299459881404e-10
2.253807010649253457e-09
6.556846946466016434e-10
2.062662142638853401e-09
5.819502339557501898e-10
1.839986145831940689e-09
5.229330668823254578e-10
1.610060598774250377e-09
4.755992685140793689e-10
1.394990189974050700e-09
4.374337797884539799e-10
1.207938124445755788e-09
4.064288408183460796e-10
1.052852180481057774e-09
3.810436890400896834e-10
9.277068121349718255e-10
3.601253785403985762e-10
8.278727440190924019e-10
3.427899577579097235e-10
7.482632484299674198e-10
3.282995259647686111e-10
6.843312348784357528e-10
3.159927528666461731e-10
6.323745610476322124e-10
3.052768205492188245e-10
5.895160717965779903e-10
2.956384977733417832e-10
5.535735068659436682e-10
2.866541454983279244e-10
5.229026851771084593e-10
2.779857640274688573e-10
4.962623213608301834e-10
2.693703874296489515e-10
4.727026315854775136e-10
2.606080848421576460e-10
4.514795111256282721e-10
2.515524329958993317e-10
4.319906123885815768e-10
2.421041143327384739e-10
4.137293445215964276e-10
2.322078300511215904e-10
3.962555654929780632e-10
2.218516614877989384e-10
3.791792730385470462e-10
2.110677797145738971e-10
3.621570797368242559e-10
1.999333513504090655e-10
3.448993209603982451e-10
1.885707237434339637e-10
3.271855793747976524e-10
1.771464856339781924e-10
3.088850529604789256e-10
1.658698058963039624e-10
2.899783514037476854e-10
1.549902479630552061e-10
2.705723466327135262e-10
1.447954962801252488e-10
2.509068298127079125e-10
1.356054779579057588e-10
2.313469743155874005e-10
1.277546817746158494e-10
2.123633005213217883e-10
1.215484063534814762e-10
1.945036472427829307e-10
1.171850356583634874e-10
1.783642990441005902e-10
1.146606304122148308e-10
1.645648864861775130e-10
1.137145145138054434e-10
1.537235107431269749e-10
1.138576937767149189e-10
1.464146626660978685e-10
1.144742611974038784e-10
1.430844867917883233e-10
1.149500233310344321e-10
1.439078615306319912e-10
1.147925376499020903e-10
1.485955896890986186e-10
1.137201106718094119e-10
1.561749938426966036e-10
1.116973089917569160e-10
1.648011903536997586e-10
1.088994130973581601e-10
1.717686479378316772e-10
1.056122868876031568e-10
1.739810353373987900e-10
1.021075140274072819e-10
1.689700908590900347e-10
9.854902696640979684e-11
1.561363506342886494e-10
9.496981972351902477e-11
1.374122092410907294e-10
9.131269966103940247e-11
1.164711154173178311e-10
8.750019289333771916e-11
9.680811840140229002e-11
8.349555016075482226e-11
8.036205952152681715e-11
7.933797245526194634e-11
6.752157701004241433e-11
7.513696042367504811e-11
5.782680523632458941e-11
7.104409504585845343e-11
5.057195369068666334e-11
6.721462613883248308e-11
4.510185956025422239e-11
6.377666096494247325e-11
4.090120324163775058e-11
6.081503102397466419e-11
3.759268904788510202e-11
5.837027939661410501e-11
3.490882869903127260e-11
5.644492421644285795e-11
3.266239549238639384e-11
5.501451014836923937e-11
3.072292209462441989e-11
5.403684029498319802e-11
2.899950867382377010e-11
5.345837396712434676e-11
2.742899854551740923e-11
5.321730949241324085e-11
2.596780917527113886e-11
5.324360205906793375e-11
2.458632597703506020e-11
5.345718475115877718e-11
2.326489053932278471e-11
5.376673176110246428e-11
2.199108956447448487e-11
5.406716448989706337e-11
2.075760771182404272e-11
5.424251930765104765e-11
1.956061716837568552e-11
5.417210387714564752e-11
1.839868382048498437e-11
5.374261098937346424e-11
1.727211064957028368e-11
5.286388155470862103e-11
1.618199115162992714e-11
5.148513647232954358e-11
1.513012162280430913e-11
4.960573741673146499e-11
1.411833100072314796e-11
4.727596867565118884e-11
1.314830730048190197e-11
4.458717781120759027e-11
1.222164012832530815e-11
4.165457958464345027e-11
1.133953890389310469e-11
3.859830132463253994e-11
1.050279646514309007e-11
3.552759823379093747e-11
9.711828220503946228e-12
3.253159859337454344e-11
8.966663888961722963e-12
2.967570462470801726e-11
8.266946114324056244e-12
2.700261572405348633e-11
7.612112557107277815e-12
2.453581303596193558e-11
7.001147516870150766e-12
2.228394128173535125e-11
6.432916212409668739e-12
2.024504846722333900e-11
5.906055962782791232e-12
1.841016800753465022e-11
5.419113653815224774e-12
1.676610852321133733e-11
4.970497103474571574e-12
1.529749085464387169e-11
4.558557607481813242e-12
1.398815882783507206e-11
4.181655235503840166e-12
1.282210580181415065e-11
3.838144256500894497e-12
1.178403303799622351e-11
3.526380242114840537e-12
1.085978410428724636e-11
3.244832345093393779e-12
1.003626721232333718e-11
2.991926659145101492e-12
9.301732383960996559e-12
2.766161344875706549e-12
8.645681998503658459e-12
2.566062026694184268e-12
8.058746125591773363e-12
2.390145897150249623e-12
7.532657900240076182e-12
2.236922823391488471e-12
7.060139747874073227e-12
2.104866377169640245e-12
6.634804964069468582e-12
1.992374442106125815e-12
6.251061547342526286e-12
1.897758235807495546e-12
5.904021405233419991e-12
1.819362004329723817e-12
5.589416420874581475e-12
1.755414495004536588e-12
5.303522112833078341e-12
1.704185485947558343e-12
5.043088375204394737e-12
1.663996630336961889e-12
4.805256820714292680e-12
1.633263296843731356e-12
4.587627506121370876e-12
1.610527997568307973e-12
4.387961930593011717e-12
1.594481731713246666e-12
4.204395103399806563e-12
1.583973316680114875e-12
4.035270339546165564e-12
1.578007986838975564e-12
3.879134644516997878e-12
1.575738256778835096e-12
3.734711826078384005e-12
1.576450200411386572e-12
3.600878507893343776e-12
1.579547838281795168e-12
3.476644492281623536e-12
1.584537523817498479e-12
3.361135995267898501e-12
1.591013420247580669e-12
3.253580351694415827e-12
1.598644532193851785e-12
3.153292482243022454e-12
1.607163339584812100e-12
3.059663528853416770e-12
1.616355891671281028e-12
2.972151382750989704e-12
1.626053166065548834e-12
2.890272422894725729e-12
1.636124859798267045e-12
2.813594360007739574e-12
1.646469173649363582e-12
2.741729971933568623e-12
1.657009728622824363e-12
2.674331637412238592e-12
1.667689929798975659e-12
2.611086503105009366e-12
1.678468076167659053e-12
2.551712784237823254e-12
1.689313260821124324e-12
2.495956067417971180e-12
1.700201406186349875e-12
2.443583948313079274e-12
1.711106050736926754e-12
2.394385776975195265e-12
1.721982714978263458e-12
2.348169163354282492e-12
1.732803636019227682e-12
2.304757702895383621e-12
1.743558311533362037e-12
2.263988984287069094e-12
1.754192948409439631e-12
2.225712807203446844e-12
1.764641191790966833e-12
2.189789737920151965e-12
1.774811366935263449e-12
2.156090858034969978e-12
1.784599922644684840e-12
2.124492999725918554e-12
1.793872118753916507e-12
2.094881185473553240e-12
1.802464961249653711e-12
2.067146721370914153e-12
1.810191187523486864e-12
2.041186479995995300e-12
1.816853732333097300e-12
2.016901396962010795e-12
1.822318641323221395e-12
1.994192818342272881e-12
1.826527665891754094e-12
1.972965330893275285e-12
1.829625934087785691e-12
1.953155041535311855e-12
1.832061273852925966e-12
1.934677497840720300e-12
1.834590235221475969e-12
1.917471224756579696e-12
1.838124456543641236e-12
1.901478901708397226e-12
1.843340400675068972e-12
1.886650660190986533e-12
1.850212697591567512e-12
1.872941942645888775e-12
1.857817442279114738e-12
1.860301175004937165e-12
1.864649901433620404e-12
1.848673230402847181e-12
1.869282483444757659e-12
1.837996403263369674e-12
1.870907052787944466e-12
1.828205489616613584e-12
1.869471092872048891e-12
1.819238770362950220e-12
1.865472074483427437e-12
1.811028077663927598e-12
1.859642556587941248e-12
1.803512291404257316e-12
1.852704227550724497e-12
1.796636218529812179e-12
1.845241586825868025e-12
1.790349244523864730e-12
1.837671877827777969e-12
1.784604986528664122e-12
1.830268091256698249e-12
1.779360870106584787e-12
1.823179806432120696e-12
1.774577720560410578e-12
1.816512285878204376e-12
1.770219397936326302e-12
1.810289236702353045e-12
1.766252612750682946e-12
1.804515607415747048e-12
1.762625560661722351e-12
1.799201111935473550e-12
1.759354515197140881e-12
1.794314265403817229e-12
1.756368639921353077e-12
1.789849616489239326e-12
1.753686043401634289e-12
1.785763467697487431e-12
1.751261598837241206e-12
1.782034027225681841e-12
1.749074522256681676e-12
1.778634975466112549e-12
1.747105604889313845e-12
1.775538288681518197e-12
1.745337101606354109e-12
1.772693417351112928e-12
1.743752632553492677e-12
1.770137048012626969e-12
1.742337083027077747e-12
1.767861859555258998e-12
1.741076511063469696e-12
1.765785848839301133e-12
1.739958065412680330e-12
1.763887647407301048e-12
1.738969899189802796e-12
1.762166642028821155e-12
1.738101092616858346e-12
1.760598956770098084e-12
1.737341584987806894e-12
1.759188977524566653e-12
1.736682126634961903e-12
1.757912236327491685e-12
1.736114176812103061e-12
1.756756626838939782e-12
1.735629886288520567e-12
1.755710913710483224e-12
1.735222011884774627e-12
1.754764813310566963e-12
1.734883900968991201e-12
1.753908924237551855e-12
1.734609421245626410e-12
1.753134667615619828e-12
1.734392926659360575e-12
1.752434241802602230e-12
1.734229218125460186e-12
1.751800540016582484e-12
1.734113509101352533e-12
1.751227112216803479e-12
1.734041389867474463e-12
1.750708101401765422e-12
1.734008798460510770e-12
1.750238192741276456e-12
1.734011996880054002e-12
1.749812570566020167e-12
1.734047538127165533e-12
1.749426868363052097e-12
1.734112247130453562e-12
1.749077135466322159e-12
1.734203194959232081e-12
1.748759798604261355e-12
1.734317686377532977e-12
1.748471624618987049e-12
1.734453234762468983e-12
1.748209691694336326e-12
1.734607544935853288e-12
1.747971359033809757e-12
1.734778502003815295e-12
1.747754240534052162e-12
1.734964158699114668e-12
1.747556164685575245e-12
1.735162713498693565e-12
1.747374955042382028e-12
1.735372509772040878e-12
1.747209820850418653e-12
1.735592016908989017e-12
1.747057956347467626e-12
1.735819826338090726e-12
1.746918919544218974e-12
1.736054635402848256e-12
1.746790886859282355e-12
1.736295248099705688e-12
1.746672849802597363e-12
1.736540560045589234e-12
1.746563806601063204e-12
1.736789555137372061e-12
1.746462850745371159e-12
1.737041299919986412e-12
1.746369169752095066e-12
1.737294933139678136e-12
1.746282036149433044e-12
1.737549667149760755e-12
1.746200801893375455e-12
1.737804776885521711e-12
1.746124890246684960e-12
1.738059598863523449e-12
1.746053787510106085e-12
1.738313526307525471e-12
1.745987039791953517e-12
1.738566003897409934e-12
1.745924241993786025e-12
1.738816525211525259e-12
1.745865042194930214e-12
1.739064631228243404e-12
1.745809123449418347e-12
1.739309901501661715e-12
1.745756211486878495e-12
1.739552124292446556e-12
1.745706065135974791e-12
1.739790688227701233e-12
1.745658473704363120e-12
1.740024936916441561e-12
1.745613251084658278e-12
1.740254763085995975e-12
1.745570237616954512e-12
1.740478211659090380e-12
1.745529296722135400e-12
1.740699247267761262e-12
1.745490308905227797e-12
1.740918275669093020e-12
1.745453169697857914e-12
1.741131301507204276e-12
1.745417792702533059e-12
1.741360646968313519e-12
1.745384101576153807e-12
1.741541811939676522e-12
1.745352035334557271e-12
1.741736831021776705e-12
1.745321540199647674e-12
1.741927940711038247e-12
1.745292568726937894e-12
1.742113625946571096e-12
1.745265082958722180e-12
1.742293851540061709e-12
1.745239053285035722e-12
1.742468595951913535e-12
1.745214452329801185e-12
1.742637848393072923e-12
1.745191259669987408e-12
1.742801613461732694e-12
1.745169455946636573e-12
1.742959905573900840e-12
1.745149025995647509e-12
1.743112750358362069e-12
1.745129954556044401e-12
1.743260186902657350e-12
1.745112234967474374e-12
1.743402261300217250e-12
1.745095853451722645e-12
1.743539031521540925e-12
1.745080804000235677e-12
1.743670560140880996e-12
1.745067078400791209e-12
1.743796922014902820e-12
1.745054666146075408e-12
1.743918196650339860e-12
1.745043564129691655e-12
1.744034472377581135e-12
1.745033761372534486e-12
1.744145840232829064e-12
1.745025253354825624e-12
1.744252399042132461e-12
1.745018026678637685e-12
1.744354252565723584e-12
1.745012077887367874e-12
1.744451507172107226e-12
1.745007394689368360e-12
1.744544271894837692e-12
1.745003970320098466e-12
1.744632660219758230e-12
1.745001788464853232e-12
1.744716785336483284e-12
1.745000840079302444e-12
1.744796757946796583e-12
1.745001110236678114e-12
1.744872686578586181e-12
1.745002583811073569e-12
1.744944894346292847e-12
1.745005242442537174e-12
1.745013161877119530e-12
1.745009067892210394e-12
1.745077185517893563e-12
1.745014037856202795e-12
1.745136517246812276e-12
1.745020123732507514e-12
1.745191845047062632e-12
1.745027305621943074e-12
1.745213196724839577e-12
1.745035546015097849e-12
1.745299278040572175e-12
1.745044813913428065e-12
1.745350593823912272e-12
1.745055072401778059e-12
1.745397272632178590e-12
1.745066283811899959e-12
1.745440365826355059e-12
1.745078401353083262e-12
1.745480583668907021e-12
1.745091385404567111e-12
1.745518175731703022e-12
1.745105188980661649e-12
1.745553299789471483e-12
1.745119764502671112e-12
1.745586083870895716e-12
1.745135061580457635e-12
1.745616643586194882e-12
1.745151033344559323e-12
1.745645087900800036e-12
1.745167628074264373e-12
1.745671526068400943e-12
1.745184801997370352e-12
1.745696057343394303e-12
1.745202502106523578e-12
1.745718784662620718e-12
1.745220679717942456e-12
1.745739802218559469e-12
1.745239287896782683e-12
1.745759207596829742e-12
1.745258280851402539e-12
1.745777087860081650e-12
1.745277609961029539e-12
1.745793533937539693e-12
1.745297233690153789e-12
1.745808629567005752e-12
1.745317104164800485e-12
1.745822459105577856e-12
1.745337182839263263e-12
1.745835099968258115e-12
1.745357421761430457e-12
1.745846621517060255e-12
1.745377785495614467e-12
1.745857069081343915e-12
1.745398231607045164e-12
1.745865088937163411e-12
1.745418725518763130e-12
1.745875020965485717e-12
1.745439231045867782e-12
1.745883068082693026e-12
1.745459713404625349e-12
1.745890138721217492e-12
1.745480130572703490e-12
1.745896479704380765e-12
1.745500460037876559e-12
1.745902164292767867e-12
1.745520665583470221e-12
1.745907246276414572e-12
1.745540721860799155e-12
1.745911785988520091e-12
1.745560593555073985e-12
1.745915826297110592e-12
1.745580262561836668e-12
1.745919415450122651e-12
1.745599700255733491e-12
1.745922597337347596e-12
1.745618877186317669e-12
1.745925415240254278e-12
1.745637778897214149e-12
1.745927906562319263e-12
1.745656379699744167e-12
1.745930106787490364e-12
1.745674662176991866e-12
1.745932049971816471e-12
1.745692610116748363e-12
1.745933772350969408e-12
1.745710200400145546e-12
1.745935297794010324e-12
1.745727422209726531e-12
1.745936657702954478e-12
1.745744262156758848e-12
1.745937875284020133e-12
1.745760704248533341e-12
1.745938975563520573e-12
1.745776734109619307e-12
1.745939978967307373e-12
1.745792346119780887e-12
1.745940906913585097e-12
1.745807529874558583e-12
1.745941775846015880e-12
1.745822279732884549e-12
1.745942603313252169e-12
1.745836584663526806e-12
1.745943404986492194e-12
1.745850436868465503e-12
1.745944191707455927e-12
1.745863837902238170e-12
1.745944974327181644e-12
1.745876778295120201e-12
1.745945767998596511e-12
1.745889259116387335e-12
1.745946576772331690e-12
1.745901275320457960e-12
1.745947413189937867e-12
1.745912831400940063e-12
1.745948279057413459e-12
1.745923924658320628e-12
1.745949184560120518e-12
1.745934553876997969e-12
1.745950132224983331e-12
1.745944719466037334e-12
1.745951123837072401e-12
1.745954431137025809e-12
1.745952170199621995e-12
1.745963685252160184e-12
1.745953268422925714e-12
1.745972494372893766e-12
1.745954420080100946e-12
1.745980853198834337e-12
1.745955626416881087e-12
1.745988776430418649e-12
1.745956895572464064e-12
1.745996263959967213e-12
1.745958222911996558e-12
1.746003328623423004e-12
1.745959605252760605e-12
1.746009977315301087e-12
1.745961060552365455e-12
1.746016212605396159e-12
1.745962571539902727e-12
1.746022052283077296e-12
1.745964145371843428e-12
1.746027490522691378e-12
1.745965784159711676e-12
1.746032558310299550e-12
1.745967489543017816e-12
1.746037252314447242e-12
1.745969265927187456e-12
1.746041588975041966e-12
1.745971111609237468e-12
1.746045572788995788e-12
1.745973036029760998e-12
1.746049220196095050e-12
1.745975041028431760e-12
1.746052547172506708e-12
1.745977123668925590e-12
1.746055559329179622e-12
1.745979294854995355e-12
1.746058273065873556e-12
1.745981554899233737e-12
1.746060702850754928e-12
1.745983910718814210e-12
1.746062854317452408e-12
1.745986364448598452e-12
1.746064745714011972e-12
1.745988925948762935e-12
1.746066389431005869e-12
1.745991591203738980e-12
1.746067797903195287e-12
1.745994361401090363e-12
1.746068984669612987e-12
1.745997244733652303e-12
1.746069958483602149e-12
1.746000238659710014e-12
1.746070738114204296e-12
1.746003329024130821e-12
1.746071338526693926e-12
1.746006536262727200e-12
1.746071763126431449e-12
1.746009829433047350e-12
1.746072014483791762e-12
1.746013210019686600e-12
1.746072314131658159e-12
1.746016658218516136e-12
1.746073010491533956e-12
1.746020183336016794e-12
1.746073062264186076e-12
1.746023757724000120e-12
1.746072194438354932e-12
1.746027363657936611e-12
1.746070583534334369e-12
1.746031020658516472e-12
1.746060908046003840e-12
1.746034686086001651e-12
1.746063726418405798e-12
1.746038320374332043e-12
1.746066852188005862e-12
1.746042012641106643e-12
1.746067900823448859e-12
1.746045601350767059e-12
1.746079539638783418e-12
1.746049201122721744e-12
1.746072916072629129e-12
1.746052773822237387e-12
1.746066323987801894e-12
1.746056289930804335e-12
1.746065532674923715e-12
1.746059698739567953e-12
1.746064678242191165e-12
1.746063058323210955e-12
1.746063795673640122e-12
1.746066371723995793e-12
1.746062885733496413e-12
1.746069565100378773e-12
1.746061984386441556e-12
1.746072632514966512e-12
1.746061039539619310e-12
1.746075678726132908e-12
1.746060130483838709e-12
1.746078561526277098e-12
1.746059166351213037e-12
1.746081351327586654e-12
1.746058228753159080e-12
1.746084036687318955e-12
1.746057306283859671e-12
1.746086590297345435e-12
1.746056378238412564e-12
1.746089007238094824e-12
1.746055495537942369e-12
1.746091346952771492e-12
1.746054623401728185e-12
1.746093557387749287e-12
1.746053779123175846e-12
1.746095679809211046e-12
1.746052924050140474e-12
1.746097608869994861e-12
1.746052140829647170e-12
1.746099422530603614e-12
1.746051386056631234e-12
1.746101197932149329e-12
1.746050649894119860e-12
1.746102755152794170e-12
1.746049927024344385e-12
1.746104215962797572e-12
1.746049295106456058e-12
1.746105628361041843e-12
1.746048685529301025e-12
1.746106839604219353e-12
1.746048127690761729e-12
1.746107971756626798e-12
1.746047606771385358e-12
1.746108951357582835e-12
1.746047105282775410e-12
1.746109899389508458e-12
1.746046626488322779e-12
1.746110663264536522e-12
1.746046173835249150e-12
1.746111331114020756e-12
1.746045373775437230e-12
1.746111893012106427e-12
1.746043840371205191e-12
1.746112383911580929e-12
1.746040155525697542e-12
1.746112728900540569e-12
1.746019062158331927e-12
1.746113008408363662e-12
1.746042693776893104e-12
1.746113176151556111e-12
1.746045168185498563e-12
1.746113250909848365e-12
1.746046850728935765e-12
1.746113268418876720e-12
1.746047543489718626e-12
1.746113158151113607e-12
1.746048099595118648e-12
1.746112992065916647e-12
1.746048622435372788e-12
1.746112731092403393e-12
1.746049150957273475e-12
1.746112380345164455e-12
1.746049757341033131e-12
1.746111957802141853e-12
1.746050405010694670e-12
1.746111509558839156e-12
1.746051097608207911e-12
1.746110958522881555e-12
1.746051811663338166e-12
1.746110324850195192e-12
1.746052595972334917e-12
1.746109638811449333e-12
1.746053409236507495e-12
1.746108906840257479e-12
1.746054308011251780e-12
1.746108113091680555e-12
1.746055208213022371e-12
1.746107234369722117e-12
1.746056101064688182e-12
1.746106318845125179e-12
1.746057077917725990e-12
1.746105374590094923e-12
1.746058037777202048e-12
1.746104387079983605e-12
1.746059066810262879e-12
1.746103310732935311e-12
1.746060054642668078e-12
1.746102238100879346e-12
1.746061101119273074e-12
1.746101155446524355e-12
1.746062067718954825e-12
1.746099975796917018e-12
1.746062008917831435e-12
1.746098805516993092e-12
1.746063830852210867e-12
1.746097611949731665e-12
1.746065226478752074e-12
1.746096401542533256e-12
1.746066295578682604e-12
1.746095153273931214e-12
1.746067375955054486e-12
1.746093907288448234e-12
1.746068403331495702e-12
1.746092635069660352e-12
1.746069403309404943e-12
1.746091408078375397e-12
1.746070410394808263e-12
1.746090144441495090e-12
1.746071373232160174e-12
1.746088862216377251e-12
1.746072305845238442e-12
1.746087610402877952e-12
1.746073213165005641e-12
1.746086385126465432e-12
1.746074122753887587e-12
1.746085141529898640e-12
1.746074979858341218e-12
1.746083930124475591e-12
1.746075794665167874e-12
1.746082743089254686e-12
1.746076598039332970e-12
1.746081571106033603e-12
1.746077390723436286e-12
1.746080430859548349e-12
1.746078092537362590e-12
1.746079310543635027e-12
1.746078749490438419e-12
1.746078229417097773e-12
1.746079342399396815e-12
1.746077266003633347e-12
1.746079920285562581e-12
1.746076786840177989e-12
1.746080442058440105e-12
1.746075744511405753e-12
1.746080916528800429e-12
1.746074050762033643e-12
1.746081373293244632e-12
1.746072416573059379e-12
1.746081734640940848e-12
1.746068778027499571e-12
1.746082035222389215e-12
1.746067417959025680e-12
1.746082299365297493e-12
1.746068903458796583e-12
1.746082522176011862e-12
1.746069375222760278e-12
1.746082668730281247e-12
1.746101475294409296e-12
1.746082745416208059e-12
1.746068657847800007e-12
1.746082792552048971e-12
1.746068203846080889e-12
1.746082765132688846e-12
1.746067768197428382e-12
1.746082652782558924e-12
1.746067346744986669e-12
1.746082512036806730e-12
1.746066975833655402e-12
1.746082294559061681e-12
1.746066633859231508e-12
1.746082035639379727e-12
1.746066352085457391e-12
1.746081724332867076e-12
1.746066085051015488e-12
1.746081383992816565e-12
1.746065880307208675e-12
1.746080947073432277e-12
1.746065700521894009e-12
1.746080474028568297e-12
1.746065560374688576e-12
1.746079890196290025e-12
1.746065471214072959e-12
1.746079320042283691e-12
1.746065402686014807e-12
1.746078701168534408e-12
1.746065359691269859e-12
1.746078027292789803e-12
1.746065393116140763e-12
1.746077333580513160e-12
1.746065415707137187e-12
1.746076553615163984e-12
1.746065477972659792e-12
1.746075836151721439e-12
1.746065583039801675e-12
1.746075100338805350e-12
1.746065722552350562e-12
1.746074308454018817e-12
1.746065898332236780e-12
1.746073523603253702e-12
1.746066119617215904e-12
1.746072747591679624e-12
1.746066330804830371e-12
1.746072026802343361e-12
1.746066604934921272e-12
1.746071240583127475e-12
1.746066882792304978e-12
1.746070600938593716e-12
1.746067180609120252e-12
1.746069989678929689e-12
