# -0.95J_-0.05g_0.31416theta_1.0472phi_10Chi_0.01delta_500N
2.536711889876600012e-02
2.206539113252497370e-04
4.747387875250700387e-06
1.827678539804804608e-06
5.612455758091483022e-07
1.582369108418757890e-06
5.636861022332732793e-07
1.623540540603022334e-06
5.738019103577261107e-07
1.586752937422242805e-06
5.824899103601993458e-07
1.405685075403114532e-06
5.894683699988929943e-07
1.114426846487293026e-06
5.945243148358547441e-07
8.498118028700660325e-07
5.974165949769344940e-07
6.685304269757315320e-07
5.979045510893952404e-07
5.530818669499100942e-07
5.958169712910136488e-07
4.778429205382002352e-07
5.910738276387038940e-07
4.260409066187927459e-07
5.836908090036985998e-07
3.881416006309216631e-07
5.737763855053299128e-07
3.588011401157600385e-07
5.615215990755735948e-07
3.349615134693462622e-07
5.471835790457404867e-07
3.148214732073835820e-07
5.310652197792891825e-07
2.972891228547455282e-07
5.134940033507514629e-07
2.816852295407861016e-07
4.948026671661432330e-07
2.675780993283558730e-07
4.753135946547162342e-07
2.546892423169326928e-07
4.553277994216660753e-07
2.428380456330882254e-07
4.351184581242358173e-07
2.319082447422494655e-07
4.149283087405614091e-07
2.218266300250085150e-07
3.949698966773410027e-07
2.125486447623676221e-07
3.754275656118230966e-07
2.040479344399530692e-07
3.564602155933788621e-07
1.963083000773669997e-07
3.382041211357071894e-07
1.893173307017476920e-07
3.207755047042104742e-07
1.830614793708273890e-07
3.042728940148284502e-07
1.775225974488550819e-07
2.887793509979238137e-07
1.726759814368407132e-07
2.743644419697328091e-07
1.684898411433547686e-07
2.610856387245056310e-07
1.649258617934382107e-07
2.489889530709679890e-07
1.619403636357852590e-07
2.381089397472509526e-07
1.594855762645230426e-07
2.284685022498853861e-07
1.575107209776219260e-07
2.200790097121977704e-07
1.559628025876402524e-07
2.129409694818496946e-07
1.547871597558562985e-07
2.070448045461223909e-07
1.539278830992782430e-07
2.023702174109033040e-07
1.533282082821859774e-07
1.988818360962931748e-07
1.529309677821435738e-07
1.965199788550322355e-07
1.526791527760562274e-07
1.951896503027076489e-07
1.525166076893175224e-07
1.947551696906619072e-07
1.523888552820327015e-07
1.950454865464057870e-07
1.522440297825926618e-07
1.958666683142788725e-07
1.520338785623164846e-07
1.970128833616428256e-07
1.517147798028801882e-07
1.982697706012076019e-07
1.512487133879574989e-07
1.994091904663834976e-07
1.506041201226336700e-07
2.001777130532448604e-07
1.497565623080244924e-07
2.002833029718321656e-07
1.486891409828215341e-07
1.993869477009340346e-07
1.473925860602371803e-07
1.971082636055953063e-07
1.458649868219823366e-07
1.930546930077483947e-07
1.441111844191685922e-07
1.868808447323721958e-07
1.421417995838086332e-07
1.783767782915382304e-07
1.399719188382301818e-07
1.675706405884195774e-07
1.376194751703631400e-07
1.548105795561101150e-07
1.351033211809711984e-07
1.407704068783833303e-07
1.324410054231036306e-07
1.263333031332283409e-07
1.296463729770577667e-07
1.123760618340911535e-07
1.267272506806133673e-07
9.955896401877145459e-08
1.236835234939515259e-07
8.822737286846356834e-08
1.205058478665347507e-07
7.844285750294654533e-08
1.171751806555201278e-07
7.008323768479084610e-08
1.136633139298227555e-07
6.294380950303757415e-08
1.099346459888974340e-07
5.680687060392809760e-08
1.059494070065585616e-07
5.147754616451785309e-08
1.016684466959901090e-07
4.679634736167425972e-08
9.705945376670539620e-08
4.263923881298715140e-08
9.210410768934071074e-08
3.891247543386141986e-08
8.680520284595645468e-08
3.554613633976669627e-08
8.119235512649204308e-08
3.248812510594389951e-08
7.532470326196673925e-08
2.969924718029474414e-08
6.928928429169554561e-08
2.714943291113416319e-08
6.319460173646421732e-08
2.481496343405245736e-08
5.716016669846362998e-08
2.267649659260440993e-08
5.130401683511445169e-08
2.071769992345100307e-08
4.573085792519760928e-08
1.892432751574417338e-08
4.052320092200802476e-08
1.728361164960495234e-08
3.573682568519960473e-08
1.578387633629010045e-08
3.140059862581124341e-08
1.441429641402060823e-08
2.751964879119831006e-08
1.316475321963479762e-08
2.408045460259177909e-08
1.202575268977660370e-08
2.105647575758569491e-08
1.098837873434891860e-08
1.841335287963985830e-08
1.004426695414225783e-08
1.611316118766675215e-08
9.185588174473887650e-09
1.411757374908826337e-08
8.405035494541798657e-09
1.239004405509954904e-08
7.695811284996656905e-09
1.089724723812977802e-08
7.051612299747722033e-09
9.610069072013742125e-09
6.466612279754074333e-09
8.504327888991565965e-09
5.935442044026782552e-09
7.560670820765783590e-09
5.453167521748273743e-09
6.761685462034298603e-09
5.015266293287193842e-09
6.086898635468496446e-09
4.617603082041303833e-09
5.512594311021052573e-09
4.256404671569131662e-09
5.016783708432854117e-09
3.928234628283572453e-09
4.582440751914848650e-09
3.629968122574084662e-09
4.197438538648672715e-09
3.358767795202086607e-09
3.853238015576317589e-09
3.112060161786103793e-09
3.543664578535589506e-09
2.887513357651524397e-09
3.264070077193411155e-09
2.683016160915572266e-09
3.010811915662071865e-09
2.496658115717203971e-09
2.780930569231971577e-09
2.326712528964521684e-09
2.571953676930730465e-09
2.171617934406183165e-09
2.381765958225952700e-09
2.029963841223467575e-09
2.208526181927270407e-09
1.900476433963147691e-09
2.050609686108861210e-09
1.782005808149808397e-09
1.906568073623098489e-09
1.673514325500427807e-09
1.775100337409644689e-09
1.574066030520066670e-09
1.655031345506002011e-09
1.482816976634023461e-09
1.545295561944623969e-09
1.399006412187119145e-09
1.444924304423942382e-09
1.321948555521192074e-09
1.353035563848307444e-09
1.251025219016201193e-09
1.268825747253986953e-09
1.185679117730857043e-09
1.191562802971888540e-09
1.125407365039053153e-09
1.120580354369137162e-09
1.069756116754681067e-09
1.055272615289520848e-09
1.018315385500468747e-09
9.950899923324562640e-10
9.707141831233718094e-10
9.395347341752176539e-10
9.266175293136532041e-10
8.881571970224463375e-10
8.857211394647614413e-10
8.405522334210926258e-10
8.477491833947227237e-10
7.963554398847691731e-10
8.124511085516563822e-10
7.552407689970444245e-10
7.795990262824019634e-10
7.169160908816391816e-10
7.489853971208329562e-10
6.811210470657697633e-10
7.204209379820780372e-10
6.476239291415787555e-10
6.937328148991800940e-10
6.162190388475163758e-10
6.687629719567808043e-10
5.867240401091916893e-10
6.453667114357714497e-10
5.589774874855735488e-10
6.234114045321819807e-10
5.328366079526828895e-10
6.027753314704913218e-10
5.081750791950899846e-10
5.833466883615691323e-10
4.848810287844685559e-10
5.650226837506293463e-10
4.628551440489669013e-10
5.477087389944127993e-10
4.420089293743332477e-10
5.313177993507543158e-10
4.222631052513406644e-10
5.157696986925704999e-10
4.035461218155800200e-10
5.009906028188727387e-10
3.857928182177205333e-10
4.869125240877471756e-10
3.689432238904535968e-10
4.734728628017699654e-10
3.529413955224458101e-10
4.606140288442110707e-10
3.377344346062997048e-10
4.482830638817051978e-10
3.232716543293747868e-10
4.364313387385357463e-10
3.095036746550898789e-10
4.250142291001535741e-10
2.963818232536396715e-10
4.139908905111426304e-10
2.838574006723469690e-10
4.033239687006921592e-10
2.718812510394700351e-10
3.929793911348369930e-10
2.604032943531116181e-10
3.829261430331558216e-10
2.493722717985028421e-10
3.731361112990342709e-10
2.387356248140713524e-10
3.635838237124855483e-10
2.284396214151450400e-10
3.542463306286468022e-10
2.184297889975118825e-10
3.451030014151806609e-10
2.086517456963248181e-10
3.361354465149927846e-10
1.990525880336430848e-10
3.273272325726841253e-10
1.895828822348741117e-10
3.186638472856252771e-10
1.801993998652181551e-10
3.101325415525666070e-10
1.708685345954173428e-10
3.017221784545021132e-10
1.615703333674457474e-10
2.934231045157664876e-10
1.523027074026521857e-10
2.852271151266657298e-10
1.430852750754733419e-10
2.771272147945986512e-10
1.339620055882832093e-10
2.691176212833913931e-10
1.250018907036751285e-10
2.611936195165175856e-10
1.162966589939609922e-10
2.533514870671492765e-10
1.079553916428632168e-10
2.455884054938486995e-10
1.000955068777661312e-10
2.379023716630557062e-10
9.282952689601800342e-11
2.302921330953245755e-10
8.624819699757630816e-11
2.227571119897149414e-10
8.040328050877712802e-11
2.152973481532940059e-10
7.529830519642810985e-11
2.079134170215992989e-10
7.089323334210401250e-11
2.006063937495284101e-10
6.711947876303908181e-11
1.933777632986446323e-10
6.389514128410296213e-11
1.862293799307836366e-10
6.113520810864962540e-11
1.791634035575541237e-10
5.875705530388221929e-11
1.721822259093703690e-10
5.668352505811516129e-11
1.652884310706603635e-10
5.484481651827677510e-11
1.584847225880016781e-10
5.317964877482437840e-11
1.517738797726847451e-10
5.163585825296856448e-11
1.451587030253514576e-10
5.017023755368048469e-11
1.386419587312995793e-10
4.874818041672297738e-11
1.322263366596414059e-10
4.734291609173154274e-11
1.259144142832032060e-10
4.593469466764671323e-11
1.197086175159053255e-10
4.450990787969568068e-11
1.136112705473924367e-10
4.306025531980865553e-11
1.076244013501313102e-10
4.158194568660423860e-11
1.017499626744835124e-10
4.007494013132694109e-11
9.598976063880523354e-11
3.854223776039526062e-11
9.034553650102785791e-11
3.698919694123114537e-11
8.481905084458554455e-11
3.542289309107117831e-11
7.941221785522792307e-11
3.385152381500579191e-11
7.412728440777123552e-11
3.228385796711486746e-11
6.896704868067897486e-11
3.072876850392064554e-11
6.393517677888796816e-11
2.919481895163740684e-11
5.903660051290929990e-11
2.768991602329166781e-11
5.427807299565810118e-11
2.622122985007927853e-11
4.966890061393009641e-11
2.479472326506333079e-11
4.522194254363001632e-11
2.341538384894024041e-11
4.095520450084002209e-11
2.208705830902896035e-11
3.689363891964303708e-11
2.081251950247734209e-11
3.307214639985378304e-11
1.959354581776910482e-11
2.953932495048592521e-11
1.843102437276972604e-11
2.636174413431465901e-11
1.732507264023295235e-11
2.362753767673276686e-11
1.627516377729884322e-11
2.144433421034606185e-11
1.528024935078287927e-11
1.992328900024994370e-11
1.433887464259978428e-11
1.914333813969935332e-11
1.344928238451528919e-11
1.910769035925967822e-11
1.260950233915436251e-11
1.972690545889252581e-11
1.181743450442013960e-11
2.084786676581239655e-11
1.107089666926554628e-11
2.230221636305534453e-11
1.036767421634102286e-11
2.393994156680996154e-11
9.705577343222412463e-12
2.563967574422324205e-11
9.082445609846787721e-12
2.730425121023737506e-11
8.496200960859712394e-12
2.885058778338543692e-11
7.944924038981905321e-12
3.019709873327590438e-11
7.426656878006491733e-12
3.124918219417718001e-11
6.939461670393468484e-12
3.188272135835931244e-11
6.481596718416718200e-12
3.192828538095629779e-11
6.051404534094232096e-12
3.116618271878438388e-11
5.647330378618170944e-12
2.935723117599704140e-11
5.267927176015026277e-12
2.634407428888265309e-11
4.911846881460567079e-12
2.222176216773303945e-11
4.577835644468214834e-12
1.745798535338907747e-11
4.264711350634408637e-12
1.277737924786118336e-11
3.971345395755597141e-12
8.839641755258169338e-12
3.696648381839892545e-12
6.004971544042947439e-12
3.439580045519825214e-12
4.325666438016610692e-12
3.199160884783828037e-12
3.579570669499367116e-12
2.974436938038402334e-12
3.337266905148644161e-12
2.764461393823098364e-12
3.243653620716360672e-12
2.568441602248272082e-12
3.147264627901341961e-12
2.385534465744991966e-12
3.013250300650255728e-12
2.214968701661962420e-12
2.845986268535478443e-12
2.056010901624841172e-12
2.658237286975808456e-12
1.907964114269822221e-12
2.461812650397978790e-12
1.770166220671462366e-12
2.265387863078669668e-12
1.641988400329501257e-12
2.074842155669170076e-12
1.522833685169448909e-12
1.893769150918054391e-12
1.412119312633704024e-12
1.724268787824809946e-12
1.309353897033083583e-12
1.567231808306984734e-12
1.213997495170319038e-12
1.422880970192614141e-12
1.125568254812692525e-12
1.290903563212002093e-12
1.043609282424206126e-12
1.170803752203100407e-12
9.676927827120393895e-13
1.061849637721955577e-12
8.974088999641765577e-13
9.632549480462957125e-13
8.323745458980072203e-13
8.742054146426561242e-13
7.722281336305781067e-13
7.939019614847302107e-13
7.166292299602215656e-13
7.215632741016386170e-13
6.652577481253534170e-13
6.564514009909186472e-13
6.178020360145000610e-13
5.978824698609669587e-13
5.740038395226931516e-13
5.452239655059044098e-13
5.335859168204315018e-13
4.978936452607984308e-13
4.963009270693846021e-13
4.553656127827270407e-13
4.619175921117720675e-13
4.171549946980953436e-13
4.302198756741724820e-13
3.828269763625056276e-13
4.010061920220441349e-13
3.519874440519191426e-13
3.740886253047384957e-13
3.242807923781013765e-13
3.492921721761522683e-13
2.993865853197591030e-13
3.264540076129113032e-13
2.770163576500668327e-13
3.054227781722663375e-13
2.569105959400181789e-13
2.860579126215420857e-13
2.388359351922118299e-13
2.682289680384753521e-13
2.225825726316885746e-13
2.518149971067078309e-13
2.079619048776068634e-13
2.367039465874931404e-13
1.948043875009556413e-13
2.227920817230506707e-13
1.829575928005824839e-13
2.099834427663967252e-13
1.722844778387154952e-13
1.981893258240296883e-13
1.626618206830702009e-13
1.873277913710042833e-13
1.539788009705053604e-13
1.773232067183720930e-13
1.461350630521053183e-13
1.681058088365850968e-13
1.390417302512097995e-13
1.596135644747930918e-13
1.326221854543034287e-13
1.517883609919922045e-13
1.267991315759850720e-13
1.445717249413753614e-13
1.215099419055377836e-13
1.379135382645344417e-13
1.166970626103578220e-13
1.317677507341073614e-13
1.123090811245456355e-13
1.260920856619741739e-13
1.083002063295646835e-13
1.208477667064483625e-13
1.046297557461620903e-13
1.159992557457359365e-13
1.012616657232926160e-13
1.115140137264866955e-13
9.816403925762599889e-14
1.073622747597471451e-13
9.530873387889464235e-14
1.035168298937795256e-13
9.267177597067253077e-14
9.995283557468698091e-14
9.023049136547815065e-14
9.664761947099272595e-14
8.796569250674510677e-14
9.358051088281382268e-14
8.586051498369183595e-14
9.073267751906394973e-14
8.390013255479604472e-14
8.808696870175498190e-14
8.207149765493735199e-14
8.562777756032680265e-14
8.036310883143141791e-14
8.334090228651679552e-14
7.876480150528572818e-14
8.121342566233713017e-14
7.726756713864428368e-14
7.923359812457848190e-14
7.586339457140815211e-14
7.739072911175916157e-14
7.454512853841537876e-14
7.567508604567365834e-14
7.330635251512225138e-14
7.407780126207140339e-14
7.214128629013865288e-14
7.259078013558974823e-14
7.104470020200614159e-14
7.120662152238281068e-14
7.001184183183432347e-14
6.991853594866221212e-14
6.905534923201624405e-14
6.872027550416397440e-14
6.812033774019839859e-14
6.760606361149648378e-14
6.725407589630856524e-14
6.657053151658524789e-14
6.643623385486794714e-14
6.560866010495702110e-14
6.566371131576745395e-14
6.471572440142041739e-14
6.493364002165821576e-14
6.388723188450842788e-14
6.424335819977778799e-14
6.311879001285847404e-14
6.359040749010934035e-14
6.240343577738391099e-14
6.297251236198818601e-14
6.174593980372849199e-14
6.238752210232842801e-14
6.113242676254822175e-14
6.183346702630741375e-14
6.057013401136700804e-14
6.130850593484107086e-14
6.004532667693243787e-14
6.081092470264897839e-14
5.955842812247746469e-14
6.033912455888110944e-14
5.911058370726371041e-14
5.989161685593240608e-14
5.869444684029500994e-14
5.946701052635814299e-14
5.830589779962359963e-14
5.906400770201117632e-14
5.794121768462794919e-14
5.868139487300329315e-14
5.759972122347597208e-14
5.831803549266336770e-14
5.729123923816765815e-14
5.795338601091872271e-14
5.700244438429674410e-14
5.763589505043263039e-14
5.672941220871405433e-14
5.733007460979378970e-14
5.646920075303111134e-14
5.703318394862641690e-14
5.622022766920330499e-14
5.676170450756805554e-14
5.599083309104943403e-14
5.650820845556671010e-14
5.578383439177948945e-14
5.626013009799319795e-14
5.558274031377791360e-14
5.602685621194612470e-14
5.538893030039250373e-14
5.580437240148811469e-14
5.515961302101628519e-14
5.559213765016914258e-14
5.499429484658183020e-14
5.538964804317157250e-14
5.487738588411431909e-14
5.519643306257002294e-14
5.469923105178602624e-14
5.501204408868076590e-14
5.456186158417944739e-14
5.483603717570093530e-14
5.442846625364083110e-14
5.466789313193462889e-14
5.429975307137286556e-14
5.450625603376250034e-14
5.417605623045136184e-14
5.431486362495587915e-14
5.405876188494191154e-14
5.419816944206783180e-14
5.394923766830040216e-14
5.406936778008661105e-14
5.384393844046961691e-14
5.393682075907315129e-14
5.374279054117920118e-14
5.381007136953233613e-14
5.364570052963945891e-14
5.368901084122182973e-14
5.355255666971877901e-14
5.357341143434274742e-14
5.346323512183582278e-14
5.346303001611771308e-14
5.337759737609895889e-14
5.335762539170684816e-14
5.329550220788853918e-14
5.325735129867560871e-14
5.321680557908796029e-14
5.316209979586199366e-14
5.314136368425426562e-14
5.307203107332838411e-14
5.306903433004612948e-14
5.298614083238321095e-14
5.299967950786981434e-14
5.290419615774778553e-14
5.293316311858869618e-14
5.282597199047560900e-14
5.286935313005191429e-14
5.275124751607273357e-14
5.280812169552593908e-14
5.267980277621987016e-14
5.274945155542311757e-14
5.259590598615310864e-14
5.269455767293949976e-14
5.253457217121933917e-14
5.264198414917625366e-14
5.247496298637040096e-14
5.259161431501345193e-14
5.241660774353084122e-14
5.254357633838650731e-14
5.235862248808578557e-14
5.249804076357570736e-14
5.229871541305117316e-14
5.245550896292786560e-14
5.222924199944654730e-14
5.241475700401298858e-14
5.218969989576893193e-14
5.237558110037035795e-14
5.214452557064242634e-14
5.233784073190172587e-14
5.209442560983630696e-14
5.230139132580841816e-14
5.204542298930250990e-14
5.223510469966708912e-14
5.201212039609387704e-14
5.220570817252928407e-14
5.197530788383145528e-14
5.217777098949394617e-14
5.193793263428367779e-14
5.215121217735813327e-14
5.190101803411052676e-14
5.212595264612219568e-14
5.186494137085868888e-14
5.210191342676001375e-14
5.183209859693605727e-14
5.207901954723168398e-14
5.180284525334217144e-14
5.205719762610465135e-14
5.177422745401293310e-14
5.203637836558813959e-14
5.174874293190714174e-14
5.201649449700978692e-14
5.172477998700847412e-14
5.199748256766294882e-14
5.170575599971964692e-14
5.197928379600439362e-14
5.168834947286111089e-14
5.196184217715577767e-14
5.163212799770857863e-14
5.194510371839441568e-14
5.162518414686942847e-14
5.192901908177991558e-14
5.162495801916675993e-14
5.191354177481687417e-14
5.162050084393149026e-14
5.189862564966261187e-14
5.160298474586095701e-14
5.188422916427350362e-14
5.156474624036030814e-14
5.187031178767375631e-14
5.153161393154200897e-14
5.185683389725389144e-14
5.150446519458145228e-14
5.184375841712118627e-14
5.148212651666301194e-14
5.183104747070497743e-14
5.146318937781170544e-14
5.181866500554481582e-14
5.145149574963812893e-14
5.180657496037298007e-14
5.144480259238823024e-14
5.179474095072609856e-14
5.143798447547852349e-14
5.178312740406442582e-14
5.143084711361394421e-14
5.177169743034441863e-14
5.142350047202563645e-14
5.176041391006374762e-14
5.141600583511306646e-14
5.174923955369021561e-14
5.140837793280123141e-14
5.173813637877934827e-14
5.140063112107938948e-14
5.172706613639252540e-14
5.139277053855166300e-14
5.171598704800189834e-14
5.138478787750005610e-14
5.170485981718692421e-14
5.137667592128265944e-14
5.169364407072566412e-14
5.136842299435320708e-14
5.166312893221415034e-14
5.136001703993521720e-14
5.165319506385671746e-14
5.135144100923283699e-14
5.164288420107906662e-14
5.134267245564321004e-14
5.163216204280568049e-14
5.133368950929504926e-14
5.162099768918055700e-14
5.132446438125034786e-14
5.160935896424386569e-14
5.131496385742469456e-14
5.159721713348253376e-14
5.130515065641916169e-14
5.158454333908577848e-14
5.129498270366794825e-14
5.157130751418312219e-14
5.128441402141325447e-14
5.155747950459079758e-14
5.127339011361314298e-14
5.154302668762679390e-14
5.126185122775691849e-14
5.152791061565154294e-14
5.124972893571642615e-14
5.151209572983246426e-14
5.123694730129944496e-14
5.149552814840784553e-14
5.122341832404722712e-14
5.147814936386145897e-14
5.120904750806182535e-14
5.145988930646834409e-14
5.119372153667928337e-14
5.144066488664844385e-14
5.117731791007811724e-14
5.142037306107935344e-14
5.115969320786919506e-14
5.139889996693833129e-14
5.114068521190280036e-14
5.137712756431387397e-14
5.112011082305114651e-14
5.135577168426931440e-14
5.109774969011334761e-14
5.133220919490929174e-14
5.107335807375974267e-14
5.130621435217990620e-14
5.104664275076572620e-14
5.127750430174970760e-14
5.102064588696769009e-14
5.124572992542383661e-14
5.099282478289392528e-14
5.121046428688891591e-14
5.096154060750757511e-14
5.117118584008349847e-14
5.092619822875724293e-14
5.112727290519658106e-14
5.088606826473107897e-14
5.107797933033922703e-14
5.084024262215575321e-14
5.102241505854254851e-14
5.078756644824649324e-14
5.095952026581225709e-14
5.072679110955103151e-14
5.088802199466015730e-14
5.066789677436575681e-14
5.080639376718079821e-14
5.060054006182929983e-14
5.071278660630159372e-14
5.052242788530036946e-14
5.060495652704492315e-14
5.042098706320728464e-14
5.048016600868412000e-14
5.029275067424463777e-14
5.033505792760483674e-14
5.017388830668638464e-14
5.016551396648529080e-14
5.000299301987271164e-14
4.996645462146469853e-14
4.982053608056702759e-14
4.973162386841899594e-14
4.959153223913233053e-14
4.945333647809034967e-14
4.932104058440698441e-14
4.912218063420436050e-14
4.900606639960834539e-14
4.872671214288654275e-14
4.863031336200403225e-14
4.825322338956950102e-14
4.817613429931727063e-14
4.768558102316578116e-14
4.762712129919025527e-14
4.700538132252829759e-14
4.696413810801752065e-14
4.619254238341503857e-14
4.616590574403423070e-14
4.520093719630724835e-14
4.518488680709273070e-14
4.406429003508775167e-14
4.405235566640811374e-14
4.274311164849159951e-14
4.272717062058303086e-14
4.123380474471667936e-14
4.120433203354158312e-14
3.954645676636647341e-14
3.949363531615739483e-14
3.770781547446038510e-14
3.762303328726432160e-14
3.576273269715131671e-14
3.563913110392327857e-14
3.379471491484291053e-14
3.362583370009759795e-14
3.185373781790664437e-14
3.164507131612372077e-14
2.998936206423829551e-14
2.975330431986461030e-14
2.823664589912843114e-14
2.798185789350127655e-14
2.662688406185345251e-14
2.636239529901144866e-14
2.517611912993680861e-14
2.491008985554662862e-14
2.388716600202349638e-14
2.362610100285761479e-14
2.275318225830972890e-14
2.250165671211439521e-14
2.176128597956800614e-14
2.149934124555070476e-14
2.089537489017767601e-14
2.065176044051714335e-14
2.011986136329176516e-14
1.991577772003695495e-14
1.946497747901795324e-14
1.927602796062814759e-14
1.889148154824894216e-14
1.871715173740321163e-14
1.838697014835971742e-14
1.822630127925939069e-14
1.794074902934514415e-14
1.779262615830789303e-14
1.754366589557521578e-14
1.740686237451260010e-14
1.718769320379608629e-14
1.706071953643428417e-14
1.687216105718524709e-14
1.675581808013090174e-14
1.659050974712588933e-14
1.648278884274363848e-14
1.633525910305532265e-14
1.623530955284628510e-14
1.610281524944021650e-14
1.600986936151389436e-14
1.589019173874009057e-14
1.580356208292761309e-14
1.569489963415257363e-14
1.561397323825493258e-14
1.551485674346396517e-14
1.543908850732384308e-14
1.534831325932700671e-14
1.527721912670818396e-14
1.519379115483241371e-14
1.512694147805483561e-14
1.505003493079379092e-14
1.498704826345945400e-14
1.491597166021096721e-14
1.485650910226434620e-14
1.479067858356026201e-14
1.473443871083686615e-14
1.467335681634483552e-14
1.462007121047239507e-14
1.456330999484988725e-14
1.451273931587871152e-14
1.445992688090310338e-14
1.441185746162373954e-14
1.436266716958241417e-14
1.431690807717869312e-14
1.427104985478468186e-14
1.422743037710170459e-14
1.418464367856843776e-14
1.414301117766805382e-14
1.410305923322744393e-14
1.406327733978473456e-14
1.402594242669865936e-14
1.398788952746483483e-14
1.395296904258468558e-14
1.391653702850475445e-14
1.388384022489574766e-14
1.384893345966966781e-14
1.381827872859915541e-14
1.378481320476162149e-14
1.375629349298894141e-14
1.372392849952126873e-14
1.369877820167432418e-14
1.366728764394912377e-14
1.364436312914560776e-14
1.361397451824342192e-14
1.359286460741216124e-14
1.356350798596319103e-14
1.354411220698329917e-14
1.351572299879077455e-14
1.349794737512068984e-14
1.347046588910374328e-14
1.345422230237865300e-14
1.342759325495273574e-14
1.341279887185938218e-14
1.338697100173029352e-14
1.337354778842187050e-14
1.334847348011798353e-14
1.333634776104058905e-14
1.331198276327510289e-14
1.330108479121975360e-14
1.327738791828122962e-14
1.326765152187560345e-14
1.324458440909745038e-14
1.323594661966282493e-14
1.321347353899070993e-14
1.320587421987466991e-14
1.318396189038524832e-14
1.317734339869455416e-14
1.315596083276552303e-14
1.317534317062374862e-14
1.315360656660715993e-14
1.315053293144825375e-14
1.312940850128222631e-14
1.311975785355061838e-14
