# -0.95J_-0.05g_0.31416theta_1.0472phi_10Chi_0.01delta_500N
-9.201120512927696976e-03
-1.056663612782593976e-06
9.680335945642173368e-01
-7.743487177772466175e-08
1.721446213355762658e-02
-1.377012973782398148e-02
-1.240080884537308808e-04
-4.489937002199287543e-06
-1.107030279817211869e-06
4.471269840709413265e-04
7.032823662474974038e-07
7.343333065665549886e-02
-4.222679377587396261e-04
1.140130186526171485e+01
3.224537246482550024e-01
-2.095028675277163632e+00
3.047879502105091092e+02
-7.501425565738906016e+02
-2.311595228521528043e+02
1.956423870106612645e-02
9.997696286774691021e-01
2.582781428553273086e-04
-2.104392061357121406e+02
1.338054641766620728e-02
2.979593436947423470e+03
-1.065936733518007168e+04
-8.577112937938029802e+01
-3.517846847916165753e+00
-8.915666347833339778e-01
2.388807421161114348e+02
4.519797076015089436e-08
-5.354509666704863058e+00
3.535705618956986457e-02
-1.187617379378149735e+03
-5.731552055435329862e+01
3.756414195028908125e+02
-5.495918529636913445e+04
5.380469690581398754e+04
-4.428690907250567398e+04
-1.918761781222001218e+03
1.238363106085025624e-02
-6.946048721281233330e-03
4.082364114647597489e+03
-1.128406079587385813e+00
-2.017023587944475294e+05
7.987634670607782900e+05
-7.935475122867441969e+05
-2.965837637094127713e+05
-8.910950366036253399e+04
3.315788221934180334e+07
-1.496500120556826935e-02
2.560433253230461406e-02
-1.067698422037410455e+04
4.994393954729631879e+00
5.664725780919542303e+05
-2.298623062834494747e+06
6.899726872850289568e+06
2.569087125038056634e+06
7.726922921175946249e+05
-1.148180305128952116e+08
-1.078819553227054702e-04
-5.219488290918304330e+01
-8.783173525766927980e+01
-1.342215256909492018e+04
-7.702365674741107970e+06
5.115207590598853678e+07
-7.562711005452097893e+09
-2.810385150890299797e+09
-8.467614556140718460e+08
-4.021850407232820988e+08
-6.568592046093942136e-06
7.954360419292967208e+02
-5.207559177688078300e+00
2.099829781852807791e+05
-4.880785377820449066e+05
3.224577576594750863e+06
-4.702850138372784257e+08
-2.012875396206162572e+08
-4.631349777265035361e+07
-2.100097320639144257e+07
-8.692663623214283962e-07
3.245588272953663136e+02
-6.459760575240826030e-01
3.084662101189770692e+04
-6.798652465774722805e+04
4.390218292660060688e+05
-6.020065115191872418e+07
-2.995028840719796717e+07
-1.761322406081448495e+07
-1.619406264179388818e+05
-2.588694914395387532e-04
-3.318211280035267552e-01
-2.085523464877327910e+02
-1.479960694685096598e+02
-2.354976051374379173e+07
1.190528373618747294e+08
2.855558996815213203e+09
1.061967143618597388e+09
3.198790923277626634e+08
2.274755593711525726e+10
-9.999583400647791276e-01
-5.607138880740229817e-08
-9.245015566497944565e-03
-2.079612579675353196e-07
-2.977700953270624772e-04
5.504686785603625984e-06
3.765663987380037130e-07
7.460641718881858985e-08
-2.075905474205577019e-07
-1.946879481247500854e-06
-5.091879554284583438e-07
7.921173754841277947e+00
5.495265781712338271e-05
8.333727448640813691e+02
-1.462732727429245537e-03
2.938100492482152715e-02
-4.041251035952688753e+00
1.439420154182495004e+01
-1.168943017838780385e+01
-4.023205688379371322e-05
-9.201472760545418780e-03
-1.069642897208644336e-05
-6.495745251529499303e-03
-1.623622179129476139e-03
5.711057115389930328e-01
-4.423177679204914892e-01
4.354629582905700930e-02
3.258918874079484718e-02
-4.340048079909739759e-02
-2.554785229230943244e+01
-4.814617552504923867e-09
-8.606939708305382055e+02
-5.936426170660071000e-03
-1.811652246637274511e+05
-9.158270869307756634e-02
-6.176805554245853536e+00
-1.899483436038224318e+04
2.796251840006067418e+06
-9.109069661763722077e+06
1.006282925098763883e+02
-4.048046453152538655e-06
-4.722056545003363025e-06
1.309980339440627528e+00
-1.186076724883253330e+00
-1.899206041473405264e+02
9.704476820532521231e+01
-1.215058975813219035e+02
1.636458162497151037e+01
-2.327024674115716323e+02
1.901249769729363470e+04
8.913128442046840301e-05
-3.112440104586082154e-03
-1.467422034905451755e-01
1.969945202465941847e+01
-4.837100685266869426e+00
-8.581978384233732982e+01
5.640590631067616414e+02
-8.485489092541811260e+02
3.826555718571655689e+03
-4.962719275167382875e+03
3.753273824862629728e-07
5.847200389845976787e-01
1.612075781963340781e-01
-1.575925459996642894e+05
-7.016421044883860532e+02
4.351485615676846464e+03
-7.019157251732109580e+05
8.023137909224214964e+06
-2.951892165038822964e+07
4.688348541092176456e+05
2.246478485725593377e-08
-1.091716112892559210e+01
2.093942033373140388e-02
3.706431143765593879e+06
-3.546168561914534934e+01
3.900071797800356990e+02
1.332129710451324470e+06
-2.001090414409981072e+08
7.196286593994250298e+08
1.400862141990071686e+05
2.960473543158848351e-09
1.265344495843251416e+01
1.641698261133344924e-02
-9.114728752816978842e+06
-3.750968675544472575e+01
-2.332555779895715773e+02
-3.579064223753626924e+06
5.226913659946489334e+08
-1.913781036800822258e+09
-3.464774239697357407e+05
6.904254464585037716e-07
4.784711776686760023e-04
2.504443011477158265e+01
9.870864014446303827e+02
-6.370641631458898701e+03
1.115818784891026007e+04
6.478690512992822187e+04
-3.865380952730623540e+04
2.417299789442746842e+05
2.995715303746047895e+06
-8.529909224667089798e-05
-4.323052213470701915e-04
1.324357892327602919e-02
7.824661770870378701e-06
-9.419300120543085963e-01
-2.635767241571408404e-01
-8.468015912085858840e-04
-1.217081969673494580e-05
-1.884617554066698834e-06
-3.901521382267499798e-04
6.494523086385745926e-06
8.608564305511276871e+02
5.993357416467328877e-03
-7.958960404358286667e+00
-3.661054679912839060e-01
-1.030960586257913675e-01
9.011194369041866659e-02
-2.398989446545500281e-01
3.132945258091728372e-03
-1.870062518697578567e-04
6.219720462198243850e-03
-6.446015535079506996e-04
-1.379521307403064778e+00
-1.281991041882882699e-04
8.050832629671303664e+01
-4.774930126533467245e+01
3.626063631490408223e+00
1.486150765837531251e+00
4.588489694257744111e-01
-1.671829361342969605e+03
1.323235628208332999e-06
7.921476997386800001e+00
8.166646140635865048e-05
-5.592118923416876441e+00
-5.132760600868614409e-01
3.404378514012894819e+00
-5.008935972707623137e+02
3.410322664493750722e+02
-4.162114390751028168e+02
1.367166172947131884e+02
-9.337531739496829353e-01
5.215813642433509735e-03
2.451241366338758212e+02
5.864460200383005140e-02
-2.894981308610786073e+04
8.431524156280062016e+03
-1.334419584320669492e+04
-4.980137703935562968e+03
-1.503526927623403253e+03
2.169846699493322521e+06
-3.572491614449248565e-01
2.001751455294233269e-03
3.061660691080178154e+01
6.121928641720598974e-02
-7.646361384440100665e+03
-1.276780154579951886e+04
5.972852226719429018e+04
2.222409852304446758e+04
6.686334152525384525e+03
-1.877009912751969532e+05
-3.618957891611592078e-04
2.751036351162211287e-04
2.005697254295727561e+01
-7.030874186547717386e+01
-7.522000791677681264e+04
4.707476158302096301e+05
-6.958724725931294262e+07
-2.586448885510797054e+07
-7.793453065758503973e+06
1.869528368290774897e+07
-1.700419130937495300e-05
5.141983526795810243e-03
2.651011271227074584e+00
1.127935366390232275e+03
-5.036981406963525842e+03
2.984292052181252438e+04
-4.352913911014609970e+06
-1.793032144512557425e+06
-4.099016059335608152e+05
1.240858354405759834e+06
-4.945768158099428166e-07
-7.663882196387016010e-02
1.211949054800676606e+00
-1.022498203750523373e+02
-8.778058106075279738e+02
4.238736285802208840e+03
-5.838155619743355783e+05
-2.252539734283819562e+05
-1.349999782052137598e+05
2.167531530355942377e+05
5.600862754019770087e-03
-1.440650224174433599e-04
3.277712712661821570e+03
-1.141893665139867453e+00
-7.460590375686864136e+05
1.255110134915463161e+06
1.931184661607487500e+07
7.181494754120765254e+06
2.162588045987339225e+06
2.879374013241472840e+08
