# 0.0J_-1.0g_0.68068theta_1.0472phi_10Chi_0.01delta_500N
-5.773190841104282045e-01
-7.472524492575727262e-01
-2.840993193109531134e-01
1.324192462874987375e-01
-1.137213017546170879e-02
3.620201726703538899e-03
-1.184165387927492473e-03
-5.652460118555659423e-05
-7.091362575176929286e-05
4.555355718910320841e-06
-1.363212754524757986e-01
2.064206384417647496e+07
1.422004041152547300e+08
4.069825350005728006e+08
-1.611861335282780826e+08
5.859702909311244264e+06
-3.129325860502916947e+07
-3.882672132897818834e+07
2.437311328073318899e+08
-5.070542874390807003e+06
6.110785302668876318e-01
-6.608503616308634728e+07
-3.696094336227759719e+08
-1.565737823117196083e+09
-4.083969695379248142e+09
1.595483127482990980e+09
-6.108429582553792000e+08
4.191062686974505186e+08
6.689357245581620932e+08
4.908779807198878527e+08
4.820904447011029048e-01
5.279427833593001962e+07
9.137893848757278919e+08
2.302117062078090668e+09
5.997468368849458694e+09
1.940300422237519455e+10
7.019626667572604179e+09
4.511775863019280434e+09
-1.625291935993970394e+09
1.675469756900453091e+09
2.045821801067957135e-01
8.846076974589788914e+07
-9.137833895726599693e+08
-1.393407740132783651e+09
-2.056831444473575592e+10
-5.061221275308847809e+10
5.648001527441602325e+10
7.715931128360475159e+10
-3.203769939466270828e+10
3.295686079240161896e+10
2.055199839266965908e-02
-1.811528174307228625e+07
-3.739708757479236722e+08
8.010876893744421959e+09
2.450721495332743225e+11
8.372211427502416992e+10
-1.116010188519416504e+12
6.810330877627724609e+11
-8.280351405310440063e+10
3.129561409024935303e+11
-3.821824153009105527e-03
-1.282347922663671337e+07
1.695442783131319582e+08
-6.010020467267366409e+09
3.300821065855305176e+11
2.733974636095726318e+11
-1.836905601965810303e+12
-4.612638501357090820e+12
-3.808892277839937988e+12
6.058564521831802979e+11
-3.408116854225923275e-04
5.790070150851178914e+06
-6.417398826000817865e+07
4.109020011150038242e+08
-6.040308351133588409e+10
1.947075077636369629e+12
-5.371471150654336548e+11
3.112052758710975781e+13
1.717512570339122852e+13
1.355730968281092969e+13
5.256453605554995187e-05
2.450184292501029372e+07
-4.107295381698940396e+08
1.062179420128060579e+09
4.301411172699246979e+10
2.955765701845381546e+10
4.666306289831641602e+12
6.297421536138246094e+13
-7.013078364819385000e+14
-5.697098718401091250e+14
5.100552908253492169e-05
-5.153044222094302624e+07
-5.259524370478245020e+08
-2.193936604298620224e+09
-5.730544686714221954e+09
-1.941486216173190832e+09
3.532144906235206055e+12
1.873711857661405000e+14
2.635490948069033500e+15
-5.994133819660067500e+14
-5.773744981936596021e-01
1.039574009059194559e-01
7.597132417739176358e-01
-2.607358862331794480e-01
2.397418862300057865e-02
-1.337383411375968507e-02
2.259583705124929703e-03
2.356969552287785645e-04
5.038572431785743477e-05
2.660393504141433452e-06
7.510947647117570680e-01
2.061833400431412086e+07
1.423845541362989247e+08
4.073278697259690762e+08
-1.601613531589692235e+08
1.563196371032711118e+07
-4.241405960341841727e+07
1.442579766137349606e+08
-2.864899748703112602e+08
-4.749801321240533590e+08
-1.256096620556323984e-01
-6.622335310511026531e+07
-3.704965327142310143e+08
-1.567432032748314142e+09
-4.090614688367935658e+09
1.548584082795063734e+09
-5.152614120027118921e+08
-9.821299757458485365e+08
-2.185116704582712650e+09
1.378347049722009659e+09
-2.747230827893209493e-01
5.304510221011797339e+07
9.134273953720589876e+08
2.302013709194715500e+09
5.998516254736588478e+09
1.940191008097021866e+10
6.847854507535049438e+09
5.742673862657744408e+09
-3.669374315502246380e+09
2.146274361821569204e+09
-1.060017538843538304e-01
8.693399361463293433e+07
-9.095885053538042307e+08
-1.387974862385328054e+09
-2.055286323181344223e+10
-5.040238598140187073e+10
5.684795182989919281e+10
7.661282611129272461e+10
-3.256298694925866318e+10
3.551142967689595032e+10
-2.776226892385394874e-03
-1.861695644050870556e+06
-3.910890474920710921e+08
8.000013497058648109e+09
2.450465305238789368e+11
8.259153151611076355e+10
-1.119017324883646729e+12
6.964838120382869873e+11
-8.358141189593965149e+10
2.595432134229248047e+11
-7.445962285847341870e-04
1.776651540013052896e+07
9.937892255017402768e+07
-6.092981035276763916e+09
3.297843325511263428e+11
2.691257521659686890e+11
-1.841132051121857910e+12
-4.624529870234289062e+12
-3.843924355286916016e+12
5.530390798549597168e+11
2.930250463200261371e-04
5.014878105268259242e+04
-4.996825231480264664e+07
4.374105625334933996e+08
-6.026997643664450073e+10
1.946595960654602539e+12
-5.352943279244093628e+11
3.110790964720675000e+13
1.607511286496565039e+13
1.359358741192010156e+13
8.612002083189206070e-05
1.042161858503927737e+08
7.962983564009411335e+08
-2.911564912575241923e+07
4.346565375156081390e+10
3.929896127834384155e+10
4.780118500895190430e+12
6.620832792593894531e+13
6.829447302695862500e+14
-6.975744411748413750e+14
2.741244243134599579e-05
3.891770296408945322e+07
5.033329995218071342e+08
2.670690079649499416e+09
4.223750821128522873e+09
3.268132736469990540e+10
3.576082337148471191e+12
1.786401953954726250e+14
-1.042346424240198000e+15
-2.469714150347355000e+14
-5.773572238722889383e-01
6.432418019186207925e-01
-4.756558505339263943e-01
1.283341235734582197e-01
-1.260353707539419062e-02
9.752249503978271603e-03
-1.076570295678610503e-03
-1.796101280432890756e-04
2.093254253004959105e-05
-7.283425507727873092e-06
-6.148049670234397857e-01
2.055854348437168077e+07
1.419438657215697765e+08
4.065236496952712536e+08
-1.627418084598333538e+08
2.182721485701860860e+06
-2.701876461936884001e+07
-1.114988638250955939e+08
4.644928548743128777e+07
4.785083568294842243e+08
-4.854247426475317151e-01
-6.593704019845492393e+07
-3.691040276927843094e+08
-1.564350660473373413e+09
-4.076552493913257599e+09
1.626941210840276957e+09
-6.942974313633025885e+08
1.218215097499396086e+09
1.343299166653550148e+09
-1.535965960700343847e+09
-2.073272957816624795e-01
5.276209849720417708e+07
9.128118444551826715e+08
2.300867435274475574e+09
5.987418175616880417e+09
1.937493679513600159e+10
6.999962708504899025e+09
4.347880647863060951e+09
-6.550883023473823071e+08
3.721014387965335846e+09
-9.856374019359670502e-02
8.688795777622966468e+07
-9.170497163783782721e+08
-1.401373287911248684e+09
-2.057202755132917023e+10
-5.065370642258020782e+10
5.673164142678210449e+10
7.486963006488031006e+10
-3.746713146602938843e+10
4.057871739013802338e+10
-1.777433033556370320e-02
-1.571589664946878562e+06
-3.197633332620970607e+08
8.115389755843826294e+09
2.452113347710914612e+11
8.416935526475149536e+10
-1.116195597575817627e+12
6.913327558628763428e+11
-7.359155489256515503e+10
2.011311897791813354e+11
4.566191131504931770e-03
2.230031784496188909e+07
2.763859756034030318e+08
-5.786250739005633354e+09
3.304833105604511719e+11
2.751715983195298462e+11
-1.840808453003939453e+12
-4.560732997053981445e+12
-3.776037544733094238e+12
3.756093590814447021e+11
4.775511000272613174e-05
-3.380074239050608128e+06
-1.203997019137811102e+07
4.553833335960791707e+08
-5.976096239773530579e+10
1.949597143438559570e+12
-5.396819916345478516e+11
3.117527964942806641e+13
1.474778654056991602e+13
1.353775052332013867e+13
-1.386867830427962467e-04
-1.283259752824625820e+08
-3.755614484297549129e+08
-1.637691363689808607e+09
3.005899905215416718e+10
-1.666855273897883797e+10
4.801095099447333984e+12
6.569356743065362500e+13
1.187082735470449500e+15
-7.745121793234917500e+14
-7.841337125796821184e-05
1.267189979159871116e+07
2.082371218857050315e+07
-4.933126268197932839e+08
1.199765809265718937e+09
-2.101093694858173370e+10
3.545256590442401855e+12
1.726774544859640938e+14
-3.051415368788029500e+15
-7.483208172255703125e+13
