# -0.1J_-0.9g_0.41888theta_0.41888phi_10Chi_0.01delta_500N
-5.773570078193605015e-01
3.966243049771591145e-01
-7.016018288433988337e-01
-2.629631832575614683e-02
-1.644084023069471504e-02
-2.012694645821480957e-02
-1.950292224126603082e-03
1.022959362993745153e-02
1.212457296182950159e-02
1.228468045258700571e-03
6.420954923331499975e-01
-1.294539778282245424e+00
1.050855022461394839e+00
-1.098909123893994888e+01
-3.044201870490254080e+01
-1.855834750743021289e+01
-8.208868516245203750e+00
2.629553419429405636e+01
5.468140268180516017e+00
6.345029650977620506e-01
-5.034516569072656766e-01
1.821079486239776946e-01
-8.120691451350212642e-01
1.363347812005204318e+01
-1.549560521511016198e+01
2.572216007772149382e+01
-1.920213120630174686e+01
5.450237512403268703e+00
-2.631448326258061243e+01
-1.960715072256031366e+00
-1.637307458192295909e-02
1.031669133671030281e+01
1.525867443303119941e+01
-1.575218480352208644e+03
1.283514369564244134e+03
-4.904789490605064202e+03
2.709641685737385615e+03
-4.060617734512175616e+02
3.276628666756821531e+03
-3.128900956925595528e+04
2.782638931797124307e-02
3.438882153587315571e+01
-5.646054745107059958e+00
7.130529466299052501e+02
2.426559728436427577e+03
-1.129497599826190253e+03
-2.905710290741354129e+03
-2.028229829401771667e+03
2.478385558656911201e+02
-3.940585381642655557e+04
-1.980248307992298756e-02
-1.112308425663165679e+01
2.468125659552313067e+01
-1.446779825005710109e+03
4.464077552960439789e+03
-2.118489105706326154e+04
-1.255891206459173009e+04
-3.102025764387114123e+03
8.437294810500463427e+03
-4.124244851049020654e+05
7.022073090489682791e-03
-1.194771303961570652e+01
-2.588259635340552833e+01
4.861004523257311121e+03
-1.850866916206746737e+03
1.829404331072570494e+04
-1.700158891517656230e+04
4.599082530815062455e+02
-9.507827546381027787e+03
-5.090133822157575196e+03
1.072974342799474720e-02
2.741927594026504877e+01
-5.124930483247143620e+00
4.771113239661363536e+02
1.978101957284858599e+03
-1.660300047185069843e+03
-1.426868485902620478e+03
-2.268348652495984879e+03
6.609104089316584805e+02
-2.387330622809111446e+04
-1.274064864036142039e-02
5.108636146938624556e+00
2.737895577580968620e+01
-3.114059965112924601e+03
1.951776365438896391e+03
-1.285268437581740545e+04
4.681718474564318058e+03
-7.060056926738977836e+02
1.070471466194650566e+04
-9.982376261320461344e+04
8.099004033243033251e-04
-3.278952122801158664e-01
-1.552684746550674122e+00
1.912120658975461629e+04
4.879144200828086468e+04
-6.000875231247858756e+04
-3.551387613730047015e+05
-2.750099457108832212e+04
7.598675967381843293e+03
-1.068505343233575672e+07
-5.773567596467010787e-01
-8.059173299938569013e-01
7.314864051752315022e-03
-1.090023985986151092e-03
3.099370830582345165e-02
1.175261210934787359e-02
-1.645544552545111228e-02
1.022953909766011714e-02
1.212458906582598861e-02
4.491271677855942406e-04
-7.570500784561334795e-01
-1.466576532448795156e+00
-8.278311669619976831e-02
-7.090650416244102416e+00
-1.588422680841081736e+01
-4.930774437817710520e+00
3.359033703053457032e+01
-8.427692965170573203e+00
-2.552303874675733653e+01
-1.107594989237272731e+00
-3.043446275376374688e-01
-9.515307686666721887e-01
-6.400340516429458004e-01
2.819127522375173100e+01
-1.939403843254626381e+01
-1.607700465378230703e+01
-5.574353102982090746e+00
-2.549770656271163460e+01
8.421685385774852151e+00
3.160339764543597108e-01
-1.591182682878831273e-02
1.509731145402860442e+01
3.162876200318204312e+01
-2.460567767735998586e+03
1.224227828179690505e+03
-2.723973635614460818e+03
2.386642757555240223e+03
1.959466655982503653e+03
-1.853182008609381683e+03
-4.088633200968211167e+04
-2.809271565443183932e-02
1.801872601394942208e+01
-8.654458228758930005e-01
7.723183781655229723e+02
1.541185849815037045e+03
-1.452987034393154318e+03
-5.086847351787469051e+03
6.625191416408865734e+02
2.713961921644359791e+03
-4.202855397181682929e+04
3.820123967541183812e-03
7.700370358542175664e-01
-1.881433368638834125e+01
1.200739803752668649e+03
3.339901152874789659e+03
-1.560458536625457600e+04
-1.509384235195731890e+04
1.154990647005803567e+03
4.029862847074378351e+03
-3.737449044829065679e+05
-2.066071410894778845e-02
3.154815074374231187e+01
-1.398929564357479371e+01
5.986221766685644980e+03
7.977491372678666721e+02
1.576295544508541388e+04
-2.258996616324111164e+04
-2.913549071563642428e+03
1.205799158625691962e+04
2.907340919333252896e+04
1.072969891669291881e-02
-1.814791360463609493e+01
-2.118330836352467372e+01
1.474434247479860687e+03
-1.402214740166202546e+03
2.068029662825534615e+03
-7.233883871774249883e+02
-2.268315771162567671e+03
6.611471711779765883e+02
2.899270826936929370e+04
-1.274067949940525281e-02
2.115649179155131421e+01
-1.811369748102878319e+01
3.246925280253678466e+03
1.721051364850776508e+03
2.362585831552219133e+03
-1.345610308838999663e+04
-7.057957602103693944e+02
1.070402445885949783e+04
-6.326001465382620518e+04
7.496417222370391643e-04
-1.190629548903253676e+00
1.118618311407493460e+00
2.244266610211046554e+03
6.701447296515476773e+04
-1.702466714393144066e+05
-3.569751876293420792e+05
3.047930156338399684e+04
1.292799131328235235e+05
-1.123279042868359759e+07
-5.773560705961011674e-01
4.092933498597904896e-01
6.942881201488066978e-01
2.738636994577476821e-02
-1.455288897653561273e-02
8.374438079916585176e-03
1.840576240922786599e-02
1.022946933810212934e-02
1.212458003961868272e-02
-1.672033413872647594e-03
1.149544494114683041e-01
-3.987969466993965817e-01
3.350480237547959761e-01
-2.164727495383498734e+01
-1.978693455662285672e+01
2.445434510334452938e+01
8.886715514302002683e-01
-1.786793496491723943e+01
2.005491006293190281e+01
-2.202337552040429802e+00
8.077974624161142758e-01
-5.337011005688574450e-01
-1.707815811318554644e+00
2.428853966951703569e+01
-4.837426828486018238e+00
1.662461788344897329e+01
2.381107411366925675e+01
2.004734608916152538e+01
1.789280265766070244e+01
-2.322261312212944517e+00
3.228496638896132670e-02
-1.469868916565667094e+00
2.758386823125200138e+01
-1.966533848881818130e+03
4.871296328055207709e+02
-4.094332364943599259e+03
6.589754091283589332e+02
-1.553359161725573585e+03
-1.423365169518926905e+03
-3.796834693520210567e+04
2.663165523319550236e-04
2.206359369506836288e+01
-1.743267406146700793e+01
1.509430371636664404e+03
2.035179754002343543e+03
-3.179658866943237626e+03
-3.716368112427146116e+03
1.365749300895940678e+03
-2.961852871515490733e+03
-3.220775649919462376e+04
1.598249684419837668e-02
3.249160234373492528e+01
1.323345983063179254e+01
8.504666319448188005e+02
6.194652848950406224e+03
-2.058540979356721800e+04
-1.865624417801314121e+04
1.947253758471116498e+03
-1.246704173801932666e+04
-3.605503286069766618e+05
1.363861971911087267e-02
-4.996926612519757005e-01
1.773267728324606196e+01
3.129713558654375447e+03
4.480099960748628973e+02
1.218589527345160968e+04
-1.759945760564497323e+04
2.453469777776900173e+03
-2.550224421395109857e+03
-2.206633579523500521e+04
1.072964400347845015e-02
-9.271474540135876907e+00
2.630820397458967008e+01
-1.951537338503883575e+03
-5.759009324385119726e+02
-4.075974116895789052e+02
2.150074709334589443e+03
-2.268318403906724598e+03
6.613032326448428648e+02
-5.022644662062433781e+03
-1.274068853004543637e-02
-2.626516993262239907e+01
-9.265231075988060283e+00
-1.328132773273291320e+02
-3.672965589790182094e+03
1.049058646604042042e+04
8.774287595706175125e+03
-7.058791066571641295e+02
1.070439449834470724e+04
1.610154011254140059e+05
-1.557066813900493838e-03
-3.068129755188631069e+00
-9.620500033646667282e-01
-5.019401051190397084e+03
4.312941930344710272e+04
-1.157350925492977112e+05
-2.599598160604987352e+05
-2.969292137289811308e+03
-1.360969468352050462e+05
-9.943274229284757748e+06
