# -0.75J_-0.25g_0.2618theta_0.2618phi_10Chi_0.01delta_500N
1.365593857699375357e-01
2.643893925650727533e-04
8.097516139479160789e-06
8.008378922009507775e-07
5.538691624945560152e-07
4.382512726940652609e-07
4.539184188927537834e-07
3.918387022539596384e-07
4.085763396037344634e-07
3.664750586273792016e-07
3.784033285110627838e-07
3.463879383854277359e-07
3.552642037972361641e-07
3.281077864849494508e-07
3.362253971913894955e-07
3.108151809699757151e-07
3.200129242429911843e-07
2.944731786454646786e-07
3.060084755494807537e-07
2.793630771747474230e-07
2.938973540259278786e-07
2.659218759310156952e-07
2.835157006122639018e-07
2.546177108576315438e-07
2.747573574969723367e-07
2.458411500482258993e-07
2.674935633436591364e-07
2.398915701822140885e-07
2.615052927421479661e-07
2.370481472140558898e-07
2.564504497605303802e-07
2.376296561517953059e-07
2.518820002670958044e-07
2.420054660854280358e-07
2.473171619457699818e-07
2.505849258717919679e-07
2.423425347898952465e-07
2.638261027372060686e-07
2.367317388498630508e-07
2.822930508142440584e-07
2.305460088273588943e-07
3.067608785781307284e-07
2.241886206621349404e-07
3.383286911392035145e-07
2.184014075646072467e-07
3.784545959178885202e-07
2.142237754746218665e-07
4.287487660242492247e-07
2.129654912034194713e-07
4.902194224026908180e-07
2.162641825179732818e-07
5.615330093972038543e-07
2.263135752215966479e-07
6.361666844210249262e-07
2.463634580958580181e-07
7.000876708988855871e-07
2.815031938682178383e-07
7.345758218832619083e-07
3.387043496213393066e-07
7.271870386180147110e-07
4.187120645242292648e-07
6.821249855367292036e-07
4.795173248955417589e-07
6.162767822273999543e-07
4.380461618860022652e-07
5.454689676601538531e-07
3.316660793934883835e-07
4.770230754700096920e-07
2.471755050262540181e-07
4.126099354668224253e-07
1.957590847402028356e-07
3.533651143306118929e-07
1.647885051668125098e-07
3.010288985536242969e-07
1.447666601352291535e-07
2.567523758616346890e-07
1.305185504463858481e-07
2.205071866725975664e-07
1.193597619424645608e-07
1.914273154956419796e-07
1.099104962529496828e-07
1.683387337343343339e-07
1.014807328926777540e-07
1.500956293702391604e-07
9.375352938162035036e-08
1.357165496057693521e-07
8.661504588803872823e-08
1.244098940293169216e-07
8.005959906363851652e-08
1.155520204800726330e-07
7.413569097089797322e-08
1.086533916126714666e-07
6.891497618823452811e-08
1.033261660041735182e-07
6.447217437329737820e-08
9.926064665596505609e-08
6.086823065480511971e-08
9.621087113207274770e-08
5.813704117439563623e-08
9.398562523581702471e-08
5.628295737519924401e-08
9.244102741722932432e-08
5.528892845967355382e-08
9.147268302416384104e-08
5.512569628501149481e-08
9.100743389727716619e-08
5.575699999718424502e-08
9.099580299630164545e-08
5.714199077046815010e-08
9.140609753348623098e-08
5.923611704470145183e-08
9.222024314508404760e-08
6.199044497031094012e-08
9.343068885154092719e-08
6.534876578842081461e-08
9.503772442271120845e-08
6.924084815454193773e-08
9.704702150866848950e-08
7.356983896709087871e-08
9.946753757107516079e-08
7.819377194461484364e-08
1.023099771297581586e-07
8.290638719582319357e-08
1.055857652406048681e-07
8.743419189815417020e-08
1.093064924483968993e-07
9.148438786671702822e-08
1.134840408863149854e-07
9.487632670722424336e-08
1.181308202890073997e-07
9.771552114291474313e-08
1.232602873495465310e-07
1.004506019547257741e-07
1.288876323755524100e-07
1.036969688636725738e-07
1.350305411140913303e-07
1.079661340218531706e-07
1.417098727323862721e-07
1.135365911243983471e-07
1.489500573356673932e-07
1.205082159517174268e-07
1.567790640229917542e-07
1.289245364509601648e-07
1.652279065564523973e-07
1.388664070807490950e-07
1.743293525326354982e-07
1.504952724517473995e-07
1.841165242537846771e-07
1.640623246711139857e-07
1.946211341112215298e-07
1.798946587567457076e-07
2.058714579172362765e-07
1.983411667809981882e-07
2.178903420440048678e-07
2.196241351025920434e-07
2.306935065793413355e-07
2.435253402275337964e-07
2.442884149899236366e-07
2.689220464525196881e-07
2.586734096141430955e-07
2.935042876598849494e-07
2.738365953496493827e-07
3.143266011520652720e-07
2.897531148674225959e-07
3.293094977656117502e-07
3.063803945046263049e-07
3.384411399568919633e-07
3.236527939112858325e-07
3.434625619793319287e-07
3.414769385111053130e-07
3.466098898334195123e-07
3.597271832201567318e-07
3.496769375499069695e-07
3.782407451076135044e-07
3.537683705188736302e-07
3.968138050614666957e-07
3.594325347250262324e-07
4.152013197072686786e-07
3.668667053024576917e-07
4.331248195582450718e-07
3.760754659605890729e-07
4.502931494420986613e-07
3.869694408623222728e-07
4.664398565416601462e-07
3.994211785561005267e-07
4.813759286450414095e-07
4.132950366802196758e-07
4.950475260964495784e-07
4.284621848194330615e-07
5.075788976128816131e-07
4.448072672268344799e-07
5.192785726832554574e-07
4.622304991747789893e-07
5.305983192362420319e-07
4.806473941168506062e-07
5.420554074318761458e-07
4.999873644539451654e-07
5.541456374848878996e-07
5.201918644798861324e-07
5.672756301314566131e-07
5.412121856515055015e-07
5.817293982575650327e-07
5.630079509282942031e-07
5.976676044922464424e-07
5.855455410587515522e-07
6.151478676392202339e-07
6.087966738146488662e-07
6.341531728737122246e-07
6.327372358408869444e-07
6.546192243811057578e-07
6.573463598815904827e-07
6.764562961569225622e-07
6.826057240032370913e-07
6.995645927780481820e-07
7.084990102631991633e-07
7.238439457956509943e-07
7.350114532239494681e-07
7.491992577984398483e-07
7.621294544476151836e-07
7.755430700087269680e-07
7.898402585957942600e-07
8.027963644065424705e-07
8.181316804458928480e-07
8.308883900011758741e-07
8.469918740274959182e-07
8.597560017686889275e-07
8.764091445813618203e-07
8.893427745460338063e-07
9.063718088355044348e-07
9.195980352858976755e-07
9.368680721049269393e-07
9.504759041795747862e-07
9.678858307738416054e-07
9.819343997690220877e-07
9.994125121342858312e-07
1.013934632551104830e-06
1.031435277540117914e-06
1.046440090241814143e-06
1.063941332834476846e-06
1.079416006493791440e-06
1.096918001346510173e-06
1.112828800639866722e-06
1.130352666986899305e-06
1.146645573666007814e-06
1.164232708848993689e-06
1.180833626829618788e-06
1.198545445809510701e-06
1.215360012309999066e-06
1.233278103605838400e-06
1.250191107467597913e-06
1.268417779886062758e-06
1.285292158687567490e-06
1.303951414104555067e-06
1.320626812612077830e-06
1.339865758464664233e-06
1.356156613148048532e-06
1.376147347858119929e-06
1.391840448675531366e-06
1.412782466775992480e-06
1.427633932765650818e-06
1.449757111979047726e-06
1.463488699570307101e-06
1.487056949713364716e-06
1.499351592364518876e-06
1.524667266780988560e-06
1.535163721785270840e-06
1.562572913629478227e-06
1.570859358959832562e-06
1.600758228940163663e-06
1.606364637879977584e-06
1.639206965654612341e-06
1.641596026082461483e-06
1.677902190735331073e-06
1.676458514927701216e-06
1.716826167026018067e-06
1.710843484538240493e-06
1.755960209879569996e-06
1.744626189898397255e-06
1.795284511674697978e-06
1.777662815207737416e-06
1.834777925347457639e-06
1.809787049474270209e-06
1.874417695148200618e-06
1.840806152369423356e-06
1.914179118897036778e-06
1.870496512277114426e-06
1.954035120476359232e-06
1.898598757424868509e-06
1.993955703888866448e-06
1.924812578512466656e-06
2.033907249514398509e-06
1.948791573291376062e-06
2.073851598778298902e-06
1.970138647501468175e-06
2.113744852749110696e-06
1.988402817899261256e-06
2.153535781284625405e-06
2.003078665317063850e-06
2.193163698459877322e-06
2.013610155005061203e-06
2.232555602128184999e-06
2.019401001275699293e-06
2.271622293470808297e-06
2.019834045432441088e-06
2.310253076700867849e-06
2.014301978201979354e-06
2.348308476428919981e-06
2.002250819678261506e-06
2.385610184571775792e-06
1.983235528549487260e-06
2.421927141586817796e-06
1.956983823033183723e-06
2.456956253656856222e-06
1.923460155878571663e-06
2.490295751173311038e-06
1.882917956134600019e-06
2.521408659652623934e-06
1.835926556727836833e-06
2.549573461359091453e-06
1.783361468598847775e-06
2.573819222074004301e-06
1.726353449485503100e-06
2.592844210261650642e-06
1.666201627439646208e-06
2.604922198966370666e-06
1.604265320803709351e-06
2.607812253296471402e-06
1.541854376050331437e-06
2.598709601334731529e-06
1.480136841151339741e-06
2.574308460755904325e-06
1.420076484676152731e-06
2.531082697959350806e-06
1.362404070450230004e-06
2.465892312413594789e-06
1.307618705763163735e-06
2.376930128875207888e-06
1.256011018358822290e-06
2.264790065945728131e-06
1.207698685293249889e-06
2.133157545152941341e-06
1.162666045632068765e-06
1.988576342179526358e-06
1.120801922474475367e-06
1.839164733530291517e-06
1.081932307034488804e-06
1.692809789825332550e-06
1.045846596001572356e-06
1.555672970667854543e-06
1.012317415106630008e-06
1.431531514145790829e-06
9.811147811904146550e-07
1.321922440279040689e-06
9.520156363019736211e-07
1.226724996264047996e-06
9.248098069841591294e-07
1.144819368356110638e-06
8.993033281415184678e-07
1.074619825886181193e-06
8.753199054108667828e-07
1.014428694989474970e-06
8.527011196689009010e-07
9.626359906263613909e-07
8.313058251327490614e-07
9.178120551262066660e-07
8.110090670389290101e-07
8.787358387755275203e-07
7.917007465267272611e-07
8.443890136917609809e-07
7.732841863709311768e-07
8.139346055413482977e-07
7.556746971744431877e-07
7.866906093463843277e-07
7.387982052342937320e-07
7.621039041835097430e-07
7.225899767622166062e-07
7.397268207355234678e-07
7.069934553001191714e-07
7.191971338464463874e-07
6.919592174794539757e-07
7.002214735029964892e-07
6.774440450022583674e-07
6.825618093531421074e-07
6.634101064345637917e-07
6.660245537582706472e-07
6.498242400704600715e-07
6.504518280810696473e-07
6.366573281982068544e-07
6.357144836167160357e-07
6.238837529096790842e-07
6.217065301725768076e-07
6.114809239885213638e-07
6.083406868447714290e-07
5.994288700564408148e-07
5.955448244571420143e-07
5.877098849131507137e-07
5.832591156534359592e-07
5.763082218848947466e-07
5.714337467087240726e-07
5.652098297712772638e-07
5.600270757134367900e-07
5.544021247837029574e-07
5.490041461267234981e-07
5.438737935760623499e-07
5.383354838900834641e-07
5.336146231027059871e-07
5.279961213615142714e-07
5.236153536189208904e-07
5.179648031950380907e-07
5.138675516488886394e-07
5.082233385564986538e-07
5.043635001595402854e-07
4.987560714066678126e-07
4.950961035960961327e-07
4.895494462721871968e-07
4.860588057395106435e-07
4.805916514973765796e-07
4.772455186320745233e-07
4.718723255155409052e-07
4.686505610884484786e-07
4.633823145259736193e-07
4.602686054720491323e-07
4.551134722029065294e-07
4.520946316514270307e-07
4.470584938730598547e-07
4.441238871657348612e-07
4.392107790074459956e-07
4.363518527671209550e-07
4.315643170442411901e-07
4.287742126474031899e-07
4.241135924667381404e-07
4.213868287148542745e-07
4.168535058088057542e-07
4.141857184014230585e-07
4.097793078652571603e-07
4.071670355310612330e-07
4.028865448655587092e-07
4.003270538596560566e-07
3.961710127678877221e-07
3.936621529308558740e-07
3.896287191487887893e-07
3.871688059510782905e-07
3.832558514400038009e-07
3.808435694217516180e-07
3.770487504561321357e-07
3.746830742988124694e-07
3.710038883582646507e-07
3.686840184827040723e-07
3.651178503266329636e-07
3.628431604616023175e-07
3.593873193455630320e-07
3.571573139579839902e-07
3.538090635951307540e-07
3.516233434466089988e-07
3.483799260300391199e-07
3.462381604239546589e-07
3.430968157981699812e-07
3.409987203297533791e-07
3.379567011942974341e-07
3.359020200316602442e-07
3.329566039132782798e-07
3.309450957892509837e-07
3.280935943773985829e-07
3.261250216383235662e-07
3.233647879789400703e-07
3.214389081217068896e-07
3.187673420723617944e-07
3.168839013285546359e-07
3.142984536028292211e-07
3.124571821798167055e-07
3.099553572615025195e-07
3.081559659351336403e-07
3.057353240697949475e-07
3.039775018722519110e-07
3.016356603290465972e-07
2.999190731125478888e-07
2.976537068616738773e-07
2.959779965693757759e-07
2.937868384918037969e-07
2.921516229878181211e-07
2.900324637217799599e-07
2.884373370632334270e-07
2.863880245597848488e-07
2.848325576103607199e-07
2.828509964716659902e-07
2.813347377802364285e-07
2.794188884235180481e-07
2.779413652995300020e-07
2.760892429969233509e-07
2.746499627267248960e-07
2.728596365492025303e-07
2.714580877176009321e-07
2.697276794135283854e-07
2.683633332844966313e-07
2.666910161104659019e-07
2.653633280492970435e-07
2.637473255756764667e-07
2.624557364777931534e-07
2.608943213775430787e-07
2.596382590989869686e-07
2.581297519331753966e-07
2.569086326965964047e-07
2.554514007032124941e-07
2.542646304736290755e-07
2.528570863669057346e-07
2.517040621889724435e-07
2.503446629730867766e-07
2.492247742618574934e-07
2.479120200629772402e-07
2.468246498434772210e-07
2.455570827625238211e-07
2.445016088546580524e-07
2.432778118428065099e-07
2.422536079891959896e-07
2.410722037462938612e-07
2.400786406840835080e-07
2.389382905818488865e-07
2.379747370541803936e-07
2.368741400844171951e-07
2.359399637947481497e-07
2.348778555414420920e-07
2.339724240494414472e-07
2.329475756849325954e-07
2.320702572465194552e-07
2.310814745518377584e-07
2.302316389027637748e-07
2.292777613159966557e-07
2.284547804013174202e-07
2.275346800802456080e-07
2.267379287345702706e-07
2.258505096501537384e-07
2.250793662210688007e-07
2.242235632694360318e-07
2.234774101981002954e-07
2.226521883349912285e-07
2.219304126870288619e-07
2.211347660800465187e-07
2.204367600325956345e-07
2.196697112399881689e-07
2.189948725239561008e-07
2.182554716866646816e-07
2.176032039907179403e-07
2.168905280463203026e-07
2.162602413773065710e-07
2.155733932925841227e-07
2.149645043056139015e-07
2.143026123258713678e-07
2.137145446107106410e-07
2.130767615269767598e-07
2.125089458661828265e-07
2.118944482998815481e-07
2.113463228916751789e-07
2.107543105945026425e-07
2.102253212475509552e-07
2.096550164166667155e-07
2.091446167146690618e-07
2.085952633236674594e-07
2.081029147625154172e-07
2.075737779078634801e-07
2.070989500052072916e-07
2.065893152663509949e-07
2.061314856488254844e-07
2.056406584596199941e-07
2.051993129261782535e-07
2.047266179663120916e-07
2.043012505273213186e-07
2.038460311148433386e-07
2.034361440135413989e-07
2.029977615228216458e-07
2.026028652327852915e-07
2.021806985124615162e-07
2.018003117183077988e-07
2.013937565330475200e-07
2.010274060932897019e-07
2.006358745584661502e-07
2.002830954496344646e-07
1.999060154991289525e-07
1.995663507433390688e-07
1.992031655814981537e-07
1.988761661633058944e-07
1.985263337499764221e-07
1.982115585080806826e-07
1.978745510354281878e-07
1.975715665480090132e-07
1.972468699347143508e-07
1.969552503886388194e-07
1.966423637754135204e-07
1.963616908223743710e-07
1.960601260762665856e-07
1.957899886790506613e-07
1.954992699047357885e-07
1.952392641567008010e-07
1.949589272200629371e-07
1.947086561731335307e-07
1.944382482141487856e-07
1.941973216777435146e-07
1.939364006393592808e-07
1.937044349733317119e-07
1.934525691405363484e-07
1.932291870393418012e-07
1.929859545549310913e-07
1.927707848133091611e-07
1.925357732271683020e-07
1.923284504995072052e-07
1.921012563004366667e-07
1.919014208431970863e-07
1.916816489936842372e-07
1.914889463996262445e-07
1.912762098777967228e-07
1.910902907923106143e-07
1.908842101236566174e-07
1.907047299557293591e-07
1.905049327493596085e-07
1.903315513645938698e-07
1.901376718425578895e-07
1.899700532404255972e-07
1.897817317664635458e-07
1.896195437466767581e-07
1.894364263456921318e-07
1.892793401662175364e-07
1.891010780541771393e-07
1.889487680432405676e-07
1.887750171159669666e-07
1.886271603209144829e-07
1.884575806710993512e-07
1.883138564422149725e-07
1.881481118527475384e-07
1.880082014258539004e-07
1.878459588395380886e-07
1.877095449181016766e-07
1.875504739115234985e-07
1.874172401932518775e-07
1.872610124437950402e-07
1.871306431478999318e-07
1.869769318637148196e-07
1.868491112449182665e-07
1.866975906102551739e-07
1.865720024122733739e-07
1.864223469755567349e-07
1.862986739125443790e-07
1.861505579971420266e-07
1.860284811571176247e-07
1.858815782261284958e-07
1.857607764866482740e-07
1.856147584929875819e-07
1.854949078978514445e-07
1.853494446044240998e-07
1.852302176862659794e-07
1.850849760001248695e-07
1.849660411008358113e-07
1.848206843381478904e-07
1.847017048880695430e-07
1.845558920340348496e-07
1.844365258022326036e-07
1.842899107307657992e-07
1.841698090353690347e-07
1.840220397352819194e-07
1.839008466291349101e-07
1.837515643777111519e-07
1.836289157725429562e-07
1.834777542984184204e-07
1.833532771077891907e-07
1.831998617100720852e-07
1.830731729109287481e-07
1.829171195970879812e-07
1.827878252919318202e-07
1.826287398465696929e-07
1.824964342907863656e-07
1.823339113787178455e-07
1.821981759872490087e-07
1.820317982132982289e-07
1.818922005513528129e-07
1.817215375580919356e-07
1.815776303160037406e-07
1.814022378468389087e-07
1.812535578475847866e-07
1.810729768614519777e-07
1.809190440547661140e-07
1.807327998788534802e-07
1.805731163682108426e-07
1.803807178844932554e-07
1.802147670217077649e-07
1.800157059553945644e-07
1.798429514990701569e-07
1.796367017862811599e-07
1.794565871669926788e-07
1.792426044584015837e-07
1.790545521828141685e-07
1.788322735305495757e-07
1.786356847455532427e-07
1.784045284905960271e-07
1.781987828011633303e-07
1.779581487157830401e-07
1.777426042391886560e-07
1.774918739943864529e-07
1.772658677836926055e-07
1.770044057780998721e-07
1.767672546326107708e-07
1.764944092899976048e-07
1.762454110526544362e-07
1.759605166230836707e-07
1.756989520621942959e-07
1.754013310296203250e-07
1.751264663589624505e-07
1.748154325700063214e-07
1.745265227430630393e-07
1.742013852925685479e-07
1.738976781607034150e-07
1.735577461884295497e-07
1.732384876251353015e-07
1.728830760699534184e-07
1.725475161699449936e-07
1.721759525979112440e-07
1.718233530355514546e-07
1.714349855987662650e-07
1.710646282376115393e-07
1.706588348203184278e-07
1.702700316193933277e-07
1.698462302006643930e-07
1.694383344596700423e-07
1.689959946786972107e-07
1.685684135811015738e-07
1.681070694465507901e-07
1.676592778518091063e-07
1.671785414769709696e-07
1.667100968185796475e-07
1.662096729958371332e-07
1.657202310697973629e-07
1.651999324224774704e-07
1.646892637731685783e-07
1.641490261353834313e-07
1.636170326490492782e-07
1.630569302423396861e-07
1.625036614637609396e-07
1.619239213533489451e-07
1.613495899581421932e-07
1.607506052003909267e-07
1.601556009781132544e-07
1.595379418151262021e-07
1.589228434634402459e-07
1.582872658941508242e-07
1.576528499023330785e-07
1.570003009645718110e-07
1.563475468836871192e-07
1.556791660291716763e-07
1.550092574846563849e-07
1.543263735283806660e-07
1.536406944477593184e-07
1.529448177084933984e-07
1.522449433970033393e-07
1.515377528386120539e-07
1.508254357495106744e-07
1.501087611501785884e-07
1.493859114310289212e-07
1.486617108581782513e-07
1.479303720258948837e-07
1.472007051363037587e-07
1.464630254910812650e-07
1.457300234212726298e-07
1.449882240527827452e-07
1.442540568601649032e-07
1.435103973006988702e-07
1.427772400679534356e-07
1.420339827837885712e-07
1.413039815831229082e-07
1.405633565672136085e-07
1.398385954860406596e-07
1.391027662008569722e-07
1.383852365695540995e-07
1.376562684016015522e-07
1.369478412254231236e-07
1.362276734539265701e-07
1.355300758622813178e-07
1.348204979366137904e-07
1.341352942332997512e-07
1.334379269074809801e-07
1.327665045579255553e-07
1.320827861709377043e-07
1.314263468135608120e-07
1.307575247521604454e-07
1.301170800950002495e-07
1.294642072476706175e-07
1.288405795117532625e-07
1.282045153287225711e-07
1.275983417473826395e-07
1.269797573739812273e-07
1.263914981457381760e-07
1.257908850000539695e-07
1.252208340374813801e-07
1.246385151447192016e-07
1.240868129330509142e-07
1.235229563282283768e-07
1.229896042320586099e-07
1.224442377591836602e-07
1.219291131592809913e-07
1.214021400563858938e-07
1.209050117631709911e-07
1.203962264874011949e-07
1.199167699604412458e-07
1.194258737971433579e-07
1.189636857777453225e-07
1.184903018573603345e-07
1.180449141111730495e-07
1.175886015499209641e-07
1.171594934864784166e-07
1.167197604404931763e-07
1.163063704524220700e-07
1.158826859465016558e-07
1.154844213626828541e-07
1.150762258170255873e-07
1.146924714140774099e-07
1.142991858383780500e-07
1.139293108835723209e-07
1.135503447454920386e-07
1.131937085706176818e-07
1.128284663705803481e-07
1.124844224763065700e-07
1.121323090803305239e-07
1.118002077795605708e-07
1.114606325545590051e-07
1.111398221194783423e-07
1.108122019429145766e-07
1.105020282323270040e-07
1.101857893876453103e-07
1.098855938457917013e-07
1.095801728423812618e-07
1.092892887222047151e-07
1.089941320163711671e-07
1.087118785914764451e-07
1.084264411547524091e-07
1.081521155761865472e-07
1.078758581970330657e-07
1.076087245079957007e-07
1.073411096364705156e-07
1.070803842706560970e-07
1.068208701182108517e-07
1.065657029609386231e-07
1.063137354282401777e-07
1.060631851889307362e-07
1.058181870205379467e-07
1.055711892342279796e-07
1.053325455502227540e-07
1.050878709517107473e-07
1.048549099826675877e-07
1.046111102359361684e-07
1.043830776420820533e-07
1.041384144194168694e-07
1.039144389838334540e-07
1.036667911061543452e-07
1.034458387961522141e-07
1.031925805269682353e-07
1.029733928881763394e-07
1.027112345005470006e-07
1.024922460323698351e-07
1.022170255303578143e-07
1.019962531098250480e-07
1.017026657365498176e-07
1.014775614193127413e-07
1.011588120756209896e-07
1.009260690695114002e-07
1.005734334426376128e-07
1.003287345814219960e-07
9.993102063929076136e-08
9.966872102893824311e-08
9.921163884356788007e-08
9.892438287396572527e-08
9.838986635899027121e-08
9.806815964980118931e-08
9.743375155249822462e-08
9.706554920469616143e-08
9.630407539742539126e-08
9.587451900959516814e-08
9.495444654258059393e-08
9.444598823511218615e-08
9.333305759224269809e-08
9.272633119332089936e-08
9.138717282364215714e-08
9.066303893968008901e-08
8.907130224360466489e-08
8.821435712355285423e-08
8.635909063740447700e-08
8.536240741524867869e-08
8.325690877246604233e-08
8.212685447542976432e-08
7.981450733350867679e-08
7.857358407782288490e-08
7.612675124017852225e-08
7.481242862076111780e-08
7.232265640751337562e-08
7.098168264525226008e-08
6.854373877227900483e-08
6.722374371904237896e-08
6.491940878478546032e-08
6.366100266272797212e-08
6.154832300627652409e-08
6.038028602622131493e-08
5.849057624536158359e-08
5.742883251429369304e-08
5.576999561558534107e-08
5.481940684713382998e-08
5.338240290719617244e-08
5.253983984626162211e-08
5.130547043917308962e-08
5.056292181494383080e-08
4.950733980834095214e-08
4.885441210362468816e-08
4.795289732542035343e-08
4.737854056748195458e-08
4.660772907519415130e-08
4.610128314143908808e-08
4.544026453332234417e-08
4.499200600537757932e-08
4.442269518749307109e-08
4.402405798756217777e-08
4.353115277635462221e-08
4.317475584653332269e-08
4.274548852730959472e-08
4.242506113731274994e-08
4.204887006362236498e-08
4.175913120894749262e-08
4.142732226687633272e-08
4.116384680209409177e-08
4.086927939367001023e-08
4.062836827359057300e-08
4.036518003612366120e-08
4.014374283602574996e-08
3.990711624938069924e-08
3.970256890484093701e-08
3.948853746388066248e-08
3.929871538463435116e-08
3.910400470479278751e-08
3.892709007029295216e-08
3.874898866570228580e-08
3.858345016843989322e-08
3.841970484531504618e-08
3.826424804580089525e-08
3.811297941565909340e-08
3.796650597010781004e-08
3.782614025786459825e-08
3.768771448623322284e-08
3.755692846068580826e-08
3.742574993488908041e-08
3.730342637617256964e-08
3.717880743164918730e-08
3.706399905093115465e-08
3.694534630642277340e-08
3.683724644268264538e-08
3.672404559064164231e-08
3.662196435006266028e-08
3.651376760797607645e-08
3.641711238088847226e-08
3.631352811460200122e-08
3.622178761884010070e-08
3.612247173987906284e-08
3.603520291464263034e-08
3.593985172882599060e-08
3.585666893573521169e-08
3.576501318493205203e-08
3.568557928518903926e-08
3.559737916491807197e-08
3.552139812373881345e-08
3.543643911037273882e-08
3.536364984797887345e-08
3.528173919191706316e-08
3.521191045759568854e-08
3.513287422858088078e-08
3.506580031407531722e-08
3.498948090561326677e-08
3.492497804924504931e-08
3.485123206486782792e-08
3.478913542833842843e-08
3.471783188659127450e-08
3.465799300416128044e-08
3.458901180970939973e-08
3.453129642976020001e-08
3.446452706884750236e-08
3.440881332199850011e-08
3.434415374638027243e-08
3.429033058717808591e-08
3.422768625440801297e-08
3.417565212916423546e-08
3.411493517962541384e-08
3.406459688620159491e-08
3.400572543082486109e-08
3.395699713541629544e-08
3.389989464243400342e-08
3.385269703276473472e-08
3.379729179397466276e-08
3.375155134189962391e-08
3.369777601135037694e-08
3.365342432901766620e-08
3.360121552095223854e-08
3.355818879406497490e-08
3.350748673250196924e-08
3.346572521720547101e-08
3.341647343170591389e-08
3.337592099985499708e-08
3.332806606033227773e-08
3.328866978404559028e-08
3.324216107066295188e-08
