# -0.7J_-0.3g_0.83776theta_1.0472phi_10Chi_0.01delta_500N
5.691939277267365344e-02
2.121384587837274059e-04
7.922065686158328424e-06
3.932598085744327646e-07
4.271281280233191605e-07
2.785525000365718972e-07
3.182729455648107737e-07
2.660336011449001200e-07
2.811010763239953249e-07
2.558120435411590914e-07
2.601391316082984809e-07
2.458495970610769668e-07
2.451743880316589683e-07
2.356565187456127450e-07
2.333375674357800671e-07
2.250637195826705458e-07
2.235354031436644928e-07
2.140235873637786763e-07
2.152560609002866345e-07
2.025722802063683600e-07
2.082316964529036899e-07
1.908376494464867120e-07
2.023195269815628515e-07
1.790661568918028276e-07
1.974509748264052836e-07
1.676586332994930341e-07
1.936035224727187953e-07
1.572010061640612833e-07
1.907838612479832899e-07
1.484597936357927347e-07
1.890186427759833257e-07
1.422812968071683379e-07
1.883509282238808868e-07
1.393362036093309048e-07
1.888404097087097838e-07
1.398120408553792073e-07
1.905651713064649354e-07
1.433662938538011563e-07
1.936231960701475454e-07
1.494387700815055651e-07
1.981333918882088934e-07
1.576124447010653126e-07
2.042368795422530646e-07
1.677913536498409310e-07
2.120992794556243743e-07
1.802410344678239432e-07
2.219142720685682089e-07
1.956023778750985613e-07
2.339084324399307392e-07
2.149434615768514061e-07
2.483481997677040256e-07
2.398808994418606463e-07
2.655514184703975247e-07
2.727962941694257643e-07
2.859063303320968680e-07
3.171696102819956798e-07
3.098936413578552242e-07
3.779973572435074846e-07
3.380816732423243747e-07
4.619801446193953353e-07
3.710155235539015343e-07
5.759961912191238463e-07
4.088842762818416295e-07
7.181437220985116778e-07
4.509328265046401106e-07
8.455318648101140238e-07
4.948557871408120699e-07
8.341373237954659591e-07
5.365586401082191246e-07
6.398920131713694205e-07
5.703917511958403832e-07
4.464617181129813050e-07
5.902241197915376910e-07
3.432369881867627986e-07
5.912457255499361484e-07
3.050839250215683440e-07
5.716732003898210240e-07
3.014417079362862676e-07
5.336737050208701309e-07
3.156565166486770184e-07
4.828040062498149856e-07
3.399718512200144628e-07
4.260661545558318885e-07
3.703965244541760737e-07
3.697219698980535536e-07
4.037510544034371448e-07
3.180091547481129739e-07
4.359351662187701465e-07
2.730053539262294278e-07
4.609397453613714910e-07
2.351713210908162339e-07
4.711544733441238175e-07
2.040325003130132675e-07
4.600300295576518931e-07
1.787104112310129357e-07
4.264554752679722851e-07
1.582416241154142818e-07
3.767651719586236724e-07
1.417295651152304907e-07
3.212633739810552773e-07
1.284000044614575936e-07
2.686548269948023944e-07
1.176122937681162362e-07
2.234517194661930585e-07
1.088505855028153439e-07
1.866818093126500242e-07
1.017058634871678136e-07
1.575615276168064770e-07
9.585569242080078271e-08
1.347194036861946615e-07
9.104574157235447628e-08
1.167945259998360155e-07
8.707463477430242318e-08
1.026453612447817911e-07
8.378223472610974670e-08
9.138052307866694715e-08
8.104087521797346091e-08
8.232643194817665572e-08
7.874888491929070948e-08
7.498158504057275186e-08
7.682575215541573883e-08
6.897519767360495688e-08
7.520837770137215746e-08
6.403461205775830257e-08
7.384798707331756362e-08
5.996110343814953007e-08
7.270752936431862841e-08
5.661275553755225802e-08
7.175930760087964338e-08
5.389238409010124421e-08
7.098299393863148275e-08
5.173863025376635817e-08
7.036380268656774715e-08
5.011871630412688436e-08
6.989098138699275459e-08
4.902120266095050011e-08
6.955665041850662415e-08
4.844710204615444453e-08
6.935494582308825260e-08
4.839928698485978666e-08
6.928151917810822522e-08
4.887300063296077222e-08
6.933336646635844096e-08
4.985212739167790748e-08
6.950897600169693410e-08
5.131246827014571353e-08
6.980876434998755931e-08
5.322790248978226366e-08
7.023579331506152597e-08
5.557467408330355457e-08
7.079654240027738507e-08
5.833224712861076143e-08
7.150199342895627973e-08
6.148210219004027928e-08
7.236873146660551081e-08
6.500519783388304399e-08
7.342011720275424274e-08
6.887901742850817083e-08
7.468755829485985664e-08
7.307451683271314270e-08
7.621192376448996346e-08
7.755315993225625477e-08
7.804519376960471961e-08
8.226426478592890969e-08
8.025247960950072875e-08
8.714299045240934150e-08
8.291459509257940238e-08
9.210940774291025936e-08
8.613141255292014984e-08
9.706915573356671682e-08
9.002629471458593505e-08
1.019161283750336696e-07
9.475195309122574151e-08
1.065374172026064167e-07
1.004981282126101456e-07
1.108203494067358819e-07
1.075014744005826362e-07
1.146609701620235133e-07
1.160578657304148202e-07
1.179728588985830231e-07
1.265368123516415422e-07
1.206949115747417436e-07
1.393963693212106710e-07
1.227967986456276959e-07
1.551940496798619149e-07
1.242812396701855370e-07
1.745834915224418784e-07
1.251829054692304873e-07
1.982761166952763195e-07
1.255644609977756418e-07
2.269301561855759633e-07
1.255107985885721723e-07
2.609075075688288745e-07
1.251227637331702939e-07
2.998212056418465456e-07
1.245116001293992398e-07
3.418059372439896868e-07
1.237949983093025746e-07
3.825347903684784794e-07
1.230952084187843569e-07
4.143662112945399221e-07
1.225397656796166523e-07
4.271665050380449154e-07
1.222676072764993709e-07
4.138582533364668352e-07
1.224448185107156407e-07
3.793631951793500941e-07
1.232836908994604166e-07
3.403430442973747586e-07
1.250542080186196795e-07
3.123445953494569373e-07
1.281034038096153711e-07
3.015578975142082943e-07
1.328982319970756960e-07
3.068624687383982607e-07
1.400913808139617458e-07
3.239281747243849685e-07
1.506169880832904049e-07
3.471476226407799859e-07
1.658335434061922257e-07
3.701185729276391333e-07
1.877330273524019130e-07
3.861831559695987116e-07
2.192173554802361961e-07
3.896483376752754189e-07
2.643542931279121031e-07
3.773759599933374681e-07
3.282412081343243056e-07
3.499830593124543013e-07
4.155237748325539081e-07
3.118134866551735033e-07
5.263490425562801702e-07
2.692575332728290093e-07
6.507207175391478527e-07
2.282180693154857572e-07
7.656776035330860069e-07
1.923498681798536253e-07
8.316434008903082836e-07
1.628507424197587152e-07
7.750219888999432037e-07
1.394095049334636098e-07
5.583031059330590463e-07
1.215120965967705123e-07
3.356810274234646643e-07
1.082018842596379730e-07
2.050169579757885114e-07
9.833610539144081652e-08
1.388268277521162193e-07
9.105780774495405063e-08
1.049035326732101337e-07
8.574658621968736568e-08
8.676203078471514109e-08
8.194580712887874901e-08
7.669628549566586876e-08
7.931747953856665461e-08
7.099860310916578014e-08
7.761057234842046662e-08
6.780058516403357111e-08
7.663767946225100047e-08
6.611792594656916806e-08
7.625788685079499484e-08
6.540902092263114736e-08
7.636429686246027246e-08
6.536190745169896050e-08
7.687499085929835023e-08
6.578777453217585258e-08
7.772648818465242880e-08
6.656607191876727562e-08
7.886900056431211953e-08
6.761531422807803497e-08
8.026293847608625883e-08
6.887701113654874095e-08
8.187634851043470971e-08
7.030651746014591421e-08
8.368297612433567642e-08
7.186763108068427251e-08
8.566077892521479363e-08
7.352933235042283363e-08
8.779077153510741137e-08
7.526382141793550987e-08
9.005611511665416113e-08
7.704540873609939504e-08
9.244137748312869844e-08
7.885002472823585082e-08
9.493195657501508443e-08
8.065524082302942353e-08
9.751361520321886282e-08
8.244068278633614258e-08
1.001721247448089002e-07
8.418876644762749000e-08
1.028930134516595017e-07
8.588564786039433172e-08
1.056614212810140337e-07
8.752225586249441506e-08
1.084620656965821540e-07
8.909518015805318072e-08
1.112793105953199145e-07
9.060732149293734686e-08
1.140973161771850393e-07
9.206804046086199791e-08
1.169003821110215652e-07
9.349272052479894827e-08
1.196734094212486392e-07
9.490173626831284688e-08
1.224024506436350093e-07
9.631893555296200034e-08
1.250753423291856666e-07
9.776984173240690367e-08
1.276823776651788736e-07
9.927983079016435130e-08
1.302169582999530415e-07
1.008725264668445321e-07
1.326761517204559251e-07
1.025685915695081562e-07
1.350610773258522866e-07
1.043849991683819453e-07
1.373770543317853306e-07
1.063347737816411858e-07
1.396334692919675694e-07
1.084271225133385485e-07
1.418433570539355174e-07
1.106678399130304925e-07
1.440227295290328650e-07
1.130598655189972778e-07
1.461897228694878815e-07
1.156038906049052495e-07
1.483636576827474834e-07
1.182989391463161237e-07
1.505641137612473930e-07
1.211428781816867101e-07
1.528101090200061521e-07
1.241328374221558027e-07
1.551194444945281923e-07
1.272655354511894141e-07
1.575082420599441124e-07
1.305375206252671815e-07
1.599906703282636619e-07
1.339453403982489400e-07
1.625788341022680014e-07
1.374856543003119646e-07
1.652827932121052840e-07
1.411553047625093691e-07
1.681106748504300764e-07
1.449513575838830081e-07
1.710688458095157421e-07
1.488711212111747095e-07
1.741621166486314591e-07
1.529121513053004575e-07
1.773939558886683512e-07
1.570722450131840485e-07
1.807666986638719552e-07
1.613494276026246193e-07
1.842817396070500257e-07
1.657419334031687814e-07
1.879397040625864562e-07
1.702481831074865279e-07
1.917405974816858956e-07
1.748667648291299440e-07
1.956839229307354217e-07
1.795963878196829580e-07
1.997687862139703808e-07
1.844358828765416098e-07
2.039939830144764660e-07
1.893841784367127779e-07
2.083580695195174979e-07
1.944402901266593570e-07
2.128594261983730488e-07
1.996033177647422166e-07
2.174963161033553430e-07
2.048724523680551732e-07
2.222669374955096394e-07
2.102469605155657447e-07
2.271694707098995821e-07
2.157262115322362560e-07
2.322021189188891161e-07
2.213096731391731441e-07
2.373631412004885838e-07
2.269969116295324879e-07
2.426508762764262579e-07
2.327875889242887783e-07
2.480637588568807501e-07
2.386814566397870185e-07
2.536003291627943029e-07
2.446783478838919338e-07
2.592592370087437541e-07
2.507781677909366494e-07
2.650392417892867896e-07
2.569808835626516300e-07
2.709392096805220513e-07
2.632865148776036676e-07
2.769581090295060577e-07
2.696951251744573782e-07
2.830950046897432397e-07
2.762068140481196174e-07
2.893490518264046035e-07
2.828217109458955059e-07
2.957194895281438391e-07
2.895399699997396773e-07
3.022056344116787602e-07
2.963617657687638587e-07
3.088068743660109965e-07
3.032872895925569040e-07
3.155226624904014548e-07
3.103167462902907282e-07
3.223525113086680979e-07
3.174503510804096614e-07
3.292959872620261666e-07
3.246883266348597637e-07
3.363527055143087536e-07
3.320309002947219095e-07
3.435223263328838575e-07
3.394783032073660581e-07
3.508045571610956657e-07
3.470307645264401054e-07
3.581991196938068561e-07
3.546885097930603250e-07
3.657057769201995347e-07
3.624517616575682489e-07
3.733243189757398720e-07
3.703207369502018445e-07
3.810545595991606748e-07
3.782956452744830092e-07
3.888963328871493048e-07
3.863766877703904372e-07
3.968494903028250911e-07
3.945640560909431250e-07
4.049138979388330998e-07
4.028579314659696139e-07
4.130894339896495883e-07
4.112584839210201577e-07
4.213759864200443032e-07
4.197658716048726963e-07
4.297734508428988815e-07
4.283802401841952012e-07
4.382817285733756067e-07
4.371017223415269826e-07
4.469007248394547460e-07
4.459304373340307982e-07
4.556303471445193841e-07
4.548664905925177269e-07
4.644705037595143806e-07
4.639099734189605855e-07
4.734211023759675254e-07
4.730609626841942226e-07
4.824820488319331366e-07
4.823195205829058393e-07
4.916532459591251622e-07
4.916856944449566524e-07
5.009345925398377688e-07
5.011595165527749325e-07
5.103259823311837686e-07
5.107410039901146178e-07
5.198273031890447578e-07
5.204301585514097132e-07
5.294384362468550991e-07
5.302269666452445095e-07
5.391592551882340830e-07
5.401313991892948163e-07
5.489896256018707063e-07
5.501434116258971692e-07
5.589294043203772931e-07
5.602629438479064473e-07
5.689784389727817664e-07
5.704899202020691819e-07
5.791365674153603642e-07
5.808242494914173778e-07
5.894036173854774038e-07
5.912658249992275812e-07
5.997794061058777459e-07
6.018145245077695305e-07
6.102637399783944933e-07
6.124702103792500010e-07
6.208564143220046874e-07
6.232327295539352508e-07
6.315572131407456683e-07
6.341019136826894423e-07
6.423659089515564755e-07
6.450775791506747296e-07
6.532822626234456674e-07
6.561595272146830403e-07
6.643060232426218644e-07
6.673475440586177916e-07
6.754369280497406784e-07
6.786414009217642194e-07
6.866747023213365107e-07
6.900408542154527078e-07
6.980190593440908566e-07
7.015456456258894367e-07
7.094697003532003874e-07
7.131555022618177288e-07
7.210263145436033138e-07
7.248701367804293921e-07
7.326885790265167489e-07
7.366892475198690481e-07
7.444561588624774515e-07
7.486125186716510763e-07
7.563287070585499001e-07
7.606396204160454429e-07
7.683058646212641576e-07
7.727702090682655295e-07
7.803872605856948300e-07
7.850039272817630277e-07
7.925725120705682894e-07
7.973404041594946112e-07
8.048612243489524430e-07
8.097792554988966751e-07
8.172529909195524499e-07
8.223200838907397986e-07
8.297473935901177376e-07
8.349624789546983483e-07
8.423440025620818748e-07
8.477060175020313087e-07
8.550423765464389025e-07
8.605502637235987145e-07
8.678420628751759177e-07
8.734947693929452116e-07
8.807425975790927434e-07
8.865390740378484750e-07
8.937435055892033875e-07
8.996827051616085779e-07
9.068443007721294203e-07
9.129251784195560001e-07
9.200444861422409647e-07
9.262659978513569774e-07
9.333435539834015884e-07
9.397046560372099777e-07
9.467409859787235871e-07
9.532406343561985846e-07
9.602362533830761969e-07
9.668734031544401371e-07
9.738288171850594695e-07
9.806024219877322933e-07
9.875181282563987558e-07
9.944271397901337632e-07
1.001303627528010668e-06
1.008346995138386606e-06
1.015184746163172400e-06
1.022361416414688437e-06
1.029160905728847273e-06
1.036469822058329818e-06
1.043231518371778225e-06
1.050671620779002144e-06
1.057395986993971435e-06
1.064966211729404112e-06
1.071653705473947264e-06
1.079352984802462191e-06
1.086004058805032991e-06
1.093831320751108708e-06
1.100446423290366314e-06
1.108400591505119812e-06
1.114980166777509293e-06
1.123060160320447384e-06
1.129604648816458316e-06
1.137809382021323079e-06
1.144319220829827427e-06
1.152647603212554211e-06
1.159123226370645969e-06
1.167574162535731321e-06
1.174016001275244653e-06
1.182588390805449916e-06
1.188996873852741266e-06
1.197689611328707750e-06
1.204065165151875541e-06
1.212877140026331442e-06
1.219220189045562728e-06
1.228150285754666887e-06
1.234461252553951123e-06
1.243508350402915619e-06
1.249787655960023635e-06
1.258950629223021537e-06
1.265198693059092404e-06
1.274476410967803979e-06
1.280693651303209655e-06
1.290084978119975309e-06
1.296271812080860103e-06
1.305775607160667098e-06
1.311932450841159266e-06
1.321547568706143777e-06
1.327674837355404119e-06
1.337400127762907153e-06
1.343498235863311845e-06
1.353332543934911579e-06
1.359401905309309207e-06
1.369344071620698387e-06
1.375385099550107075e-06
1.385433960246405964e-06
1.391447067500877353e-06
1.401601454419123375e-06
1.407587053383221446e-06
1.417845794215279879e-06
1.423804296916570485e-06
1.434166215303243425e-06
1.440098033473672414e-06
1.450561949213348398e-06
1.456467494314685637e-06
1.467032223459667832e-06
1.472911906798950808e-06
1.483576261837024449e-06
1.489430494482190190e-06
1.500193284536940369e-06
1.506022477441215830e-06
1.516882508386978126e-06
1.522687072333847188e-06
1.533643147031488391e-06
1.539423492715229874e-06
1.550474411129499532e-06
1.556230949089740131e-06
1.567375508523455040e-06
1.573108649199320993e-06
1.584345644479323236e-06
1.590055798158865042e-06
1.601384021813028159e-06
1.607071598671992666e-06
1.618489841088264792e-06
1.624155251161520750e-06
1.635662300857273260e-06
1.641305953983016630e-06
1.652900597756105263e-06
1.658522903604668710e-06
1.670203926749252272e-06
1.675805294774943506e-06
1.687571481248028123e-06
1.693152320657023118e-06
1.705002453355112937e-06
1.710563173079760760e-06
1.722496033979712329e-06
1.728037042619883828e-06
1.740051413009712620e-06
1.745573118830938435e-06
1.757667779518701833e-06
1.763170590395086184e-06
1.775344321902603091e-06
1.780828645262678258e-06
1.793080228022163139e-06
1.798546470836240716e-06
1.810874685430110059e-06
1.816323254120559205e-06
1.828726881443867029e-06
1.834158181856390094e-06
1.846636003372236759e-06
1.852050440751837692e-06
1.864601238642305241e-06
1.869999217521946475e-06
1.882621774936130208e-06
1.888003699121892848e-06
1.900696800365180367e-06
1.906063072881090378e-06
1.918825503595537460e-06
1.924176526623569469e-06
1.937007074009226180e-06
1.942343248833159173e-06
1.955240701835547689e-06
1.960562428755149348e-06
1.973525578312686518e-06
1.978833256623047734e-06
1.991860895771823265e-06
1.997154923685636938e-06
2.010245847810031809e-06
2.015526622421410139e-06
2.028679629458304390e-06
2.033947546635675797e-06
2.047161437219415673e-06
2.052416891598051850e-06
2.065690469269916813e-06
2.070933854169825587e-06
2.084265925590755562e-06
2.089497632918642333e-06
2.102887007992092635e-06
2.108107428262056783e-06
2.121552920383749170e-06
2.126762442568019909e-06
2.140262868759839008e-06
2.145461880299185417e-06
2.159016061374285778e-06
2.164204948077852194e-06
2.177811708854655231e-06
2.182990854866123974e-06
2.196649024311644835e-06
2.201818812016290016e-06
2.215527223443999820e-06
2.220688033429858924e-06
2.234445524625813051e-06
2.239597735638122071e-06
2.253403149023415997e-06
2.258547137889289993e-06
2.272399320735270458e-06
2.277535462309664552e-06
2.291433266817301205e-06
2.296561933925630024e-06
2.310504217450660592e-06
2.315625780838030080e-06
2.329611405968986503e-06
2.334726234246459846e-06
2.348754069045488636e-06
2.353862528602388703e-06
2.367931446667397753e-06
2.373033901680860784e-06
2.387142782305355755e-06
2.392239594647405912e-06
2.406387322996225853e-06
2.411478852170607321e-06
2.425664319369578025e-06
2.430750922507551182e-06
2.444973025790689769e-06
2.450055057544231771e-06
2.464312700434016899e-06
2.469390512964954667e-06
2.483682605312846897e-06
2.488756548234525772e-06
2.503082006381648021e-06
2.508152426719244880e-06
2.522510173653159751e-06
2.527577415792825034e-06
2.541966381193041659e-06
2.547030786818651418e-06
2.561449907239892050e-06
2.566511815334117748e-06
2.580960034262121984e-06
2.586019781003658723e-06
2.600496049000497513e-06
2.605553967813745901e-06
2.620057242576182964e-06
2.625113663980242622e-06
2.639642910538375953e-06
2.644698162193829264e-06
2.659252352868910592e-06
2.664306759473017194e-06
2.678884874117461304e-06
2.683938757419213680e-06
2.698539783387237288e-06
2.703593462183870143e-06
2.718216394493413678e-06
2.723270184481390091e-06
2.737914025853511928e-06
2.742968239706052276e-06
2.757632000727187638e-06
2.762686947991820114e-06
2.777369647089033311e-06
2.782425634207724513e-06
2.797126297809001030e-06
2.802183628043112648e-06
2.816901290605643697e-06
2.821960264049780235e-06
2.836693968144065501e-06
2.841754881674802525e-06
2.856503678064189100e-06
2.861566825314921441e-06
2.876329772998503503e-06
2.881395444336470759e-06
2.896171610646937126e-06
2.901240093148106594e-06
2.916028553784357418e-06
2.921100131249025169e-06
2.935899970297286352e-06
2.940974923150363245e-06
2.955785233250381502e-06
2.960863838590773933e-06
2.975683720879046103e-06
2.980766252427626157e-06
2.995594816628751285e-06
3.000681544723025513e-06
3.015517909186024348e-06
3.020609100747320558e-06
3.035452392512880231e-06
3.040548311077630530e-06
3.055397665878026627e-06
3.060498571513089540e-06
3.075353133879134598e-06
3.080459283217205278e-06
3.095318206423038333e-06
3.100429852622998525e-06
3.115292298820462228e-06
3.120409691593465923e-06
3.135274831725837505e-06
3.140398217294582204e-06
3.155265231242912818e-06
3.160394852330828428e-06
3.175262928858007211e-06
3.180399024718965302e-06
3.195267361543013559e-06
3.200410167865018447e-06
3.215277971655925136e-06
3.220427720664036436e-06
3.235294207079301788e-06
3.240451127484203838e-06
3.255315521146836405e-06
3.260479838115030759e-06
3.275341372688936736e-06
3.280513307867924873e-06
3.295371226008855571e-06
3.300550997541714219e-06
3.315404550984443545e-06
3.320592373438785714e-06
3.335440822904987714e-06
3.340636907370000070e-06
3.355479522666113420e-06
3.360684076700886845e-06
3.375520136683425043e-06
3.380733364268823262e-06
3.395562156855184037e-06
3.400784258477386052e-06
3.415605080619436641e-06
3.420836253265587219e-06
3.435648410983302588e-06
3.440888848095872853e-06
3.455691656475603515e-06
3.460941547987467430e-06
3.475734331144528963e-06
3.480993863483289976e-06
3.495775954560007648e-06
3.501045310671594061e-06
3.515816051870730561e-06
3.521095411173036576e-06
3.535854153692003390e-06
3.541143692166340710e-06
3.555889796222953426e-06
3.561189686297228897e-06
3.575922521115725659e-06
3.581232931822872429e-06
3.595951875584766117e-06
3.601272972452395573e-06
3.615977412328393396e-06
3.621309357451753074e-06
3.635998689530097157e-06
3.641341641578566640e-06
3.656015270844491780e-06
3.661369385066165993e-06
3.676026725451967358e-06
3.681392153657382099e-06
3.696032627989439663e-06
3.701409518578598307e-06
3.716032558470218719e-06
3.721421056518039209e-06
3.736026102443225155e-06
3.741426349612603506e-06
3.756012850842027767e-06
3.761424985456361446e-06
3.775992400012216647e-06
3.781416557043193750e-06
3.795964351721645514e-06
3.801400662825005649e-06
3.815928313079734460e-06
3.821376906609476876e-06
3.835883896582974673e-06
3.841344897622418114e-06
3.855830720118842159e-06
3.861304250430848124e-06
3.875768406822995182e-06
3.881254584965576911e-06
3.895696585222344908e-06
3.901195526518557901e-06
3.915614889073058657e-06
3.921126705625186785e-06
3.935522957473151762e-06
3.941047758172570114e-06
3.955420434704801369e-06
3.960958325298814780e-06
3.975306970339797808e-06
3.980858053397624858e-06
3.995182219135927898e-06
4.000746594120176943e-06
4.015045840994995992e-06
4.020623604258628551e-06
4.034897501082842621e-06
4.040488745881588336e-06
4.054736869626912088e-06
4.060341686151952339e-06
4.074563622008381697e-06
4.080182097437051301e-06
4.094377438675063054e-06
4.100009657168913098e-06
4.114178005168733279e-06
4.119824047857211336e-06
4.133965012053337946e-06
4.139624957146809380e-06
4.153738154936322770e-06
4.159412077644578538e-06
4.173497134363269478e-06
4.179185107049384583e-06
4.193241655915912768e-06
4.198943747957371824e-06
4.212971430030984529e-06
4.218687708029974626e-06
4.232686172082394669e-06
4.238416699761356896e-06
4.252385602349649494e-06
4.258130440601828167e-06
4.272069445905805337e-06
4.277828652879732765e-06
4.291737432702813065e-06
4.297511063726089286e-06
4.311389297443356056e-06
4.317177405144808779e-06
4.331024779545284141e-06
4.336827413868196856e-06
4.350643623258069617e-06
4.356460831424995001e-06
4.370245577443373200e-06
4.376077404040115587e-06
4.389830395685561493e-06
4.395676882647776814e-06
4.409397836125423414e-06
4.415259022853171929e-06
4.428947661571737131e-06
4.434823584856224400e-06
4.448479639383989041e-06
4.454370333480134624e-06
4.467993541446018336e-06
4.473899038117429852e-06
4.487489144147423784e-06
4.493409472652718180e-06
4.506966228358852389e-06
4.512901415514926756e-06
4.526424579346045877e-06
4.532374649566940171e-06
4.545863986841509846e-06
4.551828962122930748e-06
4.565284244885720500e-06
4.571264144878952666e-06
4.584685151866297382e-06
4.590679993879806873e-06
4.604066510497286643e-06
4.610076309548588991e-06
4.623428127696904541e-06
4.629452896508717522e-06
4.642769814679568415e-06
4.648809563734774326e-06
4.662091386790241609e-06
4.668146124402064792e-06
4.681392663565341068e-06
4.687462395827361957e-06
4.700673468637790026e-06
4.706758199509766523e-06
4.719933629766634514e-06
4.726033361052240271e-06
4.739172978688687233e-06
4.745287710144735704e-06
4.758391351215676305e-06
4.764521080525970294e-06
4.777588587094676265e-06
4.783733309906997011e-06
4.796764530032810081e-06
4.802924240003632129e-06
4.815919027640082905e-06
4.822093716466486067e-06
4.835051931330623956e-06
4.841241588782078228e-06
4.854163096438118480e-06
4.860367710358464399e-06
4.873252382026488259e-06
4.879471938390789761e-06
4.892319650956409112e-06
4.898554133859430490e-06
4.911364769680026527e-06
4.917614161515643330e-06
4.930387608504929248e-06
4.936651889774232120e-06
4.949388041247589132e-06
4.955667190768614249e-06
4.968365945372745498e-06
4.974659940222651020e-06
4.987321201920821186e-06
4.993630017458608067e-06
5.006253695410025874e-06
5.012577305393881571e-06
5.025163313898611306e-06
5.031501690440018382e-06
5.044049948851950645e-06
5.050403062455497318e-06
5.062913495167977417e-06
5.069281314781858510e-06
5.081753851149398592e-06
5.088136344169329673e-06
5.100570918330167183e-06
5.106968050700083230e-06
5.119364601654545853e-06
5.125776337820321913e-06
5.138134809288844528e-06
5.144561112242399880e-06
5.156881452618623496e-06
5.163322283915748301e-06
5.175604446159439848e-06
5.182059766054857944e-06
5.194303707660240555e-06
5.200773474995474153e-06
5.212979157922332896e-06
5.219463330252137491e-06
5.231630720835278320e-06
5.238129254389526214e-06
5.250258323271886627e-06
5.256771173058540718e-06
5.268861895195032741e-06
5.275389014958061697e-06
5.287441369406660531e-06
5.293982711746681687e-06
5.305996681747447949e-06
5.312552198011516466e-06
5.324527770811939688e-06
5.331097411273322826e-06
5.343034578119469118e-06
