# -0.05J_-0.95g_0.94248theta_1.0472phi_10Chi_0.01delta_500N
9.000719525988246789e-03
7.474367869387178612e-05
3.691794611897265809e-06
9.022256133970076983e-07
5.176152102781441667e-07
5.751863748026498300e-07
4.723911352552080074e-07
4.166597180618105976e-07
4.152723646036108567e-07
2.972957168898979160e-07
3.510659410561009239e-07
2.125102998112119912e-07
2.880875189529807585e-07
1.538282308778458419e-07
2.316122867737797131e-07
1.134966440283083634e-07
1.839181324904692089e-07
8.558838235404135677e-08
1.452253401348890647e-07
6.598258465021559313e-08
1.146413368564234873e-07
5.194485512953090843e-08
9.084072756300302871e-08
4.168916258928127368e-08
7.246728445401542438e-08
3.404656091215692893e-08
5.832457327408741501e-08
2.824322328898655690e-08
4.743547466242709252e-08
2.375878724403405616e-08
3.903503267205275734e-08
2.023720683258629806e-08
3.253707927291130658e-08
1.743055716813125573e-08
2.749595792936960847e-08
1.516324438865402677e-08
2.357248118890511126e-08
1.330888177832925659e-08
2.050697782528685753e-08
1.177510862836700876e-08
1.809936263268618278e-08
1.049345919986674206e-08
1.619494084739835379e-08
9.412492977612140162e-09
1.467430818934689662e-08
8.493065498206443850e-09
1.344587802157995692e-08
7.705027342497981180e-09
1.244001607883962580e-08
7.024891736348663085e-09
1.160423608901887300e-08
6.434168191158461407e-09
1.089923312306947374e-08
5.918162912839179269e-09
1.029565334564062866e-08
5.465107949668286645e-09
9.771559233947738701e-09
5.065523930288172799e-09
9.310482509973053871e-09
4.711749221640016495e-09
8.899969177298451998e-09
4.397587550443791451e-09
8.530515062146558860e-09
4.118037797663230176e-09
8.194797801703078847e-09
3.869080866768635057e-09
7.887128026676021393e-09
3.647504566118483469e-09
7.603058692863369403e-09
3.450752463595681847e-09
7.339105945117686638e-09
3.276786708596359534e-09
7.092546888575082008e-09
3.123958863201853117e-09
6.861270154461728133e-09
2.990886970756010142e-09
6.643658396817527745e-09
2.876341618276570223e-09
6.438495984564770493e-09
2.779148782004479282e-09
6.244892652362052649e-09
2.698118825204088848e-09
6.062217381965512752e-09
2.632009422629018829e-09
5.890041924077041648e-09
2.579523846595681308e-09
5.728091112706023765e-09
2.539336686516262242e-09
5.576192528313783485e-09
2.510132954390915820e-09
5.434228864455419822e-09
2.490646330392950770e-09
5.302114944723155480e-09
2.479687335354853001e-09
5.179785479840331481e-09
2.476156858538965287e-09
5.067173601208994670e-09
2.479049835799654756e-09
4.964185069032542540e-09
2.487448367286439072e-09
4.870673960984657143e-09
2.500510883009131563e-09
4.786421846997853299e-09
2.517461001661649946e-09
4.711121028277683406e-09
2.537573633748951483e-09
4.644361588103632742e-09
2.560165630318691218e-09
4.585621402556635530e-09
2.584586956459323045e-09
4.534260044808212083e-09
2.610214428310752341e-09
4.489517630145441111e-09
2.636447743917864243e-09
4.450515111761493093e-09
2.662707772084429375e-09
4.416254636048372839e-09
2.688437021070982828e-09
4.385621173587458370e-09
2.713102324410488215e-09
4.357386347984030627e-09
2.736199679720251594e-09
4.330215586333907364e-09
2.757261167757572182e-09
4.302680337138642198e-09
2.775863777040256626e-09
4.273277642507755796e-09
2.791639868346042985e-09
4.240459615097206230e-09
2.804288829411906432e-09
4.202675213185126955e-09
2.813589516826492972e-09
4.158425924651730104e-09
2.819413024849088776e-09
4.106335423304870659e-09
2.821735287166416841e-09
4.045230850327618076e-09
2.820648970192731777e-09
3.974230228963174418e-09
2.816374311146214077e-09
3.892827070839016393e-09
2.809266956225542048e-09
3.800960234475251081e-09
2.799825582836676526e-09
3.699055628950814882e-09
2.788694441507712176e-09
3.588027568048821759e-09
2.776663334854318473e-09
3.469232674151853303e-09
2.764666042853153831e-09
3.344372404709595047e-09
2.753769510546772364e-09
3.215355848634369342e-09
2.745166485749391203e-09
3.084143284332311095e-09
2.740158432695586001e-09
2.952583430955969253e-09
2.740135749139560833e-09
2.822272320833573075e-09
2.746551293614492193e-09
2.694450042157989426e-09
2.760884705860863670e-09
2.569945137965827696e-09
2.784593589230282243e-09
2.449167853073428307e-09
2.819043101415658379e-09
2.332146252352563391e-09
2.865403004825974120e-09
2.218594788587074106e-09
2.924494758189591367e-09
2.108003321697157961e-09
2.996565960265917802e-09
1.999735185428027419e-09
3.080965275791678542e-09
1.893124631141952532e-09
3.175695484126486677e-09
1.787565993060369520e-09
3.276847092432181462e-09
1.682588726920125758e-09
3.377975255371361919e-09
1.577914535225813298e-09
3.469594893994386808e-09
1.473491589954958461e-09
3.539147091222973909e-09
1.369507184069287943e-09
3.571918328918513474e-09
1.266378190121606641e-09
3.553344602808196571e-09
1.164721540328563709e-09
3.472588832907209662e-09
1.065307714385526784e-09
3.326329156320088119e-09
9.690039031874408836e-10
3.120910659697555650e-09
8.767128246250010152e-10
2.871374858929847407e-09
7.893134009847231419e-10
2.597558097118235598e-09
7.076080917202595725e-10
2.319163687318057715e-09
6.322792442948905245e-10
2.051985602999199227e-09
5.638543506068843343e-10
1.806316334751568228e-09
5.026778994060212660e-10
1.587245432966689662e-09
4.488883497702350019e-10
1.395943161752477723e-09
4.023996042923583331e-10
1.231113036500304086e-09
3.628906709042341530e-10
1.090180413355400686e-09
3.298124810110485485e-10
9.701025254713874511e-10
3.024223447187565020e-10
8.678440274924184505e-10
2.798502396026370173e-10
7.806117107050490734e-10
2.611872494660392053e-10
7.059412675855832651e-10
2.455734207341709720e-10
6.417110695258386279e-10
2.322613605180580391e-10
5.861310267601609729e-10
2.206439675811277996e-10
5.377265828332728157e-10
2.102515991511785498e-10
4.953136288807916039e-10
2.007368560749300951e-10
4.579672584412991281e-10
1.918543481561958086e-10
4.249826214394009229e-10
1.834456604968482573e-10
3.958336142067932891e-10
1.754213315733700380e-10
3.701319541856267961e-10
1.677419430260248576e-10
3.475880848940174176e-10
1.604002868122340601e-10
3.279745926853193643e-10
1.534069339973888404e-10
3.110935188871583772e-10
1.467801492450893873e-10
2.967491482928952801e-10
1.405392854678312865e-10
2.847290583514325633e-10
1.347009895385092933e-10
2.747942755140220342e-10
1.292773239009914161e-10
2.666797853976885108e-10
1.242750671052363330e-10
2.601022880586811116e-10
1.196957859417045188e-10
2.547727163926361478e-10
1.155362958182208857e-10
2.504105649369306845e-10
1.117893332520069248e-10
2.467550533796595031e-10
1.084441896506020283e-10
2.435744708964586180e-10
1.054871812087101250e-10
2.406710764350846803e-10
1.029029800813463012e-10
2.378828053275316185e-10
1.006738077502874992e-10
2.350823746075297976e-10
9.878045934941576710e-11
2.321746123687853296e-10
9.720224122336586100e-11
2.290927381772449767e-10
9.591696221688335178e-11
2.257941622877932102e-10
9.490080300277522468e-11
2.222562106663312451e-10
9.412809979669762099e-11
2.184720509632250727e-10
9.357089238184432050e-11
2.144469880318522823e-10
9.319855408523399978e-11
2.101951392192919397e-10
9.297722777182535670e-11
2.057368125970861080e-10
9.286932326367346375e-11
2.010961347092996334e-10
9.283286511841903147e-11
1.962992609155224641e-10
9.282120684384777902e-11
1.913731037366082082e-10
9.278291005702439811e-11
1.863442145144858578e-10
9.266218593291207370e-11
1.812382136352948552e-10
9.239995584888500985e-11
1.760792323381967196e-10
9.193593456567914573e-11
1.708898153183543598e-10
9.121221624395241703e-11
1.656907317770424173e-10
9.017805636496976207e-11
1.605009875508591415e-10
8.879672717358440459e-11
1.553378781003794075e-10
8.705436928636349903e-11
1.502170542786724873e-10
8.497064831985593530e-11
1.451526300394586256e-10
8.261138310825792490e-11
1.401572653880100836e-10
8.010162424060332413e-11
1.352422579166433951e-10
7.763577114994217445e-11
1.304176175940899190e-10
7.547625776334862113e-11
1.256921285180965843e-10
7.392535826503304247e-11
1.210734311335601214e-10
7.325299633918515481e-11
1.165680201409714662e-10
7.358289700509386031e-11
1.121813342852007616e-10
7.478261366567097613e-11
1.079177813384668285e-10
7.642818091663127532e-11
1.037807943007129899e-10
7.787934026896736673e-11
9.977286560275990894e-11
7.844281485490815758e-11
9.589567295902568871e-11
7.757062130090319404e-11
9.214999828607922436e-11
7.502571209741450624e-11
8.853582833131184714e-11
7.094306350377740148e-11
8.505272061020673006e-11
6.575381021683414795e-11
8.169933708711137077e-11
6.001521926959867579e-11
7.847386656284541612e-11
5.424301416097671408e-11
7.537416766086640107e-11
4.881239172090080385e-11
7.239716336358687694e-11
4.393793620475123811e-11
6.954016133277871114e-11
3.970229275268221354e-11
6.679988944018635881e-11
3.610033909318990797e-11
6.417284729139082899e-11
3.307847829214874499e-11
6.165548343258795040e-11
3.056235358860155191e-11
5.924413038618693695e-11
2.847380126026149056e-11
5.693507534726876101e-11
2.673972599324185333e-11
5.472481422678085741e-11
2.529597459809704064e-11
5.260968174345097062e-11
2.408827416595559496e-11
5.058617979344745800e-11
2.307182560106564908e-11
4.865090857877179489e-11
2.221015922959203249e-11
4.680064693142015622e-11
2.147387463713368411e-11
4.503210435536298675e-11
2.083936543052254259e-11
4.334239341822151036e-11
2.028778774696631777e-11
4.172861845571653846e-11
1.980411887916828507e-11
4.018800088168377698e-11
1.937627286806953170e-11
3.871788750477145737e-11
1.899504353570093491e-11
3.731573055716746759e-11
1.865272762496869484e-11
3.597907583829690272e-11
1.834333533284786657e-11
3.470554867298694503e-11
1.806210744256252852e-11
3.349284360195502739e-11
1.780525970020430860e-11
3.233873028684759768e-11
1.756975132365965226e-11
3.124102652518863336e-11
1.735309332410413252e-11
3.019766389216499231e-11
1.715330367544511215e-11
2.920658003872052333e-11
1.696882876849417016e-11
2.826580704456932442e-11
1.679827089843014992e-11
2.737338638825778174e-11
1.664052816581696934e-11
2.652747056609323802e-11
1.649464385889663110e-11
2.572621568829431931e-11
1.635976846192268992e-11
2.496781982778097115e-11
1.623518628907964263e-11
2.425063265897601021e-11
1.612026650342509030e-11
2.357292951637122943e-11
1.601422882881415792e-11
2.293313462861162352e-11
1.591700016345326893e-11
2.232965243291229362e-11
1.582791215279353129e-11
2.176096344008905448e-11
1.574659226054684638e-11
2.122559630082601238e-11
1.567260477856069064e-11
2.072212662957360393e-11
1.560560304303687904e-11
2.024917575128409322e-11
1.554529228581933944e-11
1.980540950625592197e-11
1.549139845261052135e-11
1.938953714302911933e-11
1.544361133956167804e-11
1.900031040034844385e-11
1.540166716211296240e-11
1.863652275374437583e-11
1.536531681376592559e-11
1.829700350940240984e-11
1.533433163452054096e-11
1.798064398511098394e-11
1.530850924793902835e-11
1.768632604619508507e-11
1.528760344933022683e-11
1.741304446965830514e-11
1.527143379189514528e-11
1.715977499830485626e-11
1.525981040278156728e-11
1.692554863742302649e-11
1.525255151977464609e-11
1.670943313981677700e-11
1.524948258952417845e-11
1.651053763034120769e-11
1.525043561378220395e-11
1.632799417937652838e-11
1.525524859304382913e-11
1.616097328942063324e-11
1.526376503500973405e-11
1.600867993903447412e-11
1.527583356684987423e-11
1.587035085140914399e-11
1.529130754224966016e-11
1.574525376220688436e-11
1.531004474782244217e-11
1.563268673877403489e-11
1.533190709544197571e-11
1.553197757027933723e-11
1.535676038541308987e-11
1.544247035903025313e-11
1.538447404533249010e-11
1.536358923752067662e-11
1.541492083508536204e-11
1.529470936600058998e-11
1.544797633090626312e-11
1.523528492036407444e-11
1.548351788375715458e-11
1.518478431924130218e-11
1.552142880992531689e-11
1.514270252709442205e-11
1.556162448497948561e-11
1.510856336997755513e-11
1.560394504490134023e-11
1.508191030127442246e-11
1.564831917901969594e-11
1.506231423018732220e-11
1.569462784917579582e-11
1.504937006825048869e-11
1.574276844991286400e-11
1.504269595585343798e-11
1.579262666924388562e-11
1.504193246013339842e-11
1.584413447579140830e-11
1.504674176447278534e-11
1.589716769677054279e-11
1.505680680003160019e-11
1.595167286154906830e-11
1.507183038150447358e-11
1.600754492810295348e-11
1.509153429745521769e-11
1.606468989797922707e-11
1.511565840485746600e-11
1.612305145619705345e-11
1.514395971136832469e-11
1.618250593440657590e-11
1.517621144943224880e-11
1.624299808894106925e-11
1.521220215603277823e-11
1.630445514649979433e-11
1.525173475591222536e-11
1.636678791929136849e-11
1.529462565087567018e-11
1.642998544120501319e-11
1.534070382265013542e-11
1.649393302966156090e-11
1.538980994188829190e-11
1.655858648211619403e-11
1.544179550286517242e-11
1.662388695280911790e-11
1.549652197871800340e-11
1.668977968120213784e-11
1.555385997321112510e-11
1.675621366748691706e-11
1.561368841906888618e-11
1.682314105680870976e-11
1.567589379449072421e-11
1.689051711288813043e-11
1.574036934837950182e-11
1.695830015286042109e-11
1.580701441238360486e-11
1.702645147155184517e-11
1.587573360112430678e-11
1.709493526356416256e-11
1.594643623577331732e-11
1.716371942538261906e-11
1.601903565799838485e-11
1.723277347901200760e-11
1.609344862430156781e-11
1.730205472449190479e-11
1.616959474698255931e-11
1.737156662636709623e-11
1.624739596342964207e-11
1.744127159702062203e-11
1.632677604033078065e-11
1.751114874861426108e-11
1.640766013921869881e-11
1.758117917603653036e-11
1.648997440482006946e-11
1.765134577016261617e-11
1.657364562046113160e-11
1.772163307015103619e-11
1.665860088642385037e-11
1.779202706737396546e-11
1.674476737212384944e-11
1.786251505801375776e-11
1.683207209755222291e-11
1.793308545056861122e-11
1.692044176280460356e-11
1.800372761205836017e-11
1.700980264225002084e-11
1.807443169216425491e-11
1.710008050310446605e-11
1.814520701519402414e-11
1.719120058731647054e-11
1.821600820664009767e-11
1.728308762305400133e-11
1.828684503427021568e-11
1.737566588815552131e-11
1.835770935278524896e-11
1.746885929912851953e-11
1.842859312011438627e-11
1.756259154539619733e-11
1.849948829647264276e-11
1.765678625039956518e-11
1.857038675267913677e-11
1.775136716160129785e-11
1.864128018691764306e-11
1.784625834830933834e-11
1.871216005009083854e-11
1.794138444325886027e-11
1.878301750697709948e-11
1.803667087131241734e-11
1.885385837814518310e-11
1.813204410718154683e-11
1.892464358638743408e-11
1.822743191470333764e-11
1.899537776692815238e-11
1.832276361259576053e-11
1.906605056745541231e-11
1.841797030024901438e-11
1.913665121583410165e-11
1.851298511420785803e-11
1.920716852065346678e-11
1.860774343043469577e-11
1.927759090997417510e-11
1.870218307984649477e-11
1.934790641873999937e-11
1.879624453547257031e-11
1.941810273713560088e-11
1.888987106680213564e-11
1.948816722818183400e-11
1.898300888660616599e-11
1.955808695966960946e-11
1.907560726452127780e-11
1.962784977652892188e-11
1.916761861164470481e-11
1.969744193882227813e-11
1.925899854678723555e-11
1.976684946317728000e-11
1.934970592644675871e-11
1.983604660480379823e-11
1.943970287061160662e-11
1.990504525903543921e-11
1.952895472235357074e-11
1.997381801383830217e-11
1.961743003968465101e-11
2.004235108957388552e-11
1.970510051579479852e-11
2.011063058346398853e-11
1.979194090953834192e-11
2.017862816358873222e-11
1.987792895673510013e-11
2.024636028944016095e-11
1.996304524160554812e-11
2.031378805735268861e-11
2.004727308529295553e-11
2.038090637922957376e-11
2.013059842283504031e-11
2.044770650603282401e-11
2.021300963059709692e-11
2.051418178905883273e-11
2.029449740975003293e-11
2.058029233231878246e-11
2.037505460654300827e-11
2.064605724389468472e-11
2.045467608317785650e-11
2.071145627604524625e-11
2.053335853930451998e-11
2.077647055590181547e-11
2.061110037659007692e-11
2.084108931538028087e-11
2.068790153792112460e-11
2.090528694315606627e-11
2.076376336276648978e-11
2.096908633631055242e-11
2.083868844208576839e-11
2.103245874900299201e-11
2.091268049782237433e-11
2.109539468499345506e-11
2.098574423545718965e-11
2.115788503533584550e-11
2.105788520226805503e-11
2.121992104095987891e-11
2.112910980922243911e-11
2.128151314677150040e-11
2.119942496624738242e-11
2.134261869175297723e-11
2.126883823132836331e-11
2.140324617761650710e-11
2.133735760180253692e-11
2.146338837665966819e-11
2.140499145687936640e-11
2.152303844921907835e-11
2.147174847321337711e-11
2.158218996205305926e-11
2.153763758659096013e-11
2.164083686449445233e-11
2.160266788440540027e-11
2.169897351110334107e-11
2.166684860939654347e-11
2.175659463723319239e-11
2.173018905033057152e-11
2.181369535978857666e-11
2.179269856991013576e-11
2.187027117743386600e-11
2.185438650469121887e-11
2.192631876620845375e-11
2.191526218742755153e-11
2.198183587126276125e-11
2.197533488002602757e-11
2.203681654696951864e-11
2.203461378064402993e-11
2.209125773238591146e-11
2.209310799945567215e-11
2.214515670054645441e-11
2.215082654419814515e-11
2.219851105933846188e-11
2.220777828576011518e-11
2.225131873434131049e-11
2.226397199795810268e-11
2.230357795446993761e-11
2.231941631366795693e-11
2.235528726053958578e-11
2.237411973368007654e-11
2.240644547452549956e-11
2.242809061540414506e-11
2.245705171323154886e-11
2.248133720066966007e-11
2.250710534732783781e-11
2.253386756866484604e-11
2.255660602846773386e-11
2.258568969147261717e-11
2.260555365770495196e-11
2.263681138329821526e-11
2.265394838285127797e-11
2.268724037445727782e-11
2.270179058642978165e-11
2.273698422721938731e-11
2.274908089067917856e-11
2.278605040483553394e-11
2.279582012884800036e-11
2.283444627739050570e-11
2.284200935379724728e-11
2.288217904664213987e-11
2.288764982688605017e-11
2.292925588154137622e-11
2.293274299206316204e-11
2.297568381570100023e-11
2.297729049381084484e-11
2.302146976606535838e-11
2.302129415174713543e-11
2.306662061986561973e-11
2.306475595933468116e-11
2.311114312798134128e-11
2.310767807080250070e-11
2.315504398825750815e-11
2.315006279512837432e-11
2.319832978694904162e-11
2.319191258951380408e-11
2.324100710880698722e-11
2.323323004828762827e-11
2.328308243647563574e-11
2.327401790578589273e-11
2.332456212457023700e-11
2.331427901900428688e-11
2.336545260595578871e-11
2.335401636974059968e-11
2.340576010010639114e-11
2.339323305154662723e-11
2.344549087857803698e-11
2.343193228785417185e-11
2.348465115178735066e-11
2.347011739101954957e-11
2.352324704713895217e-11
2.350779178960945451e-11
2.356128463780624363e-11
2.354495899989291899e-11
2.359877003864035495e-11
2.358162263489485055e-11
2.363570921440814857e-11
2.361778639494525116e-11
2.367210808904835760e-11
2.365344039262138986e-11
2.370797272532386056e-11
2.368861700544478146e-11
2.374330888394319394e-11
2.372330515654126335e-11
2.377812248830938157e-11
2.375750885273572090e-11
2.381241934241089784e-11
2.379123215249252604e-11
2.384620523953577641e-11
2.382447917094444958e-11
2.387948590450671880e-11
2.385725408005040079e-11
2.391226710446530653e-11
2.388956108441894454e-11
2.394455450323141576e-11
2.392140444511151240e-11
2.397635371159721702e-11
2.395278845345306635e-11
2.400767040347302994e-11
2.398371743451928541e-11
2.403851013674264345e-11
2.401419574555946503e-11
2.406887847054729995e-11
2.404422777590652892e-11
2.409878093293107169e-11
2.407381793967322453e-11
2.412822302060295594e-11
2.410297067056239192e-11
2.415721018577447330e-11
2.413169041677694016e-11
2.418574786100443483e-11
2.415998165429139157e-11
2.421384142991475153e-11
2.418784886848902465e-11
2.424149624116720175e-11
2.421529655692877061e-11
2.426871764064048880e-11
2.424232922228734006e-11
2.429551093993457337e-11
2.426895137240265317e-11
2.432188135596216128e-11
2.429516785671924965e-11
2.434783414659549629e-11
2.432098259943843960e-11
2.437337449495037109e-11
2.434639993060562580e-11
2.439850756394588769e-11
2.437142520420821769e-11
2.442323846414137470e-11
2.439606254303228734e-11
2.444757231629140730e-11
2.442031645346787542e-11
2.447151414516240279e-11
2.444419142467317347e-11
2.449506898268694133e-11
2.446769195498788398e-11
2.451824178922380700e-11
2.449082250923158835e-11
2.454103752819942191e-11
2.451358755316835959e-11
2.456346108782864622e-11
2.453599184899414333e-11
2.458551737815437303e-11
2.455804041584450576e-11
2.460721118488815217e-11
2.457973668140421782e-11
2.462854732155809559e-11
2.460108504620897199e-11
2.464953055629064292e-11
2.462208989021151550e-11
2.467016560669931878e-11
2.464275557025100764e-11
2.469045713504835637e-11
2.466308642041040052e-11
2.471040980772310932e-11
2.468308675098677046e-11
2.473002817937049515e-11
2.470276084495095268e-11
2.474931685939805131e-11
2.472211297023700564e-11
2.476828034995586838e-11
2.474114735547599860e-11
2.478692314498558121e-11
2.475986820847724920e-11
2.480524967597588063e-11
2.477827970363450513e-11
2.482326432319541286e-11
2.479638599368209994e-11
2.484097149207340302e-11
2.481419119879899393e-11
2.485837547981539191e-11
2.483169940183180940e-11
2.487548055741509506e-11
2.484891466167261588e-11
2.489231108334754283e-11
2.486584100989909694e-11
2.490883275745913446e-11
2.488248243417969158e-11
2.492506799631070115e-11
2.489884289366508273e-11
2.494102074015266635e-11
2.491492632095533625e-11
2.495669464805309171e-11
2.493073660601147059e-11
2.497209232361658304e-11
2.494627760824725085e-11
2.498719722640066801e-11
2.496155315461022672e-11
2.500206657812020843e-11
2.497656703316675294e-11
2.501668526928389258e-11
2.499132299407819491e-11
2.503103011342212007e-11
2.500582476090563774e-11
2.504511766180921258e-11
2.502007601027616801e-11
2.505895342454484501e-11
2.503408037187891558e-11
2.507254155041783183e-11
2.504784143672683013e-11
2.508588586691604939e-11
2.506136271476293483e-11
2.509900688451152885e-11
2.507464741016341118e-11
2.511187711702429685e-11
2.508769606899133052e-11
2.512451480461107782e-11
2.510051279414217635e-11
2.513692341418640058e-11
2.511312076312646892e-11
2.514910639768968738e-11
2.512549763435227785e-11
2.516106933459616061e-11
2.513765443759247314e-11
2.517281584872343796e-11
2.514959535465808257e-11
2.518434715876508142e-11
2.516132381614371752e-11
2.519566654262766418e-11
2.517284309587010871e-11
2.520677733050215605e-11
2.518415641310524776e-11
2.521768268056375450e-11
2.519526694332623310e-11
2.522838570533875781e-11
2.520617781941122436e-11
2.523888929059498562e-11
2.521689214092534282e-11
2.524919609208360493e-11
2.522741296317370502e-11
2.525930838525062976e-11
2.523774330977447436e-11
2.526920864735085468e-11
2.524788616890605257e-11
2.527895079570566994e-11
2.525784447929365454e-11
2.528851191938548933e-11
2.526762115455945062e-11
2.529789236551318664e-11
2.527721907758134340e-11
2.530709226722775307e-11
2.528664108322085495e-11
2.531611478114184188e-11
2.529588996842528652e-11
2.532496659369619280e-11
2.530496851814568147e-11
2.533365078436179070e-11
2.531387945548799728e-11
2.534216993962069642e-11
2.532262546941731980e-11
2.535052653485188047e-11
2.533121014190510425e-11
2.535872305795117484e-11
2.533963525023105253e-11
2.536676195363025535e-11
2.534790335630366373e-11
2.537464575152711142e-11
2.535601702648327129e-11
2.538237691879483211e-11
2.536397877871728549e-11
2.538995791262834405e-11
2.537179110615463604e-11
2.539739120495536498e-11
2.537945646708512005e-11
2.540467908659658248e-11
2.538697727531228631e-11
2.541182397739417708e-11
2.539435593175566698e-11
2.541882801602167734e-11
2.540159479004969311e-11
2.542569301941055058e-11
2.540869616879414246e-11
2.543241773209977065e-11
2.541566237194901431e-11
2.543902408139611059e-11
2.542249563752204093e-11
2.544547821447176444e-11
2.542919820855482680e-11
2.545182220104997184e-11
2.543577227572493139e-11
2.545803378791041051e-11
2.544222001025597029e-11
2.546412002716784446e-11
2.544854352992531947e-11
2.547008382219550819e-11
2.545474494174498373e-11
2.547592761706799337e-11
2.546082632255398469e-11
2.548165357561712300e-11
2.546678970895738235e-11
2.548726389020453488e-11
2.547263710639099203e-11
2.549276067413039296e-11
2.547837050442499794e-11
2.549814588397156780e-11
2.548399183726572996e-11
2.550342158975365893e-11
2.548950302818055844e-11
2.550858967860436709e-11
2.549490596469919714e-11
2.551365214786494755e-11
2.550020249049807266e-11
2.551861069680135280e-11
2.550539444298256801e-11
2.552346711349616663e-11
2.551048398748119259e-11
2.552822293778375862e-11
2.551547311222127397e-11
2.553288859432602392e-11
2.552036307945062900e-11
2.553745825696238357e-11
2.552515562373304905e-11
2.554192783152146646e-11
2.552985245710107587e-11
2.554627078583707900e-11
2.553447160158818764e-11
2.555058171293443718e-11
2.553898283284866114e-11
2.555478776673451439e-11
2.554339352585555990e-11
2.555889384087379684e-11
2.554772636197717071e-11
2.556291164214334072e-11
2.555197160311101572e-11
2.556684457240703147e-11
2.555613074508828645e-11
2.557069732500221957e-11
2.556020525577318499e-11
2.557447037480705204e-11
2.556419013097675920e-11
2.557816355596754768e-11
2.556810760382042254e-11
2.558177833608617377e-11
2.557193367683152749e-11
2.558529490249610507e-11
2.557567804256819742e-11
2.558875746835214638e-11
2.557936285517590759e-11
2.559214601174037181e-11
2.558296132221577774e-11
2.559546208092893261e-11
