# -0.05J_-0.95g_0.94248theta_1.0472phi_10Chi_0.01delta_500N
-5.773685630885325715e-01
-2.635614453122452905e-01
-7.723577674407362537e-01
2.080369417862132364e-02
1.722604067730982430e-02
-1.753276731822040260e-02
3.394033770091234564e-03
8.686525114762205443e-03
1.109083517036438260e-02
7.111963602619477548e-04
7.265600459018770607e-01
2.122398719567515635e-02
1.764074032374678191e+00
3.596683325957721422e+01
5.337253612848668283e+00
-2.948437911963428704e+01
2.296753384697903133e+00
2.990286978922824090e+01
1.437297868010245949e+01
1.029996690006400595e+00
-3.587473488146148970e-01
-5.086125996822392636e-01
-3.177884360405314745e-01
2.031343737616007417e+01
-2.155526735591181620e+01
1.817499547965404361e+01
-3.133720898245497821e+01
1.437459678471095614e+01
-2.987193607930958805e+01
-7.649819328869139623e-01
-1.768173231012747440e-02
1.906141242132996183e+01
9.121330546281079421e+00
-3.070122813541673281e+02
2.824806547088719071e+03
-5.187874755507725240e+03
7.595967042738814598e+03
-1.778135743643959188e+02
4.856246947020861626e+03
-1.435806429690449841e+04
1.979674817160836930e-02
2.531811248958772964e+01
-3.237073712336309228e+01
-3.666551367132155065e+03
5.646545778730641132e+02
-6.265805811563546740e+03
-3.507732039128408360e+03
-2.915652209874536311e+03
1.006284720893624581e+03
-7.125763705547002610e+04
3.024504286513237956e-03
-2.987824967309152768e+01
-6.098228402267759307e+00
-2.344562194571203690e+03
-7.611318663446342725e+03
4.543824654945591647e+03
-5.135063451776597503e+04
-9.923975238499397165e+02
-1.365931352278070699e+04
-6.655757131410557777e+05
-1.694131484308706789e-02
1.473898087598443318e+01
3.081873336077464387e+01
-6.799186450597445400e+03
4.997571139572854008e+03
-6.159801629893641075e+04
-1.187769892379479279e+04
-5.483865559672252857e+03
1.420157964628470654e+04
-7.615964178850818425e+05
-8.435420814752431218e-03
-1.777406667297736931e+01
2.719909997511618016e+01
2.866242663759908737e+03
-3.137186478758752060e+02
4.826452403749010045e+03
1.860460445889220409e+03
3.247734696425171478e+03
-1.037158816483649161e+03
2.868003699972219329e+04
1.077405741152535207e-02
-2.717288372248273376e+01
-1.771993892285499683e+01
8.438530212953090768e+02
-4.964743031862735734e+03
1.536990967560750141e+04
-1.327786380767146329e+04
1.040119352652953239e+03
-1.460802286129391177e+04
9.103003237388799607e+04
1.282248640993890500e-03
-3.093665287353986937e+00
-2.032904413320289372e+00
1.535667231413336231e+04
9.541237710768588295e+04
-6.874362796741167549e+05
1.404583088703908143e+05
1.549583857456960322e+04
3.019989356292674202e+05
-3.761640409552118927e+07
-5.773593680823908558e-01
-5.370846731151499576e-01
6.144525136414422661e-01
-2.531903384137956098e-02
9.400903016095233170e-03
5.827931158002315828e-03
-1.688507197887964897e-02
8.677941241648255005e-03
1.109252768231075610e-02
8.146449182835758087e-04
-6.739848432272859124e-01
-7.767041893252063511e-01
9.693245458387802493e-01
1.867301586324688856e+01
1.032393676523275339e+01
9.254385897931262761e+00
4.054057905760912917e+01
-2.487688268292620464e+00
-3.305406717650210169e+01
-2.835261077428482324e+00
-4.498266892490441204e-01
-1.303395422167934248e+00
4.800657757132110182e-01
1.532127396358097648e+01
-3.884929103873230360e+01
-2.007709621406515410e+01
7.417923471438567340e+00
-3.308413410419562695e+01
2.486613167219276832e+00
6.070661817958100670e-01
-8.304344773180838760e-03
3.605422798135053597e+01
1.550995349465350692e+01
-1.809534540299117467e+01
3.833491650149888301e+03
-3.353310991194705366e+03
7.318642372647560478e+03
2.618071062640023229e+03
-3.298477701443276146e+03
7.661417686060313827e+03
-2.521134887753766901e-02
1.893361974860200192e+01
-1.537472557395885175e+01
-2.657741680428324344e+03
2.761674234747358696e+02
-6.544080872588035163e+03
-5.340717805550310914e+03
1.302289353655923605e+03
3.701521879581669054e+03
-9.424194834733675816e+04
-1.618011021686573819e-02
1.188751344947231559e+01
-3.886634398986760175e+01
-4.674956699038410079e+03
-8.149985362777490081e+03
1.447121839692035064e+04
-5.575158711126348499e+04
-4.283932264887512247e+03
1.909730096578298617e+04
-7.054873740195180289e+05
5.854173120584093767e-03
-1.803282514843505879e+01
-1.096446013965750588e+01
-6.261231039042976590e+03
2.664061511948674251e+03
-5.720049579901199468e+04
-1.965660792183527519e+03
3.607778751300110798e+03
4.719606198529320864e+03
-6.456592095659865299e+05
-8.442423976360495172e-03
3.244159121191397332e+01
1.773363751705245628e+00
-1.166408567954578302e+03
2.636230802598443915e+03
-4.040824201705422638e+03
3.216851890660837853e+03
3.249274494098219748e+03
-1.024304370014765482e+03
-5.647234542986266206e+03
1.077177541925486773e-02
-1.759197696638278519e+00
3.238984436774046571e+01
3.875880149956811238e+03
3.212157012416285852e+03
3.824695775976408186e+03
1.993043706492651472e+04
1.049034688224258616e+03
-1.460307121047771761e+04
2.416401873241412104e+05
-8.585641958622410594e-04
5.555420995529736228e-01
-1.797220221674711516e+00
-2.494654433230653376e+04
4.986992139993583987e+04
-7.735710970141855069e+05
-6.677074801718629897e+04
1.233844219511595293e+04
-2.960542316941327226e+04
-3.198589437414616346e+07
-5.773307853655329502e-01
8.006899095057552485e-01
1.579253998179250551e-01
4.517649471056536109e-03
-2.662975055927653198e-02
1.170916530364287007e-02
1.348533208311295320e-02
8.681553543899038494e-03
1.109269174780327417e-02
-1.527371189401510775e-03
-5.258946047821229375e-02
3.106279342313577607e-01
6.756769849880605028e-01
3.163921128396290783e+01
2.280979578470088853e+01
2.298968200152612695e+01
-1.212749698452088154e+01
-2.741375750196946015e+01
1.867994404376404205e+01
-2.083778801016301863e+00
8.086202443494630021e-01
-1.597205880952217605e+00
-6.071995228023495672e-01
2.842603278768472741e+00
-2.588343080269370233e+01
3.261134233753013945e+01
2.115338162709459624e+01
1.869771514539376867e+01
2.738730898888279341e+01
-3.429984129278445426e+00
2.598766347772848290e-02
2.203043728295474679e+01
2.703159782675488998e+01
7.107670559112748379e+02
3.079421450070484752e+03
-4.513512863823985754e+03
5.871824844046564067e+03
-2.432947332258675033e+03
-1.558447013781261376e+03
-2.390231802422558030e+04
5.414295519292290117e-03
7.406424334140413457e+00
-2.940381079537421272e+01
-3.412138617179111407e+03
-4.532780156793674564e+02
-7.992799100877400633e+03
-4.184354323807619949e+03
1.614796643693887745e+03
-4.707441682660801234e+03
-1.015376002967983513e+05
1.316449363689075822e-02
1.939279168060772918e+01
1.371804319113970472e+01
-3.973571491162853363e+03
-5.861405791664013122e+03
5.707486616040210720e+03
-6.214994663239472720e+04
5.230067043522212771e+03
-5.429563831395036686e+03
-7.776948104787643533e+05
1.108896712095213885e-02
3.453756583165448291e+01
-1.845890494252399350e+01
-8.551847229938313831e+03
3.364624131678701815e+03
-5.081768991150667716e+04
-1.073227292941230007e+04
1.902843596208272857e+03
-1.891846952715792213e+04
-7.424931679189713905e+05
-8.432590104814516666e-03
-1.466789971755813227e+01
-2.897987964986157294e+01
-1.704369218257006651e+03
-2.330305139470272479e+03
-7.803737769377805762e+02
-5.144266185738355489e+03
3.249720501693577262e+03
-1.033271418580892714e+03
-2.352572131906741924e+04
1.077308558504100865e-02
2.892755387202947759e+01
-1.467362485127540772e+01
-4.720159552588498627e+03
1.752921880308088248e+03
-1.920265920204986833e+04
-6.647501752077413585e+03
1.047414969768137553e+03
-1.460784022750450276e+04
-3.334193924802746624e+05
-4.211843890591777896e-04
-1.469589519681666179e+00
1.246890766222346958e+00
-4.419410775478713913e+04
1.071268144063999935e+05
-9.059115298418982420e+05
1.097751778276481346e+05
-2.719297215070279344e+04
-2.708015949461578275e+05
-3.830806495306958258e+07
