# -0.95J_-0.05g_0.83776theta_1.0472phi_10Chi_0.01delta_500N
-9.999260049383691396e-01
1.020889377241770025e-03
4.756244012061144584e-04
-1.315004841762275681e-02
-8.622929150834159062e-04
1.591677194453134259e-04
-2.972401102323040723e-04
8.075663188816520268e-05
1.187419374867332837e-04
-5.723500542855320636e-05
3.271375033673488020e-03
-4.555582314011156764e-01
1.206176791545753968e+00
4.941580085832868868e-02
2.202213285221908734e+00
9.461539970750536099e+01
-8.565833865982050099e+00
7.133396165928073351e+00
-2.511547121869861066e+00
2.223552453392227619e+02
2.498006077429938427e-04
1.389117858904718172e+00
-4.130353503233297197e+00
-1.838541695011219890e-01
9.075901986372275632e-02
-3.424256975947229193e+02
2.065486844485565143e+01
8.959168279990917583e+00
1.167796583900162055e+00
1.432730668431854326e+02
-1.264564993832244591e-02
7.390791893093580714e-03
-5.976316059809482634e-02
-4.647175204037894136e-03
5.542737607923793330e-01
-5.863681764397416174e+00
-4.229475855626955161e-01
2.823038392853370659e+00
-1.881101891293064376e+00
6.054691488046140790e+01
2.789124525662036580e-05
1.578408747874705087e+00
1.741378449123770489e+00
9.384002024195936542e-01
-2.101737456841014762e+02
1.268962945858325320e+01
1.869894268571179055e+02
-3.649669273339246729e+02
-1.793686747761229299e+03
-1.200638094839666337e+03
1.127470365145897627e-05
1.012941522541159287e+02
-3.469352903242863135e+02
-2.954978497779354640e+01
1.416932676643801869e+02
-5.594909928212614614e+04
2.919605256693215324e+03
1.506637568003742899e+03
8.164977669557634727e+03
3.224102881440828787e+05
-1.419676990205713302e-04
-1.092222201273233440e+00
1.430268810541041880e-01
2.236633604359712924e-01
-1.358992894280119579e+01
-5.046239819496146083e+03
1.002862334128706863e+02
9.399063510519832221e+01
2.402132380249699509e+03
1.246788284971209505e+05
1.462603187871599174e-04
9.480609863527902803e+00
6.751545198182036245e+00
7.611081002145289709e+00
-1.696325897815041344e+03
2.671673831992462965e+03
1.420515529743509433e+03
-2.306459721690013794e+03
-1.710302742470694284e+04
-8.197892156502512807e+04
6.091514862619751259e-05
1.209793566407099519e+01
7.927539962495615988e+00
-2.423289231198230809e+00
1.235582497874491764e+03
4.896856724713413132e+04
-1.363015866922367877e+03
-5.816309788911628857e+03
5.427280280803413916e+04
-1.099638639655041741e+06
-5.794593761466162988e-06
2.086920498388118688e+02
1.337092620247201467e+02
1.575064361458944404e+02
-2.766707411926365239e+04
8.902764666553371353e+05
6.011416689802810652e+03
-2.360259091776059722e+04
-7.947922700330601074e+05
-2.788408579000585899e+07
-1.744652266224285095e-04
-1.066317216994126932e-01
2.838836731094259158e-01
5.896811973048707994e-02
-9.329677946249077536e-01
-9.878398534284471739e-04
-2.473868713442160111e-02
1.308107870164128272e-01
2.373495935697590709e-02
9.855600477826803249e-03
-2.872695902056666105e-03
-4.144983405940816112e+01
9.057003640994415150e+01
-1.782716766455933799e+00
5.991863920536328436e+01
-1.864834279038659615e+00
-3.723546030194624024e+01
2.057905435741380700e+02
-3.560427543045035037e+01
-1.177878149677622055e+01
2.128716736524504695e-03
1.279374427714519129e+02
-3.074751594798985934e+02
5.814102430355486462e+00
-8.525865816492243709e+01
4.121474469570057586e+00
-2.993517417605906772e+01
1.623892492894755719e+02
-2.194538360326335891e+01
-6.810013661998717716e+00
2.368694800666775683e-03
8.434989819754044049e-01
-4.528718964048271012e+00
-5.155568732150273004e-02
9.646178883929223957e+00
-1.724065825954596565e-01
-2.602952021289042506e+01
1.041184611340298574e+02
-1.662794429854112366e+01
3.443312078017746813e+01
1.003008269317640783e-02
2.120875107147418817e+02
2.014175461808857222e+02
1.079816068421454958e+02
-1.765186662210487702e+04
1.980144577034139672e+02
1.519896353615695807e+04
-3.500314396466376638e+04
-1.280980361832224880e+05
-2.570511058830864567e+04
-1.492426458747146429e-03
-1.374518986049392932e+00
4.398603771719250766e+00
1.186024359473663914e+00
-1.223921613115127371e+02
8.611052579065738843e-01
9.319177090221192827e+01
-4.296478711883988666e+01
-1.488457951684549698e+03
-1.096975136048493766e+02
-1.591482167610056842e-01
-9.338852866488721816e+00
-8.610235957954479602e+00
1.588806532639550539e+02
-7.232681933950496386e+03
3.392155370803306624e+01
6.940721669338641959e+02
1.733868740670136731e+03
-8.701428447500003676e+04
-7.940136131995966025e+03
-8.643209278279037067e-01
-4.985533037128050182e+00
-5.768576181723795493e+00
7.698187492453550931e+02
-9.800258349900950270e+04
9.435745324488452752e+02
6.770026107084345131e+04
-1.038057082566227837e+04
-1.276949448625411140e+06
-9.641409812151898223e+04
-4.479456159610789578e-01
1.639137309821214572e+01
1.471197549618225686e+01
-1.324302449837282666e+03
1.727785610261284746e+05
-1.459612533591274769e+03
-7.039873590859763499e+04
-7.568104311301429698e+04
3.699353364818856120e+06
-7.251620138023643813e+04
5.377275296049763981e-02
-2.297639070371854331e+00
-1.804264937261429891e+00
-4.521186205236446654e+02
-9.312087177753812284e+03
3.853548575534945826e+02
4.551937807929889095e+04
-2.013461575648436847e+05
1.653955718308884418e+06
-3.917550037970542908e+05
-1.303547802962485083e-02
-1.192272653383426827e-02
-7.242491056514142531e-03
9.666433138450951645e-01
5.870319013437133582e-02
7.481699218751292112e-04
2.518324959902919907e-02
-5.326539052567760835e-03
-1.869991850332334074e-02
1.504903452972092487e-03
-2.282303222538497323e-01
-2.256043784940895875e+02
-9.442932560495155769e+01
-4.215992206330851921e+00
-3.476097239751575696e+00
3.396928653998714243e+00
4.620375663117192744e+01
6.670047375252005750e+00
8.700765372237187378e+00
-3.107985515796463094e-01
-8.117161348206516913e-02
-6.759381429562702692e+01
-2.837085479360284879e+01
6.934424964146640669e+00
-1.338301852630853217e+00
-2.480708676153241043e+01
-3.626386264372443975e+02
-7.285279446682095283e+01
-4.765969631207008916e+01
2.098019778186590578e+00
9.698049479136419126e-01
-5.876222316218403563e+01
-2.428343149812029367e+01
-1.538504166306463503e+02
-7.961673079551280452e+00
1.034571538843778526e+01
8.004651706355903116e+02
-2.539676195575369491e+02
-4.474842256800036921e+03
4.757003206115595049e+02
1.550305038653355342e-03
-3.070964406121218460e+00
-1.599072815137128512e+00
2.469641156361908259e+02
-7.636369009275058239e+00
-8.582579762822444991e+01
-7.730529059898935884e+03
-3.989622733104928329e+02
1.197051906775143652e+04
-5.098999526653675275e+03
6.105184064247453106e-05
1.975603574276789121e-01
-1.040083883032308698e+00
1.065603282694486609e+01
1.732941554021472985e+00
-3.837043557373703351e+01
6.197886867150742773e+02
3.871506656216831175e+02
2.957338308528458583e+03
-2.041864497540738057e+03
2.541097556918900380e-02
-1.652794751086698877e-01
-7.306020956907972597e+00
5.763352601357004460e+03
-3.551949234036905523e+02
-3.092926005073792112e+03
-2.846418464015991194e+05
-5.084750738776380604e+04
2.739332605487060209e+04
-1.945637129901804728e+05
-1.636911168113581875e-03
4.666024486081418177e-01
1.147908704860509443e+00
-9.312187301564706559e+02
1.296873322960177006e+02
8.626249990640709484e+02
8.657297099499293836e+04
2.420775357818723205e+04
9.137841443285475543e+04
6.166736544084359775e+04
8.163036290393507668e-04
2.273114265399885703e+00
-1.235472489487931824e+01
-9.962419211566486865e+01
3.267476197698153101e+03
1.265980128765369409e+04
1.404470705394798424e+06
5.237677439448277582e+05
2.938445298488490749e+06
1.048670949013312114e+06
1.210773818798059821e-04
-2.663388311580723311e+00
1.413440550725894518e+01
6.875803593745162345e+01
-6.371032781343379838e+02
1.381938272973310268e+04
-1.723915317838600313e+05
-6.199915994996823429e+04
-3.461750775889551151e+05
-5.301610814953242661e+05
