# -0.5J_-0.5g_0.10472theta_0.0phi_10Chi_0.01delta_500N
1.291447524033506322e-01
4.189550611375171302e-04
1.669866565933483799e-05
7.444057097979217441e-07
2.224792306929474670e-07
5.069313938366968402e-07
1.920049010758816212e-07
4.690427254431809871e-07
1.809460398150413006e-07
4.412090640686266202e-07
1.719919099253336092e-07
4.156540987454989315e-07
1.640263020771883650e-07
3.904153432312890356e-07
1.569886243752455909e-07
3.649258019045195788e-07
1.511005076522075700e-07
3.391927588109770915e-07
1.467148373314131465e-07
3.135856370689536102e-07
1.442301006950169043e-07
2.887478213199880553e-07
1.439851258741213839e-07
2.655208458120118995e-07
1.461159010754770887e-07
2.448511738623236841e-07
1.504068436772542632e-07
2.276539624843818022e-07
1.562345771365245817e-07
2.146254965991923282e-07
1.626744874908619567e-07
2.060487562135166864e-07
1.687017737658592334e-07
2.016655538033274704e-07
1.733539207177580701e-07
2.006702661655338440e-07
1.757800960538488827e-07
2.018198492405897012e-07
1.752302317251938808e-07
2.036012004296545065e-07
1.711873151433485612e-07
2.044013788903405770e-07
1.637490042479354713e-07
2.026871625978662935e-07
1.538919391115936821e-07
1.972410841859997526e-07
1.431301820494908748e-07
1.874562291914542397e-07
1.327696705951537618e-07
1.735780727512747516e-07
1.234215390741164420e-07
1.567096446247913649e-07
1.150322710837807941e-07
1.384917780139693028e-07
1.072011809261440769e-07
1.205978252918685809e-07
9.950552981125075825e-08
1.043115216968296113e-07
9.170167546171786649e-08
9.035687322007387253e-08
8.378547065842342252e-08
7.895436636186729582e-08
7.594026662864854621e-08
6.997725102797595222e-08
6.843388793461296730e-08
6.311004404034371750e-08
6.152124122387656465e-08
5.796267748727292206e-08
5.538656289985675172e-08
5.414117848288575939e-08
5.012772725565976217e-08
5.128792338056507500e-08
4.576572771363280524e-08
4.910311290895334103e-08
4.226231864056795198e-08
4.735450278715838811e-08
3.953674631557687184e-08
4.587699952793283642e-08
3.748043786926156584e-08
4.456335615470973508e-08
3.597161501821478093e-08
4.335101297624583090e-08
3.488963813807511915e-08
4.221093536196332625e-08
3.412752153443225751e-08
4.113938688212360248e-08
3.360083156091700994e-08
4.015219314459040325e-08
3.325329992600961045e-08
3.928039515171629496e-08
3.305939416185677134e-08
3.856521854058897848e-08
3.302354474180025925e-08
3.805044128183876324e-08
3.317574999091383635e-08
3.777279608765483858e-08
3.356484971930838390e-08
3.775196697399722563e-08
3.425219665137724107e-08
3.798135579146052355e-08
3.530785115843623204e-08
3.842495757281463110e-08
3.680945517195663347e-08
3.902576067747420731e-08
3.884337691921752504e-08
3.972247268252010539e-08
4.150898513161638309e-08
4.046586378678758249e-08
4.492800954676692414e-08
4.122931264184949101e-08
4.926059937746722445e-08
4.201294309600999220e-08
5.472806710376721740e-08
4.284262404029713038e-08
6.163828243132285136e-08
4.376524021277674650e-08
7.039515793400171411e-08
4.484147001282274400e-08
8.142047460798890332e-08
4.613725029347239041e-08
9.475291419883805339e-08
4.771536919291431728e-08
1.088002901927214770e-07
4.962958969183863071e-08
1.184504724844023898e-07
5.192363597156076164e-08
1.175683795230692314e-07
5.462781497165859038e-08
1.082660852268883517e-07
5.774824826104438574e-08
9.877399133278712383e-08
6.126954240702206701e-08
9.313964112588314506e-08
6.516439750424237746e-08
9.120561132946950021e-08
6.939800941490989427e-08
9.182187328241759539e-08
7.393160534466763210e-08
9.402536756191382652e-08
7.872755987807243353e-08
9.716272669255123046e-08
8.375592252508777502e-08
1.008114194854594105e-07
8.900119094496983976e-08
1.047143380507936433e-07
9.446744008821120501e-08
1.087464761958499714e-07
1.001798904153162012e-07
1.128957600718865846e-07
1.061820354299286838e-07
1.172397760316335350e-07
1.125291474288853045e-07
1.219108470813349489e-07
1.192803190552712151e-07
1.270554870332443374e-07
1.264913969388476110e-07
1.328010170770908057e-07
1.342103206336853638e-07
1.392380532877685378e-07
1.424751742838604403e-07
1.464186313405036653e-07
1.513143864653756489e-07
1.543639004345637152e-07
1.607482562754079255e-07
1.630748319383918217e-07
1.707910140706905458e-07
1.725417363341614652e-07
1.814529384273434913e-07
1.827510738728320818e-07
1.927421762506803234e-07
1.936896097992834174e-07
2.046661335149357806e-07
2.053465418260002142e-07
2.172323201742801180e-07
2.177143403046800564e-07
2.304488839922345646e-07
2.307888841248116470e-07
2.443247803148443518e-07
2.445691901640505872e-07
2.588697672141915406e-07
2.590569946394611109e-07
2.740943044882159571e-07
2.742562961164684390e-07
2.900094178346274519e-07
2.901729182610976486e-07
3.066265630639944109e-07
3.068141186867384089e-07
3.239575055476132053e-07
3.241882547525643809e-07
3.420142183967939916e-07
3.423045092405807953e-07
3.608087975354489559e-07
3.611726731351315659e-07
3.803533903010904639e-07
3.808029778208345040e-07
4.006601346184643345e-07
4.012059657184742089e-07
4.217411066839792688e-07
4.223923878238958078e-07
4.436082757725859800e-07
4.443731184664712971e-07
4.662734652076386673e-07
4.671590810265711163e-07
4.897483185961708930e-07
4.907611815780023968e-07
5.140442705388477854e-07
5.151902495913255055e-07
5.391725210463185305e-07
5.404569857028136024e-07
5.651440130827253559e-07
5.665719165771611422e-07
5.919694127283554893e-07
5.935453565476420645e-07
6.196590916488174068e-07
6.213873753893425468e-07
6.482231115627357347e-07
6.501077714543258712e-07
6.776712105648710801e-07
6.797160493186145291e-07
7.080127910712793690e-07
7.102214011863908867e-07
7.392569092747108116e-07
7.416326914124225905e-07
7.714122659537712294e-07
7.739584435854954774e-07
8.044871987577071021e-07
8.072068385507864606e-07
8.384896891353268239e-07
8.413856890443049826e-07
8.734273149772666492e-07
8.765024283056731340e-07
9.093072857594353202e-07
9.125641251182040251e-07
9.461364264582266458e-07
9.495774686110077298e-07
9.839211735981281388e-07
9.875487802044392306e-07
1.022667604618687663e-06
1.026483979814587402e-06
1.062381341657579373e-06
1.066388578161858400e-06
1.103067640894633452e-06
1.107267713375848481e-06
1.144731366148748818e-06
1.149126131483426017e-06
1.187376986203257210e-06
1.191968185831842555e-06
1.231008575065252906e-06
1.235797837160922896e-06
1.275629812726610115e-06
1.280618654115076179e-06
1.321243986376498149e-06
1.326433814312529288e-06
1.367853992009442126e-06
1.373246105815664244e-06
1.415462336429735814e-06
1.421057929004799711e-06
1.464071139616710616e-06
1.469871298886926044e-06
1.513682137447939724e-06
1.519687847703974902e-06
1.564296684707371865e-06
1.570508827933013970e-06
1.615915758441654676e-06
1.622335115543608297e-06
1.668539961533685604e-06
1.675167213617930903e-06
1.722169526620858418e-06
1.729005256181774215e-06
1.776804320191824457e-06
1.783849012335130165e-06
1.832443846954872356e-06
1.839697890594183142e-06
1.889087254418733466e-06
1.896550943500664240e-06
1.946733337647770191e-06
1.954406872356093310e-06
2.005380544246541264e-06
2.013264032254647993e-06
2.065026979486982385e-06
2.073120437199851516e-06
2.125670411609647051e-06
2.133973765446167236e-06
2.187308277282960739e-06
2.195821364951095818e-06
2.249937687159145489e-06
2.258660259003016301e-06
2.313555431620325394e-06
2.322487151953833083e-06
2.378157986561256109e-06
2.387298435044309071e-06
2.443741519368355089e-06
2.453090192389319490e-06
2.510301894880771342e-06
2.519858207008296179e-06
2.577834681531755037e-06
2.587597966931920091e-06
2.646335157508085010e-06
2.656304671445350428e-06
2.715798316980262480e-06
2.725973237315349559e-06
2.786218876411803248e-06
2.796598305119347082e-06
2.857591280901178779e-06
2.868174245607207830e-06
2.929909710522371111e-06
2.940695166109643441e-06
3.003168086793464423e-06
3.014154916945712517e-06
3.077360079058782913e-06
3.088547097888899466e-06
3.152479110958771969e-06
3.163865064639331795e-06
3.228518366887240763e-06
3.240101935279255368e-06
3.305470798446516490e-06
3.317250596759385287e-06
3.383329130907129375e-06
3.395303711367065471e-06
3.462085869660978928e-06
3.474253723180705880e-06
3.541733306658980852e-06
3.554092864516925510e-06
3.622263526800075205e-06
3.634813162361787687e-06
3.703668414358057544e-06
3.716406444756241797e-06
3.785939659323157481e-06
3.798864347146389856e-06
3.869068763733290208e-06
3.882178318752526290e-06
3.953047047932281922e-06
3.966339628815174986e-06
4.037865656881671357e-06
4.051339372860158316e-06
4.123515566301255232e-06
4.137168478916982800e-06
4.209987588834824456e-06
4.223817713620951696e-06
4.297272380185056896e-06
4.311277688337548639e-06
4.385360445093272682e-06
4.399538865218117581e-06
4.474242143384637197e-06
4.488591563102299232e-06
4.563907695845527034e-06
4.578425963520183602e-06
4.654347190099512747e-06
4.669032116481597238e-06
4.745550586401072683e-06
4.760399946267930709e-06
4.837507723375797195e-06
4.852519257166626200e-06
4.930208323628346456e-06
4.945379739092539616e-06
5.023641999384795265e-06
5.038970973148532315e-06
5.117798257945081536e-06
5.133282437135234922e-06
5.212666507131623657e-06
5.228303510952776341e-06
5.308236060693943812e-06
5.324023481941196884e-06
5.404496143492372390e-06
5.420431550155589057e-06
5.501435896779416156e-06
5.517516833531816071e-06
5.599044383288636481e-06
5.615268372968263994e-06
5.697310592271406248e-06
5.713675137386180898e-06
5.796223444436879692e-06
5.812726028615760159e-06
5.895771796848069844e-06
5.912409886310000504e-06
5.995944447734267908e-06
6.012715492632351517e-06
6.096730141119063578e-06
6.113631577007716353e-06
6.198117571539898271e-06
6.215146820691613429e-06
6.300095388521701819e-06
6.317249861321682550e-06
6.402652201073205940e-06
6.419929297273853388e-06
6.505776581981346219e-06
6.523173692112731970e-06
6.609457072240543082e-06
6.626971578748557170e-06
6.713682185100175040e-06
6.731311463712845996e-06
6.818440410275600447e-06
6.836181831165454895e-06
6.923720217969013581e-06
6.941571146972198054e-06
7.029510062777968069e-06
7.047467862586524115e-06
7.135798387615091303e-06
7.153860418903675322e-06
7.242573627490036575e-06
7.260737250035895584e-06
7.349824213124372365e-06
7.368086786964089457e-06
7.457538574710293582e-06
7.475897461148663463e-06
7.565705145315569503e-06
7.584157708033129638e-06
7.674312364409779195e-06
7.692855970462223145e-06
7.783348681258755401e-06
7.801980702059873045e-06
7.892802558122806453e-06
7.911520370478233497e-06
8.002662473573406767e-06
8.021463460595454204e-06
8.112916925581373933e-06
8.131798477624518337e-06
8.223554434569202765e-06
8.242513950134509106e-06
8.334563546422375845e-06
8.353598433040663172e-06
8.445932835337459295e-06
8.465040510442252888e-06
8.557650906737383507e-06
8.576828798469802854e-06
8.669706399923335583e-06
8.688951947966418445e-06
8.782087990829696731e-06
8.801398647184692980e-06
8.894784394600911307e-06
8.914157624338101400e-06
9.007784368093134250e-06
9.027217650145651567e-06
9.121076712416119358e-06
9.140567540216237963e-06
9.234650275224052081e-06
9.254196157481015385e-06
9.348493953118024646e-06
9.368092414459369625e-06
9.462596693830327351e-06
9.482245275455976943e-06
9.576947498478437118e-06
9.596643758792386899e-06
9.691535423617495218e-06
9.711276938833630001e-06
9.806349583297884127e-06
9.826133948061171599e-06
9.921379151103832544e-06
9.941203979017882488e-06
1.003661336200705552e-05
1.005647628623980766e-05
1.015204151425457743e-05
1.017194018803842359e-05
1.026765297117637994e-05
1.028758506831146251e-05
1.038343716288232235e-05
1.040340037825053423e-05
1.049938358796220960e-05
1.051937563799667917e-05
1.061548181509062325e-05
1.063550043824167562e-05
1.073172148457493854e-05
1.075176444173084564e-05
1.084809230986610930e-05
1.086815738479567816e-05
1.096458407899639627e-05
1.098466907875462663e-05
1.108118665595504688e-05
1.110128941126389792e-05
1.119788998201697989e-05
1.121800834759690231e-05
1.131468407703180694e-05
1.133481593204510881e-05
1.143155904064937233e-05
1.145170228895063420e-05
1.154850505346216665e-05
1.156865762400385347e-05
1.166551237816905185e-05
1.168567222526989024e-05
1.178257136065710184e-05
1.180273646425064532e-05
1.189967243092598480e-05
1.191984079692580528e-05
1.201680610419350721e-05
1.203697576471105015e-05
1.213396298171543332e-05
1.215413199532204398e-05
1.225113375175165835e-05
1.227130020371950000e-05
1.236830919036503510e-05
1.238847119286917582e-05
1.248548016218099143e-05
1.250563585455702581e-05
1.260263762122619786e-05
1.262278517011367507e-05
1.271977261151877679e-05
1.273991021108125976e-05
1.283687626785764400e-05
1.285700213996899566e-05
1.295393981633201424e-05
1.297405221070963412e-05
1.307095457499181084e-05
1.309105176935042236e-05
1.318791195434965979e-05
1.320799225458662078e-05
1.330480345792296036e-05
1.332486519813593043e-05
1.342162068264946317e-05
1.344166222540640055e-05
1.353835531936371771e-05
1.355837505569126814e-05
1.365499915319967734e-05
1.367499550271476402e-05
1.377154406395236536e-05
1.379151547497522548e-05
1.388798202637994391e-05
1.390792697598241463e-05
1.400430511049453088e-05
1.402422210459333138e-05
1.412050548192575664e-05
1.414039305527507656e-05
1.423657540201570115e-05
1.425643211834348990e-05
1.435250722810985655e-05
1.437233168009205147e-05
1.446829341368846135e-05
1.448808422302483107e-05
1.458392650855559543e-05
1.460368232596691922e-05
1.469939915891457953e-05
1.471911866412675358e-05
1.481470410745333583e-05
1.483438600927751782e-05
1.492983419340139158e-05
1.494947722968239606e-05
1.504478235262192957e-05
1.506438529022411637e-05
1.515954161755310908e-05
1.517910325236035281e-05
1.527410511717341543e-05
1.529362427407219532e-05
1.538846607708640901e-05
1.540794160989390093e-05
1.550261781926816891e-05
1.552204861073025986e-05
1.561655376213848766e-05
1.563593872386755110e-05
1.573026742034745287e-05
1.574960549279317008e-05
1.584375240474896894e-05
1.586304255707374406e-05
1.595700242211818012e-05
1.597624365217265748e-05
1.607001127502574367e-05
1.608920260931180943e-05
1.618277286171638913e-05
1.620191335523239799e-05
1.629528117580200433e-05
1.631436991201535940e-05
1.640753030605323482e-05
1.642656639675663596e-05
1.651951443615319039e-05
1.653849702140303122e-05
1.663122784445185301e-05
1.665015609246821337e-05
1.674266490364492927e-05
1.676153801063663587e-05
1.685382008049336736e-05
1.687263727061620792e-05
1.696468793545851962e-05
1.698344846068773392e-05
1.707526312243252517e-05
1.709396626239117586e-05
1.718554038835479035e-05
1.720418545020070098e-05
1.729551457287064459e-05
1.731410089115003231e-05
1.740518060790599775e-05
1.742370754440321308e-05
1.751453351729038334e-05
1.753300046090674037e-05
1.762356841640470124e-05
1.764197478297049057e-05
1.773228051164785798e-05
1.775062574382531738e-05
1.784066510019692770e-05
1.785894866718747704e-05
1.794871756930818053e-05
1.796693896682707853e-05
1.805643339613781994e-05
1.807459214611478886e-05
1.816380814700819469e-05
1.818190379749367753e-05
1.827083747713956725e-05
1.828886960209144820e-05
1.837751713006956756e-05
1.839548532913386501e-05
1.848384293717941022e-05
1.850174683552269640e-05
1.858981081716045011e-05
1.860765006529629739e-05
1.869541677553188518e-05
1.871319104902820606e-05
1.880065690412098997e-05
1.881836590347110848e-05
1.890552738051879867e-05
1.892317083087668482e-05
1.901002446746509142e-05
1.902760211848716931e-05
1.911414451246269279e-05
1.913165613802167902e-05
1.921788394707655542e-05
1.923532934502301592e-05
1.932123928643800855e-05
1.933861827843037261e-05
1.942420712867310226e-05
1.944151955987640342e-05
1.952678415425785279e-05
1.954402989315197074e-05
1.962896712554515092e-05
1.964614606364959015e-05
1.973075288613409509e-05
1.974786493772577386e-05
1.983213836020477239e-05
1.984918346210173796e-05
1.993312055199052320e-05
1.995009866329546343e-05
2.003369654521961764e-05
2.005060764702110916e-05
2.013386350233630046e-05
2.015070759749056884e-05
2.023361866408073374e-05
2.025039577686995709e-05
2.033295934876587480e-05
2.034966952464437878e-05
2.043188295163175580e-05
2.044852625693425481e-05
2.053038694429476667e-05
2.054696346599267930e-05
2.062846887406315764e-05
2.064497871940262197e-05
2.072612636327334144e-05
2.074256965957238123e-05
2.082335710882856193e-05
2.083973400305018196e-05
2.092015888124452514e-05
2.093646953978114811e-05
2.101652952430327446e-05
2.103277413267227333e-05
2.111246695428603632e-05
2.112864571673816788e-05
2.120796915925185646e-05
2.122408229853568116e-05
2.130303419853327645e-05
2.131908195551843204e-05
2.139766020195332634e-05
2.141364283533583491e-05
2.149184536926410438e-05
2.150776315521151641e-05
2.158558796937447955e-05
2.160144120127165896e-05
2.167888633986695407e-05
2.169467532781542079e-05
2.177173888617487936e-05
2.178746395678245377e-05
2.186414408096385429e-05
2.187980557697723804e-05
2.195610046352374867e-05
2.197169874345391590e-05
2.204760663900129478e-05
2.206314207677388434e-05
2.213866127783909745e-05
2.215413426246299602e-05
2.222926311502797502e-05
2.224467405020824000e-05
2.231941094951454450e-05
2.233476025330551689e-05
2.240910364344769426e-05
2.242439174786455276e-05
2.249834012158899831e-05
2.251356747223985565e-05
2.258711937052555163e-05
2.260228642631284155e-05
2.267544043819472369e-05
2.269054767080749618e-05
2.276330243303203993e-05
2.277835032665592019e-05
2.285070452336424875e-05
2.286569357430264410e-05
2.293764593673105483e-05
2.295257665299125032e-05
2.302412595931406305e-05
2.303899886022036121e-05
2.311014393507526126e-05
2.312495955086692605e-05
2.319569926523918504e-05
2.321045813672667859e-05
2.328079140759020218e-05
2.329549408570248298e-05
2.336541987574193663e-05
2.338006692120002318e-05
2.344958423858310904e-05
2.346417622143678332e-05
2.353328411949289964e-05
2.354782161872766012e-05
2.361651919574218406e-05
2.363100279890842820e-05
2.369928919781553087e-05
2.371371950062657702e-05
2.378159390875103426e-05
2.379597151462883419e-05
2.386343316345300783e-05
2.387775868318474598e-05
2.394480684805199694e-05
2.395908089934220992e-05
2.402571489921509062e-05
2.403993810627566598e-05
2.410615730354921058e-05
2.412033029673277742e-05
2.418613409688859050e-05
2.420025751220053359e-05
2.426564536359499463e-05
2.427971984238784156e-05
2.434469123600304340e-05
2.435871742448325424e-05
2.442327189370674398e-05
2.443725044256742421e-05
2.450138756289743579e-05
2.451531912688064731e-05
2.457903851575470605e-05
2.459292375323978881e-05
2.465622506973720298e-05
2.467006464237057076e-05
2.473294758701246400e-05
2.474674215924564622e-05
2.480920647367248875e-05
2.482295671245883506e-05
2.488500217929797448e-05
2.489870875352576609e-05
2.496033519613180500e-05
2.497399877631479629e-05
2.503520605846088607e-05
2.504882731638103966e-05
2.510961534211412591e-05
2.512319495031618128e-05
2.518356366365097083e-05
2.519710229510870660e-05
2.525705167985387329e-05
2.527055000750775597e-05
2.533008008699672307e-05
2.534353878347536874e-05
2.540264962028108587e-05
2.541606935739509701e-05
2.547476105317203121e-05
2.548814250159936123e-05
2.554641519683079656e-05
2.555975902567301974e-05
2.561761289940542094e-05
2.563091977581360813e-05
2.568835504545633123e-05
2.570162563424853655e-05
2.575864255530403195e-05
2.577187751867577017e-05
2.582847638450125801e-05
2.584167638151785396e-05
2.589785752305380609e-05
2.591102320939779927e-05
2.596678699500402476e-05
2.597991902248530650e-05
2.603526585766414129e-05
2.604836487401632802e-05
2.610329520109198892e-05
2.611636184945404475e-05
2.617087614742475441e-05
2.618391106613940410e-05
2.623800985036815622e-05
2.625101367253696927e-05
2.630469749451674804e-05
2.631767084766934179e-05
2.637094029475007230e-05
2.638388380059247205e-05
2.643673949574540963e-05
2.644965376970868505e-05
2.650209637124677583e-05
2.651498202228457643e-05
2.656701222366468528e-05
2.657986985374430908e-05
2.663148838315603596e-05
2.664431858724131607e-05
2.669552620744963085e-05
2.670832957298094871e-05
2.675912708099787441e-05
2.677190418764741810e-05
2.682229241452702861e-05
2.683504383387108594e-05
2.688502364436013204e-05
2.689774993969735119e-05
2.694732223192900728e-05
2.696002395796250533e-05
2.700918966321384361e-05
2.702186736566581670e-05
2.707062744811296380e-05
2.708328166363804920e-05
2.713163711995214133e-05
2.714426837576385562e-05
2.719222023488823497e-05
2.720482904861218321e-05
2.725237837135582219e-05
2.726496525071502857e-05
2.731211312960247619e-05
2.732467857212687206e-05
2.737142613093518782e-05
2.738397062395700720e-05
2.743031901748119056e-05
2.744284303768034048e-05
2.748879345139797016e-05
2.750129746476634007e-05
2.754685111443486075e-05
2.755933557595255601e-05
2.760449370739425729e-05
2.761695906094070819e-05
2.766172294960432743e-05
2.767416962781841353e-05
2.771854057847148676e-05
2.773096900236297237e-05
2.777494834882306390e-05
2.778735892786053031e-05
2.783094803246039583e-05
2.784334116423637187e-05
2.788654141770194504e-05
2.789891748787379775e-05
2.794173030872387087e-05
2.795408969093622745e-05
2.799651652525522296e-05
2.800885958093645925e-05
2.805090190199907560e-05
2.806322898017445721e-05
2.810488828802636043e-05
2.811719972538482960e-05
2.815847754643450876e-05
2.817077366707744423e-05
2.821167155380871155e-05
2.822395266927663719e-05
2.826447219977278185e-05
2.827673860886521293e-05
2.831688138646802288e-05
2.832913337521883435e-05
2.836890102800550603e-05
2.838113886967219551e-05
2.842053305025240848e-05
2.843275700514535817e-05
2.847177939007318690e-05
2.848398970563646032e-05
2.852264199505644994e-05
2.853483890578143527e-05
2.857312282300087706e-05
2.858530655035422153e-05
2.862322384150266599e-05
2.863539459397009462e-05
2.867294702742779734e-05
2.868510500054161102e-05
2.872229436660565265e-05
2.873443974281128315e-05
2.877126785319399373e-05
2.878340080198840554e-05
2.881986948950084862e-05
2.883199016741424978e-05
2.886810128533074445e-05
2.888020983594505187e-05
2.891596525771713649e-05
2.892806181171414165e-05
2.896346343044979427e-05
2.897554810561096670e-05
2.901059783362084952e-05
2.902267073497561838e-05
2.905737050332493971e-05
2.906943172309824552e-05
2.910378348115120177e-05
2.911583309894269131e-05
2.914983881387140131e-05
2.916187689664874284e-05
2.919553855300289412e-05
2.920756515520370932e-05
2.924088475439464051e-05
2.925289991806829778e-05
2.928587947795663587e-05
2.929788323280465044e-05
2.933052478712409460e-05
2.934251715065160849e-05
2.937482274870457756e-05
2.938680372625496261e-05
2.941877543228401195e-05
2.943074501728671838e-05
2.946238491000236647e-05
2.947434308401038550e-05
2.950565325615028069e-05
2.951759998900087747e-05
2.954858254685512072e-05
2.956051779685150602e-05
2.959117485975279807e-05
2.960309857366059439e-05
2.963343227355970622e-05
2.964534438698529373e-05
2.967535686778672167e-05
2.968725730520418741e-05
2.971695072251377123e-05
2.972883939738549269e-05
2.975821591788635221e-05
2.977009273295573195e-05
2.979915453392089782e-05
2.981101938127190987e-05
2.983976865013844218e-05
2.985162141150179380e-05
2.988006034530772882e-05
2.989190089215883170e-05
2.992003169709765606e-05
2.993185989084677510e-05
2.995968478180723279e-05
2.997150047405216613e-05
2.999902167403031267e-05
3.001082470670845108e-05
3.003804444649901494e-05
3.004983465209400093e-05
3.007675516962142411e-05
3.008853237140114443e-05
3.011515591130314710e-05
3.012691992353115221e-05
3.015324873679175405e-05
3.016499936480716040e-05
3.019103570810787368e-05
3.020277274880989705e-05
3.022851888408351981e-05
3.024024212590604741e-05
3.026570032001744726e-05
3.027740954328471699e-05
3.030258206735896457e-05
3.031427704445954901e-05
3.033916617351491556e-05
3.035084666916418357e-05
3.037545468165551223e-05
3.038712045309500698e-05
3.041144963037955350e-05
3.042310042758099187e-05
3.044715305359799542e-05
3.045878861962714656e-05
3.048256698022286647e-05
3.049418705130509864e-05
3.051769343398168266e-05
3.052929773989933684e-05
3.055253443328544925e-05
3.056412269746530718e-05
3.058709199086496859e-05
3.059866393069558517e-05
3.062136811372037046e-05
3.063292344080166389e-05
3.065536480276058099e-05
3.066690322314526422e-05
3.068908405278874689e-05
3.070060526722169920e-05
3.072252785223319750e-05
3.073403155630811132e-05
3.075569818296960170e-05
3.076718406744432285e-05
3.078859702008560122e-05
3.080006477115198004e-05
3.082122633182814549e-05
3.083267563130234144e-05
3.085358807932003376e-05
3.086501860491574112e-05
3.088568421652913734e-05
3.089709564200267858e-05
3.091751668994418244e-05
3.092890868548162938e-05
3.094908743855199552e-05
3.096045967092028679e-05
3.098039839369685515e-05
3.099175052641141385e-05
3.101145147883992788e-05
3.102278317248644598e-05
3.104224860940434929e-05
3.105355952195921684e-05
3.107279169283884635e-05
3.108408147967276321e-05
3.110308262828699475e-05
3.111435094255463285e-05
3.113312330653468253e-05
3.114436979935814644e-05
3.116291560980547371e-05
3.117413993053297773e-05
3.119246141190203569e-05
3.120366320823679513e-05
3.122176257773806883e-05
3.123294149604903915e-05
3.125082096348002521e-05
3.126197664903054672e-05
3.127963841637829839e-05
3.129077051341684396e-05
3.130821677461561128e-05
3.131932492672792839e-05
3.133655786729153911e-05
