# -0.85J_-0.15g_0.62832theta_0.0phi_10Chi_0.01delta_500N
6.324142090421355777e-02
3.745383187456305819e-04
9.366476343993371728e-06
6.914097444680224895e-07
6.512813359355135503e-07
5.322562971494256550e-07
4.729928610379457039e-07
5.051741268612609847e-07
4.120288568300420985e-07
4.804145613450993015e-07
3.835359758412428577e-07
4.566521626458236162e-07
3.683566603826687383e-07
4.338727703368150244e-07
3.595584415936592217e-07
4.122027011813983551e-07
3.541597965327471863e-07
3.918000860830338941e-07
3.507597242760411060e-07
3.728509362632818886e-07
3.486971825338088329e-07
3.555781892998775163e-07
3.477201027300656305e-07
3.402451137047070070e-07
3.478358449667133378e-07
3.271486817059574337e-07
3.492243434995656106e-07
3.165976041854413003e-07
3.521699427337425662e-07
3.088710161665882117e-07
3.570071204397944091e-07
3.041652104893536364e-07
3.640966179028606719e-07
3.025451240466219773e-07
3.738477460987008371e-07
3.039152605042611554e-07
3.867850290445077746e-07
3.080164245958456175e-07
4.036409057941084565e-07
3.144472110172977439e-07
4.254428393637740801e-07
3.227051613566766060e-07
4.535388869610075887e-07
3.322460398447401401e-07
4.894741609173712026e-07
3.425527700999545429e-07
5.346248981862220316e-07
3.531954452364034612e-07
5.895333413830300542e-07
3.638661184561925581e-07
6.528516079919286586e-07
3.743704612319459052e-07
7.195222404047590874e-07
3.845616057673217430e-07
7.775587518882133115e-07
3.942129147495670531e-07
8.045462817769619848e-07
4.028487912315638714e-07
7.728594000365639182e-07
4.095837215890237904e-07
6.760590941845224507e-07
4.130355027443255837e-07
5.490024881861911610e-07
4.113896415273916192e-07
4.359429950799322061e-07
4.027781622507328306e-07
3.542880471323727085e-07
3.860101040249991256e-07
2.997975080325187968e-07
3.613094019680324988e-07
2.631450186221472389e-07
3.305325300996024999e-07
2.371275846805766040e-07
2.966098052212265707e-07
2.173944589842492024e-07
2.625490058460248943e-07
2.015160303942323136e-07
2.306328411306195250e-07
1.881442102833872484e-07
2.021438559569826845e-07
1.765103125872644103e-07
1.775120311006481224e-07
1.661557770674347091e-07
1.566202985145584116e-07
1.567941635492581474e-07
1.390778954471732694e-07
1.482376116409049901e-07
1.244053816051032251e-07
1.403576960215384606e-07
1.121329776352350173e-07
1.330631740296780767e-07
1.018442046851766184e-07
1.262874773987400793e-07
9.318861277817256696e-08
1.199806271117482008e-07
8.587932343890383758e-08
1.141043437638200739e-07
7.968490888726891705e-08
1.086290794232177571e-07
7.442002022662068101e-08
1.035310905416964407e-07
6.993667113551812193e-08
9.879092305216081790e-08
6.611679843834799821e-08
9.439415285711946874e-08
6.286615496016054155e-08
9.033135071604025727e-08
6.010937342247655761e-08
8.659809229847062270e-08
5.778615016379755739e-08
8.319504224254199988e-08
5.584821449366287214e-08
8.012812753688225026e-08
5.425714284954991855e-08
7.740883246747710100e-08
5.298286635140018346e-08
7.505456620423099254e-08
5.200115382870663112e-08
7.308898962947990659e-08
5.129047917591182418e-08
7.154188899453391177e-08
5.083368943995350588e-08
7.044854279953858300e-08
5.061821954487078871e-08
6.984817220123552640e-08
5.063517371055276053e-08
6.978218349883493236e-08
5.087835153435682623e-08
7.029346939983393548e-08
5.134348673598279327e-08
7.142756865218281555e-08
5.202766168198089021e-08
7.323509774215588352e-08
5.292883241256528695e-08
7.577440094849453330e-08
5.404540219634110656e-08
7.911412207112515350e-08
5.537579333890669254e-08
8.333610398620787433e-08
5.691801135338838657e-08
8.853910030458988638e-08
5.866927547621743997e-08
9.484351245784058005e-08
6.062586098121267861e-08
1.023970446033334300e-07
6.278327355185998918e-08
1.113807437114379186e-07
6.513675216740431927e-08
1.220144416278215433e-07
6.768197122149123848e-08
1.345597613727014998e-07
7.041577745420916088e-08
1.493174397252336235e-07
7.333683060525289379e-08
1.666135577344068871e-07
7.644605776928650955e-08
1.867665702877779840e-07
7.974684114292236887e-08
2.100250261173099518e-07
8.324484140387174892e-08
2.364676817699072402e-07
8.694732528655954962e-08
2.658683713678297265e-07
9.086181355803396777e-08
2.975506610397957021e-07
9.499378855131129443e-08
3.302836133566548100e-07
9.934312461659016094e-08
3.622722530205966063e-07
1.038989279994569722e-07
3.912463768126852276e-07
1.086327440163991817e-07
4.145741200331905648e-07
1.134907322479161022e-07
4.293285817337177610e-07
1.183865308514113687e-07
4.324273337368219718e-07
1.231982595147949433e-07
4.212782862555373471e-07
1.277750656259428047e-07
3.953083947731254663e-07
1.319587404788670927e-07
3.576067079300933718e-07
1.356215365047925467e-07
3.145888584097401179e-07
1.387137725544304720e-07
2.730852744320698400e-07
1.413066764892028715e-07
2.374801199220106241e-07
1.436094368914711204e-07
2.091651757247643568e-07
1.459446460650127042e-07
1.876778089752943949e-07
1.486873381878600709e-07
1.719951585905842628e-07
1.521901877323736226e-07
1.612925908669123692e-07
1.567135364071354063e-07
1.550134473870384637e-07
1.623600365309427813e-07
1.520965151116601476e-07
1.689993147208502019e-07
1.506444612204465319e-07
1.761750218554718019e-07
1.493249451754293720e-07
1.830266545504006631e-07
1.477719193113548642e-07
1.883295906461314109e-07
1.460417581829827283e-07
1.907991976028636432e-07
1.442899452254545107e-07
1.896778025891426054e-07
1.426631686604826614e-07
1.852749742001072537e-07
1.412714762799642954e-07
1.789388690010965500e-07
1.401861304960886986e-07
1.723840987818628693e-07
1.394453973306791478e-07
1.669507749830873742e-07
1.390624194762574459e-07
1.633115736263468373e-07
1.390327908809615179e-07
1.615931532155199190e-07
1.393410029125964050e-07
1.616218045154835457e-07
1.399656621854817815e-07
1.631119589862622855e-07
1.408834877619238159e-07
1.657661110658389272e-07
1.420722374401302732e-07
1.693144978821750004e-07
1.435126968406313420e-07
1.735257146469165791e-07
1.451898097976571076e-07
1.782072343066016317e-07
1.470929621024016248e-07
1.832028935359139457e-07
1.492154919950401070e-07
1.883878455052161889e-07
1.515536252514252377e-07
1.936612175201626376e-07
1.541051364487321742e-07
1.989383978137052069e-07
1.568680519541622849e-07
2.041449089528817740e-07
1.598396308261126778e-07
2.092126957028704153e-07
1.630157343708131274e-07
2.140787558248124197e-07
1.663905756959969583e-07
2.186857077403541234e-07
1.699567754685341263e-07
2.229838648976870955e-07
1.737056110386112017e-07
2.269343494985698209e-07
1.776273616427080786e-07
2.305127519985791762e-07
1.817116717500286468e-07
2.337126961534096630e-07
1.859478836077643154e-07
2.365485373649656098e-07
1.903253137781689858e-07
2.390563826968094068e-07
1.948334643957616895e-07
2.412927760892489733e-07
1.994621740037433683e-07
2.433307940183850262e-07
2.042017131228441384e-07
2.452538968649524589e-07
2.090428394103103030e-07
2.471485258869929798e-07
2.139768207333653805e-07
2.490967620116586481e-07
2.189954349016587862e-07
2.511702605687660891e-07
2.240909386238804544e-07
2.534263629041002025e-07
2.292560501059761245e-07
2.559065004952182652e-07
2.344839027662667533e-07
2.586365466729390455e-07
2.397679969357937072e-07
2.616285578741318084e-07
2.451021480101171212e-07
2.648832446113697353e-07
2.504804339978850543e-07
2.683926391893931001e-07
2.558971457130556565e-07
2.721426040141181565e-07
2.613467429169489341e-07
2.761149904986622171e-07
2.668238190843169810e-07
2.802893809283807786e-07
2.723230764866842010e-07
2.846444198897342361e-07
2.778393112685829182e-07
2.891587807767732564e-07
2.833674070817494720e-07
2.938118177527927319e-07
2.889023340331565182e-07
2.985839677936025935e-07
2.944391492555748987e-07
3.034569799131191381e-07
2.999729986487125455e-07
3.084139980229111203e-07
3.054991175242826918e-07
3.134395539530694543e-07
3.110128279726519185e-07
3.185194992859886096e-07
3.165095346107506419e-07
3.236409029440975178e-07
3.219847192133056013e-07
3.287919338090716227e-07
3.274339345083598376e-07
3.339617408452484270e-07
3.328527982549262696e-07
3.391403383591221834e-07
3.382369877121228523e-07
3.443185019670483217e-07
3.435822331846756394e-07
3.494876603913668848e-07
3.488843146549507730e-07
3.546398254109188752e-07
3.541390576968865509e-07
3.597675023127673287e-07
3.593423314348827282e-07
3.648636371236781500e-07
3.644900467709131253e-07
3.699215556094021908e-07
3.695781549435532832e-07
3.749349155216458474e-07
3.746026470932153929e-07
3.798976662049906132e-07
3.795595543892532651e-07
3.848040149604379074e-07
3.844449487483811597e-07
3.896484000903246466e-07
3.892549469750789343e-07
3.944254678262499746e-07
3.939857042909323419e-07
3.991300494845549056e-07
3.986334232504288305e-07
4.037571527525486478e-07
4.031943554637185311e-07
4.083019478447119631e-07
4.076648036003183932e-07
4.127597583643469545e-07
4.120411245377174558e-07
4.171260542689848512e-07
4.163197327560407958e-07
4.213964464930236004e-07
4.204971039680630628e-07
4.255666830636890987e-07
4.245697789604625552e-07
4.296326462723938111e-07
4.285343675899976749e-07
4.335903509150539339e-07
4.323875529913096935e-07
4.374359433373882895e-07
4.361260959294663502e-07
4.411657012134918968e-07
4.397468392351357889e-07
4.447760338643320591e-07
4.432467123491505139e-07
4.482634832873793799e-07
4.466227360520813398e-07
4.516247254516112901e-07
4.498720271103076567e-07
4.548565722147264955e-07
4.529918031295297713e-07
4.579559734098249894e-07
4.559793873442658846e-07
4.609200194160800439e-07
4.588322134401416331e-07
4.637459438086075166e-07
4.615478304349159656e-07
4.664311263765386334e-07
4.641239074456576908e-07
4.689730961639094557e-07
4.665582384682113626e-07
4.713695347268535522e-07
4.688487471070445568e-07
4.736182794068749026e-07
4.709934911654345561e-07
4.757173266228140241e-07
4.729906671859698817e-07
4.776648351995981455e-07
4.748386148100912303e-07
4.794591295585632743e-07
4.765358210348271746e-07
4.810987029331588238e-07
4.780809242677182826e-07
4.825822203186869650e-07
4.794727181872900532e-07
4.839085213582251939e-07
4.807101554100341453e-07
4.850766229956294477e-07
4.817923508655985095e-07
4.860857218896824024e-07
4.827185852106028040e-07
4.869351969157174017e-07
4.834883071573551601e-07
4.876246100120165540e-07
4.841011363548196054e-07
4.881537090188283196e-07
4.845568658527862092e-07
4.885224279233230863e-07
4.848554633349343188e-07
4.887308882203996683e-07
4.849970733181697008e-07
4.887793996345731590e-07
4.849820188804430042e-07
4.886684605768741377e-07
4.848108022526016451e-07
4.883987556048652642e-07
4.844841003829341767e-07
4.879711561647833836e-07
4.840027714969414579e-07
4.873867201149892609e-07
4.833678519812167897e-07
4.866466895162129934e-07
4.825805553828274715e-07
4.857524885177313041e-07
4.816422709419846980e-07
4.847057208443477365e-07
4.805545616653631470e-07
4.835081668596782864e-07
4.793191619585292247e-07
4.821617801060832228e-07
4.779379747492561353e-07
4.806686834647940990e-07
4.764130681792899032e-07
4.790311648586062322e-07
4.747466717936835634e-07
4.772516724789683249e-07
4.729411723346123866e-07
4.753328096651035918e-07
4.709991090281101841e-07
4.732773293145541147e-07
4.689231684780005414e-07
4.710881279659941192e-07
4.667161791387133936e-07
4.687682394352688433e-07
4.643811053717567963e-07
4.663208281899736035e-07
4.619210411341900439e-07
4.637491823246147403e-07
4.593392033307385757e-07
4.610567062756744325e-07
4.566389248084951245e-07
4.582469132598574155e-07
4.538236470410403522e-07
4.553234174487094942e-07
4.508969126084926562e-07
4.522899259513021486e-07
4.478623573151570989e-07
4.491502305944213145e-07
4.447237022253957949e-07
4.459081995704734397e-07
4.414847454255432783e-07
4.425677689523864569e-07
4.381493537141665897e-07
4.391329341277753876e-07
4.347214541237787225e-07
4.356077411864772999e-07
4.312050254128710830e-07
4.319962782969105667e-07
4.276040895296980363e-07
4.283026670853324055e-07
4.239227030297147743e-07
4.245310540746849750e-07
4.201649485785286652e-07
4.206856022246494675e-07
4.163349264923073528e-07
4.167704825444688019e-07
4.124367464114861252e-07
4.127898658940410184e-07
4.084745190758431568e-07
4.087479149452532541e-07
4.044523482933665717e-07
4.046487763508242854e-07
4.003743230972862233e-07
4.004965731181204145e-07
3.962445101311011207e-07
3.962953972948623335e-07
3.920669462715030461e-07
3.920493028533409894e-07
3.878456315459817701e-07
3.877622989570058262e-07
3.835845223250335310e-07
3.834383434637288025e-07
3.792875248439873031e-07
3.790813368103543091e-07
3.749584890381528408e-07
3.746951162428989846e-07
3.706012027459457218e-07
3.702834503585244551e-07
3.662193862446506462e-07
3.658500340578326845e-07
3.618166871798156642e-07
3.613984838547028799e-07
3.573966758309628459e-07
3.569323335536681680e-07
3.529628408042135631e-07
3.524550303158139495e-07
3.485185850625812316e-07
3.479699311136716887e-07
3.440672223588895714e-07
3.434802995317617540e-07
3.396119740521137771e-07
3.389893029908530033e-07
3.351559662874949692e-07
3.345000102832157568e-07
3.307022275583242505e-07
3.300153895254778420e-07
3.262536866225472763e-07
3.255383064288185671e-07
3.218131707902340470e-07
3.210715229326286618e-07
3.173834045403820464e-07
3.166176961596749144e-07
3.129670084809850933e-07
3.121793776993780019e-07
3.085664986375304832e-07
3.077590132058380231e-07
3.041842860313360346e-07
3.033589422712253081e-07
2.998226765760500213e-07
2.989813986043135222e-07
2.954838712441565152e-07
2.946285104526461816e-07
2.911699664919630505e-07
2.903023012880424288e-07
2.868829549496207146e-07
2.860046907218031622e-07
2.826247263290385940e-07
2.817374956403474311e-07
2.783970685729399245e-07
2.775024315373726513e-07
2.742016691706804472e-07
2.733011140408935958e-07
2.700401166955917664e-07
2.691350606097407039e-07
2.659139025145725650e-07
2.650056924300494321e-07
2.618244226424177373e-07
2.609143362918185510e-07
2.577729795595068901e-07
2.568622267302375462e-07
2.537607845386223771e-07
2.528505083305035549e-07
2.497889597851505178e-07
2.488802380152506750e-07
2.458585407481447131e-07
2.449523874440557616e-07
2.419704785188310553e-07
2.410678454828616057e-07
2.381256422956655019e-07
2.372274207456067593e-07
2.343248219146624811e-07
2.334318441813204903e-07
2.305687303975610860e-07
2.296817716736915933e-07
2.268580065793797747e-07
2.259777866985360857e-07
2.231932177424423763e-07
2.223204030014026081e-07
2.195748622029083123e-07
2.187100671692183190e-07
2.160033719636353715e-07
2.151471613589228156e-07
2.124791154093128957e-07
2.116320059463082167e-07
2.090023999020354279e-07
2.081648621483502377e-07
2.055734743930809746e-07
2.047459346180481494e-07
2.021925320108662010e-07
2.013753740250595178e-07
1.988597126100401260e-07
1.980532795918590967e-07
1.955751052893525293e-07
1.947797015862338868e-07
1.923387508664711414e-07
1.915546437720917592e-07
1.891506443076191556e-07
1.883780658112055367e-07
1.860107371016618036e-07
1.852498856080430256e-07
1.829189395879006759e-07
1.821699816028649865e-07
1.798751232245784879e-07
1.791381949980930030e-07
1.768791227976023521e-07
1.761543319342138530e-07
1.739307385680984333e-07
1.732181655906753811e-07
1.710297383612439276e-07
1.703294382370382164e-07
1.681758595835005640e-07
1.674878632073102319e-07
1.653688111827366440e-07
1.646931268076168893e-07
1.626082755541132452e-07
1.619448902215430389e-07
1.598939103639491265e-07
1.592427911342327802e-07
1.572253502217726601e-07
1.565864455818792321e-07
1.546022084818764717e-07
1.539754495625677728e-07
1.520240788314884140e-07
1.514093806084987067e-07
1.494905368491830703e-07
1.488877989505280762e-07
1.470011415021907889e-07
1.464102507201210800e-07
1.445554365721933145e-07
1.439762658300274374e-07
1.421529520310848125e-07
1.415853627976528023e-07
1.397932053391517959e-07
1.392370482574468566e-07
1.374757026927467535e-07
1.369308185107223788e-07
1.351999402522583367e-07
1.346661607514977896e-07
1.329654052056757857e-07
1.324425539188928501e-07
1.307715767730174863e-07
1.302594699161241104e-07
1.286179273659726755e-07
1.281163745574079649e-07
1.265039234890272105e-07
1.260127284726736047e-07
1.244290266443907672e-07
1.239479879747234536e-07
1.223926941893311647e-07
1.219216058770284697e-07
1.203943801468328583e-07
1.199330322678070451e-07
1.184335359596057114e-07
1.179817152325761385e-07
1.165096112104821361e-07
1.160671015336304379e-07
1.146220542864577710e-07
1.141886372468199590e-07
1.127703130104573832e-07
1.123457683565192358e-07
1.109538352220149050e-07
1.105379413067435500e-07
1.091720693256517480e-07
1.087646035200713448e-07
1.074244647985685132e-07
1.070252038758063015e-07
1.057104726596807504e-07
1.053191931494759607e-07
1.040295459063912060e-07
1.036460244247526866e-07
1.023811399159991871e-07
1.020051534670716804e-07
1.007647128154453319e-07
1.003960390695642123e-07
9.917972581798927315e-08
9.881814336656023896e-08
9.762564353365549825e-08
9.727093211699658742e-08
9.610193424906503007e-08
9.575387496667591881e-08
9.460807017853688830e-08
9.426644567500962629e-08
9.314352769176318704e-08
9.280812232611297747e-08
9.170778751702058424e-08
9.137838750669540056e-08
9.030033491604772457e-08
8.997672846666567359e-08
8.892065984295202171e-08
8.860263725854198022e-08
8.756825707254555246e-08
8.725561085253421320e-08
8.624262631753843100e-08
8.593515122924173805e-08
8.494327231704307131e-08
8.464076546232576755e-08
8.366970490942329549e-08
8.337196577255039458e-08
8.242143909428372537e-08
8.212826956773879064e-08
8.119799505874188572e-08
8.090919947151663365e-08
7.999889820246144252e-08
7.971428332704848934e-08
7.882367914646626894e-08
7.854305418737827406e-08
7.767187371090193944e-08
7.739505029845836729e-08
7.654302289622768079e-08
7.626981505266448323e-08
7.543667283652687050e-08
7.516689694540128617e-08
7.435237474757992018e-08
7.408584950373831619e-08
7.328968485469317740e-08
7.302623121462718944e-08
7.224816430762870687e-08
7.198760542550054801e-08
7.122737909248027961e-08
7.096954025018975465e-08
7.022689990928069877e-08
6.997160844371822954e-08
6.924630206641469580e-08
6.899338728638917365e-08
6.828516533589296200e-08
6.803445843451925230e-08
6.734307381105527214e-08
6.709440777925456113e-08
6.641961575192892326e-08
6.617282527931964286e-08
6.551438341220673077e-08
6.526930479439791422e-08
6.462697286459932990e-08
6.438344390181391023e-08
6.375698380076902441e-08
6.351484370451069011e-08
6.290401933851217261e-08
6.266310862970747195e-08
6.206768580171458601e-08
6.182784621475546293e-08
6.124759249936212899e-08
6.100866688993711815e-08
6.044335148640374332e-08
6.020518374412987006e-08
5.965457732711045389e-08
5.941701229219354341e-08
5.888088682941756671e-08
5.864377022256887038e-08
5.812189879304417545e-08
5.788507714542852261e-08
5.737723372983786873e-08
5.714055433430757776e-08
5.664651357856801643e-08
5.640982445707847700e-08
5.592936143201727975e-08
5.569251130725278499e-08
5.522540122813247421e-08
5.498823953125892807e-08
5.453425746008919539e-08
5.429663435041305247e-08
5.385555487413647897e-08
5.361732128725359787e-08
5.318891816187416469e-08
5.294992589670349554e-08
5.253397167034135148e-08
5.229407349738558009e-08
5.189033909518094899e-08
5.164938891107855040e-08
5.125764319312905424e-08
5.101549622154123888e-08
5.063550551133115392e-08
5.039201854474333072e-08
5.002354611909698087e-08
4.977857781918491874e-08
4.942138336880613510e-08
4.917479462695298475e-08
4.882863368927711616e-08
4.858028804330724088e-08
4.824491140002594810e-08
4.799467553604522378e-08
4.766982858063490544e-08
4.741757289739386425e-08
4.710299498643186565e-08
4.684859424875313642e-08
4.654401802513899375e-08
4.628735210473172215e-08
4.599250281021125412e-08
4.573345751247464651e-08
4.544805229018258326e-08
4.518652028245148624e-08
4.491026749027252214e-08
4.464614932167674888e-08
4.437874784459220722e-08
4.411195307650560376e-08
4.385309168227521365e-08
4.358354009910928101e-08
4.333289682934083269e-08
4.306051976527701595e-08
4.281776138763881149e-08
4.254250316808062182e-08
4.230728473315338507e-08
4.202910404391144406e-08
4.180106848845440017e-08
4.151994001370831963e-08
4.129871797962257191e-08
4.101463401147288537e-08
4.079984378147177092e-08
4.051281582298117950e-08
4.030406345764159640e-08
4.001412384408636415e-08
3.981100354418506777e-08
3.951820703173133655e-08
3.932030176196324200e-08
3.902472703310117015e-08
3.883160943176609577e-08
3.853336048085803720e-08
3.834459409347592880e-08
3.804380143824931389e-08
3.785894228991026417e-08
3.755576395699268939e-08
3.737436249150636961e-08
3.706898471392149539e-08
3.689058776024258316e-08
3.658322567352434235e-08
3.640738054488204602e-08
3.609827673192877185e-08
3.592453219047972573e-08
3.561395826095010899e-08
3.544186933801610295e-08
3.513012349136432927e-08
3.495925486427575589e-08
3.464666065684203205e-08
3.447659063719053348e-08
3.416349480282757977e-08
3.399381951149835337e-08
3.368058920033378099e-08
3.351092684468829819e-08
3.319794626027057967e-08
3.302794141490058095e-08
3.271560789610165561e-08
3.254493566679190682e-08
3.223365525775168432e-08
3.206202521881982231e-08
3.175220779992300150e-08
3.157936756727488784e-08
3.127142164565937517e-08
3.109715997061111508e-08
3.079148724511647278e-08
3.061563651136693657e-08
3.031262634514536039e-08
3.013506435971986323e-08
2.983508830906087241e-08
2.965573931126730731e-08
2.935914585409403388e-08
2.917798067324171676e-08
2.888509029541538875e-08
2.870212563638969167e-08
2.841322640829605617e-08
2.822852325062079434e-08
2.794386703533464038e-08
2.775752817995418242e-08
2.747732756654685430e-08
2.728949440466263098e-08
2.701392046905059636e-08
2.682476901388532125e-08
2.655394990215440149e-08
2.636368620953338188e-08
2.609770668485246743e-08
2.590656187175416034e-08
2.564546370237898427e-08
2.545368856110521402e-08
2.519747177506087387e-08
2.500533121342140010e-08
2.475395615079320955e-08
2.456172357516380590e-08
2.431511366056436731e-08
2.412306543706111731e-08
2.388111057797376790e-08
2.368952069509757525e-08
2.345208120253164242e-08
2.326121624209379373e-08
2.302812716409831363e-08
2.283824166810677270e-08
2.260931742866110620e-08
2.242064973875675870e-08
2.219568897254026304e-08
2.200845759138869039e-08
2.178724807803975084e-08
2.160164859066497988e-08
2.138397219425609341e-08
2.120017477505428815e-08
2.098581230743921063e-08
2.080395981420804393e-08
2.059269574908774151e-08
2.041290240940659291e-08
2.020452938394454687e-08
2.002688005967296099e-08
1.982120310301998629e-08
1.964575311926417792e-08
1.944259356252025151e-08
1.926936907797770807e-08
1.906856809632012808e-08
1.889756699556304537e-08
1.869898873775776310e-08
1.853018201469575986e-08
1.833371628290000736e-08
1.816704989018155226e-08
1.797261432359681524e-08
1.780801145554775236e-08
1.761555318170092212e-08
1.745291695303841969e-08
1.726241366823974245e-08
1.710163014987051672e-08
1.691309059158491931e-08
1.675403215305204020e-08
1.656749593657877336e-08
1.641002483798414432e-08
1.622556163526332003e-08
1.606953380673757924e-08
1.588724185746109013e-08
1.573251078439416131e-08
1.555251474526945040e-08
1.539893538049776159e-08
1.522138353634815173e-08
1.506881614233819087e-08
1.489387702295861435e-08
1.474219084709104174e-08
1.457004932056491765e-08
1.441912600459356099e-08
1.424997893423924897e-08
1.409971555786703358e-08
1.393376713690564682e-08
1.378407880725880421e-08
1.362153570081939722e-08
1.347235760916295887e-08
1.331342404737002574e-08
1.316471293168507418e-08
1.300958590366579387e-08
1.286132088009480502e-08
1.271018557988459268e-08
1.256236832712912050e-08
1.241539398951980580e-08
1.226804829815812677e-08
1.212538455196244005e-08
1.197855527626549306e-08
1.184032911568962718e-08
1.169408058784501558e-08
1.156039403242876274e-08
1.141480802034419778e-08
1.128573651235767269e-08
1.114090981377322689e-08
1.101650135376785336e-08
1.087254313502822607e-08
1.075281814281452968e-08
1.060984712525002365e-08
1.049479897081100422e-08
1.035294057235872690e-08
1.024253670843007293e-08
1.010192023420421886e-08
9.996103839585572576e-09
9.856859808468782807e-09
9.755551842332819945e-09
9.617809518039804288e-09
9.520911079645999587e-09
9.384796258882432240e-09
9.292191151154006598e-09
9.157824247170803489e-09
9.069381642132751444e-09
8.936876081177339161e-09
8.852453204601972350e-09
8.721914144024268794e-09
8.641358897984302800e-09
8.512882255288337262e-09
8.436035719554283362e-09
8.309707504040898753e-09
8.236406265312234526e-09
8.112302167621873260e-09
8.042380447084219601e-09
7.920565686581238653e-09
7.853857236747556145e-09
7.734386608505574768e-09
7.670726372899305065e-09
7.553644472960372543e-09
7.492870006632739053e-09
7.378211602194960560e-09
7.320164258034043595e-09
7.207954758105000581e-09
7.152480651539505850e-09
7.042736679624730198e-09
6.989687447412580385e-09
6.882417452753673417e-09
6.831650825608676235e-09
6.726855736982703328e-09
6.678235943808554190e-09
6.575909837330401961e-09
6.529307862959694880e-09
6.429438630645326172e-09
6.384732355004411749e-09
6.287302352241608088e-09
6.244376571758999699e-09
6.149363259878387075e-09
6.108109623786243764e-09
6.015486163467340674e-09
5.975803046924740305e-09
5.885538866511692976e-09
5.847331178636459963e-09
5.759392502096456044e-09
5.722571453117064771e-09
5.636921787495471973e-09
5.601404626297304101e-09
