# -0.8J_-0.2g_0.5236theta_1.0472phi_10Chi_0.01delta_500N
1.723204480661525984e-01
2.593171687434435999e-04
1.418516213614109369e-05
9.749741955598221522e-07
9.714210619205088037e-07
6.992456064597079285e-07
5.936977500764524724e-07
6.671007388492385830e-07
4.825393641263768930e-07
6.437026986861971864e-07
4.317167528566993146e-07
6.233301057680357636e-07
4.005149183128368262e-07
6.049189161592321669e-07
3.772866139188746897e-07
5.883345293682525956e-07
3.579159737277338838e-07
5.736372724522331115e-07
3.406855920615769260e-07
5.608945781215353829e-07
3.247859671205765894e-07
5.501470630450751492e-07
3.098102927942110660e-07
5.414159073403579709e-07
2.955577440982763655e-07
5.347204319041987127e-07
2.819636109888316468e-07
5.300928262229634618e-07
2.690907892114312155e-07
5.275835055101632050e-07
2.571458068101797377e-07
5.272560544548831134e-07
2.465026932880514127e-07
5.291718124064776399e-07
2.376950544562518843e-07
5.333646734109487449e-07
2.313010136598349686e-07
5.398073354920888019e-07
2.276916897880228966e-07
5.483712544723159763e-07
2.268043663514591440e-07
5.587858514917408222e-07
2.281660856714377734e-07
5.706041054092799168e-07
2.311142938008229505e-07
5.831780146794433035e-07
2.349978035494296395e-07
5.956455836251864768e-07
2.392818351856289067e-07
6.069365990807360621e-07
2.435903097853897890e-07
6.158119568510523913e-07
2.477078566713028771e-07
6.209539279697594611e-07
2.515449633384849454e-07
6.211216777014262244e-07
2.550934193916575043e-07
6.153743055666382905e-07
2.584195402820800035e-07
6.033334773516895653e-07
2.616995136599107177e-07
5.854059998703549315e-07
2.652482425266504095e-07
5.628455524989787439e-07
2.695007170546756374e-07
5.375613644173013450e-07
2.749414384396777306e-07
5.116998585432465102e-07
2.819985292466133463e-07
4.871602758193153502e-07
2.909253066749509424e-07
4.652436029016267542e-07
3.016950703203840896e-07
4.465416747295087781e-07
3.139379734960280755e-07
4.310344669911834130e-07
3.269475591222878263e-07
4.182858532247299247e-07
3.397698615922183877e-07
4.076384446329542997e-07
3.513568367965412089e-07
3.983595915554982625e-07
3.607339587423849773e-07
3.897333894993782215e-07
3.671259800622464478e-07
3.811122589762558052e-07
3.700133289882401337e-07
3.719444826233469910e-07
3.691309154076249257e-07
3.617886163732513362e-07
3.644410262847647104e-07
3.503210780117858505e-07
3.561049797799418247e-07
3.373406501090344259e-07
3.444590133051321000e-07
3.227711836872653555e-07
3.299871337721016415e-07
3.066622779939014944e-07
3.132828218934793366e-07
2.891856816008334116e-07
2.949980889920567211e-07
2.706239498816479566e-07
2.757871101899894456e-07
2.513485860598715081e-07
2.562548216663075623e-07
2.317870097589935231e-07
2.369191234230941499e-07
2.123813414582293336e-07
2.181904964456075392e-07
1.935456418550568369e-07
2.003680252479287896e-07
1.756297080759875023e-07
1.836477642321619324e-07
1.588958619021818009e-07
1.681384167727291989e-07
1.435112182312630668e-07
1.538798758225248649e-07
1.295535653125700139e-07
1.408612994155325587e-07
1.170263943367308857e-07
1.290371357802898275e-07
1.058780887708863050e-07
1.183400395749490723e-07
9.602077964809138008e-08
1.086907127389131532e-07
8.734652996537253571e-08
1.000049714849249348e-07
7.973974720232829189e-08
9.219854831716754851e-08
7.308584956629477412e-08
8.519016321441100456e-08
6.727670910210283780e-08
7.890331672592314083e-08
6.221314126904360236e-08
7.326718114940434151e-08
5.780515972175512813e-08
6.821694154000620738e-08
5.397298641670128471e-08
6.369387572237142677e-08
5.064777954596899966e-08
5.964530843591828797e-08
4.777059988684222453e-08
5.602443666355622663e-08
4.529097784669377771e-08
5.279000052448743800e-08
4.316556583645607448e-08
4.990582727236035859e-08
4.135689289603102691e-08
4.734031718848033298e-08
3.983223684079242346e-08
4.506592429005827044e-08
3.856264181855867145e-08
4.305868945374479527e-08
3.752213231455617938e-08
4.129783231619337878e-08
3.668715564053695159e-08
3.976540195063441839e-08
3.603614313368361197e-08
3.844599076888550465e-08
3.554938924680354786e-08
3.732648990940530348e-08
3.520895313754458096e-08
3.639588198449280459e-08
3.499861889091585673e-08
3.564506546444744500e-08
3.490385143769287518e-08
3.506670220063424236e-08
3.491173958927008929e-08
3.465508213074805334e-08
3.501095432848876068e-08
3.440600035722139904e-08
3.519175451363099473e-08
3.431664130780280330e-08
3.544603799150888258e-08
3.438546912965933726e-08
3.576739093335014795e-08
3.461211624855145852e-08
3.615108084224841840e-08
3.499726491368245974e-08
3.659396734004568071e-08
3.554251140008313740e-08
3.709433913116433569e-08
3.625019771607953961e-08
3.765170064390953198e-08
3.712318948753287292e-08
3.826652649239299306e-08
3.816457018235114534e-08
3.893998802821063688e-08
3.937720920385974684e-08
3.967364366497125258e-08
4.076313995564279443e-08
4.046907775066418045e-08
4.232265331821412486e-08
4.132746916503148299e-08
4.405296069076971308e-08
4.224907747706684754e-08
4.594623513077179421e-08
4.323264012704614598e-08
4.798679977642668649e-08
4.427468891672995900e-08
5.014727195833503794e-08
4.536881003217027143e-08
5.238363898354049729e-08
4.650490085049679559e-08
5.462971105229301897e-08
4.766850815954768534e-08
5.679227216815508895e-08
4.884036850209139641e-08
5.874959282838242223e-08
4.999631443008236928e-08
6.035737110252891605e-08
5.110775603118760597e-08
6.146641107821503355e-08
5.214293853220593407e-08
6.195343609544120316e-08
5.306916377576640016e-08
6.175917922972575594e-08
5.385603842995085503e-08
6.091897831109867514e-08
5.447959920391308716e-08
5.956821991180788749e-08
5.492684108375905651e-08
5.791468205131323344e-08
5.519978695640654234e-08
5.618794967015078935e-08
5.531790938772628117e-08
5.458821754000485691e-08
5.531764594436886696e-08
5.325332071021321403e-08
5.524815869052311953e-08
5.224905296359147384e-08
5.516340888045187785e-08
5.157629918864741675e-08
5.511182128812115871e-08
5.118552003083908498e-08
5.512580376926435775e-08
5.099210780653705839e-08
5.521363440795554177e-08
5.088975864522536568e-08
5.535552743339270667e-08
5.076102004820562455e-08
5.550439781131390145e-08
5.048559081378737514e-08
5.559071168781094480e-08
4.994894121598890551e-08
5.553038666130623543e-08
4.905543382472300659e-08
5.523492494349241098e-08
4.774843025292042151e-08
5.462322628856398633e-08
4.603262919706595092e-08
5.363428757671017537e-08
4.398468079617389654e-08
5.223913016015068708e-08
4.173845563150907563e-08
5.044925825854593485e-08
3.944746809087531221e-08
4.831859119962176618e-08
3.724454802673929672e-08
4.593694175918730659e-08
3.521843802531776725e-08
4.341579380829079181e-08
3.341158556920947416e-08
4.087016445566614584e-08
3.183091811099012442e-08
3.840183204118694537e-08
3.046172011487308809e-08
3.608818620529642596e-08
2.927899186560337446e-08
3.397821668039329444e-08
2.825483345855859418e-08
3.209448992941441525e-08
2.736248411034499295e-08
3.043863003314046843e-08
2.657814011823844394e-08
2.899787294547411538e-08
2.588150259237178011e-08
2.775105996818545317e-08
2.525568418757720954e-08
2.667331419410095907e-08
2.468684161671633461e-08
2.573926940385214660e-08
2.416372685175218721e-08
2.492504833180699743e-08
2.367724909078703359e-08
2.420929836560810099e-08
2.322008524699710642e-08
2.357358558934134117e-08
2.278634952201247742e-08
2.300239166270302562e-08
2.237132013721829690e-08
2.248289129414875958e-08
2.197121643998400978e-08
2.200462862468476179e-08
2.158301856306981819e-08
2.155916490158072161e-08
2.120432226206942885e-08
2.113973766063805151e-08
2.083322253915621073e-08
2.074095159249298988e-08
2.046822045819545405e-08
2.035851040043601017e-08
2.010814843885865698e-08
1.998899389223534251e-08
1.975210996638110262e-08
1.962968124940353285e-08
1.939943053688736217e-08
1.927841695160330305e-08
1.904961735216077920e-08
1.893351069925898567e-08
1.870232597822216982e-08
1.859365998470308302e-08
1.835733264857230068e-08
1.825788556255793794e-08
1.801451126471348182e-08
1.792547431256586349e-08
1.767381441533389075e-08
1.759592800928066976e-08
1.733525787920623834e-08
1.726891750423730795e-08
1.699890830994167312e-08
1.694424570540788181e-08
1.666487373661168735e-08
1.662181497591877602e-08
1.633329631750364624e-08
1.630160299721602952e-08
1.600434549900444333e-08
1.598364341935945570e-08
1.567820757750533262e-08
1.566801099129671854e-08
1.535506845600243976e-08
1.535481014563308761e-08
1.503509615589451751e-08
1.504416601592702741e-08
1.471843693332103883e-08
1.473621731475672695e-08
1.440522388299045430e-08
1.443110997925859898e-08
1.409558493019040258e-08
1.412899114130138024e-08
1.378964549084511824e-08
1.383000753474859642e-08
1.348752729476513251e-08
1.353430320325828560e-08
1.318934657024609779e-08
1.324201764833875686e-08
1.289521261398417210e-08
1.295328457488077636e-08
1.260522686193119333e-08
1.266823090657984011e-08
1.231948239105031862e-08
1.238697560347517188e-08
1.203806365167284666e-08
1.210963045491481378e-08
1.176104647486155287e-08
1.183629739521534886e-08
1.148849810506905709e-08
1.156706963273028545e-08
1.122047730575798158e-08
1.130203110695726480e-08
1.095703453427212055e-08
1.104125643862965397e-08
1.069821215542226970e-08
1.078481098837365184e-08
1.044404467340252367e-08
1.053275099452046855e-08
1.019455866482869519e-08
1.028512387257403988e-08
9.949774374761682865e-09
1.004196823119144861e-08
9.709704486820972052e-09
9.803314431489840603e-09
9.474354193078742991e-09
9.569184960668392959e-09
9.243723392005459286e-09
9.339594764412289037e-09
9.017805538004478358e-09
9.114551616100480242e-09
8.796588281432785087e-09
8.894056497700800114e-09
8.580053813772754410e-09
8.678103991162324664e-09
8.368179265889285209e-09
8.466682665155129606e-09
8.160937090248922851e-09
8.259775467482210355e-09
7.958295397499079691e-09
8.057360097890985165e-09
7.760218261174133675e-09
7.859409393270123955e-09
7.566666002799293609e-09
7.665891671406951173e-09
7.377595470883791741e-09
7.476771089421481167e-09
7.192960317344960879e-09
7.292007970446081737e-09
7.012711257369707204e-09
7.111559119558867067e-09
6.836796324310710679e-09
6.935378132803228898e-09
6.665161109932218701e-09
6.763415249619787190e-09
6.497748627049849718e-09
6.595619366087550581e-09
6.334501018466926188e-09
6.431935689659168968e-09
6.175357534024385077e-09
6.272307726928223276e-09
6.020256222504875534e-09
6.116677083478224409e-09
5.869133747294958028e-09
5.964983684601771253e-09
5.721925568862694304e-09
5.817166012358644195e-09
5.578566119698763345e-09
5.673161240171973355e-09
5.438988995184874683e-09
5.532905437298613851e-09
5.303126976507707826e-09
5.396333781440807181e-09
5.170912321640328394e-09
5.263380698581942243e-09
5.042276846183771135e-09
5.133980015978221985e-09
4.917152051110428714e-09
5.008065101993588144e-09
4.795469239730905027e-09
4.885568999484308936e-09
4.677159647461333792e-09
4.766424557580113530e-09
4.562154504490927530e-09
4.650564524456551758e-09
4.450385137468372206e-09
4.537921669699745199e-09
4.341783106279719081e-09
4.428428914384239312e-09
4.236280245788467662e-09
4.322019364652995144e-09
4.133808823235409364e-09
4.218626466283981397e-09
4.034301464717935369e-09
4.118183937969663799e-09
3.937691329433153605e-09
4.020626052526920122e-09
3.843912145562070629e-09
3.925887562158737357e-09
3.752898264654366057e-09
3.833903795050951654e-09
3.664584713518242613e-09
3.744610710807885400e-09
3.578907241757676197e-09
3.657944950784428415e-09
3.495802364414324232e-09
3.573843884390782693e-09
3.415207400522303589e-09
3.492245649629732938e-09
3.337060508269165566e-09
3.413089191090411567e-09
3.261300716216803235e-09
3.336314292941639870e-09
3.187867951044839793e-09
3.261861608063246842e-09
3.116703062404741204e-09
3.189672685739194317e-09
3.047747843675273311e-09
3.119689992301565705e-09
2.980945051865292905e-09
3.051856932756853621e-09
2.916238421308363409e-09
2.986117867093090713e-09
2.853572681396127894e-09
2.922418123709704276e-09
2.792893561166653051e-09
2.860704012986799609e-09
2.734147802807769707e-09
2.800922834773723291e-09
2.677283165997831301e-09
2.743022885911518949e-09
2.622248433781401942e-09
2.686953466506561565e-09
2.568993413082639439e-09
2.632664881548433003e-09
2.517468937918891568e-09
2.580108442871036554e-09
2.467626866942154815e-09
2.529236468382212604e-09
2.419420081313053942e-09
2.480002280840128409e-09
2.372802482136710713e-09
2.432360203423249045e-09
2.327728984019751385e-09
2.386265555529472955e-09
2.284155508879776340e-09
2.341674646880320656e-09
2.242038978914436960e-09
2.298544770148828565e-09
2.201337309515264696e-09
2.256834190927149736e-09
2.162009394681738078e-09
2.216502141928476852e-09
2.124015103865632925e-09
2.177508809608868613e-09
2.087315258334221784e-09
2.139815323371121230e-09
2.051871652338122344e-09
2.103383743811336769e-09
2.017646979235710080e-09
2.068177051229412982e-09
1.984604877096348905e-09
2.034159128458747438e-09
1.952709888146567522e-09
2.001294751110202204e-09
1.921927439981845010e-09
1.969549568947564494e-09
1.892223852819221669e-09
1.938890090888786439e-09
1.863566294654245271e-09
1.909283669161394223e-09
1.835922778921940245e-09
1.880698483743364276e-09
1.809262153444940980e-09
1.853103524141938696e-09
1.783554070884869474e-09
1.826468560421703291e-09
1.758768983743355324e-09
1.800764151048385224e-09
1.734878104007753269e-09
1.775961579579875116e-09
1.711853413739628469e-09
1.752032899977709025e-09
1.689667625784804032e-09
1.728950840656912235e-09
1.668294167591743884e-09
1.706688833412300752e-09
1.647707158273509095e-09
1.685220962656769539e-09
1.627881390337840782e-09
1.664521955023626222e-09
1.608792310784840687e-09
1.644567153231770624e-09
1.590415967554992468e-09
1.625332478919483636e-09
1.572729082730282537e-09
1.606794413897981300e-09
1.555708850432253406e-09
1.588929935019514672e-09
1.539333088771172960e-09
1.571716539768892065e-09
1.523580099756695014e-09
1.555132143443065893e-09
1.508428673746270597e-09
1.539155069750110647e-09
1.493858059970769599e-09
1.523763989718533711e-09
1.479847903163796855e-09
1.508937879789195119e-09
1.466378212705033574e-09
1.494655934198105547e-09
1.453429313964658522e-09
1.480897516145133866e-09
1.440981803979817262e-09
1.467642055840309689e-09
1.429016438171632188e-09
1.454868957522193794e-09
1.417514109084335780e-09
1.442557484737787153e-09
1.406455717275673912e-09
1.430686608108969315e-09
1.395822076910902280e-09
1.419234853336370305e-09
1.385593785110858721e-09
1.408180080780439258e-09
1.375751056574260338e-09
1.397499244595421237e-09
1.366273533905291815e-09
1.387168128748864530e-09
1.357140053669093346e-09
1.377160907373477543e-09
1.348328335745773180e-09
1.367449746701825954e-09
1.339814633202938557e-09
1.358004237219083851e-09
1.331573260452058577e-09
1.348790697774631933e-09
1.323576022509929173e-09
1.339771331855141686e-09
1.315791486600138875e-09
1.330903160601619047e-09
1.308184093177275950e-09
1.322136586839153719e-09
1.300712946383932863e-09
1.313414418608541960e-09
1.293330303643719444e-09
1.304668945189043814e-09
1.285979793461574296e-09
1.295820221332651377e-09
1.278594041918088772e-09
1.286773075005647825e-09
1.271091730748057742e-09
1.277413809227858384e-09
1.263373953508343641e-09
1.267606481822771852e-09
1.255319791030756440e-09
1.257188929276642826e-09
1.246781035415520811e-09
1.245968902718888339e-09
1.237576223508371689e-09
1.233720996031735287e-09
1.227484142665494213e-09
1.220185479600119001e-09
1.216238407155469679e-09
1.205070740524183987e-09
1.203522723309156425e-09
1.188061638141314613e-09
1.188971913965941134e-09
1.168836479510181385e-09
1.172180594430171037e-09
1.147095094144903352e-09
1.152725175105274989e-09
1.122598953824385094e-09
1.130203983460339107e-09
1.095220900299496815e-09
1.104298176586030770e-09
1.064996919272823532e-09
1.074849734816143003e-09
1.032167024200467948e-09
1.041942693364450034e-09
9.971897149169688703e-10
1.005962967698055931e-09
9.607181424666206926e-10
9.676082074398328042e-10
9.235367016327189545e-10
9.278294503311506127e-10
8.864706411201770821e-10
8.877106953127732463e-10
8.502911744189559014e-10
8.483188954158711143e-10
8.156390621818520664e-10
8.105686604089642478e-10
7.829809533398722232e-10
7.751361255954015842e-10
7.526004662506419441e-10
7.424328795766853557e-10
7.246162662432640768e-10
7.126292870193003542e-10
6.990153495540805780e-10
6.857058567479617210e-10
6.756906610730939783e-10
6.615122734177521998e-10
6.544756543474253020e-10
6.398207440212210441e-10
6.351721013019972118e-10
6.203673065834270633e-10
6.175702990503706636e-10
6.028803752774061917e-10
6.014623858602253247e-10
5.870983521015566335e-10
5.866501697531472486e-10
5.727789701879916044e-10
5.729489373225500551e-10
5.597030255334954852e-10
5.601885156350183964e-10
5.476746691115040576e-10
5.482125488210323958e-10
5.365193422978897305e-10
5.368767334578443199e-10
5.260808123992912335e-10
5.260464545851304436e-10
5.162176038031006559e-10
5.155941884305762929e-10
5.067992441608935054e-10
5.053969108780045740e-10
4.977025680602850590e-10
4.953337888919285106e-10
4.888080667085178296e-10
4.852840975553141947e-10
4.799967793892571134e-10
4.751262405174264881e-10
4.711471113993832361e-10
4.647375733115485859e-10
4.621329309015891368e-10
4.539960393593207736e-10
4.528224120813298612e-10
4.427838704435704526e-10
4.430788158532052955e-10
4.309939192285274851e-10
4.327638409323065381e-10
4.185387643591093158e-10
4.217445118290997318e-10
4.053621450971544056e-10
4.099042924887697766e-10
3.914513364656877166e-10
3.971584132508121056e-10
3.768480162724135700e-10
3.834720145139057636e-10
3.616544188843814870e-10
3.688778199235047461e-10
3.460317256150243728e-10
3.534883156900640285e-10
3.301890880421268249e-10
3.374969880827006556e-10
3.143642116249704909e-10
3.211650888030426510e-10
2.987990907728752453e-10
3.047947357209399530e-10
2.837160362708656583e-10
2.886937605754151775e-10
2.692988303960025852e-10
2.731411308638657296e-10
2.556819155786487593e-10
2.583607569644784000e-10
2.429479445345071296e-10
2.445080569516427374e-10
2.311321597828444231e-10
2.316693540258960152e-10
2.202308566782304079e-10
2.198705698981964702e-10
2.102113750352325069e-10
2.090907374683164504e-10
2.010218208979973654e-10
1.992766009295666612e-10
1.925992948956041968e-10
1.903555868051908953e-10
1.848762574722891008e-10
1.822460518747626965e-10
1.777850564511966801e-10
1.748646106536769358e-10
1.712608858888087723e-10
1.681309030682699848e-10
1.652435244016873919e-10
1.619703538514829214e-10
1.596781913781420829e-10
1.563155354467794264e-10
1.545158015491300529e-10
1.511065419717949922e-10
1.497128415813301763e-10
1.462908107148005350e-10
1.452310233413790946e-10
1.418226045048591002e-10
1.410368253358787113e-10
1.376623503421664582e-10
1.371009719903025634e-10
1.337758925093891006e-10
1.333979516842685527e-10
1.301338192483094433e-10
1.299055336429501131e-10
1.267107999159433190e-10
1.266043041702520819e-10
1.234849704542355667e-10
1.234774280188094002e-10
1.204375664093603924e-10
1.205100682675478659e-10
1.175522441901535719e-10
1.176891880505158741e-10
1.148147845288533860e-10
1.150034138845685580e-10
1.122129066428221035e-10
1.124426536378799172e-10
1.097358205636071662e-10
1.099979802799991560e-10
1.073740456595541566e-10
1.076614602784321954e-10
1.051192770341766964e-10
1.054260253320623164e-10
1.029641060009469321e-10
1.032853112655330550e-10
1.009019751730898225e-10
1.012336162767875987e-10
9.892702088209900737e-11
9.926578387121456317e-11
9.703398099877794794e-11
9.737713666446952522e-11
9.521809650828871643e-11
9.556341518103799396e-11
9.347510562761582725e-11
9.382072509651265887e-11
9.180108229753428138e-11
9.214547571562037086e-11
9.019245796579398588e-11
9.053441169448839897e-11
8.864595953485279888e-11
8.898446889828876098e-11
8.715857292004533872e-11
8.749282443002624436e-11
8.572751191476580643e-11
8.605685164755342728e-11
8.435019172981723963e-11
8.467409895314626492e-11
8.302420596660817857e-11
8.334227172842913402e-11
8.174730819566861648e-11
8.205921657918616381e-11
8.051740330896040217e-11
8.082290885020823214e-11
7.933252330808765988e-11
7.963143671846473228e-11
7.819079731274750761e-11
7.848300506690657449e-11
7.709046586279454336e-11
7.737588825005442428e-11
7.602987955009291373e-11
7.630847258895352937e-11
7.500744600638151137e-11
7.527921287628407787e-11
7.402171418563198347e-11
7.428665774224389651e-11
7.307124051404749281e-11
7.332940030597930081e-11
7.215467414304302606e-11
7.240611128127728330e-11
7.127073687399373753e-11
7.151552479249863884e-11
7.041820148125731500e-11
7.065643787562977946e-11
6.959589460724672180e-11
6.982766086876345951e-11
6.880269358409578704e-11
6.902807818303514785e-11
6.803752451340950977e-11
6.825665209812783983e-11
6.729935874399686858e-11
6.751234502126170621e-11
6.658721018029010665e-11
6.679417509968933475e-11
6.590013282187678072e-11
6.610119983175005895e-11
6.523721862198682518e-11
6.543251364616932248e-11
6.459759570250010823e-11
6.478724662002786207e-11
6.398042601447927514e-11
6.416456201725326670e-11
6.338490437775963926e-11
6.356365529978202327e-11
6.281025624588448408e-11
6.298375229334850802e-11
6.225573682484376993e-11
6.242410817255029817e-11
6.172062941486825099e-11
6.188400576411423221e-11
6.120424386917916309e-11
6.136275447725650649e-11
6.070591618963310464e-11
6.085968922860716129e-11
6.022500681775185963e-11
6.037413643261277564e-11
5.976087089524676585e-11
5.990554738579638946e-11
5.931297481777657483e-11
5.945329130446880019e-11
5.888071561650701661e-11
5.901679479674325234e-11
5.846354227650207720e-11
5.859550494972701880e-11
5.806092354243056976e-11
5.818888911092429965e-11
5.767234733531015040e-11
5.779643363864175483e-11
5.729732025610873629e-11
5.741764277039335451e-11
5.693536608920481130e-11
5.705203851039036113e-11
5.658602616802474736e-11
5.669915999461724021e-11
5.624885783589508206e-11
5.635856423661010083e-11
5.592343426321883992e-11
5.602982166105624288e-11
5.560934372693759702e-11
5.571251740051300697e-11
5.530619164096920192e-11
5.540625216193637996e-11
5.501359230595846162e-11
5.511064076181844070e-11
5.473117588070502176e-11
5.482531392814394691e-11
5.445858929340572433e-11
5.454991114891432909e-11
5.419548457682092122e-11
5.428408496653731135e-11
5.394152980923711394e-11
5.402750131527874495e-11
5.369640403059503713e-11
5.377983751709297706e-11
5.345979818391913899e-11
5.354078196462889341e-11
5.323141350328060968e-11
5.331003428175223256e-11
5.301096174137445212e-11
5.308730395556616664e-11
5.279816456688554467e-11
5.287231088516580841e-11
5.259275336279214537e-11
5.266478437314713702e-11
5.239446895335270115e-11
5.246446322552469043e-11
5.220306049398287234e-11
5.227109486811713065e-11
5.201828650578557391e-11
5.208443574576990753e-11
5.183991321976674132e-11
5.190425055846797981e-11
5.166771529682690003e-11
5.173031191987631104e-11
5.150147452104082324e-11
5.156240013561634230e-11
5.134098077994256779e-11
5.140030315934000044e-11
5.118603064514660916e-11
5.124381598412191409e-11
5.103642761522218950e-11
5.109274044659092870e-11
5.089198190876005119e-11
5.094688541418371866e-11
5.075251006432046643e-11
5.080606562094442688e-11
5.061783474824530528e-11
5.067010265753547065e-11
5.048778462689843263e-11
5.053882339598304299e-11
5.036219386216476941e-11
5.041206067298871514e-11
5.024090229248096684e-11
5.028965313544714985e-11
5.012375473513349793e-11
5.017144430870660888e-11
5.001060133398634895e-11
5.005728302279435265e-11
4.990129696160278257e-11
4.994702298836811502e-11
4.979570084481085372e-11
4.984052265238902249e-11
4.969367731086182334e-11
4.973764472868579160e-11
4.959509420434834678e-11
4.963825649236230634e-11
4.949982395361334511e-11
4.954222933475415038e-11
4.940774283095306910e-11
4.944943858828661218e-11
4.931873059562311734e-11
4.935976337523711773e-11
4.923267069795421562e-11
4.927308620868338609e-11
4.914945002176712086e-11
4.918929350328253976e-11
4.906895854859827110e-11
4.910827442488680596e-11
4.899108933371932197e-11
4.902992157631175503e-11
4.891573829612980565e-11
4.895413033145544203e-11
4.884280379201422956e-11
4.888079891694671019e-11
4.877218706105052302e-11
4.880982789842703674e-11
4.870379142332504734e-11
4.874112061225816899e-11
4.863752220295018872e-11
4.867458234530103466e-11
4.857328728285032384e-11
4.861012052762543085e-11
4.851099535112938924e-11
4.854764437692979078e-11
4.845055731016771050e-11
4.848706475232754963e-11
4.839188537983423804e-11
4.842829394561932911e-11
4.833489249819730816e-11
4.837124551281708133e-11
4.827949279862071985e-11
4.831583409478130143e-11
4.822560099521977957e-11
4.826197474675962426e-11
4.817313187241224240e-11
4.820958348072591892e-11
4.812200057561308932e-11
4.815857600011237082e-11
4.807212185475251168e-11
4.810886823001063136e-11
4.802340984123895043e-11
4.806037560013186131e-11
4.797577740414388799e-11
4.801301253504076160e-11
4.792913641076584152e-11
4.796669235156756098e-11
4.788339643304080188e-11
4.792132674310271549e-11
4.783846468503384258e-11
4.787682490687899509e-11
4.779424535785637443e-11
4.783309350743850254e-11
4.775063880856892259e-11
4.779003568669493731e-11
4.770754092362729764e-11
4.774755017019087062e-11
4.766484188869401155e-11
4.770553080283987366e-11
4.762242573432181803e-11
4.766386534807622052e-11
