# -0.3J_-0.7g_0.62832theta_1.0472phi_10Chi_0.01delta_500N
-5.771355681562214679e-01
4.244852387924423764e-01
-6.679078063365450069e-01
-1.393629867307011605e-01
1.476561115717772987e-01
6.829583862932349370e-02
1.586017960786327008e-01
3.264423151165831566e-02
-9.282407649000788685e-02
2.470684167074692697e-02
6.998517021402210492e-02
-3.582608549553278898e-01
-4.264064841786157634e-01
3.563662117765565185e+00
2.617766312787300542e+00
-2.813930723664467504e+00
-9.696197311045060552e-01
2.813492923860553940e+00
-2.420437973212169247e+00
7.689745536729285513e-01
-7.844526048959429287e-01
5.857511789605055474e-01
-1.581567906422922887e+00
2.025130397731679466e+00
-1.714815068777764129e+00
-2.463994056399744004e+00
-3.687317499235213791e+00
-2.057163336354172589e+00
2.786540612064656752e+00
-4.307622426078006606e-01
-2.047986659453483183e-01
1.288045197154823240e+00
4.024882741701587108e+00
-4.075005910636691908e+01
5.073221335809060761e+00
4.033051503127688875e+01
2.911919472316111879e+01
3.551459183936985653e+01
-9.051851677892452486e+00
1.061615660466515436e+02
5.577878998293167578e-02
2.417575057777987091e+00
1.517625611908440364e+00
-2.696429797925785365e+01
-3.698292989550240861e+01
1.845340025373756276e+01
-2.879769323154645733e+01
-3.837976877706111623e+01
4.425670934114849331e+01
1.063323771896872216e+02
-6.912733803547933820e-02
1.323195595935688917e+00
3.499597516965177846e+00
-3.580622988067685242e+01
-7.678150566130292454e+00
4.495713195318271715e+01
7.113854873602488915e+00
-3.031179860066730569e+00
1.118316514397854533e+01
6.211122429022862690e+01
1.355208599568080152e-01
2.213319557275280847e+00
-2.816446181746639521e+00
-3.442649490314344263e+01
-6.344924588537259069e+01
3.032199997984593054e+01
-1.240266897156565733e+02
-5.154726875435166988e+01
1.219091323909156017e+02
4.237144771531033598e+02
3.991079913281850994e-02
3.005463861553473226e+00
-1.914612769944505910e-01
-3.052420668109924051e+01
-8.011306950152757622e+01
2.748509894265009024e+01
-1.019808906708999103e+02
-1.291155432331244413e+02
9.198284630436991449e+01
2.539914318786864555e+02
8.424221938478500260e-02
3.024387615908974869e+00
-1.299913239209310678e+00
-2.490719866958184880e+01
-7.654877565128539629e+01
1.523233243370897227e+01
-1.408506346065221351e+02
-1.123306651301290060e+02
1.685396737048124862e+02
1.980616236258612730e+02
4.290586624071891092e-02
1.346198319954192701e+00
-4.147990727155466684e-01
-3.466531123031154493e+01
8.304430651227984583e+01
5.646744076004119961e+01
3.340541513868053585e+02
2.310050129575274696e+02
-2.022897893600804480e+02
-8.492738048323618614e+02
-5.791141900723871805e-01
3.659875503934083563e-01
7.003437638999117087e-01
1.969560496948270234e-01
4.710295489298210736e-02
6.815896728408527006e-02
-5.153822564770135090e-02
-1.537395159958617474e-01
-9.241925723347216293e-02
3.380610839734261158e-02
6.438163376641702351e-01
-1.203134646031932986e+00
-1.067761897652334646e+00
1.908108397908687026e+00
2.979691366337842595e+00
3.525055427967626276e+00
-1.525909284676898459e+00
-3.370040325774864343e+00
-1.194767354540406723e+00
9.722845826598819352e-01
4.519447471158400953e-01
-5.964218515299783002e-02
-7.295556216423262352e-01
1.671762098636873972e+00
-3.373658903415861943e+00
-1.201620368202174660e+00
2.503834861335403783e+00
-2.615002531005704789e+00
-3.497800758568044621e+00
1.949842120998507566e-01
1.499476999985977776e-01
-1.244429238064704846e-01
1.610044809351294459e+00
-2.843391314476015097e+01
1.981911922436839291e+01
-4.236857719032423475e+00
-2.484801148150812722e+01
5.890775857656429082e+01
4.270794009610362707e+01
5.636048709992625305e+01
1.491562235752678101e-01
4.834482288586703369e+00
9.573495423042822916e-02
-1.230876861625194607e+01
-4.940076249553037968e+01
-4.408979720684011028e+01
-6.051724662856915238e+00
1.612497583368783083e+01
-1.411938330758677296e+01
1.950112499662147627e+02
-6.857974527936627762e-02
-3.673638194723273021e+00
-5.908923904451592879e-01
1.128434015466769047e+01
3.479777563866676360e+01
4.476406697662936551e+01
-5.342467264209683542e+00
-5.063135937537412090e+00
1.104326042456455781e+01
-1.020355901698923162e+02
-3.317869337318754552e-02
-1.822992441761646765e+00
6.836270444438017346e-01
-2.766336997064279402e+01
2.671415111470934889e+01
8.708684077437768067e+00
-6.222076231898182641e+01
6.291804728896509857e+01
1.767842186088575929e+01
1.719070286103414276e+02
-1.366376185816733924e-01
-4.896780086172095037e-01
-4.239329505869982029e+00
5.956387497746228377e+01
-8.661503055576967824e+01
-3.971445542233411174e+01
1.276281456768816902e+01
-1.879590697474056640e+02
-1.514278623988369077e+02
2.628687744280563834e+02
8.379149027739372924e-02
-3.846187602856072640e-01
3.280712353625345745e+00
-5.397621389785270907e+01
5.982909734557635062e+01
1.504683165370027531e+01
-2.749839645226041185e+01
1.764716876528725891e+02
1.687473880699235451e+02
1.135880932470038402e+02
-1.273386229939806741e-02
6.500682309204255382e-01
-7.931656329843885800e-01
7.636675876111752359e+01
9.529062762980586854e+01
7.731006263898252939e+01
3.888409468067142711e+02
-1.559031887688070697e+02
4.040242270299747673e+01
-2.498981367277335266e+03
-5.786254695457699881e-01
-7.897887393733474815e-01
-3.456271224105141038e-02
-5.837053773411712138e-02
-1.937178560964370744e-01
6.810140762211570886e-02
-1.072785310624218696e-01
1.210854030187566432e-01
-9.278556462501277857e-02
-5.643210733157225101e-02
-7.139761480162191143e-01
-1.338018916810303383e+00
-1.770122050531978269e-02
2.430452836159470387e+00
1.362680984178267662e+00
-7.231115770687471800e-01
4.100705610948707225e+00
-7.586155983779658829e-01
3.613758140536338370e+00
1.356459202796819641e+00
3.303608746429039233e-01
9.907452089305297527e-01
-5.970524302080078005e-01
3.286254455501123939e+00
-2.840198625478206118e+00
3.678458086670147509e+00
-1.161709095480887022e-01
3.034306649655967636e+00
7.094236904587928327e-01
-2.567026261259073849e-01
5.401900369287578052e-02
-1.498936205000666710e+00
4.047910211012127668e+00
-4.740513636091721850e+01
2.302629002454531815e+01
-3.618208887666788343e+01
-1.769839707515380312e+01
2.150008129109251265e-01
-3.366165058919686004e+01
6.169960803170179808e+00
-2.046228482328687759e-01
2.394963089186975758e+00
-1.280060594101385840e+00
-8.989452856100255573e+00
-3.037254088937119789e+01
2.572965775627793761e+01
-6.438862243851322376e+01
9.063026754883658498e+00
-3.002676890387488484e+01
9.597669676132998973e+01
-6.898739526075708950e-02
2.356045288024055218e+00
-2.905437103500417617e+00
2.459016249940837895e+01
-2.711445995075344584e+01
4.505033402725901936e+01
-1.549711634039986352e+00
7.925655738904448633e+00
1.118410918138463295e+01
3.296341409016596913e+01
-1.023413964311152557e-01
3.222093553483182937e+00
2.429687856415166269e+00
-1.091387181514366915e+02
-1.285524580088765845e+01
-3.896279368826400713e+01
-1.923740503675120408e+02
5.744893003506853546e+01
-1.398265494488173601e+02
2.711914483358117991e+02
9.723909157779735135e-02
-2.231726684282695050e+00
8.136080810149201037e-01
2.034545550798575064e+01
-5.499865786702936354e+00
1.284701678589267893e+01
7.917502314400340246e+00
-5.870569465333090875e+01
5.995731212988692960e+01
3.963348360177530338e+01
8.406723082695165272e-02
-2.634572353187780713e+00
-1.971607180857817720e+00
7.882941726738357602e+01
1.677458552768782596e+01
1.536753871917998815e+01
1.680309154666665563e+02
-6.406581768081753125e+01
1.683425830561893690e+02
-2.705254424655758498e+02
-3.249995532241427981e-02
7.509472921391135980e-01
2.261962060652792424e-03
1.083396068580873006e+01
1.986559942135684764e+02
-1.482425894109532294e+02
7.580998581558999376e+02
7.588849966371367373e+01
1.802304810349507136e+02
-1.969233596507425545e+03
