# -0.9J_-0.09999999999999998g_0.41888theta_3.14159phi_10Chi_0.01delta_500N
2.571325791788798415e-02
1.866363968084385719e-04
6.086395256315897995e-06
7.349635224888418540e-07
1.552284285390794962e-06
5.126107168866613694e-07
1.697386406460636707e-06
4.892167437539340472e-07
1.622041109467578953e-06
4.731384766360536011e-07
1.406571244279966294e-06
4.597623424255669892e-07
1.208746841972031872e-06
4.481802829581603324e-07
1.079362365832285417e-06
4.381190470950420653e-07
1.001571297300253732e-06
4.295018941661904214e-07
9.529797220398210818e-07
4.223391863224350761e-07
9.193290271384767362e-07
4.166988502771338574e-07
8.928162901238803275e-07
4.126974250370730565e-07
8.694075747719627881e-07
4.104966895050201376e-07
8.471436619153691234e-07
4.103043300699581967e-07
8.251958648095840152e-07
4.123764919841421379e-07
8.033365869988520053e-07
4.170178966789932595e-07
7.816318683437010272e-07
4.245735746624965400e-07
7.602595104410508256e-07
4.354068258353431808e-07
7.394045574620415209e-07
4.498577478372830283e-07
7.192054586847246336e-07
4.681753431480196381e-07
6.997348796461471689e-07
4.904166491278359468e-07
6.810054436752836447e-07
5.163118573414249607e-07
6.629945965015863677e-07
5.451072534113069470e-07
6.456839776901713617e-07
5.754152292768200069e-07
6.291079138286474086e-07
6.051258974165033174e-07
6.134029159474802680e-07
6.314794105212399001e-07
5.988474112462793003e-07
6.514539847607472622e-07
5.858803642269327257e-07
6.626240918721565308e-07
5.750903725921784378e-07
6.644414516370823402e-07
5.671730685622567392e-07
6.592877469716884558e-07
5.628616155642379028e-07
6.519068599952312679e-07
5.628395874890721255e-07
6.464454429308420444e-07
5.676480133719035494e-07
6.432029617144438988e-07
5.776001630279372042e-07
6.385104259766734818e-07
5.927145477847015878e-07
6.276663295547176215e-07
6.126680332850244208e-07
6.078285377537366066e-07
6.367656633309886534e-07
5.790112141825899206e-07
6.639260726400489408e-07
5.434399906296301536e-07
6.926853857199957718e-07
5.042396478666444176e-07
7.212203214068317198e-07
4.642903076950285825e-07
7.473802151666199026e-07
4.256428178860204905e-07
7.687046203158652281e-07
3.894498090067693072e-07
7.824053475159499352e-07
3.561710667267225527e-07
7.853342928334196556e-07
3.258382909975896148e-07
7.740645810595417363e-07
2.982696892243029736e-07
7.453657590676493234e-07
2.732081333671795709e-07
6.973875996915549664e-07
2.503952089198926038e-07
6.313951229535527297e-07
2.296017887915417464e-07
5.528368329810926551e-07
2.106330055728337932e-07
4.701720283002991520e-07
1.933222019392063349e-07
3.917195065921263470e-07
1.775239192699962180e-07
3.229282241038311087e-07
1.631097072237793337e-07
2.657762011035465203e-07
1.499653068430573499e-07
2.197800069827812749e-07
1.379881545614075419e-07
1.833034439755083132e-07
1.270851240568687623e-07
1.544579469920487549e-07
1.171708791930877466e-07
1.315362214376304530e-07
1.081663489027025026e-07
1.131496463110601216e-07
9.999808306951542800e-08
9.822639270110039508e-08
9.259764283075929178e-08
8.596012518010642901e-08
8.590116779701838441e-08
7.575088832418687058e-08
7.984911206456127326e-08
6.715327431610472241e-08
7.438604840562118598e-08
5.983548007634833404e-08
6.946049169475224792e-08
5.354853421988207914e-08
6.502471211873582365e-08
4.810374941630667596e-08
6.103452828270895772e-08
4.335641201533698096e-08
5.744908427400328088e-08
3.919405788927293358e-08
5.423062311271583891e-08
3.552806103525645784e-08
5.134425868487529478e-08
3.228758983222126825e-08
4.875774055984310660e-08
2.941524204293909456e-08
4.644120443871509443e-08
2.686386275967572019e-08
4.436689822493839712e-08
2.459419664559218849e-08
4.250887379391041857e-08
2.257313685952324220e-08
4.084263111230577113e-08
2.077240935275258869e-08
3.934470356332873830e-08
1.916758274120041805e-08
3.799216251179107666e-08
1.773732256652003895e-08
3.676201444534876081e-08
1.646282409981656286e-08
3.563044615166080450e-08
1.532737707966394163e-08
3.457185177066664276e-08
1.431602656457716899e-08
3.355754040256846945e-08
1.341530427847830803e-08
3.255399512215006870e-08
1.261301111942176941e-08
3.152058056360828504e-08
1.189803699067083730e-08
3.040680289051365511e-08
1.126020943311290531e-08
2.914988537288161434e-08
1.069016816583432963e-08
2.767497058649036237e-08
1.017926885434496654e-08
2.590291459052552585e-08
9.719521023592802277e-09
2.377276792601710765e-08
9.303561933831691460e-09
2.128144027022565388e-08
8.924652351245543454e-09
1.852392385019331941e-08
8.576664280263594827e-09
1.569474948901093250e-08
8.254049639040266277e-09
1.302620570192267019e-08
7.951827418310399140e-09
1.069964177729510300e-08
7.665630729788787571e-09
8.795911631158770126e-09
7.391784949003400611e-09
7.305686254968341516e-09
7.127364630902524185e-09
6.169139046810108006e-09
6.870192954004368050e-09
5.311703112820734040e-09
6.618788268830755801e-09
4.664289843338579059e-09
6.372273875526516956e-09
4.170777385473035825e-09
6.130265327387431769e-09
3.788623459006928108e-09
5.892747786270602672e-09
3.486778069816206790e-09
5.659953280522936359e-09
3.243028044153364095e-09
5.432246233851565197e-09
3.041625354048718368e-09
5.210022918685185194e-09
2.871429736786045109e-09
4.993630088971612293e-09
2.724543150921303792e-09
4.783303698420303153e-09
2.595338740501588702e-09
4.579129687650421749e-09
2.479781141680663504e-09
4.381025811358276335e-09
2.374953470731832644e-09
4.188742757093703444e-09
2.278729114530506280e-09
4.001884782518068513e-09
2.189542391506050188e-09
3.819946046212354667e-09
2.106228337573625446e-09
3.642362771218405565e-09
2.027909843442156186e-09
3.468574309327354630e-09
1.953917772680957716e-09
3.298092646194958170e-09
1.883734017197322440e-09
3.130567943810345247e-09
1.816950614751349266e-09
2.965844854662336172e-09
1.753239994238043938e-09
2.803998388801661688e-09
1.692333395751309553e-09
2.645341351519182442e-09
1.634004889250542529e-09
2.490399261457018280e-09
1.578059497799714949e-09
2.339854925403913388e-09
1.524324440289925661e-09
2.194471489794001413e-09
1.472642550871168402e-09
2.055007545782616715e-09
1.422867467183279376e-09
1.922138955435835820e-09
1.374860083145463768e-09
1.796399178022748396e-09
1.328486109263380021e-09
1.678144349187091457e-09
1.283614445581344733e-09
1.567543314298559866e-09
1.240116181708047104e-09
1.464588188818414275e-09
1.197864824184647993e-09
1.369118817229659466e-09
1.156737041651850242e-09
1.280853520038459083e-09
1.116614431834503812e-09
1.199423952913290204e-09
1.077385458106227662e-09
1.124403142870932037e-09
1.038949644231202814e-09
1.055333439133039791e-09
1.001218199734879750e-09
9.917473253662565378e-10
9.641185312812021039e-10
9.331834969509900900e-10
9.275967155413373186e-10
8.791983365074712678e-10
8.916198863798537626e-10
8.293733005472959030e-10
8.561778154379572076e-10
7.833194457166650939e-10
8.212833408206018082e-10
7.406794680666474911e-10
7.869714929611764589e-10
7.011280469418415549e-10
7.532971459356322357e-10
6.643710347300087767e-10
7.203312328547448773e-10
6.301438974359575047e-10
6.881558464442052669e-10
5.982094829034108827e-10
6.568589855289435082e-10
5.683567180420383217e-10
6.265283216371864416e-10
5.403969732913048814e-10
5.972460415681463813e-10
5.141627035589866096e-10
5.690841061891589317e-10
4.895050851513022144e-10
5.421006978598376022e-10
4.662920120158488819e-10
5.163379480413848562e-10
4.444062343204214939e-10
4.918210122165055333e-10
4.237436636997844358e-10
4.685583609715519785e-10
4.042118202826199401e-10
4.465429973368850546e-10
3.857285067273884828e-10
4.257543811191297947e-10
3.682203741889341188e-10
4.061607717170345690e-10
3.516219834830209363e-10
3.877217232142433710e-10
3.358745996596112152e-10
3.703903756196148534e-10
3.209255182500339076e-10
3.541160187256818060e-10
3.067271018312768470e-10
3.388456127402593349e-10
2.932360710698625117e-10
3.245255528655502454e-10
2.804129531699005289e-10
3.111027995959877775e-10
2.682215081543669437e-10
2.985258829461029634e-10
2.566283367618668893e-10
2.867453128742950108e-10
2.456023837887030619e-10
2.757139491674234711e-10
2.351146873007350576e-10
2.653873049442892718e-10
2.251380762916019860e-10
2.557233584568436417e-10
2.156469480968331186e-10
2.466824741271800417e-10
2.066170858540097734e-10
2.382272739313436255e-10
1.980255056055989565e-10
2.303223549495706319e-10
1.898503362648488429e-10
2.229340069415679024e-10
1.820707048594788784e-10
2.160296411866269604e-10
1.746667497838299444e-10
2.095785196214885756e-10
1.676194542947925849e-10
2.035498052479523466e-10
1.609105719425923833e-10
1.979133515384505770e-10
1.545227723986481131e-10
1.926391218753014535e-10
1.484394332474286775e-10
1.876966757636832902e-10
1.426447047950076158e-10
1.830549549241416455e-10
1.371234700901993028e-10
1.786819010721916992e-10
1.318613267936520618e-10
1.745441260083951751e-10
1.268445702609391259e-10
1.706066135671749169e-10
1.220601765326741882e-10
1.668324790399124955e-10
1.174957852203712271e-10
1.631828203659870168e-10
1.131396815408354609e-10
1.596167085051377192e-10
1.089808176789578419e-10
1.560913754334620793e-10
1.050086383133035331e-10
1.525626702391851074e-10
1.012132847132593350e-10
1.489858591968035752e-10
9.758542983551096792e-11
1.453168422140287649e-10
9.411628714887591749e-11
1.415138367493096250e-10
9.079759228339106185e-11
1.375395485997474275e-10
8.762157893759615422e-11
1.333636409737537340e-10
8.458095629204851289e-11
1.289656870318426471e-10
8.166888685585665480e-11
1.243377195281418597e-10
7.887896497265507000e-11
1.194863113422287779e-10
7.620519617109153715e-11
1.144340058959608915e-10
7.364197743893217451e-11
1.092189377846604261e-10
7.118407816536304163e-11
1.038929509858587982e-10
6.882662615780376622e-11
9.851808415904321038e-11
6.656508199792576755e-11
9.316183575614310161e-11
6.439522200196906455e-11
8.789189543526961948e-11
6.231312636565317108e-11
8.277113986766197272e-11
6.031515746188717932e-11
7.785359890967137104e-11
5.839793998368812743e-11
7.318183916495459488e-11
5.655833980612885358e-11
6.878588323372338209e-11
5.479344229227071343e-11
6.468349266580690592e-11
5.310053013426959051e-11
6.088145862808015421e-11
5.147706112557551274e-11
5.737748515343994421e-11
4.992064609766228612e-11
5.416228869827701822e-11
4.842901274493985329e-11
5.122163099465359232e-11
4.700007315210404807e-11
4.853810899663955462e-11
4.563170675602914479e-11
4.609261959114847529e-11
4.432202841728241682e-11
4.386549911301135305e-11
4.306911934837715260e-11
4.183732158180578701e-11
4.187113818083116631e-11
3.998945514383614043e-11
4.072630055556694790e-11
3.830438399495670272e-11
3.963290049842125509e-11
3.676592411677855947e-11
3.858925044124838190e-11
3.535931922485434350e-11
3.759364629077013550e-11
3.407116448630585226e-11
3.664444334221444362e-11
3.288943540988880794e-11
3.574012801517658679e-11
3.180332805634522133e-11
3.487902494402885556e-11
3.080321206847386158e-11
3.405961061923425433e-11
2.988049201866685320e-11
3.328034137618052358e-11
2.902752850159770294e-11
3.253969326268917084e-11
2.823752346944902054e-11
3.183616154585637364e-11
2.750441393204575621e-11
3.116825693094724297e-11
2.682284612081354031e-11
3.053450451245842183e-11
2.618800982797062157e-11
2.993344358728579878e-11
2.559562904023193675e-11
2.936362551578668866e-11
2.504188605308063687e-11
2.882361466662322643e-11
2.452336778866103268e-11
2.831198833839967994e-11
2.403701863926972719e-11
2.782730582201467984e-11
2.358009960076202099e-11
2.736823875741713892e-11
2.315015373279083573e-11
2.693337128087906615e-11
2.274496700760666734e-11
2.652134014091103863e-11
2.236254924711491745e-11
2.613080420885156612e-11
2.200110683843353263e-11
2.576044152514251307e-11
2.165902134868736606e-11
2.540895396927629201e-11
2.133482998879424107e-11
2.507506884184477853e-11
2.102715580613115341e-11
2.475758465920611659e-11
2.073495099838887591e-11
2.445522642377391653e-11
2.045700341287616657e-11
2.416692886472616239e-11
2.019236808821041812e-11
2.389154264652060825e-11
1.994016315205467133e-11
2.362802474895973197e-11
1.969958198863295662e-11
2.337538571193703672e-11
1.946989905930575920e-11
2.313268746262055370e-11
1.925044008747445329e-11
2.289909136689360042e-11
1.904059438033722241e-11
2.267378997631079253e-11
1.883980933156203540e-11
2.245606570986332384e-11
1.864758040769458332e-11
2.224527610718510817e-11
1.846344899675070922e-11
2.204085413621852083e-11
1.828699272946205514e-11
2.184230729217563367e-11
1.811781951449545424e-11
2.164921549552929593e-11
1.795557155849374224e-11
2.146121304591285873e-11
1.779991810954408146e-11
2.127802201670585131e-11
1.765054029748354230e-11
2.109944622725587942e-11
1.750717925645781005e-11
2.092528760426444828e-11
1.736956692475457789e-11
2.075541938405426170e-11
1.723742398703162327e-11
2.058977059682211766e-11
1.711052528632416387e-11
2.042825509280117803e-11
1.698864392295329267e-11
2.027085790510307341e-11
1.687153951402347963e-11
2.011756720118641800e-11
1.675906288843963470e-11
1.996838265959756187e-11
1.665100403089542521e-11
1.982330938918125623e-11
1.654712068096308027e-11
1.968235246142108248e-11
1.644724337317503079e-11
1.954551210112287222e-11
1.635116575676094747e-11
1.941277956730420578e-11
1.625875540374041001e-11
1.928413371776001553e-11
1.616980233934102956e-11
1.915954142635698109e-11
1.608412471992324668e-11
1.903894619763736416e-11
1.600154193008363918e-11
1.892227469497160682e-11
1.592187081882577685e-11
1.880943404340604460e-11
1.584492470367184160e-11
1.870031035807898632e-11
1.577051489309040930e-11
1.859476821712366954e-11
1.569845187451170201e-11
1.849265033248418453e-11
1.562854066264653289e-11
1.839377688908067937e-11
1.556058124723022473e-11
1.829794774015799859e-11
1.549436793204648341e-11
1.820493741045470616e-11
1.542968807792218067e-11
1.811449958334445238e-11
1.536632106511406492e-11
1.802636422468613863e-11
1.530403716316522635e-11
1.794023734029114647e-11
1.524259630709957809e-11
1.785579996486285625e-11
1.518174676067277353e-11
1.777270682866333887e-11
1.512122366458409464e-11
1.769058462378279704e-11
1.506074745438868203e-11
1.760902983847205723e-11
1.500002214425706733e-11
1.752760608598198104e-11
1.493873346605896486e-11
1.744584109981119778e-11
1.487654686334637163e-11
1.736322273443272863e-11
1.481310533213177373e-11
1.727919490889987977e-11
1.474802711584646627e-11
1.719315265285681043e-11
1.468090327100242033e-11
1.710443661836211372e-11
1.461129832095697784e-11
1.701232706543741528e-11
1.453873867134450989e-11
1.691603737500960546e-11
1.446271807310546124e-11
1.681470724315856644e-11
1.438269292838512766e-11
1.670739579903117327e-11
1.429807969420421508e-11
1.659307501154397971e-11
1.420825291432770669e-11
1.647062388815419583e-11
1.411254380938854533e-11
1.633882421779006524e-11
1.401023973030398763e-11
1.619635882769902611e-11
1.390058482436047073e-11
1.604181368515845120e-11
1.378278236413286717e-11
1.587368551898028662e-11
1.365599926014572114e-11
1.569039702178507063e-11
1.351935237136813983e-11
1.549032203570006321e-11
1.337200658519782078e-11
1.527182333067063748e-11
1.321305376758125446e-11
1.503330549829190164e-11
1.304162751024547220e-11
1.477328490355969163e-11
1.285690412052712447e-11
1.449047724797715636e-11
1.265813439860297476e-11
1.418387830925051687e-11
1.244468149470089106e-11
1.385298850528938610e-11
1.221606427524808754e-11
1.349781060862117983e-11
1.197200480056233320e-11
1.311899842723917796e-11
1.171247743048110424e-11
1.271795960623637700e-11
1.143775515868614561e-11
1.229696276346488975e-11
1.114844068529101104e-11
1.185901897171437227e-11
1.084554720426668804e-11
1.140794917333440762e-11
1.053048981626843715e-11
1.094815087335623991e-11
1.020495928826220146e-11
1.048441653981949955e-11
9.871076274909248282e-12
1.002168651670517004e-11
9.531239094877520451e-12
9.564787764852554574e-12
9.188055467095047408e-12
9.118189293639263761e-12
8.844247329252429379e-12
8.685801395770519714e-12
8.502544695616894460e-12
8.270836967190058123e-12
8.165579071436807126e-12
7.875741892495582020e-12
7.835786004505293520e-12
7.502190687259502041e-12
7.515324775889683094e-12
7.151138191852689738e-12
7.206020611077931907e-12
6.822898916898207888e-12
6.909331825883365732e-12
6.517260963721211601e-12
6.626341174067630213e-12
6.233598919526678971e-12
6.357768356085107866e-12
5.970982998953379220e-12
6.103999041599879197e-12
5.728277108797417048e-12
5.865125133506802244e-12
5.504221638990943660e-12
5.640991077686540047e-12
5.297499927572937977e-12
5.431242461079850842e-12
5.106793489757709396e-12
5.235371500733557130e-12
4.930815951329903135e-12
5.052760401333479163e-12
4.768299723821086713e-12
4.882717880299597151e-12
4.618098529809528014e-12
4.724510278886698936e-12
4.479145884156519407e-12
4.577386616699026688e-12
4.350432501155126930e-12
4.440623641980010798e-12
4.231045170831323411e-12
4.313446404046183758e-12
4.120152348788724968e-12
4.195168341132871869e-12
4.016999673257030447e-12
4.085118896111941369e-12
3.920904515630032216e-12
3.982665879880101944e-12
3.831250069442217792e-12
3.887217544789721264e-12
3.747479319898129025e-12
3.798223053675796054e-12
3.669089138544323578e-12
3.715171779289826538e-12
3.595624638236912743e-12
3.637591776022070370e-12
3.526673889807149485e-12
3.565047711199459560e-12
3.461863027592030713e-12
3.497138450399655155e-12
3.400851766262749086e-12
3.433494459059687064e-12
3.343329311674907190e-12
3.373775133941800411e-12
3.289010644153235711e-12
3.317666139459142274e-12
3.237633143964735972e-12
3.264876796326423741e-12
3.188953522335568926e-12
3.215137565140243160e-12
3.142745016812059880e-12
3.168197626728519919e-12
3.098794816303853375e-12
3.123822571245539669e-12
3.056900107302354979e-12
3.081792188214250253e-12
3.016861260577552742e-12
3.041898352845693613e-12
2.978526704815595863e-12
3.003942981331386541e-12
2.941680900685464699e-12
2.967736062516885090e-12
2.906160611366146778e-12
2.933093725645486135e-12
2.871791587713882665e-12
2.899836351373584908e-12
2.838402045457071240e-12
2.867786713143798509e-12
2.805815323828175858e-12
2.836768149482345668e-12
2.773847277441375496e-12
2.806602789637813730e-12
2.742313690072095055e-12
2.777106551633060613e-12
2.711024492049657815e-12
2.748101828820231288e-12
2.679797107178551937e-12
2.719395488687736166e-12
2.648428512976090713e-12
2.690786160565337935e-12
2.616741823282940927e-12
2.662072928199495691e-12
2.584448930849967648e-12
2.633046955086902506e-12
2.551432655583654199e-12
2.603496427813726666e-12
2.517486730811946010e-12
2.573210862559258314e-12
2.482438994862725639e-12
2.541987723652729633e-12
2.446155698258302246e-12
2.509643683347964801e-12
2.408550540149000048e-12
2.476032552770660203e-12
2.369597826597598255e-12
2.441033826486269014e-12
2.329345822317807469e-12
2.404565086534537360e-12
2.287926426270598577e-12
2.366682381400699272e-12
2.245558638244125294e-12
2.327474778393843200e-12
2.202543663770896487e-12
2.287168689366762351e-12
2.159250674542925862e-12
2.246029130522983746e-12
2.116095501047244247e-12
2.204424417236183484e-12
2.073511417343403933e-12
2.162774189476356704e-12
2.031890709154375668e-12
2.121521042483672944e-12
1.991655562611730250e-12
2.081098215305646253e-12
1.953092253699957673e-12
2.041898996335514602e-12
1.916448733678384429e-12
2.004189523150148990e-12
1.881855379028563834e-12
1.968395425706076764e-12
1.849404788108385396e-12
1.934540307695892656e-12
1.819147816790329694e-12
1.902727316747392686e-12
1.791024981214331293e-12
1.873028090629178873e-12
1.764961769166675265e-12
1.845385259429262993e-12
1.740857480087922387e-12
1.819710926626284599e-12
1.718567988456411292e-12
1.795897808646612439e-12
1.697996950136208426e-12
1.773806497124851549e-12
1.678991687738868458e-12
1.753330126423845652e-12
1.661422320938440534e-12
1.734313153584787224e-12
1.645164428554618002e-12
1.716619725223041753e-12
1.630101109582394562e-12
1.700119448037008434e-12
1.616124041817563408e-12
1.684689365283500727e-12
1.603133849389627805e-12
1.670214941296689573e-12
1.591039995842492351e-12
1.656591894337802495e-12
1.579760379046662816e-12
1.643727873406461480e-12
1.569225582762792618e-12
1.631526288140079965e-12
1.559365533653722129e-12
1.619905495826884047e-12
1.550117132198532838e-12
1.608790627146936386e-12
1.541425692628512286e-12
1.598112905213046712e-12
1.533241651827376452e-12
1.587809000118478986e-12
1.525519955770852522e-12
1.577808407364885185e-12
1.518219500025353491e-12
1.568082311561001816e-12
1.511290968032403723e-12
1.558567114334880309e-12
1.504724141113730599e-12
1.549216259114125388e-12
1.498473950383159747e-12
1.539986552693187803e-12
1.492510541851389041e-12
1.530838009386268650e-12
1.486805962932973408e-12
1.521733781834478814e-12
1.481333914560137286e-12
1.512640171668738499e-12
1.476069451435599091e-12
1.503526705539217264e-12
1.470988831107202401e-12
1.494366280646817006e-12
1.466069303755274402e-12
1.485135353424096589e-12
1.461288967700502013e-12
1.475814164434190538e-12
1.456626641029859071e-12
1.466386989110995285e-12
1.452061761657499160e-12
1.456842378535314441e-12
1.447574311354561774e-12
1.447173389407872816e-12
1.443144759889611020e-12
1.437377764390016420e-12
1.438754038707703497e-12
1.427458053600900922e-12
1.434383535602437997e-12
1.417421647413070158e-12
1.430015111242943766e-12
1.407280709527633749e-12
1.425631148091019529e-12
1.397051993393879086e-12
1.421214612223215791e-12
1.386766832944897463e-12
1.416749151093677274e-12
1.376430560111192000e-12
1.412228694438209407e-12
1.366080775456038257e-12
1.407620489854729246e-12
1.355748339207817776e-12
1.402919761434660344e-12
1.345466033966027601e-12
1.398114248413745483e-12
1.335267778930579459e-12
1.393193141214465080e-12
1.325187818286055966e-12
1.388147273376870234e-12
1.315259920634777419e-12
1.382969317370880623e-12
1.305516615528986909e-12
1.377653968844008552e-12
1.295988497184476474e-12
1.372198119322966840e-12
1.286703621559313194e-12
1.366601003679751754e-12
1.277687007507613283e-12
1.360864313536688927e-12
1.268959974627907930e-12
1.354992268996780089e-12
1.260541317649539141e-12
1.348991635775511617e-12
1.252444306984397569e-12
1.342871566640586453e-12
1.244679505635591023e-12
1.336642678642954689e-12
1.237253430289802409e-12
1.330323147448788927e-12
1.230168973163512841e-12
1.323924664055214806e-12
1.223425619386747988e-12
1.317466426378024129e-12
1.217019706480066505e-12
1.310967740454637574e-12
1.210944714451079536e-12
1.304448956293339502e-12
1.205191569529126926e-12
1.297931092098163866e-12
1.199748946477145220e-12
1.291435415253372022e-12
1.194603558730674078e-12
1.284983012682773559e-12
1.189740422426533860e-12
1.278594370696333166e-12
1.185143081134726140e-12
1.272288967898865112e-12
1.180793770815977097e-12
1.266084899737221314e-12
1.176673444254051717e-12
1.259998532097833312e-12
1.172761280396210946e-12
1.254044190352689428e-12
1.169031129274975187e-12
1.248233870249599322e-12
1.165459675460277925e-12
1.242576932025812200e-12
1.162066531962696808e-12
1.237079669025631510e-12
1.158789842691327828e-12
1.231744422039655580e-12
1.155602770077191528e-12
1.226568070819402721e-12
1.152483868888959239e-12
1.221569227710754445e-12
1.149405748873640738e-12
1.216729455254629997e-12
1.146337662216929751e-12
1.212053330999505209e-12
1.143245351842968444e-12
1.207508774669970557e-12
1.140090231785321540e-12
1.203083309193969979e-12
1.136828154391362382e-12
1.198756984570164955e-12
1.133408152297850647e-12
1.194503084464111013e-12
1.129775826454530335e-12
1.190287330702473324e-12
1.125853943307610993e-12
1.186065989452090629e-12
1.121554736536317532e-12
1.181787833113573818e-12
1.116774363108385474e-12
1.177382430628371717e-12
1.111375663631219345e-12
1.172757881489651684e-12
1.105181126296984855e-12
1.167796951590656997e-12
1.097960587216530328e-12
1.162316295221172547e-12
1.089425898348427268e-12
1.156090077267788974e-12
1.079198976719174441e-12
1.148821800563556753e-12
1.066774633049108901e-12
1.140052536864924436e-12
1.051477131533498625e-12
1.129125277259766511e-12
1.032407133776875213e-12
1.115077174508556888e-12
1.008380436111594751e-12
1.096482992530468499e-12
9.778658506334141396e-13
1.071247991087727435e-12
9.389877989641236604e-13
1.036364303018145066e-12
8.896651535185983381e-13
9.878646293349139510e-13
8.280652795244218027e-13
9.213777598812119943e-13
7.535494290544678043e-13
8.340926693256998934e-13
6.680105374337982934e-13
7.281596136849950729e-13
5.767318402181385733e-13
6.130118821860190884e-13
4.873689059590032193e-13
5.023642944594624179e-13
4.070530324292765231e-13
4.073403036372738342e-13
3.399138780625619292e-13
3.324028260156152160e-13
2.867359432561482630e-13
2.764334082669946125e-13
2.460973564280606940e-13
2.358048881667154589e-13
2.156984442916810619e-13
2.066103532260639034e-13
1.931877988541498740e-13
1.856047716762988777e-13
1.765954391098178131e-13
1.703636745729310967e-13
1.643359498028416162e-13
1.591619432625430422e-13
1.552233853451530348e-13
1.508369649894119987e-13
1.484388361906393112e-13
1.445573252348567028e-13
1.433100376097490995e-13
1.397602495761342012e-13
1.393998760878448381e-13
1.360534677552734282e-13
1.363852146092585860e-13
1.331598422263601413e-13
1.340329145354265064e-13
1.308776465934059378e-13
1.321768010981617488e-13
1.290510217918041790e-13
1.306943273158350226e-13
