# -0.6J_-0.4g_0.99484theta_1.0472phi_10Chi_0.01delta_500N
-5.823719754558607242e-01
-4.073202612649178267e-01
-6.333326287811725797e-01
-4.614736754012085246e-02
-6.448562723255123197e-02
-3.226686021906528534e-01
-2.591109128955321195e-01
-1.933608380396265869e-01
-2.427636348697015667e-01
1.902282741706148028e-01
2.535378390548753691e-01
-2.261451616624061967e-01
8.509625226414533339e-01
-1.576814084194235965e+00
1.040374346531629746e+00
7.693140733300297684e-01
-1.540023890863660538e+00
-4.795012779712616857e-01
-2.355462510240556584e-01
8.232089487216363022e-01
-7.098027567078805111e-01
-7.470364925225677633e-01
-8.641691780952188706e-01
-4.071191137453834541e-01
1.415418974519817352e+00
1.065614029707172339e+00
6.904665052859930707e-01
-2.853192543098616030e-01
1.351397954512972843e+00
-7.305519744437715124e-01
-9.770617532800146554e-02
-1.167368910524844816e+00
1.223239804509186568e+00
-7.294815599799900241e+00
4.011848514491189732e+00
9.257213255811015395e-01
-5.989595666561230658e+00
-1.063816915159639498e+00
-3.998897052930787122e-01
-1.597371092770652368e+01
5.352868633756947131e-02
-8.719432263852544551e-01
1.286640639397028663e+00
-4.988844739937799311e+00
-7.788514328553761690e-01
-3.904859104375803636e+00
-1.764415637881931431e+01
1.376829521700162706e+00
-4.603538326313342033e+00
-3.566124334313719402e+01
3.323925616825367246e-01
9.026264609725861421e-01
-1.171089748104943595e+00
5.012310790387371817e+00
4.421023168761148092e+00
5.654125699501219238e+00
2.133023805960911190e+01
3.055731861147250150e+00
1.301696263933649611e+01
2.849283265612362470e+01
-3.037326009036081520e-01
1.575128358728808964e+00
4.591244775517068777e-01
7.487726494769839647e-01
-1.852368133298187303e+01
-2.085908007886069271e+01
-2.848373790055380184e+01
2.175133461211891994e+00
-2.270377271869706348e+01
1.651603664556385853e-01
5.315855514947177146e-02
-4.923630718324559785e-01
-4.700019237939762062e-01
-1.324803090813499784e+00
1.025101257629297535e+01
7.106151385568082901e+00
1.607734757813518200e+01
3.185462869878270542e+00
1.527932427658059922e+01
5.812560302722304074e-04
2.297245922642104643e-01
-8.986161988107379539e-01
-9.173641847392559612e-01
-7.560620321345158379e-01
1.532922091168244627e+01
1.232031954952629960e+01
2.077832999709277928e+01
5.918517744493803079e+00
2.870896158241226459e+01
-1.726035534180861930e+01
1.838059030828438634e-01
-5.625865149914729413e-01
-5.210896536186880867e-01
1.329579516128679018e+01
-2.327294797229941636e+01
-6.308420314072279211e+00
-2.460635171607036398e+01
-1.127713634649738772e+01
-2.190992687613730538e+01
2.487072269285748973e+02
-5.962805875422010349e-01
-3.423503021310908001e-01
6.628920515082520337e-01
-4.804528713869085123e-03
-2.466768756635936977e-01
2.185671112214561673e-01
2.925924521114198207e-01
-1.332858177783491915e-01
-2.424465936510255271e-01
-1.951926386148906956e-01
-7.421688045364913666e-01
-7.399413892013736449e-01
1.009647923207279030e+00
3.783435728097838679e-01
1.387937849901645926e-01
-8.699936641362312484e-01
-6.777985632441227981e-01
1.211777179253057612e+00
1.274533690810482955e+00
7.831977316402836120e-01
1.330530807074082611e-01
-5.508701481304867364e-01
-3.475048597736740130e-01
1.725093314643967091e+00
-1.064753989748113555e-01
1.893719505040159845e+00
-1.027329708716504753e+00
5.860390283769395525e-01
-4.796573569899678091e-01
2.469202179947748432e-01
-6.320370562946592274e-02
1.751162310068612005e+00
4.582762527726598756e-01
-7.715302854143923916e+00
-1.893391242686964571e+00
-3.760321536817105681e+00
3.946110042122380701e+00
-5.191833438209266127e+00
2.000746609076079763e-01
3.443981571296200084e+00
2.542377692937277112e-01
-1.989820626548511662e+00
-2.746280163244708139e-01
5.518018150869856697e+00
4.064641272223792789e+00
-7.434538885984683709e+00
-1.487792733351433583e+01
2.211540494974999049e+01
1.328164543654361296e+01
-2.341335224991445685e+01
-2.217010498577879629e-01
-3.380329124787243011e-01
3.938983698698900887e-02
5.674332242482067468e-01
1.055827242978746083e+00
4.414121964933586661e-01
8.200162928004200991e-01
4.291282170402076268e+00
-2.803978332368297632e+00
-1.576442245022797284e+00
1.908034975759200502e-01
2.147596286167446824e-03
1.377514264678379119e+00
-3.703686329737228444e+00
5.012571831961358804e+00
-2.362736813990195373e+01
-1.498550673825817547e+01
2.386107081974351729e+01
2.458319470826855735e+01
-1.177068937485466549e+01
2.352279576149355345e-01
3.625589066134065064e-01
1.068204836090590693e+00
-1.701179369458587054e+00
7.061766476256346792e+00
-1.659208953650318463e+01
-5.114270425632641448e+00
1.664828644770672383e+01
1.197283024065461099e+01
-5.189694890463118604e+00
2.244236667516549821e-01
-3.610694924423609176e-01
1.263160944906770444e+00
-2.832764387784963755e+00
2.717423772996541587e+00
-1.985445245595393260e+01
-1.590461934802182675e+01
1.615765422678945384e+01
2.979384820113819288e+01
-9.007755300446165236e+00
4.713647043756871713e-02
-1.159545591607866605e-01
3.326093882390117606e-01
-7.792526117899933880e+00
-1.203485712040356681e+01
1.333893385739743920e+00
9.538883441905728899e-01
-2.702445022801803276e+01
6.542656616139646886e+00
7.361187392750203173e+01
-5.918295529100010555e-01
7.524640533683525367e-01
-3.990759116774590665e-02
-1.976431315599501068e-02
3.136846022583594795e-01
1.009394090610953032e-01
-3.583374345476319361e-02
3.130234295296419611e-01
-2.419417320990497333e-01
8.606043701074370111e-02
4.887698729903387496e-01
-6.535038983988948891e-01
4.982728141945915734e-01
1.065605422202875019e+00
1.952593089924317349e+00
-9.650309753787794653e-01
3.407263199618680294e-01
-4.022193084482086900e-01
-1.036364101062930310e+00
2.868351909903789007e-02
5.676665835175705999e-01
-1.069296561493897180e+00
-4.344214636424110210e-01
-1.165768418803567741e+00
-2.267044940784745388e-01
2.438038825772516627e-01
6.239514196776706489e-01
1.638332259767742105e+00
-9.019285468054374366e-01
2.289122762157144164e-01
-3.846641551993738167e-02
-3.768814343526920019e-01
-1.441533624732955099e+00
-6.225510294231920483e+00
-3.796401513304738184e+00
3.808630802705008644e+00
8.675268849670807469e-01
2.838857980283519655e+00
1.480184403321654907e+00
1.528566110690091406e+00
-3.212709068617726760e-01
-1.949624270532332171e-01
-7.380987160621615972e-01
-2.922458173903935919e+00
3.635066431438762624e+00
-7.748224143078907833e-01
2.071034092701012685e+00
1.063088164038884820e+01
-9.105804089262431233e+00
-1.031878180114604504e+01
-1.216308051328074680e-01
-8.578433753334712142e-01
-2.010214695697016829e+00
-6.791326653030004046e+00
6.549764562244185129e+00
1.340835892335192625e+00
1.257222911515631303e+01
2.243665395719864364e+01
-1.074333497794031445e+01
1.507658768444703590e+00
1.035480035036563523e-01
1.181526807393013315e-02
-3.952234478081703140e-01
5.197123222775511531e-01
-3.753756668732178614e+00
-1.951144923383709484e+00
-3.543140514510854544e+00
1.540100782169095517e+00
-2.105091758735808671e+00
6.477052418160890168e-01
-2.906152401304146760e-01
-1.353825399166765031e+00
1.066138921560314978e+00
9.664211549489556408e-01
2.914422906968313498e+01
-7.632917718546137209e+00
1.718796518203263801e+01
2.853244876178326450e+01
-2.799273783891291600e+01
-1.916185104846444176e+01
2.266495642759209506e-01
1.233184852423151900e+00
-3.298279971889566675e-01
-4.380566119776492795e-01
-1.875167792495858521e+01
7.523223720018349603e+00
-5.954589982817909188e+00
-2.232346600274212989e+01
3.011880817935572097e+01
2.840335753629061699e+01
-2.685701414445841317e-01
-1.267734599974205789e+00
1.904151968485652546e-01
7.865086887933928850e+00
-2.881760276681066202e+01
2.944822422470094181e-01
-3.871748928069146700e+01
-5.558893261388112705e+01
2.212455129598941994e+01
1.574047023735175230e+02
