# -0.65J_-0.35g_0.5236theta_0.0phi_10Chi_0.01delta_500N
-5.125593749944862276e-01
3.287905189960687591e-01
4.654171956127343690e-01
7.046964276854960074e-01
-1.524282287067115493e-01
2.583354915467984680e-01
5.207404470437122512e-01
-2.709824480078681930e-01
2.248248490448872539e-01
-1.678526258033009311e-01
4.286162248756353876e-01
-1.026261644194633504e+00
-8.309865722240722397e-01
9.912390828808248511e-01
5.103378238641650411e-01
3.409688249810740035e-01
3.675528117279606710e-01
1.580710529266808884e-01
-2.593693726315368653e-01
-7.342996133317643004e-01
4.610841972524984400e-01
-6.139090906622335364e-01
-7.689172791718639211e-01
-3.300885716302024986e-01
-4.146639454720807971e-01
6.265712674268903992e-01
3.959245383995769751e-01
-1.306191659070004674e+00
1.093859112021430935e+00
8.493372711349742588e-01
7.886522397170400156e-01
1.079287683599613024e+00
6.032540264239365235e-02
-1.035813566915943618e+01
-1.724741236197826044e+00
-3.209833199852344165e+00
5.179514953087388518e-01
-4.127444287378688514e+00
5.946781859268784665e+00
-1.678585520985493673e+01
-9.263617506994034634e-02
4.115240009537401433e-01
7.005934866257110434e-03
-1.844195535722040535e+00
-2.217633676835314649e+00
1.072826116113449357e+00
9.071762658132026536e-01
-4.764831162320104063e+00
2.497376017965519779e+00
9.194553031711695246e-01
-1.720900233905686139e-01
-4.089925822838403890e-01
-3.769043697754552169e-01
2.405720652816456528e+00
-8.038097196898003061e-01
2.751666041229965831e+00
8.936071578872262222e-01
-1.259758371559073664e+00
3.653434377453199100e-01
7.474956080143170034e+00
3.500860580731579574e-01
2.209265503305304912e-01
4.242640062087936759e-01
6.277712142533592221e+00
3.686731174074345585e+00
-1.418115612208159737e+00
-1.396110363504674901e+01
1.988311229216804676e+01
-2.182412591794120615e+01
3.394074376779470725e+01
-2.344146500864697502e-01
1.037360418716075650e-01
-8.062585117766956078e-01
-7.962805502078412978e+00
-1.033439407525524878e+01
5.057469730384366535e+00
1.381633333915284823e+01
-4.038867911714331171e+01
2.382906175139120819e+01
-1.241748285621317294e+01
2.245975773281657928e-01
-1.033067936348274346e-01
8.260384224981358603e-01
8.605807922484158823e+00
6.751720532055578872e+00
-4.683082907977476950e+00
-1.801021792514224629e+01
3.065617256260889789e+01
-3.585864171605415862e+01
2.141964264468562718e+01
-1.137760354166670040e-01
-7.593472691001852404e-01
7.963899032735441974e-01
-1.387212581577554538e+01
7.662388477759058070e+00
-1.771230131894425597e+01
1.349956650045224826e+01
6.715976637930689996e+00
1.339991477487922644e+01
-1.736480396279716274e+02
-9.500424926948088933e-01
-6.039555390508949406e-01
-8.892138692200957095e-02
-3.179711993914979273e-01
-6.033094379758341397e-02
2.508301652048042230e-01
-6.082765781750153200e-02
3.758458796865378204e-01
2.052961248436334651e-01
8.936773800773088750e-03
-6.056839587326289243e-01
-6.661039808788523642e-01
1.217564844830355958e-01
7.803853940576375992e-02
-1.682054168922503474e-03
-9.286662426368870182e-01
-1.288548746284119695e-01
-1.139271949429278008e+00
-8.878404611105369382e-01
7.852943444869742162e-02
2.239754332147437382e-02
2.506677886878971306e-01
-3.770928821267019448e-01
-4.283960331304780683e-02
-1.406228787524360202e+00
1.066005441520800234e+00
-4.323357784279232563e-01
-3.859322058588610105e-02
-1.031813109755056024e+00
-5.931910636919596191e-01
-3.062135548765320681e-01
2.117850308455509686e-02
-1.385192316809264190e-01
-8.579970808409960181e-01
-2.715118768402955407e-01
2.036623380287099661e+00
1.020789107082518132e+00
1.468902771427513354e+00
9.462922392861284893e-01
5.621955488472130114e-01
-1.755072705658899113e-01
4.814610154452461654e-01
-1.177452664482624423e+00
-5.408969270091945614e-01
-8.288460069790719587e+00
6.736229484071023954e+00
-2.744190056941212763e+00
-3.295512782269761409e+00
-6.480751334360705940e+00
1.231095946322643631e+00
-2.332902452817407213e-01
9.274105506066337989e-01
-1.141941028582057926e+00
-1.716224236315589291e+00
-6.143663145300303441e+00
1.055032376139006267e+01
-1.248506385768970439e+00
1.204070447680678724e+00
-2.497361294083552785e+00
5.050469562058867545e+00
-1.777599384540527044e-02
-4.728460951910983499e-03
-2.563150751123639548e-01
2.195994062848809492e+00
-3.318043020218278905e+00
-9.126171090674006781e-01
-9.223570165567217316e+00
-4.795986135798989025e+00
-3.995073907817543901e+00
-1.178307738186927134e+00
2.917795846394096726e-01
-8.480657172666310473e-01
-1.831141996503963532e-01
2.283836836169154783e+00
-1.502335511661659595e+01
1.445081683840166553e+00
-1.131521593446559670e+01
-3.690762655627467126e+01
-3.540983517151666149e+01
3.662377872681178204e+00
1.692678092165397497e-01
-7.017390077475743615e-01
-6.725960006465523389e-01
2.503571544231898205e+00
-1.395032982091310636e+01
-1.895118315979271495e+00
-9.327915221050746553e+00
-3.350469728406432779e+01
-3.800768390297707811e+01
-4.946793940580103133e+00
1.915280112570521068e-02
1.001142231781816383e-01
-4.382944587386438107e-01
1.125984858340542294e+00
5.065083985060619964e-01
-7.786491774722234638e+00
-1.382094416661697744e+00
1.761013869791840714e+00
8.916975105159522519e-01
-2.178482063368089783e+01
-3.403352579493755803e-01
4.281552349517692702e-01
-4.862900503481685788e-01
3.083159592321518261e-01
3.640754027797593606e-01
1.006650307824336760e-01
-7.791933692010226675e-01
-2.789294337585234707e-01
2.719486193428404808e-01
-1.311659605311909782e-01
3.442136572926228211e-01
-6.281627616356243449e-01
4.397271669288485563e-01
6.709327612167588217e-01
-9.270300818868933979e-01
-5.093942606622866576e-01
-6.613518726508427203e-01
3.196141380613831129e-01
7.109459767007973996e-01
2.855994251207143782e-03
-4.723524900766033485e-01
7.174724465938985274e-01
-1.576842222938510840e+00
1.511591226712752090e-01
-7.492915298540431257e-01
-1.056618669300486646e+00
8.690944031633268674e-01
4.697412195504495624e-01
2.350956494498829263e-02
2.860292574586048020e-01
4.777099617262001163e-02
3.506480543183206344e-01
4.451997679011618914e-01
-3.242804387651631703e+00
2.794649251874668394e+00
2.187327198923082694e+00
4.394820386083873487e+00
-9.445319051972482782e-01
-1.526173740425421643e+00
-2.347186512511021395e+00
4.736765925057959681e-01
-8.242346656011505512e-01
-9.798217399451355503e-01
2.191652768820460562e+00
-8.860135304315218008e+00
-7.029667291214584779e+00
7.686502630344892173e-02
6.601159946731294248e-01
2.479839469484911962e+00
-4.201231742863146046e+00
-1.719523550376379772e-01
3.756509784592714229e-01
1.203758716761355263e+00
-2.197281669898973000e+00
6.831802941705612753e+00
6.269552998980338465e+00
1.803413301320823114e+00
-1.333325089504024508e+00
-2.075486070232057223e+00
4.872989220832799617e+00
-6.020736603615096660e-01
-5.063529517972792382e-01
4.809022572249886385e-01
1.352471884042548567e+01
-5.082198103449605320e+00
-4.866996910983007574e+00
-4.479488295994057978e+01
-1.328406963611352909e+00
1.125114310556068631e+01
8.078265965709118035e+00
-2.393649960348270822e-01
6.851836611352866979e-02
3.813285608864974696e-01
1.592393997248430892e+00
-3.994351528909337201e+00
-1.864587521954699234e+00
-9.102961126749310239e+00
-1.000060486546170146e+01
7.700292613164473110e+00
-9.000220080061446026e+00
2.560507703380006661e-01
4.954384249704734122e-01
-2.150313588307738166e-02
-5.909617692385356058e+00
1.553939879627491472e+00
2.317944808712118221e-01
2.012463677240723214e+01
4.326591411471901516e+00
-1.235433330619113867e+01
-4.951034019919276830e+00
-8.996576082547474984e-02
3.861775649383351189e-02
1.982863097824159870e-01
3.291072042167858536e-01
-4.045454038835159416e+00
-6.904324124284252129e+00
-1.036344228553208424e+01
-2.407267451695640048e+00
5.418130460961665840e+00
-3.686810994702862843e+01
