# -0.05J_-0.95g_0.41888theta_1.0472phi_10Chi_0.01delta_500N
4.821225893632806805e-03
1.034238107917634288e-04
2.401696002649975730e-06
6.414357298117608246e-07
4.280623131767536563e-07
3.213123420038892398e-07
2.828838068531000240e-07
2.366021809707941301e-07
2.208470580647171462e-07
1.729485696364913614e-07
1.851664760120960653e-07
1.275266996188831880e-07
1.574492420236535541e-07
9.573233637414792702e-08
1.330432569611170466e-07
7.346840613077146810e-08
1.113085154671063064e-07
5.770696775785256186e-08
9.251183123333945564e-08
4.637116416284394836e-08
7.680190180432976796e-08
3.807411723308311339e-08
6.401361712729406380e-08
3.189299580337352884e-08
5.376983619597012342e-08
2.720888133357954507e-08
4.562215520381070826e-08
2.360111544287112119e-08
3.914358161215005429e-08
2.077931246076255100e-08
3.396953008764371816e-08
1.853977510453319330e-08
2.980647344350290845e-08
1.673736684191055897e-08
2.642549218064422657e-08
1.526714445728121189e-08
2.365095225215391213e-08
1.405218676349643753e-08
2.134908235419001431e-08
1.303540036405503772e-08
1.941818326721053349e-08
1.217391941832410476e-08
1.778081234469300881e-08
1.143520216968115322e-08
1.637775989387297133e-08
1.079430001587874623e-08
1.516350478070348134e-08
1.023190271005665905e-08
1.410281843533883889e-08
9.732930233533216584e-09
1.316824570255458992e-08
9.285518967935321381e-09
1.233823765977046535e-08
8.880288170672860624e-09
1.159576397418764464e-08
8.509804915730201332e-09
1.092727674443616041e-08
8.168190140123735777e-09
1.032193187162495330e-08
7.850825489419568438e-09
9.771000926455474903e-09
7.554131149934509427e-09
9.267420169538944382e-09
7.275394323018157321e-09
8.805447590605528307e-09
7.012634097017738102e-09
8.380391850923298606e-09
6.764484169058736662e-09
7.988405908300723181e-09
6.530101068848389257e-09
7.626318743261774943e-09
6.309079495298547906e-09
7.291507520233656082e-09
6.101375032606589486e-09
6.981791915943945934e-09
5.907232960369025985e-09
6.695351590402460895e-09
5.727120213130344956e-09
6.430660173761801049e-09
5.561660655720790012e-09
6.186432774406051402e-09
5.411570954922247889e-09
5.961584446195475185e-09
5.277600053998395111e-09
5.755198038205503310e-09
5.160471583393303812e-09
5.566499429459625140e-09
5.060833819874978521e-09
5.394838961535987827e-09
4.979215080672051677e-09
5.239678287118628292e-09
4.915988991536518539e-09
5.100581921552422021e-09
4.871349375789253909e-09
4.977212847706109563e-09
4.845294444102897991e-09
4.869331522543252743e-09
4.837617763183941881e-09
4.776797592464028463e-09
4.847901813455086039e-09
4.699573631151528031e-09
4.875508454285678766e-09
4.637730384715924907e-09
4.919559597682055250e-09
4.591452918244335290e-09
4.978901234357931306e-09
4.561047057322305738e-09
5.052044568781197497e-09
4.546944277258263595e-09
5.137079624613365950e-09
4.549702458007502554e-09
5.231559485666846289e-09
4.569999310953452385e-09
5.332357822268621192e-09
4.608614546636046363e-09
5.435509214807478983e-09
4.666397379054205666e-09
5.536051786271050812e-09
4.744214223783693156e-09
5.627905192226460569e-09
4.842871288696547407e-09
5.703833452327218063e-09
4.963001836329377193e-09
5.755558559626920990e-09
5.104903175780566710e-09
5.774101037718817257e-09
5.268347514404443301e-09
5.750416755362686232e-09
5.452337960742702128e-09
5.676360566074726368e-09
5.654813023814357743e-09
5.545926076845409017e-09
5.872324121306377916e-09
5.356581222450387507e-09
6.099721313805434015e-09
5.110382134958877941e-09
6.329907175544457767e-09
4.814469413595450423e-09
6.553744991442910961e-09
4.480624688251189005e-09
6.760225241372989767e-09
4.123837914139795459e-09
6.936983764923364908e-09
3.760202709638754693e-09
7.071222799965058209e-09
3.404723936304470090e-09
7.150993749736771577e-09
3.069627761653947869e-09
7.166680128740081369e-09
2.763505222595007350e-09
7.112409082730501991e-09
2.491279584396614566e-09
6.987067863313692075e-09
2.254747980807023040e-09
6.794650462486690090e-09
2.053380924253976643e-09
6.543810648815314996e-09
1.885126215968142401e-09
6.246705094395315254e-09
1.747073385718834562e-09
5.917396304431953399e-09
1.635930898931089122e-09
5.570177089347766385e-09
1.548328865144585978e-09
5.218148860546039403e-09
1.480988179918552519e-09
4.872261541084501323e-09
1.430802504560513930e-09
4.540866785225916988e-09
1.394875855563761521e-09
4.229710835905298272e-09
1.370542606612976994e-09
3.942227543295660177e-09
1.355382613864162208e-09
3.679984791933862225e-09
1.347230104715413124e-09
3.443166785607520175e-09
1.344172229252908596e-09
3.231016428698884906e-09
1.344531450179312031e-09
3.042200134227661443e-09
1.346834816436462656e-09
2.875084753283821653e-09
1.349776523828252542e-09
2.727932457297413486e-09
1.352181907137344008e-09
2.599026890401714340e-09
1.352979905190507870e-09
2.486745875192371448e-09
1.351188664093719324e-09
2.389594949208130221e-09
1.345916139350725269e-09
2.306213729630663351e-09
1.336375282939371165e-09
2.235364521329190215e-09
1.321910630640346726e-09
2.175910191721427793e-09
1.302031687164602271e-09
2.126786237584911841e-09
1.276446728591041326e-09
2.086971343349892112e-09
1.245090065942472911e-09
2.055457290376520598e-09
1.208136694298355820e-09
2.031222454323039749e-09
1.165999842423534160e-09
2.013209076979997039e-09
1.119309600820932722e-09
2.000306409762525572e-09
1.068873757128244859e-09
1.991340838272942721e-09
1.015624665544478871e-09
1.985073703444145143e-09
9.605579578138814282e-10
1.980207108716459168e-09
9.046698767956099672e-10
1.975397795449433100e-09
8.488998870189881667e-10
1.969279288772591345e-09
7.940840862679162065e-10
1.960492250014533990e-09
7.409230357254839646e-10
1.947723915192307227e-09
6.899652767007295477e-10
1.929755485206428930e-09
6.416051975799502938e-10
1.905517501931633284e-09
5.960949637401273580e-10
1.874148001864217742e-09
5.535612375442160926e-10
1.835051939407348195e-09
5.140301632070576326e-10
1.787953461547354577e-09
4.774517724636974489e-10
1.732934479094981932e-09
4.437233624033928325e-10
1.670452065422504990e-09
4.127097220904868350e-10
1.601328468201687737e-09
3.842597048720065219e-10
1.526711464615595527e-09
3.582185040829862171e-10
1.448006380464774021e-09
3.344361186089910260e-10
1.366786022829101878e-09
3.127724014133242443e-10
1.284689351754726808e-09
2.930992567919513374e-10
1.203318523831433762e-09
2.753005326882704586e-10
1.124148451599656889e-09
2.592702070850047989e-10
1.048454800864284536e-09
2.449093777569920949e-10
9.772658462385671816e-10
2.321227075182924122e-10
9.113384442278972902e-10
2.208148415114001041e-10
8.511559972775082586e-10
2.108873865572949318e-10
7.969442552128752121e-10
2.022368718038285810e-10
7.487005396651269264e-10
1.947539243273298858e-10
7.062319275749242669e-10
1.883236519658707771e-10
6.691992289885048399e-10
1.828270474314394018e-10
6.371629944125651804e-10
1.781430008768475009e-10
6.096284759850397843e-10
1.741507620914851948e-10
5.860866086123979923e-10
1.707324657504204063e-10
5.660483021052695784e-10
1.677755787557644827e-10
5.490702562247030862e-10
1.651752903863148013e-10
5.347713822048434609e-10
1.628365706972154688e-10
5.228398610809464130e-10
1.606761657526596889e-10
5.130314961992533554e-10
1.586240330761036527e-10
5.051604050352475987e-10
1.566243176192959352e-10
4.990832453897588995e-10
1.546357095484536200e-10
4.946783271037856940e-10
1.526307560058513891e-10
4.918213061411013272e-10
1.505949190241934784e-10
4.903596815448487900e-10
1.485241498279404349e-10
4.900889086788771847e-10
1.464238023115821937e-10
4.907332781667649496e-10
1.443040881106323985e-10
4.919345689544764466e-10
1.421786844549550852e-10
4.932506039224677303e-10
1.400619886208128689e-10
4.941650418052773205e-10
1.379670704461995930e-10
4.941081070115896143e-10
1.359041419954827575e-10
4.924876269906163376e-10
1.338794191154582977e-10
4.887290310308272554e-10
1.318946252590968500e-10
4.823224866988945110e-10
1.299468440595815238e-10
4.728740294139000439e-10
1.280287502919556317e-10
4.601552003681051037e-10
1.261291154295438491e-10
4.441429172990078271e-10
1.242335501729729151e-10
4.250395956863466691e-10
1.223252885017767291e-10
4.032648969463313213e-10
1.203861752013507338e-10
3.794162140999856816e-10
1.183974556605379540e-10
3.542029922985810242e-10
1.163409031230205562e-10
3.283682253535690751e-10
1.141995224261680649e-10
3.026133184954305400e-10
1.119583726251062155e-10
2.775402642162768169e-10
1.096052671431521981e-10
2.536183211344280737e-10
1.071312927984646163e-10
2.311749777129492823e-10
1.045312665993629813e-10
2.104057334770153225e-10
1.018039519482475938e-10
1.913951969601897286e-10
9.895213639501434699e-11
1.741425854190248750e-10
9.598253786584029290e-11
1.585866385496351795e-10
9.290554478254376753e-11
1.446271373128928450e-10
8.973480571782822550e-11
1.321419188099575273e-10
8.648669416356398781e-11
1.209994371654919058e-10
8.317967838533141145e-11
1.110673618975974439e-10
7.983361435072113149e-11
1.022182120752344537e-10
7.646901031759289984e-11
9.433261564283766430e-11
7.310652574597698717e-11
8.730097747374073507e-11
6.976610388452537490e-11
8.102407268438463671e-11
6.646653114477940484e-11
7.541300439924363742e-11
6.322511623967764641e-11
7.038857298035681169e-11
6.005718682696230291e-11
6.588080343537615088e-11
5.697600479207100926e-11
6.182782356459450353e-11
5.399261700438175432e-11
5.817536718637594185e-11
5.111585195318207178e-11
5.487575701746654094e-11
4.835237594521488586e-11
5.188724100583435520e-11
4.570685233165638156e-11
4.917332021601870845e-11
4.318210574107645515e-11
4.670211529293351946e-11
4.077932736900464397e-11
4.444583507592159507e-11
3.849829455382500163e-11
4.238023140091180290e-11
3.633759312062930027e-11
4.048419446084205816e-11
3.429483322611822483e-11
3.873930007108743326e-11
3.236685257829502574e-11
3.712962841684471637e-11
3.054990255064210296e-11
3.564117967323671833e-11
2.883981493947059716e-11
3.426183609992714663e-11
2.723214855895445673e-11
3.298104058963735122e-11
2.572231633759260475e-11
3.178959328270439206e-11
2.430569402503980434e-11
3.067941396419627753e-11
2.297771288041460139e-11
2.964352417892706265e-11
2.173393891889193717e-11
2.867571748867376594e-11
2.057014179042561793e-11
2.777056625905564411e-11
1.948235683282919945e-11
2.692322836522307014e-11
1.846692642566829156e-11
2.612957082912440470e-11
1.752064657380356131e-11
2.538557620349300721e-11
1.664066163217475787e-11
2.468787730129517750e-11
1.582469590369367149e-11
2.403333965243649650e-11
1.507104960711044884e-11
2.341909397947623255e-11
1.437869109959670444e-11
2.284251032986273911e-11
1.374729351817534484e-11
2.230117960220762133e-11
1.317729683828741030e-11
2.179287765067575021e-11
1.266961610498365945e-11
2.131554414919251848e-11
1.222542706565882733e-11
2.086725006991311187e-11
1.184556862871706048e-11
2.044624098598341412e-11
1.152980284988326134e-11
2.005082754466279390e-11
1.127617751327107319e-11
1.967944482890284691e-11
1.108082780572930505e-11
1.933062367878825616e-11
1.093805486823789928e-11
1.900299068149875173e-11
1.084103414878359120e-11
1.869523902257571907e-11
1.078255164192734253e-11
1.840613963996824471e-11
1.075563016130028193e-11
1.813456775810992253e-11
1.075411935232503330e-11
1.787947705693415893e-11
1.077258579560769058e-11
1.763981311584234274e-11
1.080659606993382386e-11
1.741463937899594621e-11
1.085260859804843066e-11
1.720312517008252563e-11
1.090771102510180174e-11
1.700444410198933962e-11
1.096963132867325539e-11
1.681784325118848448e-11
1.103661867846980489e-11
1.664261606532938842e-11
1.110724624811200974e-11
1.647811783705624712e-11
1.118041172984437498e-11
1.632375243146679016e-11
1.125524546964077551e-11
1.617896920490429127e-11
1.133105598968772681e-11
1.604325977142143160e-11
1.140729328732526560e-11
1.591615472870434510e-11
1.148351830882439241e-11
1.579722040766495064e-11
1.155937681745034492e-11
1.568605568463236459e-11
1.163456055376753180e-11
1.558228889274132130e-11
1.170887619267290352e-11
1.548557486072538154e-11
1.178210119982042904e-11
1.539559207978314829e-11
1.185406881442121655e-11
1.531202782424744991e-11
1.192463261535139108e-11
1.523462552331021453e-11
1.199368760751342185e-11
1.516310588952712973e-11
1.206110846952589240e-11
1.509721703673339873e-11
1.212680669002288614e-11
1.503671902241607115e-11
1.219069814044963870e-11
1.498138201071432110e-11
1.225270719211488001e-11
1.493098460815187795e-11
1.231276565317748120e-11
1.488531236376577805e-11
1.237081198381366698e-11
1.484415643951333135e-11
1.242679083874694436e-11
1.480731245765395031e-11
1.248065283315707980e-11
1.477457952551484316e-11
1.253235452283983944e-11
1.474575943098792616e-11
1.258185860833238283e-11
1.472065602313268998e-11
1.262913428655913292e-11
1.469907476876847506e-11
1.267414024245152343e-11
1.468082247095580600e-11
1.271689663259014643e-11
1.466570714920161368e-11
1.275737722952659760e-11
1.465353806651416441e-11
1.279558406272604186e-11
1.464412590314792405e-11
1.283152990017114591e-11
1.463728287830625389e-11
1.286524172534477963e-11
1.463282411496838631e-11
1.289675597306109770e-11
1.463056634653076679e-11
1.292612504508802375e-11
1.463033043183780267e-11
1.295341542992910882e-11
1.463194120486987221e-11
1.297872875192576013e-11
1.463522851623697621e-11
1.300217736269379607e-11
1.464002816818994311e-11
1.302389151055648686e-11
1.464618293629916294e-11
1.304402786131584661e-11
1.465354363694497459e-11
1.306278451860980075e-11
1.466197027126506480e-11
1.308039038930498361e-11
1.467133321540767363e-11
1.309711675235305417e-11
1.468151446383141128e-11
1.311324204903540839e-11
1.469240893872424810e-11
1.312911285719270783e-11
1.470392582760733342e-11
1.314511002961059157e-11
1.471599001032695956e-11
1.316167055760288309e-11
1.472854352206835779e-11
1.317928662754581893e-11
1.474154708109655482e-11
1.319845237265033968e-11
1.475498169311086582e-11
1.321976562468286370e-11
1.476885029877015347e-11
1.324381826823110251e-11
1.478317950156079261e-11
1.327128155883081185e-11
1.479802133724301699e-11
1.330285249198532006e-11
1.481345509483330001e-11
1.333925820063110894e-11
1.482958914757644718e-11
1.338124804043632824e-11
1.484656279134452313e-11
1.342958160192694301e-11
1.486454803164966474e-11
1.348501540540872561e-11
1.488375128074745385e-11
1.354828771091836697e-11
1.490441489010339214e-11
1.362010181221598052e-11
1.492681844224257169e-11
1.370110844127062919e-11
1.495127970932579852e-11
1.379188798974078519e-11
1.497815513454259796e-11
1.389293342511526185e-11
1.500783975181853745e-11
1.400463477116005251e-11
1.504076634124599145e-11
1.412726604180418219e-11
1.507740370400923949e-11
1.426097548855863034e-11
1.511825388292127172e-11
1.440577957770873155e-11
1.516384817029392232e-11
1.456156116590539784e-11
1.521474176896719697e-11
1.472807183558929611e-11
1.527150703531862832e-11
1.490493824043591228e-11
1.533472521821922257e-11
1.509167187530178797e-11
1.540497672064771427e-11
1.528768177750400169e-11
1.548283006016887842e-11
1.549228928848185209e-11
1.556882961750585331e-11
1.570474416482200863e-11
1.566348258784438511e-11
1.592424126548060996e-11
1.576724550247533850e-11
1.614993720193431960e-11
1.588051079559057340e-11
1.638096631797362467e-11
1.600359404662538258e-11
1.661645561414722392e-11
1.613672236559529983e-11
1.685553837463483304e-11
1.628002460672857040e-11
1.709736612816826822e-11
1.643352384257821428e-11
1.734111901305875017e-11
1.659713252323066494e-11
1.758601437856246152e-11
1.677065046074715995e-11
1.783131376048840987e-11
1.695376635336435830e-11
1.807632823593793825e-11
1.714606113195704817e-11
1.832042225210283942e-11
1.734701559178277771e-11
1.856301705416542319e-11
1.755601937560896547e-11
1.880359192756008255e-11
1.777238237517359807e-11
1.904167911211391425e-11
1.799535008875419534e-11
1.927686973572428868e-11
1.822411041148773310e-11
1.950880978242603114e-11
1.845781512030812960e-11
1.973719779624053752e-11
1.869559129618387197e-11
1.996178204268611846e-11
1.893655678213678992e-11
2.018235672118165126e-11
1.917983279046775063e-11
2.039874976390767436e-11
1.942455645872387099e-11
2.061087116359655601e-11
1.966989200677589588e-11
2.081861940817271899e-11
1.991504048484887261e-11
2.102193517401412231e-11
2.015924805363665942e-11
2.122079827514132997e-11
2.040181261887808857e-11
2.141521321402246411e-11
2.064208905969688484e-11
2.160520518863757391e-11
2.087949278361613491e-11
2.179081802914961567e-11
2.111350203833557966e-11
2.197211144913678068e-11
2.134365874132445990e-11
2.214915843964360141e-11
2.156956825627816266e-11
2.232204513530989575e-11
2.179089803001001693e-11
2.249086231122685542e-11
2.200737541011474883e-11
2.265570784806363296e-11
2.221878468711894787e-11
2.281668570951307922e-11
2.242496356285212432e-11
2.297390315998675700e-11
2.262579916644493572e-11
2.312746946722357722e-11
2.282122380236842544e-11
2.327749467208188600e-11
2.301121054284876427e-11
2.342408866753918696e-11
2.319576875219451007e-11
2.356736057024968732e-11
2.337493964487990949e-11
2.370741713783948689e-11
2.354880927474472157e-11
2.384436305039195288e-11
2.371743660023204034e-11
2.397830036656366201e-11
2.388094949821323298e-11
2.410932794702263068e-11
2.403947569035098300e-11
2.423754093794673031e-11
2.419315645535562354e-11
2.436303031409864247e-11
2.434214095998862278e-11
2.448589392036723425e-11
2.448658571306716047e-11
2.460621075984463962e-11
2.462665202668918545e-11
2.472406208437969778e-11
2.476250349404598420e-11
2.483953139970604966e-11
2.489431401877320314e-11
2.495268329174518636e-11
2.502223839605963882e-11
2.506359072075162890e-11
2.514642455365490157e-11
2.517232173073464336e-11
2.526703743387387918e-11
2.527894051009003757e-11
2.538426169528235480e-11
2.538350784831554475e-11
2.549819018493133614e-11
2.548608133539712023e-11
2.560901986166708586e-11
2.558671751294097656e-11
2.571687587954310838e-11
2.568547072955689844e-11
2.582187893972841530e-11
2.578238735688270537e-11
2.592415619844225846e-11
2.587751415543212097e-11
2.602382849299221081e-11
2.597091716498403403e-11
2.612100993193853309e-11
2.606259694304612836e-11
2.621580834266803887e-11
2.615261733440213810e-11
2.630832544768538895e-11
2.624099431968479519e-11
2.639865719463963468e-11
2.632780754029511364e-11
2.648689385027690097e-11
2.641307065392944338e-11
2.657312039025304003e-11
2.649682030705413038e-11
2.665741655208786016e-11
2.657908709770168183e-11
2.673985728836825204e-11
2.665989983874587520e-11
2.682051287036489064e-11
2.673928854639211042e-11
2.689944921956372379e-11
2.681728192410341186e-11
2.697672812490228043e-11
2.689390747010666911e-11
2.705240754329699849e-11
2.696919163961022241e-11
2.712654178938930018e-11
2.704315989297304213e-11
2.719918178391294930e-11
2.711583675580996945e-11
2.727037532428213253e-11
2.718724594466488233e-11
2.734016721232907434e-11
2.725741039212694269e-11
2.740859957848805819e-11
2.732635231090731210e-11
2.747571200940690614e-11
2.739409321693914946e-11
2.754154169642944658e-11
2.746065401886647517e-11
2.760612367757904051e-11
2.752605504318954728e-11
2.766949100697797290e-11
2.759031604001950859e-11
2.773167480110467210e-11
2.765345627391144188e-11
2.779270458248910578e-11
2.771549450119609271e-11
2.785260817707945467e-11
2.777644905079844932e-11
2.791141199138121873e-11
2.783633779023024739e-11
2.796914110986844236e-11
2.789517823149142231e-11
2.802581936240019454e-11
2.795298746761295500e-11
2.808146936700749086e-11
2.800978223688557233e-11
2.813611284714316957e-11
2.806557897444371242e-11
2.818977041678854978e-11
2.812039374334005712e-11
2.824246186850610013e-11
2.817424234133446182e-11
2.829420617355997778e-11
2.822714024340562343e-11
2.834502155639598790e-11
2.827910264320377630e-11
2.839492560270135695e-11
2.833014450850520360e-11
2.844393596795233613e-11
2.838028050075220141e-11
2.849204046957073796e-11
2.842952505227704193e-11
2.853931128696645662e-11
2.847789237390237383e-11
2.858573470513160708e-11
2.852539642131328344e-11
2.863132701704383279e-11
2.857205094583451327e-11
2.867612094742492833e-11
2.861786947133194110e-11
2.872009356929684363e-11
2.866286532616375583e-11
2.876326764133707026e-11
2.870705164889358725e-11
2.880569028881650720e-11
2.875044132906488789e-11
2.884734548837060162e-11
2.879304832155763560e-11
2.888823343497132013e-11
2.883488439800822434e-11
2.892838221345665219e-11
2.887596157577569243e-11
2.896780720172109339e-11
2.891629206401700416e-11
2.900652872630802505e-11
2.895588790198447467e-11
2.904452448242736708e-11
2.899476093946779530e-11
2.908181376259670360e-11
2.903292284676884944e-11
2.911847214758296255e-11
2.907038501105033047e-11
2.915443137936359804e-11
2.910715816917996559e-11
2.918972848925850379e-11
2.914325079845850844e-11
2.922437621283550025e-11
2.917867822635819019e-11
2.925838542520946277e-11
2.921345326417688367e-11
2.929176655057119096e-11
2.924758455170212350e-11
2.932452961251325815e-11
2.928108082357967348e-11
2.935668460167899075e-11
2.931395000402614564e-11
2.938824115772753002e-11
2.934620560162670995e-11
2.941920902847849325e-11
2.937785856922999050e-11
2.944959763917143464e-11
2.940894308632787322e-11
2.947941634621818065e-11
2.943939624989218481e-11
2.950867439855198866e-11
2.946930457098875510e-11
2.953738097098872985e-11
2.949864852642653363e-11
2.956554493619176709e-11
2.952743677277563197e-11
2.959317524027769451e-11
2.955567298577950747e-11
2.962028056751055306e-11
2.958340082564294937e-11
2.964686952868992730e-11
2.961059649570842569e-11
2.967295048916840570e-11
2.963726411642206317e-11
2.969853169803843210e-11
2.966340822861991331e-11
2.972362092850735955e-11
2.968906910435975752e-11
2.974822500874546103e-11
2.971423526993812935e-11
2.977232920101390186e-11
2.973892181628314416e-11
2.979599741314114655e-11
2.976313211828940705e-11
2.981919694020787172e-11
2.978687509464937291e-11
2.984197805601278246e-11
2.981015927505734755e-11
2.986428856824674133e-11
2.983299278705800735e-11
2.988615948046801287e-11
2.985538364009308726e-11
2.990757949042415514e-11
2.987733968489206656e-11
2.992858832591424667e-11
2.989886852086823301e-11
2.994919506344533257e-11
2.991997775456166866e-11
2.996939439418163773e-11
2.994067470225947674e-11
2.998920182868934037e-11
2.996096677692530718e-11
3.000861071248984978e-11
2.998086112751604572e-11
3.002763068114143653e-11
3.000036469236536882e-11
3.004626657277840917e-11
3.001948460476084111e-11
3.006452971360362975e-11
3.003822758337245957e-11
3.008243223411334482e-11
3.005660053029844613e-11
3.009997532444078317e-11
3.007460990796744361e-11
3.011716763856858371e-11
3.009226234149353166e-11
3.013401325913673191e-11
3.010956430793810706e-11
3.015051834068684872e-11
3.012652206397617038e-11
3.016668901244388461e-11
3.014314199957298404e-11
3.018253136068041572e-11
3.015943000026689788e-11
3.019805130239298110e-11
3.017539231304122497e-11
3.021325478774731919e-11
3.019103488675408629e-11
3.022814758443402357e-11
3.020636336477709137e-11
3.024273541645117422e-11
3.022138380253247563e-11
3.025702391790474934e-11
3.023610168224973051e-11
3.027101863371376453e-11
3.025052268004020308e-11
3.028472501385269505e-11
3.026465406493757385e-11
3.029814846113472065e-11
3.027850026490206225e-11
3.031129427369416113e-11
3.029206595499719667e-11
3.032416766015583788e-11
3.030535633909485100e-11
3.033677379422475498e-11
3.031837646089835324e-11
3.034911771667942024e-11
3.033113132312577007e-11
3.036120443143541230e-11
3.034362556226222504e-11
3.037303882002726776e-11
3.035587732786048403e-11
3.038462574357292207e-11
3.036786455534319661e-11
3.039596995336439695e-11
3.037960326504519212e-11
3.040707612477723588e-11
3.039105647932018454e-11
3.041794885896295450e-11
3.040231143652721940e-11
3.042859271376054091e-11
3.041337156367740979e-11
3.043901214276583419e-11
3.042418390601515881e-11
3.044921152715885591e-11
3.043474898114221425e-11
3.045919519591592958e-11
3.044509570253123562e-11
3.046896739957806447e-11
3.045523511684468962e-11
3.047853231838575993e-11
3.046516508934393293e-11
3.048789404109724931e-11
3.047488854251111263e-11
3.049705664929386260e-11
3.048440949114175217e-11
3.050602410026331692e-11
3.049373198010125786e-11
3.051480028984754883e-11
3.050285978967184330e-11
3.052338907439007782e-11
3.051179804464926163e-11
3.053179424573323794e-11
3.052055092053580536e-11
3.054001948555852538e-11
3.052912017926841713e-11
3.054806845635946979e-11
3.053750946992798344e-11
3.055594474500676530e-11
3.054572230687066853e-11
3.056365189880722536e-11
3.055376218364566440e-11
3.057119333507143511e-11
3.056163254080115984e-11
3.057857251488472663e-11
3.056933673970373155e-11
3.058579273631806174e-11
3.057687808559473705e-11
3.059285728814585500e-11
3.058425982075240037e-11
3.059976941633655763e-11
3.059148514636428329e-11
3.060653226954930683e-11
3.059855719785296591e-11
3.061314896498823004e-11
3.060547902378575218e-11
3.061962256769832104e-11
3.061225368647524505e-11
3.062595605427672272e-11
3.061888413568575305e-11
3.063215238166421397e-11
3.062537330184068677e-11
3.063821445015396415e-11
3.063172403239482440e-11
3.064414507334534759e-11
3.063793916660957801e-11
3.064994705027000236e-11
3.064402141435485208e-11
3.065562312270348810e-11
3.064997358450728494e-11
3.066117594145220888e-11
3.065579823800024928e-11
3.066660815778198360e-11
3.066149803640516167e-11
