# -0.7J_-0.3g_0.62832theta_1.0472phi_30Chi_0.01delta_500N
-9.960049648079365436e-01
9.681638601642629169e-03
8.621331837936400955e-02
2.216789635143109199e-02
-1.252855961639865769e-02
-1.734638691778631764e-04
-5.567816363991674213e-03
4.176261161507710106e-04
-1.120913513388271856e-03
4.772922842691887922e-04
-7.362510366563450011e-04
4.576984516324119506e-04
-4.015523343610251481e-04
1.262527754338953548e-04
1.079179171460668189e-04
-1.827863333297996562e-04
-5.947525186264357699e-05
3.436194240786289073e-04
8.398557329417687752e-05
-1.502159335133325369e-04
3.689803323232226321e-04
-1.252391446266076715e-04
2.271202833090452036e-04
3.412927492566285672e-04
1.170495857314331607e-04
-7.580240966041580956e-05
1.482462890431613842e-04
-2.416474297271319700e-04
1.117894733475276609e-04
-1.169472865874821835e-04
1.226071616509709188e-02
-7.545216309830566459e+00
1.126247646166558036e+00
-6.553969720000510923e-01
1.473598636780480087e+00
-8.237486369198082059e+01
-1.843749327086448897e+00
3.055632980686856737e+00
1.776594839640670642e+01
8.668354766408530310e+00
-3.989560748438771398e+00
1.088214589082523887e+01
6.503286245637495355e+00
-7.446503163804711889e-01
-1.003668238339921359e+00
1.540337345499359190e+00
1.214521065450355097e+00
4.598945629627206877e+00
-1.491323602691055683e+00
-2.037068401462824863e+00
3.945789659383220016e+00
-4.620268769174417645e-01
1.900744276294645152e+00
3.434281287231886637e+00
1.025248529285468280e+00
-9.359295768989455144e-01
1.362608601334613478e+00
-2.522046146719248760e+00
9.659734332116216571e-01
-1.517196362837948787e+00
8.700375817613380247e-02
1.086621962223528914e+00
-2.821328107122524353e-01
3.152041112384974531e-01
-6.677743539397587025e-01
1.216920424407963530e+01
5.850383184915664003e-01
5.746736777188215406e+00
-2.089102657675616204e+00
5.039088774395424686e+00
1.773093048671454142e+01
2.103851687932484538e+01
-7.905867139198006655e+00
-3.279665738977401990e+00
-3.069206002632131280e+00
3.367314633984214378e+00
2.777796413394790775e+00
4.520202454693811234e+01
1.938026958764341856e+01
-2.397260725058306718e+01
5.045349726932038692e+01
-1.363411775283061012e+01
2.824737107126153290e+01
5.020104951970142082e+01
1.555127841036284586e+01
-1.210967280435620630e+01
2.079193979545156168e+01
-3.456914452506847368e+01
1.622978371617658766e+01
-1.617647003961909036e+01
1.667733534900224177e-02
-8.165891267872501524e-01
4.674707963579983194e-01
-1.535307212736784832e+00
9.207101108619526464e-01
-9.760263549716928111e+00
-4.534118610051968368e+00
-3.857471956748778297e+01
1.518430482524744107e+00
-4.413494180679865764e+01
-1.079791629992701303e+02
-1.372383540416088579e+02
4.819644441320580341e+01
2.558937687744743172e+01
4.541186626535338888e+00
4.232017416620347916e+00
9.824227379537652238e-01
1.028517160601007241e+01
7.422286536940164936e+00
-1.107113163928135435e+01
3.441823849516677569e+01
-5.154283360203472775e+00
1.568256715279759739e+01
2.766785059874993635e+01
8.068623870102001661e+00
-5.628047427124531765e+00
6.866649105740393111e+00
-1.523284507795555420e+01
6.411428153682164677e+00
-9.437655694709267351e+00
1.192082953257337123e-03
-1.190565501082107236e+00
1.769682585539305242e+00
1.569066760090184642e+00
1.836752807915397767e+01
-2.896452370417373956e+01
2.156597625344755542e+01
7.020038957316565131e+01
-1.207776173163738918e+02
3.354289975990023436e+02
1.643356239327845572e+02
-5.112354695278973082e+01
-1.896054373149162302e+02
-3.444785761018253538e+02
-1.081327848222526811e+01
4.523049081234492519e+02
-1.142277455043398277e+03
-3.449146823873172252e+03
-1.627208603519541384e+03
-7.982838699664472415e+02
2.492834827688434416e+02
-5.719656579276040702e+02
5.480824723214180949e+02
9.488332517956539505e+02
3.076002114317569749e+02
-3.598409111190173348e+02
5.010116352960297945e+02
-7.247100901530939154e+02
5.132106204537724352e+02
-5.456239480666574764e+02
-1.126995716541720230e-06
-8.290853249250494628e+01
1.339999648622063155e+01
-1.099814778086925138e+01
2.447238450264839216e+01
-1.871531581879574105e+03
-4.375101034398401367e+01
-1.103945195812722524e+01
-1.132288902171690097e+03
-1.164018239905679138e+03
3.154763593611435226e+03
-4.633449340590886095e+03
-7.737430835290736468e+03
3.390292197042585371e+02
4.046284589615819982e+02
-9.267385717169681811e+02
-6.544960804508023102e+02
-6.044608015194620521e+02
2.705043663366496276e+03
4.479445613882133443e+02
-3.821414929997633863e+02
-6.378396903770914150e+02
-7.734223724323709526e+00
1.420642131037864999e+02
5.528650267783000061e+01
9.516381150017208768e+01
2.505571453633436079e+02
-2.594041089630946928e+01
2.468964007864746293e+02
3.939164023191664796e+02
8.516052053424745180e-03
7.138332569941363559e-01
-7.236544690697945814e-01
-4.604797244903653664e-02
-8.031565829723060546e+00
-2.720684246318762600e+00
-2.730038601549925836e+00
-2.953669384930616815e+01
2.200022626858860164e+01
-2.866470320930324078e+02
1.840545930005646724e+01
-8.447180897687667311e+01
-2.910052825544396455e+02
2.117608688710729439e+02
1.843980650541492992e+02
-4.106873140216360980e+02
1.495338484630391804e+03
2.057833957963275225e+03
-4.950768400199383450e+02
1.437042048307261666e+03
-2.412983513639660032e+03
1.242874719046967357e+03
-2.089651210277549580e+03
-1.853345154222500696e+03
9.787105802785576998e+02
-3.317143268174036166e+02
-5.818170243741878949e+02
6.848257022709329931e+02
-1.194848152904418384e+03
-1.000742309422505173e+03
1.892645490856133988e-04
1.535883249166533515e+00
1.373753356759628730e+00
-7.666600825516314721e+00
1.176561391537480628e+00
1.530333045198134201e+01
-3.036812021972844278e+01
-2.678639915629393045e+02
4.271282077591084203e+01
-4.665323513870811780e+02
-5.799020301122757246e+02
-3.917036671746906791e+02
-8.362062737773854337e+01
-5.324039410492274556e+02
-6.681082657691373470e+02
-2.691407044543965412e+02
5.045103476448078936e+02
7.644004216634302793e+02
-5.660153658094443472e+02
4.038557444948652915e+02
1.072840522389874877e+03
1.226686708029846159e+03
-3.378318899983550182e+03
-9.941483728038232584e+03
-5.293559463282521392e+03
2.037866081209058962e+02
7.403314936531314743e+03
-8.997990474258298491e+03
9.720410643583350975e+03
1.493023487063569746e+03
3.838411666890850066e-04
-8.370893082924567352e+00
-3.299418801372094645e+00
1.053269367847265592e+01
-6.389819773263207026e+01
3.442619480557644692e+03
5.349287349056754515e+00
1.365945978387488537e+02
1.052113323171361844e+04
7.938650825028174950e+03
-2.312401618694012359e+04
3.649224246614106960e+04
6.421877942121556407e+04
-4.829568479617158118e+03
1.207952861931866755e+04
-3.441003616407045774e+04
-3.665003735800151480e+04
-7.695384459690125368e+04
2.229288510937947140e+05
3.773999022768457507e+04
-5.814653653022329672e+04
-4.902358182627384667e+04
2.733842920140843125e+04
-2.588579980813155635e+04
-1.216578141008060447e+04
-3.240315399662714481e+04
1.356762500216996705e+04
-3.296321835640147037e+04
2.837351154825026242e+03
-3.414438444549335691e+04
1.887897852316508312e-04
-5.744126887669643189e+00
-6.951410586006155690e+00
4.320783074308968708e+01
-1.517364789856066665e+01
1.928749446533487117e+03
3.585505511229126228e+02
2.927632907194506060e+03
4.175405484209642964e+03
1.567052678826490046e+04
-2.794601543358301683e+02
2.550491324176414491e+04
3.676544583622185019e+04
1.197166835245392940e+04
-5.345130815336187879e+03
-8.367837306251005430e+03
-7.957429963758900703e+04
-8.627026243830863677e+04
1.185034938458679826e+05
7.313715696254708746e+04
1.644477858472689986e+05
5.866008479021031962e+04
5.107295377668787842e+04
6.799963382857105171e+04
2.843823928448794686e+04
6.181395042489038315e+04
-1.104100667586900963e+05
1.311095238071432395e+05
3.789236679703882692e+04
2.084291656540241675e+05
5.172647072014486874e-04
3.244711154074875648e+00
-2.174828103449877048e+01
7.580323682031230703e+01
-9.505429336832777665e+01
-3.848735708507053005e+03
2.906463209943648849e+02
4.397865473133131673e+03
-1.067213978727290487e+04
2.263560037411874873e+03
4.604344292131166731e+04
-1.864259103451297415e+04
-6.777524562737740052e+04
1.789486634002179562e+04
-1.418607460876336154e+04
2.513785358042028383e+04
-2.854461475478695138e+04
-6.049976862416385302e+03
-1.382009302621436073e+05
1.522751507631753339e+05
4.602006170864798478e+05
1.911178035609244544e+05
-9.929961856749572325e+04
-1.035794887112972501e+05
-1.237377777224648889e+05
5.206734256347311020e+04
-1.790574851260706200e+05
1.221296864197831310e+05
-9.865927342926811252e+04
-1.696627048544913705e+05
-1.997473624764753864e-04
-1.144989242738487256e+01
-3.005006606501654787e+01
1.275034881060185654e+02
-1.408326124330388041e+02
3.747371116975979021e+03
6.380118034548959258e+02
5.744833403585584165e+03
1.051637292577580956e+04
2.212658513142905213e+04
-1.500677334175178203e+03
6.525078032568843628e+04
6.319505150787967432e+04
-1.259806014426268121e+03
7.804666143096557789e+03
-3.889776297927614360e+04
-9.315351494484399154e+04
-2.162534511759378365e+05
2.884665584544163430e+05
2.066516995382088644e+05
4.484584896978480974e+05
1.328442098970114021e+05
-1.020059525594150036e+05
-3.002435737175329123e+05
-6.379995901796846738e+04
-8.504472546240829615e+03
5.286023495128189097e+04
-8.613397050600286457e+04
1.614272379760148469e+05
-1.689441643353048421e+05
4.272225296854298594e-05
-7.427382983845332021e+00
9.859193767943793318e+00
-4.377787189813216884e+01
-2.525066196609851232e+01
7.316419231398905140e+03
-1.275333404530824879e+02
-2.449843413615023564e+03
1.996323245941332425e+04
1.179059442751220558e+04
-6.022086748419525247e+04
5.654530506342004082e+04
1.312741152944058995e+05
-8.450309646631330907e+03
1.824448688752210001e+04
-4.777725359327739716e+04
-3.378825056630712788e+04
-7.008035280165959557e+04
3.459282479136336478e+05
-1.007774941820603417e+05
-4.140690819937513443e+05
-2.004137051158899558e+05
1.582415959342224232e+05
1.589114772289000975e+05
2.215210939820343629e+05
-1.210590894247246615e+04
1.252149073378164758e+05
2.046915354643308820e+04
9.590349394685601874e+04
3.713312101820354583e+05
-4.156527512066553361e-04
9.657864966758162861e-01
1.266203225497224638e+00
-4.510236722480410521e+01
-8.834134425997264373e+01
-2.403633171093493388e+02
-2.755544455045053951e+02
-2.067739001115692645e+03
-4.502850923733465720e+02
-8.855710533625420794e+03
-5.845201560759205677e+03
-1.589615439248682196e+04
-7.135239302143056193e+03
7.632463563255398185e+03
1.166217400004146657e+04
7.876925797357764168e+03
6.558620326419433695e+04
1.233333666992026701e+05
-9.840111254511964216e+04
-8.765383690390428819e+04
-2.767900858552197460e+05
-2.273575137711052594e+04
4.560110752583255817e+04
1.477418985174731060e+05
2.021225428685976367e+05
-2.245773120768485751e+04
9.494594983201476862e+04
2.188720999227304419e+05
2.674271503117504108e+04
3.893479773164115031e+05
-3.268299523100396341e-04
1.803644009767741530e+00
2.291513966725265306e+01
2.541594182672044866e+01
2.843429180060982731e+02
-4.998501731911988344e+01
-4.229069194145616848e+02
-3.721244679767603429e+03
1.410632456036812619e+04
-3.135576205749568908e+04
-6.447262747275582660e+04
2.132760043351934655e+04
5.931701251475261961e+04
-8.997752222791389795e+04
2.349884852640145691e+05
-1.554053516046549776e+05
3.039992831797602703e+05
-1.514785128128833312e+05
7.717644020314814989e+05
-1.081848330250447325e+05
-1.705052663273903541e+06
-1.256909563928450225e+06
-4.620060347945505637e+05
-7.836488599082882865e+04
4.942434198627326405e+05
-1.936090176870897412e+06
1.433318498538798885e+05
-3.890167174429258012e+04
-3.120598465247475076e+06
-4.531622704544925131e+06
-2.413410949718928773e-04
1.306087778380754738e+00
2.561100351723252544e+01
2.355179145638752303e+01
4.451178864888685212e+02
2.525133203978593883e+02
1.157438375500423717e+02
-1.047194183422940569e+03
-2.479513891942890041e+04
-2.494340200917859693e+04
3.706223068782585324e+04
-9.202455253985512536e+04
-1.936685935877427692e+05
-2.818512585100767319e+04
-5.098169691184822295e+04
3.317566450410573743e+05
4.980006774231501040e+05
7.337947364055428188e+05
-2.218689776103399694e+06
-1.110553697370172944e+06
1.984607028610731650e+05
1.230112735607490642e+06
4.219202426575555000e+05
-4.643383331068285042e+05
1.103425481957142008e+06
1.402692428398798220e+06
3.528022603845919482e+06
6.822487350906513166e+05
5.775347196363169700e+06
8.142427627563519403e+06
5.901489224677927735e-04
-3.859327617657961618e+00
-3.802647365711776217e+01
-2.510751447634668398e+00
-3.924624141579445222e+02
1.720933027686879200e+02
-4.571145054858284880e+02
-6.880751076422200640e+03
-1.334225318945192157e+04
-6.959234782075561816e+04
-9.007395254924651454e+03
-8.620442682719217555e+04
-1.743793801711504639e+05
-4.879425106153322122e+04
4.306818818587638816e+04
2.065473234623135941e+05
8.372188680261117406e+05
1.025658776562395389e+06
-1.776036837200171314e+06
-1.246052407037603436e+06
-1.036056093333400553e+06
5.048929044898158754e+05
3.203380714843140959e+04
-7.160599378170712152e+05
1.250594789705588017e+06
6.817787341268359451e+05
3.089308125138839707e+06
6.190198591016439022e+05
4.180184112577746622e+06
5.681836633897963911e+06
9.640869086997979828e-04
-6.578833325553774536e+00
-6.992262922733374353e+01
-1.690764204151619765e+01
-9.100342333166620392e+02
3.069603104540606182e+02
-1.888958945553918284e+03
-8.194283543090854437e+03
-1.651142579665080120e+04
-9.068059476754543721e+04
4.304036551395274728e+04
-1.075356200145122275e+05
-2.692345157391494722e+05
-3.100143967709931167e+04
3.715488163764711499e+04
2.732661845164327533e+05
9.533840626722291345e+05
1.474496115529437084e+06
-2.562040768926689867e+06
-7.555766922561249230e+05
-1.750361139189320384e+05
1.592128611466927221e+06
-6.190271812802691711e+05
-2.335873775149879977e+06
4.271523754103170941e+05
9.391344061950369505e+05
4.366488984364806674e+06
9.301797334454579977e+05
6.738919851320561953e+06
7.101609203526921570e+06
4.436675291067001506e-04
-4.490082248043580360e-01
-3.232069248525594674e+01
-2.991575028151223847e+01
-4.991494247308995682e+02
-1.522218792278541287e+03
-6.273816234878659088e+02
7.224788855010162933e+02
1.036739152679326799e+05
7.518276273849298013e+04
-2.428154074323971581e+05
4.034278613848953391e+05
7.997285368606523843e+05
-1.029375094053381181e+05
4.260445092733431957e+05
-1.296111434452221030e+06
-1.424370742035569623e+06
-3.354022007306003477e+06
9.256339174586752430e+06
2.944306417158283759e+06
-2.124615034553373698e+06
-6.228595314220520668e+06
-2.080348732858924195e+06
-1.192724345349635551e+05
-2.309752954420262948e+06
-7.246877807071452029e+06
-9.157575813928922638e+06
-3.875650145418225322e+06
-2.130994173766433448e+07
-3.409292339293903112e+07
-3.293374183768922343e-05
-2.986665679806685958e-01
-8.687174751214794099e+00
-2.532396711459951533e+01
-6.283753272971911201e+02
-2.911066225006228478e+02
-5.279958137519588490e+02
4.161848447874153862e+03
3.695062730569845007e+04
3.544908366217932053e+04
-1.774295752987040760e+04
1.641478622465325752e+05
2.486855009044283361e+05
4.997981669122703897e+04
1.374620215767193877e+05
-4.958637780138408998e+05
-6.927869738924556877e+05
-1.416831031849916326e+06
3.361238568887626287e+06
2.543420696065713186e+06
1.295243614457227290e+06
-1.142093580567250960e+06
-1.717504429150303593e+06
-1.225809587958225049e+06
-1.617782109376385109e+06
-2.495823427779403981e+06
-4.679381502575051039e+06
-1.403198891073964303e+06
-9.575048087186656892e+06
-1.690666398058259487e+07
4.037672472162264110e-04
-1.376913602952244631e+00
-2.398320500216424023e+01
-7.638394806029236861e+01
-2.730310010034996822e+02
6.090924768514457810e+02
6.255982239622952648e+02
1.347172794717064062e+04
-3.978053005187827512e+04
7.935879676495621970e+04
1.914062333827067632e+05
-5.250615570549321274e+04
-1.910248108596030797e+05
1.524212614771978697e+05
-4.020595401638862095e+05
2.590638714186377183e+05
-9.621732095410765614e+05
-8.356744968159622513e+05
-6.213931567769044777e+05
2.237925298520004842e+06
6.788498392442665994e+06
1.506674360112613533e+06
-4.738862868558474584e+05
3.521429179725652211e+05
-4.840614810833527707e+06
1.671080989373071585e+06
-7.286557295149712823e+06
-3.101693154046937358e+06
-8.115382916744727641e+06
-1.526352074087487534e+07
4.448202392970751159e-05
-7.271775602405415873e-01
-8.884334655082527732e+00
-2.801847799678188267e+01
-5.489534609331738011e+02
6.935110267569392590e+02
-2.405006512421379341e+02
4.908011865775484694e+03
-4.931240358133226982e+04
-2.427958943159814953e+04
2.079276182503948803e+05
-1.477065924145961471e+05
-4.337558149876467651e+05
1.296414800835231581e+05
-1.998156290359920822e+05
4.870831464043466258e+05
3.372229266918781213e+05
9.159594886389252497e+05
-3.642913470382230822e+06
1.029987661767016165e+06
4.517758964582500979e+06
3.866256182217453606e+06
-1.049507808244382031e+06
-2.108014359080889728e+06
-1.228052330247205216e+06
2.171984007098335773e+06
1.007369979726472637e+06
4.863941202450378332e+05
4.034923868876664434e+06
2.401107257934359834e+06
5.192992305313190535e-04
-9.366990049165657695e-01
-1.296482864493231979e+01
-7.121259958233852494e+00
1.105922932299952663e+03
3.803590706561648460e+01
6.747254571781840014e+02
-2.261770875101495193e+01
-2.801132790944991211e+04
7.190932271111229784e+04
-1.028718806819269084e+05
-2.119845571588894527e+05
9.656267018231471593e+04
9.847236086479570076e+04
-4.942392466282074456e+05
8.515285676120969001e+05
4.057132996388395441e+03
2.310797891375697684e+06
-3.935902827532451600e+06
-7.356523314367291518e+06
-5.376790695358263329e+06
1.257396673235314898e+06
9.936094165676137432e+06
1.022795918470506929e+07
6.752786762093780562e+06
9.755000749199332669e+06
9.750406763191387057e+06
7.038657292667572387e+06
2.546752319858634099e+07
5.791970071997456998e+07
9.212674597441086960e-04
-1.591188383287851504e+00
-2.161235756799791830e+01
-1.054780365117824559e+01
1.904711901759176726e+03
-1.855157135201367069e+01
5.910911406236226640e+02
3.121419543209108269e+02
-4.255595120254702488e+04
1.157629580819425173e+05
-2.357392026187916344e+05
-5.233491352658137330e+05
3.476849873702207697e+05
4.075376920884547872e+05
-1.485090970447249128e+05
1.102040281772708520e+06
1.894273914268050867e+05
4.973550582402679138e+06
-4.961300223878992721e+06
-1.098665916973009892e+07
-1.807931724406908080e+07
-3.435880992880228907e+06
1.584486686572503299e+07
2.937839647254065797e+07
1.825975731878127903e+07
6.029115706499975175e+06
3.337324101094363723e+06
2.368610355965344235e+07
1.093438271250053868e+07
7.982016254379484057e+07
-1.116853246135103735e-04
2.273664767051181423e-01
1.849505514598361211e+00
-1.495808586349828939e+00
-2.092900914656623854e+02
-6.747327206541387845e+00
-5.206287694769603149e+02
2.061685183211404819e+03
1.433237471829627248e+04
-6.604117358995669929e+04
-1.565645638915855961e+05
-1.775788925571947475e+05
1.141090678336231358e+05
2.177417037192126445e+05
1.202848567729162518e+06
6.203938287706434494e+05
3.356494484789135400e+06
4.820425808431109414e+06
-5.417149172556146048e+06
-8.440112504638787359e+06
-1.458842637722952850e+07
2.812455432242076844e+06
5.262713375492083840e+06
6.860833573686556891e+06
3.072381081610113010e+07
-1.940610841972833499e+06
3.009992838604852930e+07
3.256683628102518618e+07
3.246038556858475506e+07
8.971185712373842299e+07
2.612217986718583154e-04
-2.992817159513401770e-01
-4.175824916076924076e+00
-3.518839681730170366e+00
6.134719830726146483e+02
-1.270288366245840983e+01
1.206945623096188001e+03
5.173479995809418597e+02
3.321045366305139396e+03
-2.925121018653109786e+04
-1.028575768666725926e+05
1.031448332747973109e+04
5.978291002155051683e+04
-2.052286857054263528e+05
8.651446594230087940e+05
-3.663262548766519758e+05
1.035042451224742108e+06
-7.748934788224655204e+05
3.019946884264421184e+06
-6.845078507954969537e+05
-5.816863023493963294e+06
-7.156149581239672378e+06
-3.907346982680014800e+06
-1.302804633538933849e+05
5.586317285339597613e+06
-1.479785049514040351e+07
-7.059626074877451174e+03
5.206093123077122495e+06
-2.380206113544025272e+07
-3.159952096503772587e+07
-9.063753487247267837e-04
7.460114157780577404e-01
1.300353718694685767e+01
1.340421398897738037e+01
-1.736354620636666368e+03
2.167706930968024892e+01
-2.761604085177482830e+03
-1.346589508969543658e+03
-7.201589530287351408e+03
6.066905684745719191e+04
1.374160848156416323e+05
-2.687361839998781797e+05
3.126379472288882826e+05
9.056400678008019459e+05
-7.493154501959994668e+05
-1.570259122464008396e+06
-4.945836581559856422e+06
-3.507924357549523469e+06
1.329966396075909771e+07
1.722191228839677572e+07
6.746839528973570559e+05
-1.530487180603892542e+07
-5.476455747098806314e+06
2.068355109770338982e+07
-2.962206339074052870e+07
-1.003768971779042855e+07
-8.908382708960571885e+07
-1.446781383007920347e+07
-1.361770244364294410e+08
-1.896366613122451603e+08
1.189900417497795695e-03
-1.036726308499338112e+00
-1.362922922999806197e+01
-2.187499017302469539e+00
1.930662962945375057e+03
-4.663269446476644653e+00
-1.606080099536139642e+03
-2.801050922515537877e+03
-2.069137337613045020e+04
1.268521641275296424e+05
9.376675515372589871e+04
1.911580672389524698e+05
-1.236393753892266250e+05
-4.351238753446709015e+05
-1.540261531526205596e+06
8.601912275144435698e+05
-2.400980848981311545e+06
-1.753618247382458299e+06
-4.453193349045908079e+06
-2.937325531289965846e+06
1.299635349971658736e+07
9.859401776399066672e+06
6.936402157281833701e+06
-7.352115308409258723e+06
-1.420807854176821746e+07
1.885867200782031193e+07
2.257106884125154093e+07
-2.575987870988291129e+07
6.623465831521045417e+07
6.297343495915649086e+07
-4.651983750423722128e-04
-3.183505707637076382e-02
2.887831798007925332e+00
6.005748211808008996e+00
-4.280469274130677491e+02
1.044360206794220431e+02
-1.554608578958940370e+02
-9.439044842121439842e+02
-3.748151066565778456e+04
1.800442155127027718e+03
-7.768104473812752985e+04
-4.478876733162526507e+05
3.701438662151637254e+05
6.139113568137031980e+05
7.853451321179684019e+05
-2.008320546553074848e+06
-3.004033702919652220e+06
-5.270197644969115034e+06
1.989038609723630175e+07
1.514741589186147787e+07
-1.228706292841855995e+07
-3.516765766812544316e+07
-1.032005347806442343e+07
3.169209369197271764e+07
-1.827099742235726863e+07
-3.943166496916764230e+07
-1.050948121865845174e+08
-5.585500531570655294e+06
-2.168866731653593779e+08
-2.811253073545044065e+08
5.885557681648086095e-04
-9.298821082312426212e-01
-8.096985579599603966e+00
-1.173386330242854186e-01
1.159440963520070227e+03
2.070847130610503086e+02
2.908035210564801787e+02
-1.823018183278130437e+03
-6.492159968832617596e+04
1.742307159679286997e+04
2.010976896127380605e+05
1.781511972506839666e+05
-9.652109606377599994e+04
-4.957614992821384803e+05
3.749513643785731401e+05
-3.942933239019763656e+06
-7.147204016095207073e+06
-1.925024283935194463e+07
3.810165916199918091e+07
3.625179807468542457e+07
1.615576637341831997e+07
-5.330294129956158251e+07
-3.990426171779624373e+07
-4.137001339003733825e+06
-7.397990583004622161e+07
-7.072738279154916108e+07
-1.572873052455175817e+08
-7.614925080184400082e+07
-3.352631912681264877e+08
-5.885866285462272167e+08
-7.982450880005553112e-03
-1.517948785389708899e-01
-1.780997543555142004e-01
-6.889194877209285639e-02
-9.369046614700685671e-01
-1.046331667054864641e-02
2.395556806081119983e-01
-4.318703941491057463e-02
-6.731202065961484036e-03
4.806753749112617491e-02
6.339466850094903523e-03
-1.921006124780004487e-02
7.462076040930860910e-03
1.138821017256772331e-03
-1.817182863375040036e-02
-1.441272828274648386e-02
1.109770379318226335e-02
-4.294261288484826911e-03
-7.682849900288280616e-04
-1.332523594642744287e-03
3.831584887896909391e-04
-9.648134884552871972e-04
6.684658437302242818e-04
-3.419136815796888513e-04
-1.413028428591141944e-03
-6.984304039628896075e-04
1.040667306904981141e-03
1.404680519926981407e-03
-4.232416914276063949e-04
2.711443510813855664e-05
-1.755261923219163939e-02
-8.397594027825357443e+01
1.156262177904910260e+01
-3.812509783864341806e+00
1.035835398292389620e+01
7.891025584084664146e+00
-2.257413050818085409e+00
7.158562570158084171e+00
-4.347714685500213005e-01
-3.314587104525242189e+00
-1.314617864189816521e+00
-8.583634454195770980e-01
-6.643444843160534186e-01
-5.365418117472041892e+00
3.417632028675853917e+00
4.191322621231261536e+00
-2.103388206261427307e+00
9.753614092932182400e-01
5.493799268295790350e-01
8.828605675285318144e-01
-4.537553492912131947e-01
8.372465721642562420e-01
-3.840881546221656673e-01
1.530898543642749687e-01
2.778700627301208259e-01
4.531870215106935385e-02
-1.945840013245117850e-01
-2.365151236235368548e-01
5.028584710135568930e-02
3.902815864647232041e-02
-3.830026340938842006e-02
1.206188373134390091e+01
-3.502393325429512760e+00
2.875119851832208528e+00
-6.179353739563543613e+00
-8.882987855631268026e-01
-1.718550525804275919e+00
2.607986310175406075e+01
2.692811161112396601e+00
-1.399943732848610978e+01
-1.205229306870405992e+01
-5.763642107063176923e+00
-3.721725230833468512e+00
-6.983118387806901239e+01
5.022595648376709221e+01
5.721821922645131053e+01
-2.240838590647074113e+01
1.250394739201634842e+01
6.594456387434440181e+00
1.141852296577857118e+01
-5.998925675310998074e+00
1.130423060414780245e+01
-4.890634404372565136e+00
2.339858051515927961e+00
2.593418123330098357e+00
1.128224281048845201e+00
-3.204973840531061047e+00
-3.515230064006379163e+00
8.917425640721468039e-01
5.460307919402781485e-01
-2.237966496130690871e-03
-9.939735012206366349e+00
5.247087265299025027e+00
-1.698069315473038898e+01
4.813589796430963297e+00
-1.250865236984262996e+00
-2.448963899421917390e+01
-1.800329693433443481e+02
-7.981525277077141212e+00
4.688814779757483819e+01
2.455852314249163726e+01
1.347229077278029408e+01
-4.477713845995424435e+00
-2.313556151142802619e+01
4.454079223975003998e+01
3.220829106983377699e+01
1.644040787796109404e+00
4.176463352159022868e+00
4.538827636563754098e+00
4.391726429685827604e+00
-2.975527844448130566e+00
4.731826281440119075e+00
-1.583662062222422229e+00
2.041053546717805922e+00
-1.146932066504212866e+00
2.369637503907743525e+00
-3.818669386498265261e+00
-3.695336452115420389e+00
1.385212222558604767e+00
6.216247246937682824e-01
7.814034700723493376e-01
1.941365201615242730e+00
3.491478767792190752e+01
2.902725617472924569e+01
2.902684047529648410e+02
1.383691340973976835e+01
3.418973507732374628e+02
8.036196805528703635e+02
-1.245099991980786854e+03
3.649885747119408279e+03
-1.736276251013363776e+02
-1.401759441042725030e+03
3.450504449813651604e+02
-1.123857208476158803e+03
-6.007077639122086339e+02
-4.092572063897836188e+02
7.225968471058919249e+02
8.659286176757483133e+01
1.301556677891474010e+02
5.630300880347040220e+02
-1.846253082542345680e+02
5.755907796327808228e+02
-6.549552187866439112e+01
3.839346982924309941e+02
2.548993076283151282e+01
-6.648986394672706979e+01
2.377049183198450777e+01
-2.276943710036582900e+02
6.730646483409776692e+01
-2.031087238984850174e+01
-1.528266798064574147e-02
7.682355042274365609e+00
-1.253808543445319001e+00
-2.455994306938849014e+00
-5.658267287704593862e+00
-6.462250351910001633e+00
-9.105247608918899616e+00
-6.695557097279541381e+01
1.611066344936880723e+00
-1.115735305831285444e+02
-2.591919034357473706e+01
3.317347938956530840e+01
-6.425261024585783787e+01
-7.863196929090328524e+01
-1.933786117282934072e+02
-2.027096420951335887e+01
-6.822808097437130570e+00
-2.081816131045169271e+01
-4.636394805880708248e+01
2.177604682862729035e+01
1.553615700636162842e+02
-1.031554474437233324e+02
-6.426103694074411123e+02
-4.677355982098627578e+02
1.810461224312785816e+03
-4.983491137599255012e+02
-1.132681484309366169e+03
-1.500617591816976301e+03
-4.738031555914724890e+02
-1.519894641280765200e+02
-4.426876154623100024e-01
-1.240764696396116529e+00
-2.048038608742126598e+01
2.685678144452879335e-01
-1.777072308062093100e+02
-7.132964984084836146e+00
-5.576073841819182064e+01
-2.822105694946437779e+02
8.829934526662531198e+02
-2.854071429347858157e+03
-2.669025390912043605e+01
1.438314508602761862e+03
-4.368196451957505815e+02
2.412132111503808574e+03
1.487811903104660360e+03
-2.047999972840959572e+03
2.762945898737540119e+03
-1.651562826012196865e+03
-9.025195616827448930e+02
8.467862935743454727e+03
-3.340369148155172752e+03
8.328950286243374649e+03
-9.068047825359371927e+02
6.950919485769825769e+03
1.915595434508081553e+03
1.088383487718900788e+01
-8.211438882434591733e+02
-5.881790455841509356e+03
2.006296571037912599e+03
-6.379381344805349272e+02
-7.745456008069425725e-04
5.620644729505785087e+00
3.802098072259369843e+01
-1.812117887418704072e+02
3.132141385498918496e+01
-4.462711262740664608e+01
-5.351603247959030796e+02
-4.353144715376337444e+03
7.292306279256932839e+02
-3.945264688335048049e+03
-3.643728499866421316e+03
1.600298876798955916e+03
-2.470693533855326223e+03
-1.101714422970592568e+04
-1.530949012751646842e+04
-3.996791813724627445e+03
-7.062345556936372304e+03
2.091317930778157461e+03
-6.003590078493095916e+02
2.490336112412834609e+03
-1.053388848025054358e+03
2.148379291174628179e+03
-7.674866430042668526e+02
7.506805430286350429e+02
2.237161046397728114e+03
-1.669235065795938453e+03
1.923729137750048039e+03
1.041863910275822946e+03
-6.668417532130126801e+02
-3.858624629300293236e+02
1.024328744506028399e-01
-1.923563876071881174e+00
-2.342078083582343240e+01
-9.420991889708961509e+00
-3.990425519536642582e+02
9.035149430520471014e+01
-1.387222497105337425e+03
-3.637711620638757267e+03
8.052736949511131570e+03
-2.116933061788927807e+04
-5.107891730306542740e+03
6.418514349715862409e+03
-4.310350103436930112e+03
-3.280635294913121470e+04
2.535664198457693055e+04
-3.418237621240877343e+04
3.750664362677925237e+04
-8.997406917287722536e+03
-5.038549329934115121e+03
2.356750450110531165e+04
-9.413789411323701643e+03
3.737803858947937988e+04
9.057052643788508431e+04
6.786565968676541524e+04
-2.281411538113013376e+05
-8.122010916116229782e+04
9.856895677031470404e+04
1.022312381927361857e+05
-8.945315623626140223e+03
-3.954374508337242787e+03
-1.815131246297684575e-01
3.893768739655019573e+00
4.172286420324734735e+01
-6.252680369213320155e+00
3.986344138792984495e+02
1.936042666328187636e+02
2.489838874938366644e+03
1.645353444341483191e+04
-1.568598990385220532e+04
8.200802494927053340e+04
5.924570192922301067e+04
-3.726759910181334999e+04
4.600834340062973206e+04
1.870212779683583067e+05
-7.495104534825428345e+03
9.433662376292614499e+04
-3.118083145777162281e+05
1.030202759229009680e+05
-2.220525796114912737e+04
6.076976409337879159e+04
-5.605370111457347230e+04
5.637676262390663032e+04
-1.371799337829868637e+04
2.574353109943398067e+03
2.171360467875408631e+03
-6.992117282394335780e+04
8.634186519833425700e+04
3.774596519654391886e+04
-3.543449102127533934e+03
-2.001382356062760664e+04
1.151789313720159302e-01
-2.186263307133126776e+00
-2.696533683356749478e+01
-3.444126788227164582e+01
-6.193349895196148509e+02
-3.647449375113860270e+01
-3.728280814904728686e+02
6.662732150391615505e+03
1.115942842332234619e+02
1.595724894115610550e+04
3.194039536572663928e+04
-9.041895111003475904e+03
1.890588302009969993e+04
8.609008035830756126e+04
6.940340979925218562e+04
3.378943616789061343e+04
-4.162488634327653563e+04
2.492278073308789772e+03
-1.802794740980719143e+04
9.082807921317893488e+04
5.891538040345390618e+04
3.464496679437773128e+04
-3.811490176745824283e+04
-6.729752901268572896e+04
2.157752738954437664e+05
-1.834511308268147695e+05
3.082932336807040847e+05
1.561215670556573314e+05
-9.956645076906164468e+04
2.481662205245727364e+03
7.322063296536854282e-02
-1.023366001291582394e+00
-1.616596688362200496e+01
-7.255121127782038215e+00
-2.446058014854076248e+02
-4.977492617486018389e+01
-7.288912224982232146e+02
-5.641945755208408627e+03
8.666762056533492796e+03
-4.493006775265620672e+04
-3.065246747780165606e+04
2.578216073041151321e+04
-2.632326624947764140e+04
-8.961268601627160388e+04
9.536090237489413994e+04
-6.096380682850234734e+04
2.992326182911097421e+05
-1.266380368188147841e+05
3.065096903874458440e+04
1.127275423189490357e+04
1.314778095848112716e+05
7.854912647027555795e+04
-1.277776831915481016e+05
-8.761157223541579151e+04
4.165552207985477289e+05
-2.185636892923175183e+05
3.244049864675107528e+05
2.141573078950960771e+05
-8.173124373121240933e+04
-1.028630116295756670e+04
3.138237076119696628e-02
2.130305575980263183e-02
-8.465457281227363850e+00
-1.066313549642571701e+01
-1.356557915318832670e+02
-4.332517381441522275e+01
2.440862642209329465e+02
4.022017937155130767e+03
-5.123328134488594515e+03
2.410178564693441876e+04
2.091031290483805788e+04
-1.242385463453148441e+04
1.597750919994284959e+04
6.989760418521930114e+04
-4.505020265391955036e+04
5.502323781390556542e+04
-1.450818611829978472e+05
5.432041721607030195e+04
-1.160685917410251386e+04
1.033522892742755630e+03
-3.776092638122486096e+04
-7.056625301825829956e+04
2.743448902279610047e+04
-3.009725258819804003e+04
3.694360492715492455e+03
2.078279251116009837e+05
-9.855981758831111074e+04
-9.668658429597290524e+04
1.691368219603528632e+04
7.384707590733205507e+03
2.709515824186837230e-01
-5.202667445305800165e+00
-6.426761753572966995e+01
-5.661607179456736816e+01
-1.512999771594617641e+03
4.934619404960567834e+01
-1.954787391542334376e+02
8.105092690465315172e+03
6.647351424076812691e+03
5.007459717220354833e+03
4.762837551320511557e+04
1.177637506412795801e+03
2.563372183244000917e+04
1.765015249918081099e+05
1.416343322758121940e+05
7.382071731845425347e+03
-3.677444448184726934e+04
-3.040186068408850042e+04
-4.330267814043319959e+04
4.296240473863862571e+05
-4.185181793214093341e+04
4.327003935237602564e+05
-1.223396874218563898e+05
1.611552261854498938e+05
4.820084949543555267e+05
-4.471039698021534714e+05
6.189341784690641798e+05
1.606047512416591635e+05
-5.948295974582312920e+04
-1.254890781843870354e+05
-3.024463453900875370e-02
8.745872845118125571e-01
9.920416402225653130e+00
6.994451323955007682e-01
-8.723552218187927565e+01
1.644502035174041055e+02
-7.229066880077985843e+03
5.621755430341645479e+03
6.863366919921079534e+04
-2.688516551754334359e+05
-1.382864078300691617e+05
1.432096377740988100e+05
-1.507082704334242735e+05
-7.732945081195870880e+05
1.864647075263756095e+06
-5.228345591816049418e+05
3.213356367855929770e+06
-1.295767913921765750e+06
2.118163172994179185e+05
2.534875832353497099e+05
2.352517714726245031e+06
4.885331374282438774e+05
-1.418160627562820679e+06
-1.285951826104670996e+06
4.420105969415106811e+06
-5.840140048396067694e+06
6.780637403640067205e+06
4.999134634847600944e+06
-1.504432601231271401e+06
2.245513034348633082e+05
3.553213432694515145e-02
-1.378997951789877163e+00
-1.897517601349316863e+01
-1.450772352751558536e+01
2.115412495398702049e+03
-4.891679239095290654e+01
-4.819224191277370664e+03
2.439853401035657953e+03
-1.441981016163455752e+04
-1.434769341118115153e+04
-8.769239878375650733e+04
1.507679932646048655e+04
-6.474084312694182154e+04
-3.891024713155371137e+05
2.980155916123647476e+05
2.522400186649640673e+05
9.257119702581455931e+05
-3.638943624189476832e+05
3.589253325659005786e+05
-1.352825369390361011e+06
1.255080451442556921e+06
-7.653173909765039571e+05
-8.070538571939566464e+04
-1.840121594575793482e+06
2.855735755429602694e+06
-5.389889634310479596e+04
2.676116865481820889e+06
2.377977436365659814e+06
-9.274597245548876235e+05
-6.402619321576174116e+05
-2.793278153191978280e-02
9.538747966753453600e-01
1.202499802083179503e+01
3.403247609796842266e+00
-9.568847285107626703e+02
-1.306875357401182214e+02
8.713107595115621734e+03
9.629602873075052685e+02
1.127098554537022028e+04
-1.862991252464950376e+05
-2.039703063982171298e+05
1.734842465932139021e+05
-1.784645919288489677e+05
-4.244310073356799548e+05
5.586769366326899035e+05
-2.702142092708768323e+05
2.580441598335278220e+06
-1.166975362144682556e+06
5.119015919892116799e+05
-1.864262579047129955e+06
1.360779425710668787e+06
-6.129256665442070225e+05
-1.626991280599009013e+06
-2.726167400784776080e+06
4.973514146378966980e+06
7.481677994097997434e+05
-3.041809324180327239e+05
1.668970185232475633e+06
-1.502474294646214048e+03
9.718728529782253318e+05
-6.887869104607134826e-04
3.096234425509040641e-02
-5.962942693099655411e-01
6.918210501024513182e-01
1.191473946344901833e+03
-7.986610318955599475e+00
-6.568372240696604422e+03
7.468952674688373463e+02
-4.216826062771860961e+03
7.796123911741809570e+04
8.341997930281238223e+04
-8.732204973515529127e+04
7.088287503622801160e+04
5.217977190370571043e+04
-1.017710245394795638e+05
1.535164852250822878e+05
-9.920829131646490423e+05
5.312266619567825692e+05
-2.557052042014030158e+05
7.236236917703903746e+05
-2.749558031806083163e+05
-1.099769442124272318e+05
8.160668030512924306e+05
1.096945460157364607e+06
-2.482807237531712279e+06
-9.411669997302342672e+05
7.479027097633881494e+05
-3.537641435646910686e+05
-1.141128801894397475e+05
-1.308773096670781379e+05
1.023132554639433547e-02
-4.180572318908209462e-01
-5.311981001503859545e+00
-4.292928586691795445e+00
9.758381970964293259e+02
2.947209651826053118e+02
-6.916063663704437658e+02
1.033467128156366016e+03
-2.479426323135342045e+03
-2.769588057267654585e+04
-7.945942133635467326e+04
3.433680275393094053e+04
-5.061507802638914291e+04
-2.661156256226773839e+05
2.379656613392804866e+05
3.196700378158542662e+04
7.744713219840509119e+05
-3.702993850031433976e+05
3.870391342611102737e+05
-1.223258393934198888e+06
7.694597937397569185e+05
-2.800316426357264281e+05
-1.490920268781282939e+05
-1.272404510012928396e+06
1.555556638258789200e+06
1.669093560988080469e+02
1.565594836008852115e+06
2.091644935662338277e+06
-8.224264467428908683e+05
-7.267239535026478115e+05
-5.687920499027687010e-02
1.900334152727871428e+00
2.576195658058749771e+01
1.964491609154390162e+01
-1.890882509849579947e+03
-4.789843575452326832e+02
-6.230275099445981141e+03
-7.691160747553222166e+01
3.956417870019964175e+04
-4.223657823812933202e+04
1.640642301726240257e+05
-2.041756119825111000e+03
8.255465705351954966e+04
5.220309606891535805e+05
7.146044598129687365e+05
-1.286467290879611101e+05
-1.603637401249335089e+05
-2.338626000308810035e+05
-5.286009636304547312e+05
4.953633894041958265e+06
-4.321593701654141769e+05
4.081686288943896536e+06
-6.087176846335892333e+05
2.021727993076980114e+06
5.666549615923314355e+06
-4.227128586537491530e+06
7.530618859498573467e+06
5.294645131355862832e+05
-1.413002788604607806e+06
-2.900434931866711937e+06
2.129721045435778448e-02
-7.365769792692605789e-01
-1.030040509904407386e+01
-7.805586765953759887e+00
1.269917100909687861e+03
-1.349561402084675024e+02
1.243285605290525382e+03
1.396652202452271695e+03
-3.244393809097383382e+03
-9.486914801378862467e+04
-1.696521628926566045e+05
7.665957550775495474e+04
-1.357248012484195351e+05
-6.846305733076472534e+05
7.366314806777648628e+05
-5.844721048429104849e+04
2.272691146662235726e+06
-9.503591088908008533e+05
5.784106287107376847e+05
-3.096908835389074869e+06
3.097317983728125691e+06
-2.381751696307643317e+06
-1.966566583719333867e+06
-4.315117141629301943e+06
5.485320571559720673e+06
-3.118854946747682057e+06
3.764350789908367675e+06
5.468794292985175736e+06
-2.113724935578501783e+06
7.822120375855128514e+05
-3.608764401276313982e-02
1.232949208671928476e+00
1.607235128966001270e+01
1.228002367884611878e+01
-1.062513888131066096e+03
6.155314767520638952e+02
-3.987146356726623708e+03
8.657753709755769478e+01
4.430091001771565789e+04
-5.039951923854989582e+04
1.009974839250326913e+05
3.154084968799572744e+04
4.821930418321667821e+04
3.903064680128699401e+05
1.140283545358746080e+06
-4.042885879561752081e+05
3.639849577433388331e+05
-5.957796101736321580e+05
-2.691778628699477413e+05
4.685577223181069829e+06
-3.862630799619103345e+04
5.582201591307387687e+06
-2.357244209342392627e+06
2.324269856792878360e+06
7.537792342406073585e+06
-8.912058091654617339e+06
9.473931212411515415e+06
2.286319364158413839e+06
-1.949918917451493908e+06
-4.286857025991899893e+06
-9.282975655533470122e-03
3.663578655362362269e-01
5.440416739550173908e+00
3.768993668428262112e+00
-6.581657529411937730e+02
2.685402036830424095e+03
-1.773523458104343945e+03
4.487441938172897693e+01
-1.201740831340686418e+04
5.435180210283503402e+04
-1.565803011763044342e+05
-5.623026537768323760e+04
-5.303845757450233214e+04
-5.738455662483808119e+05
-2.804470147450107615e+06
1.129411517410298344e+06
-1.996842457617012551e+06
1.874616103290959960e+06
1.059484704017185839e+06
-1.108788074828879908e+07
-3.048351749180124141e+06
-8.093290637018566020e+06
1.539376874031137489e+07
-3.170405444926951546e+06
-2.854091733730233088e+07
3.058196636490349844e+07
-1.987380717813389376e+07
-1.792143673793188063e+06
5.674546367245056666e+06
6.056995297272118740e+06
-6.593590767067433744e-03
2.430912622575357729e-01
3.046240786604988759e+00
2.209571412741180740e+00
-1.081242628206239971e+02
-8.435026504135665846e+02
-8.158880450168198877e+02
4.749123911484757343e+01
3.009354753879993586e+04
-2.925604782780403548e+04
1.020750336331815342e+05
-6.406237801066800603e+04
8.160971743481249723e+04
3.589378299752259045e+04
2.188871142680170888e+05
-6.041613455059645930e+05
-1.864009725039018085e+06
1.631275680767329177e+06
-1.337428599880903028e+06
5.174690696696673520e+06
-3.317339883483365178e+06
5.329160485855154693e+05
2.064681495259838994e+05
1.075998988207888044e+07
-1.722595315869027004e+07
-5.526669095303297043e+06
-7.783321386631927453e+06
-9.131518924029372633e+06
5.421787299723404460e+06
4.033284479443340562e+06
1.060128861390464625e-02
-4.435317310044684103e-01
-6.525375615177877897e+00
-4.087143331916708533e+00
9.746379287082986593e+02
-2.154375231292892295e+03
1.090203571543353519e+03
-1.918603315789818282e+02
-2.396807224425372988e+04
-7.725649928226346674e+04
1.479572665591389523e+05
3.343705941929568653e+05
-8.530668646575376624e+04
1.734852426966155879e+06
6.960823956719655544e+06
3.148619637103190762e+05
9.707798662510233000e+06
-8.449297368242537603e+06
1.497012563074958976e+06
1.456217932499188371e+07
1.638431974886736088e+07
2.315423301805450767e+07
-2.769980363610094786e+07
-2.041276620463299006e+07
1.206597995635903925e+08
-5.263531562912819535e+07
8.824305939967316389e+07
4.145962077610097826e+07
-2.456972721320733055e+07
-3.056131379121940956e+07
2.761420833345980003e-03
-1.583228387333668608e-01
-1.538694518119054111e+00
-8.868897437044549470e-01
1.621714964557369569e+02
3.469117666165001992e+03
8.683477040466851804e+02
-4.821065973466639321e+02
6.997233934624133690e+04
3.195652418485402450e+04
1.054448233472348802e+05
2.627165357275124916e+04
1.801402587224175295e+04
-5.915540786667782959e+04
5.360588958653954789e+06
-1.391244583751745056e+06
5.429268659884049557e+06
-4.098819690266100224e+06
6.654263666343686637e+05
2.801737597750399727e+06
1.307688072119247541e+07
8.967176859731780365e+06
-1.658360952275707573e+07
-1.110790168524292484e+07
4.602614361207509041e+07
-5.448970357432552427e+07
5.284186997679824382e+07
3.884001468830785900e+07
-1.409164903595009819e+07
-6.926213257444541901e+06
3.425441679106403913e-03
-1.386312384252612051e-01
-2.227219532138750679e+00
-2.290875041004670987e+00
3.354442316260188477e+02
-4.212560794380884204e+02
2.651799161330143875e+02
5.275503535291419439e+02
-2.080644863997271023e+04
-7.152733051651054120e+04
-1.123373980096372397e+05
-4.114627698291210982e+04
5.248503879090224473e+03
5.662409875298893312e+05
-8.070642845050798729e+06
7.632839423155148979e+05
-1.109235622060815617e+07
7.787649547879047692e+06
-2.214415117627553642e+06
3.008671999625236727e+06
-2.858499484116727859e+07
-2.305089698268618435e+06
2.912662753583798558e+07
3.264949727898844332e+07
-9.041196638453732431e+07
7.571660400803382695e+07
-9.232274906291277707e+07
-7.195514711500051618e+07
3.020714098227518424e+07
7.203052534892639145e+06
2.262558772778901217e-03
-8.509280689030583600e-02
-1.725029071591205110e+00
-1.717501710019149419e+00
4.249377290541397088e+02
-1.792769558360274914e+03
2.216266452578351789e+02
4.986421464989758761e+02
-4.877369386413157372e+03
-1.135550648797497706e+05
3.747935897904678859e+04
2.255138717616205759e+04
3.636149424390009517e+04
1.139519183065572055e+06
-4.940505718180255964e+06
7.120639806984011084e+05
-8.791408071408221498e+06
5.910803062365042046e+06
-2.642540819917378947e+06
1.240871599473327026e+07
-2.280721603343708441e+07
6.487835587742378004e+06
2.000030361813437939e+07
3.160009983550672606e+07
-5.728115998427861929e+07
4.956989394970604032e+07
-5.686165989373383671e+07
-6.038712721454326063e+07
2.234514469259534404e+07
8.063791854708837345e+05
-1.321951669440460777e-03
6.382416110790128938e-02
8.919598609647968468e-01
9.537311503183802941e-01
-1.723338022338608368e+02
-3.072705894636069388e+02
-2.625231554009728256e+02
-2.489109070735098612e+02
-1.042010054893611596e+04
4.185804249611661362e+04
-2.524247012218059808e+03
6.126664555759334326e+04
-3.772851433719298802e+04
-2.895656643895762390e+05
3.430023041009085253e+06
-2.230680190833469096e+05
6.132115243704021908e+06
-4.672064419593356550e+06
2.031285468578646658e+06
-4.931745469866974279e+06
1.452112569683520496e+07
-1.054368695952311537e+05
-1.446882213786141947e+07
-2.088581937271759287e+07
4.861720909293116629e+07
-2.973234278308149427e+07
4.144126637493265420e+07
3.600247818447834253e+07
-1.976519297391466424e+07
-8.000070520873649046e+06
2.492772647801232882e-04
3.561354833987239268e-04
-1.453754372099325398e-01
1.476101352655830382e-02
4.547020647895432433e+01
-2.685551078032982559e+02
1.038095966145740903e+02
-1.231188922957006042e+02
1.480202960211096251e+04
7.838000749965800424e+03
6.612188728397504019e+04
6.617184325856565556e+04
1.980721419569685168e+04
1.899880452430395526e+05
3.721607304456320126e+06
-3.865076898230872466e+05
4.143985312884258572e+06
-3.593559692353461869e+06
1.521935650004995288e+06
2.576062297299229540e+06
9.756286316427657381e+06
7.462939229640060104e+06
-1.268708069306820817e+07
-9.907588413327181712e+06
4.409857675841321796e+07
-3.363549356298393756e+07
4.354028728555889428e+07
2.842913728639975935e+07
-1.957660704361717403e+07
-2.042308455672322959e+07
-8.985373886406244903e-02
-8.910925817560613749e-02
-9.197991646225390783e-01
-2.506658244690885273e-01
2.401501526700419720e-01
2.295815224839429722e-03
1.237712982374554738e-01
-1.018631415537684173e-02
3.041300942386301887e-02
-1.399176505143809139e-02
2.615891066806184939e-02
-1.149393294985842813e-02
1.333662453554795846e-02
-5.195547453084149205e-03
-4.745188025673232647e-03
8.409040219140156980e-03
3.088984384071013188e-03
-8.611599772185242127e-04
2.093107024215910394e-03
-9.948451026935334254e-04
-3.147517970049723774e-04
1.517607388661321903e-03
-1.448745509944496766e-03
8.110163781635240567e-04
-3.623290195620974862e-04
-5.387711643383591735e-04
-1.663958055854279096e-04
-1.438641585857955137e-04
1.167661088581846055e-04
8.097329076475802694e-05
-1.119919016692176028e-01
-3.115577236574539555e+00
-8.159544049790497411e+00
2.539201667460788414e+01
-3.098634088832265265e-02
-1.668046321598600912e+01
6.708600790796895308e-02
-3.617398526902314781e+00
-7.311694609544987600e+01
-2.385088873366322559e+01
1.144397569891913768e+01
6.026017628946519267e+00
1.945273235860607031e+01
-2.981647639823007623e+00
1.844670540893244670e+00
-3.504116826501382231e+00
-1.250627785950612525e+00
5.407194108306800917e-01
-1.060782571726202717e+00
-6.053030738135358746e-01
2.792470938303826533e-01
-2.523665219512510882e-01
-1.571109917438424208e+00
7.874561137716783454e-01
-3.019140857124011368e-01
1.058416842517952317e+00
6.148193464623563642e-01
2.766708570983779647e-01
-8.458394338981646554e-02
-2.174796686923501643e-01
-9.425148295364619289e-01
-4.086672692658747330e+00
-2.596918617292269360e+01
2.093914926109099284e+01
-2.176140554381951731e+01
3.834305830230936518e+00
-1.002125057736387959e+02
1.063099723691080278e+01
-2.929437398849641827e+00
1.441278960736415904e+01
-2.351732142133509029e+01
9.032152704560473921e+00
-1.616235777758885916e+01
7.347815082271158538e+00
2.973814754023588858e+00
-7.387114161047330541e+00
-2.156986348437046175e+00
4.999098596964385854e-01
-1.717097451722458201e+00
8.583759120706959678e-01
3.558746870298140630e-01
-1.585447857167310293e+00
1.866643005246218623e+00
-9.959340157775739000e-01
4.142516423660478897e-01
2.371344402162511855e-01
3.344428809188034618e-02
1.178205392720783895e-01
-6.550919199674182236e-02
-5.317057693865944595e-02
-2.011265933171514086e-01
1.480595656861794751e+01
3.726790791141450399e+01
-1.796165223648659151e+02
-8.711571957903609942e+00
-1.023585149376306624e+01
-4.339284606601697902e+01
2.065040538861802588e+01
-5.831758018743703076e+01
-1.558805615082504481e+01
-4.157966103585315487e+00
8.598560873461478238e+00
7.414491705518988951e+00
5.354913250772610489e-01
2.375896754111824105e+00
-6.441384903024617969e+00
-2.647185111612016861e+00
8.047321366336622761e-01
-1.736918128050377375e+00
3.089433279872569674e-02
3.877650016795330390e-01
-9.700365287736174569e-01
-3.269417233898309627e-01
9.922950341136851926e-02
4.462488251604099232e-02
9.250052457151045626e-01
5.594547399542580957e-01
3.155938651427147579e-01
-9.717003714667431236e-02
-2.277694219534254494e-01
-1.177864533720252155e-01
3.094773309102401004e+00
4.773173405857723139e+01
3.743184458960718075e+01
2.642531081424918398e+02
-4.607059606602547319e+00
1.214787285316104544e+03
-1.415211561011048502e+02
-9.011901131304733781e+02
5.961958764614107622e+02
-2.689517580840138635e+03
1.423707337612066567e+03
-1.770068846855709353e+03
5.153594708648254255e+02
9.602048488779537365e+02
-6.473213093868195074e+02
-7.016556984109600990e+02
8.187087085641637429e+01
-1.532002545776185229e+02
-1.141403323440669482e+02
2.430015753455515153e+02
8.259181495751659607e-01
1.490719820484455624e+02
-1.651674001159552176e+02
-1.716500167901004374e+02
2.737489852958780716e+02
4.859394145167578358e+02
-7.643108504145786810e+02
-1.142997829601428293e+03
5.626057630140628589e+02
4.242384375058746949e-04
-3.371197932875650061e+00
6.861578270164275795e-01
-9.280814701127920729e-01
7.188161494889683034e+00
-1.079969116028088223e+02
3.242112817282321657e+01
-7.150473508316498084e+00
-3.456800164135786986e+02
-1.156120664700131755e+02
8.053083069252930670e+01
-1.362565677848010637e+02
-5.049044565566979372e+02
1.889133246795346395e+02
-2.365761955005993684e+02
3.769596217977497190e+02
1.084805238826520650e+02
-6.789186494723675480e+01
3.492283944025341498e+02
-3.260189063686912959e+03
-8.603249577249621325e+02
5.356982391190619637e+03
5.934081049375112343e+03
-3.423124586292950880e+03
1.345487566248430539e+03
-2.995947784981809946e+03
-2.386232224624140599e+03
-7.390027098839278779e+02
1.482306300199506666e+02
-7.216604191951222447e+01
-1.304648520127086875e-01
5.981681364712344795e+00
8.810133790402234411e+01
6.480557729640595710e+01
4.656497877959541825e+02
-1.135072998781214970e+01
2.136284353597657628e+03
-2.614053002060151698e+02
-1.481171449900793732e+03
8.996620793762828043e+02
-4.448497993586148368e+03
2.261304660712222358e+03
-2.940490124716955506e+03
6.835825441043251658e+02
2.065591284871850803e+03
-1.740276587472027586e+03
-5.805618187296703354e+02
1.572948556431361794e+03
-1.197249868465128657e+03
2.310391859298463260e+03
-1.193816145301782853e+03
-2.504805388372085417e+03
1.292684213144509386e+03
-2.389680567010343282e+02
2.121446593665766159e+03
-1.148959822232334773e+03
-3.589170130098262689e+03
6.049017444071590035e+03
8.431981975637809228e+03
-4.329202257691510567e+03
-9.761020720576836507e-03
-1.081468968303330946e+00
3.426531624229873785e+00
2.157926101255324269e+01
3.488610451143651403e+01
-8.813087403016758969e+00
1.546339404107896769e+02
-3.465857493913476617e+01
-1.161051024379809746e+02
-1.956392719408209757e+01
-2.314755201453518225e+02
3.966933773418445952e+01
-1.728488671622834545e+02
-4.746091310101603256e+01
7.399968930385628596e+01
-4.596996961602633824e+00
2.750340555649091812e+02
4.629160611037123658e+02
-7.452611440129398943e+02
1.780738649216033991e+03
-5.070568587589959861e+02
-1.872040010662489067e+03
1.312984534725967023e+03
-3.699753679119166918e+02
5.927074612369458464e+02
-3.388317088868698193e+02
-1.091631006183283262e+03
1.591509686495436426e+03
6.047272786563764384e+03
-3.944735138007507430e+03
-1.703316760370574695e-02
4.975955794454953462e+01
1.955239021760921458e+00
2.398552261686556974e+01
-1.384135974585474742e+03
2.668931647810845789e+03
-7.977450450580802681e+03
9.986485075725009892e+02
4.205714098215119157e+04
-3.753595518732922756e+03
5.778764926104031474e+04
-3.713580261264010915e+04
5.766826222232140572e+04
-7.306373834297843860e+04
1.347216919969371520e+05
-2.328038927324000106e+05
-9.382113676913760719e+04
3.327165470440184436e+04
-4.889969268396331609e+04
-1.749722335340727295e+04
5.146832879217407935e+03
1.937687806965575646e+03
2.507961466230692531e+04
-1.617481495549805186e+04
3.110563041930091276e+04
5.043611830873310100e+04
1.150623617196363557e+04
-3.434777117494289087e+03
3.844283591960910599e+03
-1.843997488067686209e+04
5.530880699693077086e-03
2.327426167783776734e+01
-6.164745123229532275e+00
7.689018951398955082e+00
1.849695704674539911e+02
1.269981419283637706e+03
1.072851263406478211e+03
1.555428750099524962e+02
5.678403929210375281e+03
6.244151409482711642e+03
-1.008937805423589816e+04
7.109134382598576849e+03
2.635131016630797603e+03
-2.841568636907486962e+03
2.648132827416644795e+04
-5.084962880825716275e+04
-4.190238668652938213e+04
-1.703838898719239660e+04
5.892029926130714011e+04
-1.612103810151309881e+05
1.041972544550633938e+04
1.338435176273729594e+05
-1.481002316992339329e+05
5.028814225820521096e+04
-4.093564211263859033e+04
4.061785826926765731e+04
2.192806085650638852e+04
-1.165712250433122972e+04
-8.814353482818737393e+04
4.686497643004040583e+04
-1.565679154243814278e-02
-2.708298542541110265e+01
1.573940066504497892e+01
-5.591108837917322383e-01
-1.273937021197076092e+03
-1.483450003803355003e+03
-7.231159531626185526e+03
8.832236780650919172e+02
1.088548453853343744e+04
-1.388555771695115436e+04
6.088286233252348029e+04
-3.512977283636689390e+04
2.667733073064370546e+04
-3.082249110156744064e+04
8.981673505318804018e+03
-1.366472700943457858e+04
1.903071218186846090e+04
2.858672192863259261e+04
-1.435030024073245295e+05
3.582131500913900672e+05
9.131394200582281337e+04
-2.024930344045870006e+05
3.424281479035890079e+05
-1.937592701111712086e+05
2.608544845663013257e+04
-2.072206995752067451e+04
1.944893942130833966e+04
-1.928390238504541630e+05
-3.264914387353429338e+05
1.718737180957226374e+05
7.935833350622608848e-03
-5.610913828032334294e+00
-6.117638042478437121e+00
-8.248445952690365957e+00
9.595426813386643516e+02
-2.196798788136453595e+02
5.565769189102568816e+03
-3.911506672386560126e+02
-1.896321840851870729e+04
7.711131474396252997e+03
-4.336608696046673140e+04
3.049302582232795248e+04
-2.793080492119932023e+04
3.935477608400743338e+04
-5.711692131406712724e+04
9.618770443919819081e+04
2.548966772981584290e+04
-4.110916197498002293e+04
9.197308951214690751e+04
-7.953989192333884421e+04
3.680354951257231278e+03
7.735728906073013786e+04
-1.379097506171012647e+05
3.142428302308304774e+04
-3.904798952362555428e+04
1.190728542372423253e+05
1.022349833714244596e+05
1.838714874179571416e+04
-2.544603012304129879e+04
-3.207528957462855760e+04
-6.079604695079754775e-03
-4.189607342346533159e+01
1.238118194550183659e+01
-9.616633511563200898e+00
-5.498766162616312840e+02
-2.027269305698079961e+03
-2.982076921469029912e+03
4.724557716473652391e+01
-1.133585347619526510e+04
-1.089742548782990161e+04
1.893657328604473514e+04
-7.049092996148022394e+03
4.132397971360117481e+03
1.711532228735006356e+04
-8.728351512990024639e+04
1.523905416762990353e+05
9.160054037612005777e+04
-1.400522235370465069e+03
-7.226910140267231327e+04
4.218117977359069046e+05
9.646826836654894578e+03
-2.790180665234214393e+05
3.670263278494222905e+05
-7.567824793635301467e+04
8.251104938248412509e+04
3.595478622288614861e+05
2.394756980765902263e+05
-1.029125756079480379e+04
-8.809527762387794792e+04
1.139743894062038744e+05
2.956288779686695040e-03
1.415782594224349822e+01
-8.988924136871503379e+00
4.917323513998659301e-01
9.584936668006539549e+02
6.656124507666293084e+02
5.541455306495675359e+03
-5.994621493799436394e+02
-1.265671004690110385e+04
9.731252645782393301e+03
-4.823091663915787649e+04
2.885216224811121356e+04
-2.854706151922915888e+04
3.742871531624931959e+04
-3.866716136670151900e+04
6.394200384180551919e+04
1.124675713323622585e+04
-2.957643565216347633e+04
1.246267805753866269e+05
-2.713482916560646845e+05
-9.697557224083991605e+04
2.718340679418915533e+05
-7.123996147917346389e+04
9.556734554165831651e+04
4.980479818990527565e+04
3.135199944177446887e+05
1.040519070918223733e+05
2.389011471198670624e+05
1.777407320690257184e+05
-2.267650968423326558e+05
2.010386592216724735e-03
-6.333356084803326347e+00
8.001014194427746862e-02
-2.599225681277749889e+00
4.930174659002519206e+02
9.273773696386000438e+02
-3.310989508303777740e+01
-4.194848762576734202e+02
7.320806603332576924e+04
-1.043841660924706775e+04
1.367044599432983086e+05
-1.196992343644704815e+05
1.285639452418677392e+05
-3.508298345285781543e+05
8.107732821134139085e+05
-1.282272266758989310e+06
-4.514982259499376523e+05
4.891330907492511324e+05
-9.483112296473676106e+05
5.712956537813011091e+05
7.090808323782400694e+05
-2.930318399354481604e+06
-3.591628650440049358e+06
5.028772317082054797e+05
-9.892427827325129183e+05
-8.994277257262213156e+06
-4.063328628732176498e+06
-1.597881849268727936e+06
1.126206501182049513e+06
3.360921010000537150e+06
-3.288507763121387237e-03
1.286569105079330733e+01
-2.053831165332468123e-01
5.842846836186747161e+00
-8.643579381119309346e+02
-2.171826469723543596e+03
3.009671520292037030e+02
7.179298159243789712e+01
-1.457358836097636377e+05
1.098573824729303669e+04
-2.700982207544883713e+05
2.226538716865995084e+05
-2.599407997357853164e+05
6.617333869300771039e+05
-1.528577897372522391e+06
2.501744365304226056e+06
1.007080778878602083e+06
-8.311241975642578909e+05
1.653177923953286372e+06
-1.068559387479055440e+06
-1.760420389534674352e+06
5.088359346796122380e+06
6.791543376941747032e+06
-8.282889178790746955e+05
2.375748021390522365e+06
1.636412827664423361e+07
7.708988341437822208e+06
3.892562971066777594e+06
-2.950648809897385072e+05
-6.860520216795056127e+06
-1.556084812469581092e-03
6.564409044211083177e+00
7.928764077042499414e-02
3.296394999746858456e+00
-5.623880927688275051e+02
-1.424966430468544559e+03
-7.002808252631274399e+02
-2.740184993971467975e+02
-7.051739170723481220e+04
-2.224052641721999862e+03
-1.193869005284314044e+05
9.496854811942747619e+04
-1.293251527298967558e+05
3.102444138338058256e+05
-7.357664026320162229e+05
1.228992368116048397e+06
5.603778380364676705e+05
-3.153159855603249744e+05
6.476681497040647082e+05
-3.336709104563752771e+05
-9.492612212676948402e+05
2.226880132102954201e+06
3.488055212588849012e+06
-4.537048093412604067e+05
1.341319585675080074e+06
7.735622139193217270e+06
3.655300865271429997e+06
2.146572345228245016e+06
5.795582470424902858e+05
-3.194369166663336568e+06
7.431957448012267578e-04
1.556432524436972331e+00
-8.270475511133801305e-01
1.328489852779401841e-02
3.347239834091182047e+02
-6.315079790509831810e+02
2.300523694511022939e+02
-2.123627468748275362e+02
3.067429773116467550e+04
-1.368690021159635035e+04
1.023375803658383520e+05
-8.684278647149006429e+04
4.414492878685086907e+04
-2.039621010025225696e+05
4.300158725551025127e+05
-6.589194846343413228e+05
-1.879595793770464079e+05
4.094558230637987726e+05
-1.001862234278294374e+06
8.693548742462219670e+05
8.444515641683718422e+05
-2.127539466769427992e+06
-2.141663072571767028e+06
-1.049964297706875805e+05
-8.116255059279294219e+05
-6.553163239604801871e+06
-2.642698781815384980e+06
-1.747291294926474802e+06
7.635098316368409432e+05
4.223794719009102322e+06
-1.545959623354567361e-03
-8.814220624068644483e+00
2.728118037030097476e+00
-2.097622972687406939e+00
-4.490679883470887148e+02
2.881450602429549690e+03
3.717401959715310227e+02
6.184422150512797316e+02
-2.510962333968561143e+04
3.590130461902247043e+04
-1.845403510526621540e+05
1.658234761897359276e+05
-1.911805784696634873e+04
2.931002027858138899e+05
-5.336453230985002592e+05
7.432971243910767371e+05
7.762081057307145966e+04
-8.422182002886567498e+05
2.240017647605343256e+06
-2.156006821986468509e+06
-1.457818002160680480e+06
3.938446488466774113e+06
2.413178026403015479e+06
2.271463799338612007e+05
8.493416412791885668e+05
1.075691052582442015e+07
4.342346267682797275e+06
2.495226232262854464e+06
-3.109334794127243571e+06
-8.882446128251636401e+06
6.628947084244948742e-04
1.814474824998040248e+01
-3.528633361593433548e+00
5.910993919895297211e+00
3.088510793495653672e+01
-4.999127344536154851e+03
-7.375023505924705205e+02
6.434807560953365169e+01
-8.739336415213279543e+04
-3.602052560420495865e+04
1.103647496143221542e+04
1.706628206573109128e+04
-1.144771783007217455e+05
2.135916221176914696e+05
-9.011017056347182952e+05
1.671407541822328931e+06
1.003694487595540122e+06
-1.449089876173703815e+05
-6.335864139626201941e+05
4.559093580966227688e+06
-2.212070114231809857e+05
-4.136029841113687726e+05
8.795668646256098524e+06
-2.619912097802659497e+06
3.102114800873304717e+06
1.265552711489270069e+07
7.086502086668893695e+06
1.185343364526511868e+06
7.047108633762851241e+04
2.834858240890460438e+05
3.505964268900432822e-04
5.447593193630899222e+00
-1.390171115431231730e+00
1.591899054652931911e+00
3.340518783355981896e+02
-1.593053839197969410e+03
-1.056566384020153322e+02
5.918801097886828302e+02
2.614732100110606552e+04
-1.514724493043197981e+04
1.346972370174718671e+05
-1.003065099859997426e+05
5.777564700903592166e+04
-2.291110122345669079e+05
4.394969224034251529e+05
-6.963674045506041730e+05
-2.602761341222437040e+05
3.429540547542775748e+05
-1.088114096465308219e+06
1.690652335371160647e+06
1.394259890605325811e+06
-3.117386845126339234e+06
-2.627279004713063128e+06
-1.469575287081388888e+04
-1.546211218968437519e+06
-7.721834298681386746e+06
-3.708638535198317841e+06
-2.858757689780850895e+06
-1.648235043272151845e+06
2.781842887428082060e+06
-1.478284263836630126e-03
-1.799504145115697540e+01
4.555612883858251472e+00
-5.044576076188018732e+00
-9.297563648097240048e+02
5.014844238790587951e+03
1.225891969173976122e+03
1.651472239463870437e+03
-1.368364050271104497e+04
7.405466936872720544e+04
-2.836527209324929281e+05
2.178375130796787853e+05
-1.204926036134300812e+05
4.117523946504694759e+05
-3.707087767656971700e+05
2.756641812248075148e+05
-4.472728907166584977e+05
-9.607338728780329693e+05
3.191336614061273634e+06
-7.756377250563679263e+06
-1.574488324973908952e+06
8.501262515371639282e+06
-2.158010336933665443e+06
1.253550943885459797e+06
-1.104053969190390781e+06
5.138874069077547640e+06
-4.859892841597228107e+04
2.563706098959493916e+06
-4.433483770354717039e+06
-1.233872160741634108e+07
2.570066986721068324e-03
-2.665657472561063113e+00
-4.121367526452415220e-01
-1.438837777043864730e+00
1.936560893349664866e+03
6.777703829353309857e+02
-5.273058528006953566e+03
-8.609601070992047198e+02
2.331687668484973619e+04
-1.037627080694662254e+04
-9.675903714000625769e+04
-3.125338469743414680e+04
-6.228710782836730359e+05
8.117949254456053022e+05
-3.155791730892146938e+06
5.788148830879892223e+06
3.305770931718968786e+06
-1.811738939475047635e+06
2.429087962295869831e+06
-4.865559769684313214e+05
-1.186021708331402577e+07
3.662619565508344024e+07
7.784229700471544266e+07
-1.953632819342317432e+07
3.044184269003332034e+07
1.213800437849218547e+08
5.350666860553377867e+07
2.435521262026245147e+07
9.211370442441446707e+06
-3.862436917439637333e+07
-1.331756803324247529e-03
-7.092121145800223125e-02
5.408310293550221415e-01
4.034577068031444114e-01
-9.848069239721895656e+02
3.603244622282391560e+02
1.996986326826786581e+03
-6.905636495221318910e+03
-4.446487453069735784e+04
-3.237891078944889159e+04
-2.772023101585574477e+04
-1.737093121648090892e+04
3.733131169037311920e+05
-3.720054091637512320e+05
1.425457438406657660e+06
-2.407949609132057521e+06
-1.046010223637258634e+06
1.745516344545573695e+06
-2.266900289545490406e+06
1.530866835366872139e+06
3.660505764549016487e+06
-2.294569580874003842e+07
-3.911310977509215474e+07
1.452036470960840583e+07
-1.241108269634712301e+07
-6.145848939172326028e+07
-2.679787983259911090e+07
-5.271390406253770925e+06
1.064049163619378768e+07
2.687825309014844894e+07
1.148196423742780864e-03
-1.333070541308834622e+00
-1.408778400940214337e-01
-6.813692842769576430e-01
9.516732569949463141e+02
5.795509055825798441e+02
-2.618227822627095065e+03
-2.495339747456539953e+03
2.090384352838547420e+04
-3.153109366272679108e+04
-2.280207627801709168e+04
-6.069951803172879590e+04
-2.517448509230274358e+05
2.891960399534772150e+05
-1.173457851493681315e+06
2.502199451508526690e+06
1.933395750718120253e+06
-1.392684683003684622e+05
1.589161167466943443e+05
6.241705477624906925e+05
-6.561777576750717126e+06
1.432666019183828682e+07
3.445387838062813878e+07
-8.141308513363115489e+06
1.717840877227871120e+07
5.119916903826767206e+07
2.465549352453706786e+07
1.663542420002289489e+07
1.375337536641456932e+07
-1.046050040524060279e+07
-1.884944962177418195e-03
4.436984192449141773e+00
-1.979981105800980301e-01
1.849442834055709195e+00
-1.468174907846436554e+03
-2.233604941067257187e+03
4.000098040112090985e+03
1.044927732129070137e+03
1.093432491214729671e+05
7.435375037654934567e+04
-8.730098355616486515e+04
-2.407892769271827710e+05
-7.621684996843379922e+05
-1.276761540981217549e+05
1.954271305212293752e+06
-3.333717304144663271e+06
-1.649696232943498297e+06
2.509839262444688939e+06
-3.298318438906845171e+06
-1.969701356265851483e+07
2.367512450951267034e+06
7.485440126929582097e+06
-2.162991612567745149e+07
-5.700130969636162044e+05
-4.766321078708892688e+06
-7.676712705783836544e+07
-3.806695275205676258e+07
-8.253988164388189092e+06
2.961883616769948229e+07
3.567012854183450341e+07
-4.264888894380436564e-04
1.809121605349070849e+00
-2.342966887136471998e-01
7.536906388620064901e-01
-3.760445171507816440e+02
-9.382574784524040297e+02
7.169007677995571157e+02
-5.286928002404595645e+03
7.537780783180911385e+04
3.223313140622368883e+04
-1.251681809266911878e+05
-1.072752908927186509e+05
-3.264606998447135556e+05
8.526054883227165556e+04
5.944670054633162217e+05
-1.359099013037735829e+06
-1.029722274143655901e+06
2.348652302318569564e+05
1.769007743057258893e+06
-1.136114304479574971e+07
-2.613999445083976258e+06
1.050382794816523790e+07
-2.292347966796670225e+05
5.221726802753748489e+05
-1.249249282320722938e+06
-1.294087657331433333e+07
-1.860770018139154464e+07
1.451999526107981335e+06
1.646871708154314256e+05
-2.483098402095321193e+07
-1.706525212741732457e-04
5.717881378273980131e-01
2.482745831795094699e-02
1.633474986301906018e-01
-2.964644032663006712e+01
-3.931395461314138515e+02
6.641646844258144711e+02
9.886031421754532857e+03
2.028388030665378756e+04
6.729279661878090701e+04
7.714194992908224231e+04
5.386658830380591098e+03
-2.060164769294424623e+05
6.862432154955773149e+04
-2.828679458958081086e+05
2.002962023175754584e+05
-5.340273156203078106e+05
-5.425367434500817908e+05
-6.873702929553471040e+05
-1.515452027140911436e+06
3.439492148673484102e+06
7.695981680438180454e+06
7.126434855267572217e+06
-6.393124087526399642e+06
-9.390135533937693108e+05
5.353301299502130598e+06
5.424275119543875568e+06
-1.084549715577720292e+07
-6.789721633056001738e+06
1.826308317278949916e+07
2.784246432872264278e-04
1.626359169377636249e+00
-3.731803481762853147e-01
3.184054517106580384e-01
3.044704704743539310e+02
-9.626618656391458444e+02
1.597422002138446473e+01
1.344320170749839417e+04
1.019007969735071856e+04
1.125571324414150731e+05
6.333707066130755993e+04
1.769143229150394618e+05
2.695276423384350492e+05
1.218242983966102183e+05
-3.966492144474170636e+05
-2.469501990510767791e+05
-1.899747737874769839e+06
-3.486515141872974578e+06
5.965183554512347095e+06
1.172651369747016579e+06
3.027644284204522148e+06
6.094630005430748686e+06
3.868209783866257407e+06
-1.843247351283494150e+06
-8.681146239437760785e+06
2.731023757623909786e+07
6.269384711177743971e+06
-1.562030297107574530e+07
-6.918634556455992162e+07
-4.212291083727753162e+07
5.968349138124198023e-04
1.557394820053978668e+00
-5.244351188941370756e-01
4.875005445627869638e-01
4.829876727290561007e+02
-7.943484325373214006e+02
-1.824221772167870313e+03
-7.096319127973340073e+03
4.548446159474971500e+04
1.257280224779271748e+03
-1.845819944039669645e+05
1.509735138309567701e+05
2.614239836658973072e+05
1.440704903347925865e+05
-7.518733842890890082e+04
-3.971407102100504562e+05
-7.842438942153182579e+05
-3.137088724208139814e+06
9.828865666262427345e+06
-5.349782951899244450e+06
-8.259177239348937757e+06
1.099512980534224771e+07
1.026165787904864922e+07
1.718889854355539195e+06
3.757796313309406833e+04
4.204683539498951286e+07
-5.680103617181637092e+05
1.287545899993127212e+07
-4.581377472461935878e+07
-1.131583110876807570e+08
