# -0.2J_-0.8g_0.83776theta_1.0472phi_10Chi_0.01delta_500N
2.699632405377192651e-02
1.758589163917118449e-04
1.806335720455550867e-05
1.108097779969107885e-06
9.802655780064021156e-07
7.625203372564314754e-07
6.124111047362013302e-07
6.223989544934078939e-07
3.887782275188378476e-07
4.614128836113971457e-07
2.627050337970621156e-07
3.374492278432194950e-07
1.910953002557334689e-07
2.521449830820381090e-07
1.476826675738485919e-07
1.962285895076645856e-07
1.194765171277753700e-07
1.604577158449169713e-07
1.000102730819418924e-07
1.376838232231896582e-07
8.590066654517106662e-08
1.229159015008336925e-07
7.527748956750335954e-08
1.129506025685135610e-07
6.705015636558884820e-08
1.058883429097525720e-07
6.054535391694488997e-08
1.006710890441899939e-07
5.531599117546452037e-08
9.672796002737816104e-08
5.104234792646902334e-08
9.375515049858169439e-08
4.748866353692808171e-08
9.159730974461195216e-08
4.448584216183111856e-08
9.017833177295730696e-08
4.191880219728410747e-08
8.946056123953365668e-08
3.971246223102114929e-08
8.942028875977682938e-08
3.781865866829226602e-08
9.003372809482211249e-08
3.620612758673831722e-08
9.127003357651489333e-08
3.485380693182003867e-08
9.308829199181565657e-08
3.374676179536241971e-08
9.543582467467477080e-08
3.287383047627671248e-08
9.824591449177533585e-08
3.222623252400239563e-08
1.014340232026783854e-07
3.179664409269212810e-08
1.048923161209523794e-07
3.157848362953728484e-08
1.084827913503330939e-07
3.156529574576827557e-08
1.120298129338407326e-07
3.175018177571651646e-08
1.153137006800293040e-07
3.212524257652198647e-08
1.180684015052224042e-07
3.268100308752006730e-08
1.199879926677523090e-07
3.340578900524688312e-08
1.207479909435599555e-07
3.428502591515547640e-08
1.200462812408256037e-07
3.530043626505698278e-08
1.176625019028118296e-07
3.642912810202814525e-08
1.135233108714000632e-07
3.764260946527926046e-08
1.077489697518502412e-07
3.890583072665928510e-08
1.006548191700352622e-07
4.017645663087751261e-08
9.269752356697249229e-08
4.140468976002671815e-08
8.438360284506112928e-08
4.253407214104063265e-08
7.617646026708183084e-08
4.350371836445295200e-08
6.843377627958652818e-08
4.425230075703571098e-08
6.138625171284911301e-08
4.472374666163116870e-08
5.514894288324230318e-08
4.487402423810330708e-08
4.974857244078467645e-08
4.467773562016396328e-08
4.515281506402065398e-08
4.413281872851993249e-08
4.129409182254264223e-08
4.326177341038160416e-08
3.808603874334157590e-08
4.210876506787448178e-08
3.543396602492778319e-08
4.073312532305133339e-08
3.324149417877969555e-08
3.920093956426753995e-08
3.141520573696180611e-08
3.757682643180434397e-08
2.986826528539159999e-08
3.591757360588443796e-08
2.852325831574523869e-08
3.426849308027372387e-08
2.731424489985932230e-08
3.266239801382897693e-08
2.618795445652464071e-08
3.112051599460004166e-08
2.510418888686844491e-08
2.965451335791490688e-08
2.403552121244531004e-08
2.826888752613152436e-08
2.296637933340640583e-08
2.696321149868057832e-08
2.189160108820311603e-08
2.573396758562492803e-08
2.081458241706792961e-08
2.457592950452602479e-08
1.974510884983795688e-08
2.348265526314892525e-08
1.869714442940526986e-08
2.244746192561780253e-08
1.768675244385993707e-08
2.146360550397205626e-08
1.673027008081097150e-08
2.052452300050112286e-08
1.584290108062427177e-08
1.962402383654099328e-08
1.503776272303643166e-08
1.875636407226529706e-08
1.432538189178488904e-08
1.791607671593888306e-08
1.371357939727954806e-08
1.709756674321425892e-08
1.320769755235555090e-08
1.629508767392187172e-08
1.281109779061946359e-08
1.550337369990722832e-08
1.252585261158151470e-08
1.471852764341855743e-08
1.235357202084221697e-08
1.393864884675934923e-08
1.229629196707822667e-08
1.316414802424951813e-08
1.235735274955081134e-08
1.239787324004501669e-08
1.254219633093622448e-08
1.164510825485043820e-08
1.285900827428435322e-08
1.091343307987365570e-08
1.331910364582816005e-08
1.021239728186516355e-08
1.393686871737617003e-08
9.552929955292954617e-09
1.472885517831906599e-08
8.946394493925300917e-09
1.571117194556361721e-08
8.403224269556267292e-09
1.689347925549731913e-08
7.931207251887286090e-09
1.826655477238525130e-08
7.533754507539851529e-09
1.977898504290886581e-08
7.208778322012666461e-09
2.129968030688441362e-08
6.948828440807758371e-09
2.257565643400579148e-08
6.742668725833400441e-09
2.323496879293313390e-08
6.577734688675299404e-09
2.293287711651276815e-08
6.442414552398116216e-09
2.163839866401217864e-08
6.327258931884077880e-09
1.974651009193466717e-08
6.225159637543869240e-09
1.778275381560724587e-08
6.131217447290980457e-09
1.606555494084757009e-08
6.042505356197047951e-09
1.466658282623722531e-08
5.957580684292097248e-09
1.353425288111664966e-08
5.875877673672904785e-09
1.259189055426836963e-08
5.797202534110837938e-09
1.177692679274311802e-08
5.721412035785176032e-09
1.104803568646605350e-08
5.648274397879409314e-09
1.038151868537363891e-08
5.577453340682505066e-09
9.765785625471858039e-09
5.508558880470033208e-09
9.196569560080023439e-09
5.441227982831298548e-09
8.673368987656557261e-09
5.375203927280348577e-09
8.197059984413187379e-09
5.310398157272918962e-09
7.768459878783339903e-09
5.246925824085785623e-09
7.387613158582863736e-09
5.185113316194792992e-09
7.053575139306981691e-09
5.125480541070106077e-09
6.764496155131186185e-09
5.068703060475488299e-09
6.517853105774116422e-09
5.015563228096870940e-09
6.310721800410851568e-09
4.966895315845128154e-09
6.140021761353486729e-09
4.923532453689196385e-09
6.002707414309766591e-09
4.886259976725422276e-09
5.895896926432623190e-09
4.855778277393025059e-09
5.816945205912549684e-09
4.832676565289362879e-09
5.763474154786736867e-09
4.817417542576683633e-09
5.733372910373522050e-09
4.810332001575623237e-09
5.724780123052593285e-09
4.811621769647895065e-09
5.736055666475180012e-09
4.821369517385869176e-09
5.765749278837172622e-09
4.839550782525884573e-09
5.812568782705489266e-09
4.866052178899018423e-09
5.875352447594162082e-09
4.900688309524372884e-09
5.953048779966623859e-09
4.943219690549644023e-09
6.044706330353059601e-09
4.993368797120957888e-09
6.149469197116963735e-09
5.050836280173788451e-09
6.266574606962647243e-09
5.115306493655943989e-09
6.395343677561193847e-09
5.186464969209291341e-09
6.535164788180632826e-09
5.264003378581818466e-09
6.685458828038516694e-09
5.347625338682928279e-09
6.845631771818561014e-09
5.437050380033237765e-09
7.015010476021036077e-09
5.532016481294415365e-09
7.192761567615234210e-09
5.632281457802796332e-09
7.377780583857779125e-09
5.737623657136451734e-09
7.568553293309114391e-09
5.847841347225268500e-09
7.762969811575147004e-09
5.962752592204221337e-09
7.958083034409362707e-09
6.082194422736047845e-09
8.149803010582783576e-09
6.206021937892079099e-09
8.332536732547580593e-09
6.334107447212458589e-09
8.498829123720460196e-09
6.466339685535309074e-09
8.639160219602663713e-09
6.602623157228303169e-09
8.742222623702408430e-09
6.742877671375784110e-09
8.796194620040123537e-09
6.887038093300893808e-09
8.791514505525286242e-09
7.035054139445539859e-09
8.725020723587988581e-09
7.186889650307154161e-09
8.603859522239932343e-09
7.342520568281708311e-09
8.446306566241224075e-09
7.501931488088714599e-09
8.277693715115014798e-09
7.665111989325747492e-09
8.123157672839119257e-09
7.832054470636503814e-09
8.001416546100630474e-09
8.002754039014605486e-09
7.922426975488234855e-09
8.177209555808972626e-09
7.888572978828001109e-09
8.355424652207407477e-09
7.897360033026636947e-09
8.537408133342004407e-09
7.943951002451383621e-09
8.723173770112007927e-09
8.022888861500388255e-09
8.912739689329963893e-09
8.129026021660661915e-09
9.106127617974839776e-09
8.257908292822382546e-09
9.303361950856619369e-09
8.405852321422348516e-09
9.504468586147987891e-09
8.569880110875057471e-09
9.709474378529880481e-09
8.747600237714221310e-09
9.918406220682245327e-09
8.937090095405024756e-09
1.013129026692848672e-08
9.136795712364605220e-09
1.034815085178901335e-08
9.345452366957147703e-09
1.056901036607546876e-08
9.562026378478323837e-09
1.079388853995779967e-08
9.785672076833555035e-09
1.102280198393116982e-08
1.001569875787551969e-08
1.125576380743981545e-08
1.025154384459102537e-08
1.149278331523239812e-08
1.049275013838777451e-08
1.173386577949790959e-08
1.073894626527675336e-08
1.197901228912092708e-08
1.098983012594114328e-08
1.222822034013772438e-08
1.124515706651776654e-08
1.248148240136974258e-08
1.150472255949430580e-08
1.273878627131011775e-08
1.176835809202680432e-08
1.300011592510445132e-08
1.203592387400305332e-08
1.326545160136961921e-08
1.230730240713063378e-08
1.353476976431442369e-08
1.258239401768427741e-08
1.380804332039284681e-08
1.286111330178921304e-08
1.408524186132276444e-08
1.314338628439947260e-08
1.436633192452826691e-08
1.342914813753900293e-08
1.465127726596501580e-08
1.371834134409714611e-08
1.494003913872576170e-08
1.401091420998845700e-08
1.523257657175460989e-08
1.430681966066030826e-08
1.552884664397061885e-08
1.460601425728134069e-08
1.582880474935572437e-08
1.490845739440501364e-08
1.613240484925257546e-08
1.521411064036596586e-08
1.643959970716366874e-08
1.552293719701640843e-08
1.675034110602176797e-08
1.583490145490895466e-08
1.706458004440869275e-08
1.614996862954369420e-08
1.738226691060712273e-08
1.646810446337827329e-08
1.770335163737181429e-08
1.678927498215036945e-08
1.802778383367609266e-08
1.711344629607925400e-08
1.835551289784001400e-08
1.744058443825787129e-08
1.868648811030938139e-08
1.777065523475461883e-08
1.902065870938187667e-08
1.810362420330566238e-08
1.935797394909550893e-08
1.843945648233280067e-08
1.969838314196441116e-08
1.877811678748898122e-08
2.004183568756181480e-08
1.911956939152864171e-08
2.038828108930854063e-08
1.946377812488076749e-08
2.073766896055525773e-08
1.981070638825828062e-08
2.108994902307981730e-08
2.016031716595155695e-08
2.144507109847417168e-08
2.051257303855685637e-08
2.180298509624995383e-08
2.086743619104143967e-08
2.216364099795225535e-08
2.122486841475562914e-08
2.252698884052603681e-08
2.158483110632553135e-08
2.289297869775283490e-08
2.194728526460817210e-08
2.326156066347196955e-08
2.231219148767557934e-08
2.363268483364574946e-08
2.267950997017004193e-08
2.400630129097314518e-08
2.304920050244333885e-08
2.438236008913235903e-08
2.342122247111485784e-08
2.476081123842935066e-08
2.379553486239004880e-08
2.514160469059153104e-08
2.417209626559988328e-08
2.552469032353589650e-08
2.455086487941118427e-08
2.591001792396090357e-08
2.493179852031561686e-08
2.629753716955697050e-08
2.531485462949598547e-08
2.668719761034978587e-08
2.569999028417630990e-08
2.707894865576850761e-08
2.608716220752896090e-08
2.747273956678614766e-08
2.647632677955082132e-08
2.786851945832982734e-08
2.686744005032825550e-08
2.826623730888954891e-08
2.726045775100453815e-08
2.866584197186235561e-08
2.765533530869634945e-08
2.906728219243343031e-08
2.805202785751727689e-08
2.947050661751245040e-08
2.845049025442837254e-08
2.987546380728834805e-08
2.885067709174506443e-08
3.028210224439764446e-08
2.925254271161249954e-08
3.069037033993518423e-08
2.965604122116765864e-08
3.110021644276832476e-08
3.006112650637929888e-08
3.151158884432934272e-08
3.046775224624368005e-08
3.192443578850230047e-08
3.087587192894405733e-08
3.233870547838933709e-08
3.128543886496800887e-08
3.275434608650452464e-08
3.169640620384270576e-08
3.317130576349655389e-08
3.210872694830056538e-08
3.358953264927050852e-08
3.252235399768154377e-08
3.400897488303798385e-08
3.293724010496600644e-08
3.442958061630128795e-08
3.335333789500353243e-08
3.485129805155092270e-08
3.377059993504283329e-08
3.527407542029545498e-08
3.418897872028895449e-08
3.569786093100796716e-08
3.460842669049930454e-08
3.612260290435351053e-08
3.502889588601077485e-08
3.654824973493401370e-08
3.545033938931423811e-08
3.697474990675005509e-08
3.587270921588532831e-08
3.740205200517417657e-08
3.629595772698081606e-08
3.783010473226326714e-08
3.672003766295042918e-08
3.825885691918091655e-08
3.714490072188046165e-08
3.868825754176331327e-08
3.757049972905250918e-08
3.911825573364483397e-08
3.799678721413164395e-08
3.954880082238023340e-08
3.842371578242127301e-08
3.997984233930752909e-08
3.885123816486696737e-08
4.041132991386156974e-08
3.927930717165996754e-08
4.084321345171921870e-08
3.970787568741489931e-08
4.127544308522671769e-08
4.013689677021123185e-08
4.170796918885139413e-08
4.056632362334208199e-08
4.214074239101592244e-08
4.099610961424596308e-08
4.257371358929641121e-08
4.142620828272540004e-08
4.300683396271556438e-08
4.185657335875508906e-08
4.344005498462017615e-08
4.228715877256586453e-08
4.387332843625593238e-08
4.271791866831393805e-08
4.430660641842072451e-08
4.314880741884318057e-08
4.473984136588342665e-08
4.357977963449585322e-08
4.517298605740526819e-08
4.401079017881213136e-08
4.560599362903248059e-08
4.444179417915100440e-08
4.603881758573051995e-08
4.487274703946521347e-08
4.647141181255182582e-08
4.530360444962341811e-08
4.690373058581868105e-08
4.573432240103574392e-08
4.733572858545109475e-08
4.616485719395486244e-08
4.776736090349127566e-08
4.659516545489689795e-08
4.819858305656230233e-08
4.702520413070148979e-08
4.862935099391309644e-08
4.745493052317712078e-08
4.905962110965965693e-08
4.788430228078189040e-08
4.948935025004513821e-08
4.831327741699681755e-08
4.991849572555220294e-08
4.874181431833822956e-08
5.034701531573744272e-08
4.916987175299244254e-08
5.077486728226445565e-08
4.959740887980737345e-08
5.120201037400107890e-08
5.002438526049864220e-08
5.162840383622017817e-08
5.045076086264554044e-08
5.205400741897602270e-08
5.087649607403102142e-08
5.247878138379599113e-08
5.130155170770591807e-08
5.290268651075661198e-08
5.172588900916411938e-08
5.332568410433957221e-08
5.214946966648515470e-08
5.374773600177002207e-08
5.257225581515135611e-08
5.416880457773137886e-08
5.299421004805233663e-08
5.458885275118627149e-08
5.341529541898155544e-08
5.500784399002155007e-08
5.383547545056680285e-08
5.542574231583571609e-08
5.425471414217121772e-08
5.584251230988936199e-08
5.467297597261738514e-08
5.625811911817809119e-08
5.509022590814502566e-08
5.667252845380708228e-08
5.550642940781182960e-08
5.708570660156116929e-08
5.592155242738158311e-08
5.749762042271132354e-08
5.633556142492294341e-08
5.790823735664370972e-08
5.674842336490443950e-08
5.831752542490831150e-08
5.716010572347314835e-08
5.872545323375847525e-08
5.757057649172722655e-08
5.913198997726614506e-08
5.797980417972193280e-08
5.953710543787778762e-08
5.838775781978956692e-08
5.994076998939944223e-08
5.879440696974132717e-08
6.034295459794221470e-08
5.919972171642736989e-08
6.074363082419320579e-08
5.960367267714379740e-08
6.114277082368451693e-08
6.000623100451729848e-08
6.154034734764101775e-08
6.040736838517549192e-08
6.193633374288648418e-08
6.080705704607773681e-08
6.233070395374575656e-08
6.120526975145665539e-08
6.272343252004854769e-08
6.160197980758029785e-08
6.311449457775436781e-08
6.199716106450254915e-08
6.350386585921040647e-08
6.239078791281368565e-08
6.389152269011157097e-08
6.278283528865343371e-08
6.427744199102271045e-08
6.317327867301481454e-08
6.466160127462059719e-08
6.356209409138074051e-08
6.504397864479390119e-08
6.394925811339475765e-08
6.542455279276414983e-08
6.433474785450798203e-08
6.580330300040441620e-08
6.471854097384983104e-08
6.618020913181146037e-08
6.510061567408246603e-08
6.655525163501011853e-08
6.548095070078813604e-08
6.692841153885617994e-08
6.585952534229130091e-08
6.729967044934569231e-08
6.623631942735302079e-08
6.766901054522179900e-08
6.661131332208166816e-08
6.803641457813257826e-08
6.698448793370939782e-08
6.840186586976294997e-08
6.735582470091191017e-08
6.876534830251366046e-08
6.772530560113754946e-08
6.912684632180211505e-08
6.809291313962753325e-08
6.948634493014597214e-08
6.845863035290317389e-08
6.984382968302247551e-08
6.882244080315400726e-08
7.019928668448103544e-08
6.918432857933897532e-08
7.055270258384452507e-08
6.954427828815816666e-08
7.090406457004526372e-08
6.990227505740778159e-08
7.125336036803236636e-08
7.025830452866641296e-08
7.160057823413528377e-08
7.061235285677308861e-08
7.194570695016761944e-08
7.096440670411856037e-08
7.228873581878017444e-08
7.131445323798485312e-08
7.262965466014521053e-08
7.166248012678925586e-08
7.296845380525890767e-08
7.200847553821738181e-08
7.330512408840112966e-08
7.235242813024444704e-08
7.363965684725005157e-08
7.269432705308310216e-08
7.397204391170485846e-08
7.303416194027255308e-08
7.430227760335699840e-08
7.337192290762020658e-08
7.463035072630658501e-08
7.370760054486383528e-08
7.495625656180556260e-08
7.404118591754671012e-08
7.527998886272246500e-08
7.437267055496253478e-08
7.560154185192774572e-08
7.470204645110897978e-08
7.592091020684974685e-08
7.502930605645996178e-08
7.623808906300296184e-08
7.535444227470746519e-08
7.655307400296849422e-08
7.567744845890535845e-08
7.686586105136988166e-08
7.599831840285674987e-08
7.717644666827911653e-08
7.631704633985095556e-08
7.748482774320824417e-08
7.663362693356910522e-08
7.779100158970812492e-08
7.694805527804475511e-08
7.809496593768584534e-08
7.726032688696007827e-08
7.839671892864746348e-08
7.757043769095124099e-08
7.869625910758968017e-08
7.787838403198966263e-08
7.899358541770002001e-08
7.818416265944912260e-08
7.928869719265519755e-08
7.848777072004770729e-08
7.958159415412742580e-08
7.878920575762969911e-08
7.987227639829495334e-08
7.908846570269689773e-08
8.016074439799618824e-08
7.938554887156738408e-08
8.044699898813584972e-08
7.968045395774887354e-08
8.073104136516469144e-08
7.997318002489692079e-08
8.101287307826575311e-08
8.026372650494031679e-08
8.129249602073647520e-08
8.055209318992600111e-08
8.156991242852967147e-08
8.083828022690179185e-08
8.184512487141321816e-08
8.112228811117970755e-08
8.211813624194509961e-08
8.140411768167433467e-08
8.238894975728129420e-08
8.168377011561322588e-08
8.265756895013830341e-08
8.196124692116032840e-08
8.292399765535774016e-08
8.223654993220820043e-08
8.318824001497926209e-08
8.250968130306522197e-08
8.345030046313923145e-08
8.278064350189490113e-08
8.371018372380412107e-08
8.304943930608448330e-08
8.396789480189501199e-08
8.331607179517969047e-08
8.422343898235793507e-08
8.358054434643389398e-08
8.447682181686884191e-08
8.384286062615964344e-08
8.472804912332226159e-08
8.410302458892644711e-08
8.497712697499702137e-08
8.436104046658903504e-08
8.522406169948789992e-08
8.461691276628449668e-08
8.546885986828792942e-08
8.487064626386451982e-08
8.571152829351191324e-08
8.512224599561778752e-08
8.595207402144906269e-08
8.537171725733421852e-08
8.619050432375323226e-08
8.561906559500397631e-08
8.642682669638107120e-08
8.586429679978289067e-08
8.666104885361970010e-08
8.610741690477273975e-08
8.689317871308440744e-08
8.634843217710398027e-08
8.712322440222410081e-08
8.658734911296574192e-08
8.735119424700661437e-08
8.682417443182677309e-08
8.757709676770825364e-08
8.705891507370321692e-08
8.780094066980026365e-08
8.729157819178804828e-08
8.802273484323585211e-08
8.752217114579082720e-08
8.824248835239355262e-08
8.775070149977466794e-08
8.846021043557429876e-08
8.797717701659509705e-08
8.867591049943926321e-08
8.820160565278674052e-08
8.888959810619218455e-08
8.842399555696750041e-08
8.910128297729913896e-08
8.864435506164660812e-08
8.931097498584707219e-08
8.886269268943972858e-08
8.951868431707380131e-08
8.907901751122011315e-08
8.972442133499575540e-08
8.929333939795870014e-08
8.992819633099197372e-08
8.950566654924251398e-08
9.013001956852905998e-08
8.971600755047426473e-08
9.032990140223465212e-08
8.992437168090612320e-08
9.052785249861912059e-08
9.013076837342956956e-08
9.072388364265934027e-08
9.033520721015214759e-08
9.091800573184763553e-08
9.053769791271382670e-08
9.111022976402358288e-08
9.073825034222850366e-08
9.130056685026352303e-08
9.093687448338184585e-08
9.148902818894101071e-08
9.113358045322606073e-08
9.167562508147407034e-08
9.132837848272344501e-08
9.186036891362667908e-08
9.152127892283742504e-08
9.204327115599649892e-08
9.171229223715630273e-08
9.222434336432722011e-08
9.190142899032073410e-08
9.240359716823389089e-08
9.208869985700325787e-08
9.258104427281255804e-08
9.227411560663954723e-08
9.275669644750853337e-08
9.245768710302745886e-08
9.293056553401166726e-08
9.263942530122893048e-08
9.310266342858783696e-08
9.281934124438083566e-08
9.327300208904035302e-08
9.299744605703149473e-08
9.344159352529827183e-08
9.317375094143325129e-08
9.360844980037707653e-08
9.334826717429554343e-08
9.377358301651264184e-08
9.352100610727456818e-08
9.393700532832060553e-08
9.369197915686618004e-08
9.409872892469444058e-08
9.386119780363502474e-08
9.425876603399665536e-08
9.402867358983814867e-08
9.441712891094500314e-08
9.419441811403759136e-08
9.457382984593577368e-08
9.435844302497919605e-08
9.472888115701287537e-08
9.452076002830488251e-08
9.488229518198823183e-08
9.468138087048690703e-08
9.503408427713357920e-08
9.484031734294566011e-08
9.518426082258810979e-08
9.499758128054814174e-08
9.533283720615163481e-08
9.515318455099586942e-08
9.547982583241488488e-08
9.530713905656866758e-08
9.562523911084859890e-08
9.545945673469932640e-08
9.576908945735695598e-08
9.561014954542978513e-08
9.591138929348291299e-08
9.575922947777829188e-08
9.605215103872609216e-08
9.590670854049998156e-08
9.619138711432736397e-08
9.605259876425607425e-08
9.632910992841560832e-08
9.619691219250657699e-08
9.646533189140963220e-08
9.633966088820985114e-08
9.660006540221298849e-08
9.648085691937989335e-08
9.673332284031821279e-08
9.662051236880902965e-08
9.686511658373581095e-08
9.675863931867805478e-08
9.699545898235030837e-08
9.689524986120392598e-08
9.712436237454386712e-08
9.703035608701446082e-08
9.725183907683638479e-08
9.716397008407013041e-08
9.737790138031511828e-08
9.729610394028403817e-08
9.750256155254189758e-08
9.742676973432412144e-08
9.762583183428987842e-08
9.755597953778209845e-08
9.774772443869609902e-08
9.768374541510931877e-08
9.786825154677126581e-08
9.781007941306007264e-08
9.798742530899500762e-08
9.793499356824228082e-08
9.810525783517985593e-08
9.805849989954069228e-08
9.822176120835678833e-08
9.818061040517778573e-08
9.833694746725181087e-08
9.830133706752393740e-08
9.845082861544245045e-08
9.842069184057593148e-08
9.856341661417402865e-08
9.853868665714200976e-08
9.867472337421450026e-08
9.865533342771089732e-08
9.878476077601152136e-08
9.877064402860375718e-08
9.889354064700672319e-08
9.888463030996028159e-08
9.900107476702644161e-08
9.899730409132805914e-08
9.910737487069557572e-08
9.910867715664947640e-08
9.921245263815341851e-08
9.921876125616369076e-08
9.931631970723448035e-08
9.932756811018691196e-08
9.941898765425244811e-08
9.943510938927519487e-08
9.952046800706149935e-08
9.954139673754092721e-08
9.962077223770678272e-08
9.964644175115198342e-08
9.971991176431458524e-08
9.975025598785545872e-08
9.981789794598062080e-08
9.985285096267291535e-08
9.991474208502525541e-08
9.995423813958434542e-08
1.000104554241328783e-07
1.000544289492913253e-07
1.001050491479091458e-07
1.001534347614088049e-07
1.001985343778691797e-07
1.002512669103590636e-07
1.002909221750679355e-07
1.003479366697502872e-07
1.003822235386817136e-07
1.004434552730888792e-07
1.004724494020435553e-07
1.005378338957498617e-07
1.005616106388296404e-07
1.006310836616906567e-07
1.006497180549144305e-07
1.007232156420158159e-07
1.007367823859653729e-07
1.008142408556437410e-07
1.008228143127793458e-07
1.009041702636865406e-07
1.009078244355357019e-07
1.009930147702073841e-07
1.009918232971355069e-07
1.010807852189890837e-07
1.010748213689449559e-07
1.011674924059959213e-07
1.011568290495040984e-07
1.012531470577133482e-07
1.012378566749489959e-07
1.013377598440139529e-07
1.013179145053345360e-07
1.014213413784959031e-07
1.013970127348737100e-07
1.015039022070576891e-07
1.014751614791967689e-07
1.015854528164641283e-07
1.015523707953003841e-07
1.016660036345454974e-07
1.016286506558147339e-07
1.017455650162032376e-07
1.017040109684432934e-07
1.018241472630606563e-07
1.017784615660051811e-07
1.019017606083313843e-07
1.018520122105054701e-07
1.019784152130786139e-07
1.019246725850872630e-07
1.020541211860346377e-07
1.019964523059655927e-07
1.021288885599017135e-07
1.020673609125261094e-07
1.022027273041190744e-07
1.021374078711773210e-07
1.022756473187436981e-07
1.022066025710420403e-07
1.023476584416733937e-07
1.022749543310549654e-07
1.024187704351223718e-07
1.023424723948258488e-07
1.024889930008702468e-07
1.024091659285641470e-07
1.025583357652847339e-07
1.024750440239527917e-07
1.026268082897771724e-07
1.025401157024553260e-07
1.026944200667247370e-07
1.026043899047602858e-07
1.027611805143933090e-07
1.026678754980928540e-07
1.028270989853015034e-07
1.027305812755264081e-07
1.028921847625436325e-07
1.027925159543229978e-07
1.029564470525376875e-07
1.028536881762357617e-07
1.030198949970399854e-07
1.029141065062971938e-07
1.030825376669108470e-07
1.029737794374905173e-07
1.031443840557379612e-07
1.030327153855793820e-07
1.032054430910639917e-07
1.030909226906377911e-07
1.032657236284023160e-07
1.031484096197593230e-07
1.033252344538276888e-07
1.032051843620736788e-07
1.033839842731500361e-07
