# -0.15J_-0.85g_0.2618theta_0.0phi_10Chi_0.01delta_500N
3.477244492010967553e-02
8.444249985855316516e-05
1.288959216561991257e-05
4.997962342963338009e-07
8.523459785717587810e-07
2.378060510204532567e-07
1.698540263855772808e-07
1.751362216593901835e-07
8.898405451761906328e-08
1.329718366748065274e-07
6.703454632785476816e-08
1.038263536029373643e-07
5.724680369271076035e-08
8.304998708344522418e-08
5.109027163558152819e-08
6.788164811264378054e-08
4.650528911941304525e-08
5.662856312987241856e-08
4.284597336998163553e-08
4.819133522419446267e-08
3.985473239250978949e-08
4.181971882579407524e-08
3.740792182710610458e-08
3.700103814843109613e-08
3.543537094461962451e-08
3.339162664449502015e-08
3.388908765202162170e-08
3.076047920231965867e-08
3.272830651473816193e-08
2.893956339604317776e-08
3.191075956306563437e-08
2.779889979191359562e-08
3.138741908609354013e-08
2.723048643332906152e-08
3.109930051476586637e-08
2.713813758563174577e-08
3.097598873978833403e-08
2.743447756190693922e-08
3.093562498000907891e-08
2.803916269407035683e-08
3.088669110658566432e-08
2.887480008216935059e-08
3.073226525777719465e-08
2.986087734655537339e-08
3.037736942683779219e-08
3.090822877373796982e-08
2.973941122393539204e-08
3.191696136615728643e-08
2.876056249781369192e-08
3.278021111384726071e-08
2.741947700309618541e-08
3.339452364421763706e-08
2.573865663434550794e-08
3.367484597043260701e-08
2.378390988469966915e-08
3.356919106621348435e-08
2.165426272357388901e-08
3.306694646817171003e-08
1.946410338581769524e-08
3.219714173799506663e-08
1.732263947426587669e-08
3.101780119790945953e-08
1.531694405152198616e-08
2.960168290047639562e-08
1.350301598248730300e-08
2.802473778293536681e-08
1.190559342111588978e-08
2.636116545329490281e-08
1.052424539758128347e-08
2.468475776069908199e-08
9.342050973350854475e-09
2.307265894767621856e-08
8.333831988127344084e-09
2.160646937100832120e-08
7.472342487229678651e-09
2.036730350866435507e-08
6.732094107452541350e-09
1.942524058897735595e-08
6.091213241157411026e-09
1.882619387063750021e-08
5.531962103926899999e-09
1.857667184120133637e-08
5.040493165133183284e-09
1.861431136193948156e-08
4.606251002136137476e-09
1.872840322954748721e-08
4.221277084787476070e-09
1.840352660991511145e-08
3.879558837223889213e-09
1.686336818834712134e-08
3.576588367371656278e-09
1.401231812224151073e-08
3.309142456721804866e-09
1.098784868028809436e-08
3.074871697984030851e-09
8.682998611751462419e-09
2.872010350744152358e-09
7.141271108749246948e-09
2.699319947534903883e-09
6.130609944292914692e-09
2.555979151026045829e-09
5.458817203915390682e-09
2.441414835937973060e-09
5.011123327952001002e-09
2.355037036355394466e-09
4.725524800252592332e-09
2.295742902227221714e-09
4.568527976375021419e-09
2.261003446000086063e-09
4.518405149381160973e-09
2.245393543177817281e-09
4.555906625166308795e-09
2.238785134751153694e-09
4.662163768559195716e-09
2.225446957145691396e-09
4.820412826271339352e-09
2.186617291517439432e-09
5.016936609146607524e-09
2.108467468404794554e-09
5.239724357353625634e-09
1.991831725464426209e-09
5.476156310033200281e-09
1.854101762170764726e-09
5.711112170012361892e-09
1.719088626518100054e-09
5.925604608391848342e-09
1.604176104839381021e-09
6.095181817255292179e-09
1.515426137496493599e-09
6.187704806646945392e-09
1.450329739460384566e-09
6.161746545284810239e-09
1.402328581668294605e-09
5.969804251681385539e-09
1.363871117706902925e-09
5.573242344412631539e-09
1.327915544936234516e-09
4.971137918078250262e-09
1.288672511379916213e-09
4.224625006057954180e-09
1.242107024775291679e-09
3.442899175230583128e-09
1.186317557638033305e-09
2.730826537586855723e-09
1.121662311343989808e-09
2.146471160616383694e-09
1.050447072694665133e-09
1.698981496601309790e-09
9.761513446503351209e-10
1.369772342128608270e-09
9.024430168942956402e-10
1.132162451254799387e-09
8.323605737898184119e-10
9.615334809727675856e-10
7.679068913199571149e-10
8.385204504291004125e-10
7.100462240068614999e-10
7.489834915647946962e-10
6.589378113265864263e-10
6.829547164224533005e-10
6.142306259823996589e-10
6.334903841625030080e-10
5.753149875316795588e-10
5.957535807057395995e-10
5.414937935970038758e-10
5.663811496670616821e-10
5.120855517738925096e-10
5.430543769913023393e-10
4.864744285294949296e-10
5.241845552923313853e-10
4.641287555056255388e-10
5.086771992503803725e-10
4.446016811376212205e-10
4.957651425181856254e-10
4.275231238272022878e-10
4.848981968350685225e-10
4.125886462857710758e-10
4.756728030229358247e-10
3.995476808479609771e-10
4.677873864464974875e-10
3.881932477964965541e-10
4.610134097099978026e-10
3.783530838728009095e-10
4.551759732506087846e-10
3.698824770077247506e-10
4.501402625735494772e-10
3.626585976097031996e-10
4.458018450837923620e-10
3.565760387652478668e-10
4.420794557272215116e-10
3.515433703304172718e-10
4.389096200298383692e-10
3.474804835569971867e-10
4.362425310727481871e-10
3.443165575273660037e-10
4.340389080908788678e-10
3.419885040069546654e-10
4.322675740083469300e-10
3.404397707201798105e-10
4.309035964041601511e-10
3.396194037156115872e-10
4.299268496252635686e-10
3.394814428760056645e-10
4.293208598931970525e-10
3.399836584674315216e-10
4.290720015338170367e-10
3.410883102954750947e-10
4.291687870388777284e-10
3.427604480610394807e-10
4.296013666695336573e-10
3.449681608799656147e-10
4.303611297693812378e-10
3.476821132623323761e-10
4.314404061808835656e-10
3.508752408317838465e-10
4.328321896077353701e-10
3.545224769602571600e-10
4.345300055224207734e-10
3.586005056012479722e-10
4.365277622940073168e-10
3.630874677368850097e-10
4.388196103640550194e-10
3.679627346716427173e-10
4.413998827804352583e-10
3.732066963325484769e-10
4.442629760328252520e-10
3.788004914785044218e-10
4.474033827643176017e-10
3.847258520907055068e-10
4.508155028601808297e-10
3.909647220030719793e-10
4.544936521387311786e-10
3.974992179770709395e-10
4.584319154970612966e-10
4.043113109521554710e-10
4.626240843188988119e-10
4.113827712689991439e-10
4.670637232203945172e-10
4.186950232343265562e-10
4.717439979790231247e-10
4.262291248121493154e-10
4.766576438652547553e-10
4.339657243995945544e-10
4.817968871668783111e-10
4.418851067931159877e-10
4.871533900189294319e-10
4.499672834028286478e-10
4.927181909136780955e-10
4.581921173121799251e-10
4.984816854421385619e-10
4.665394813514455998e-10
5.044336041432370469e-10
4.749894639323998860e-10
5.105630158036086869e-10
4.835225561099499360e-10
5.168583548286096501e-10
4.921198624038039716e-10
5.233074551713229195e-10
5.007632966664520532e-10
5.298976573551851366e-10
5.094357542105323733e-10
5.366158481370845957e-10
5.181212584802432849e-10
5.434486189167583647e-10
5.268050727984793192e-10
5.503823670930693928e-10
5.354737754341104616e-10
5.574034356133869504e-10
5.441152957963628700e-10
5.644982525068644472e-10
5.527189176102657775e-10
5.716534689034292394e-10
5.612752404378455600e-10
5.788560912041845749e-10
5.697761249137932801e-10
5.860936019442282655e-10
5.782146067437430034e-10
5.933540653014292025e-10
5.865847977931978636e-10
6.006262126349439242e-10
5.948817762869279739e-10
6.078995121637542754e-10
6.031014723301860342e-10
6.151641906951136025e-10
6.112405532899674948e-10
6.224112958302026172e-10
6.192963133494545028e-10
6.296326748498374065e-10
6.272665696319090411e-10
6.368209673566823742e-10
6.351495672544741934e-10
6.439695772472128087e-10
6.429438951996568280e-10
6.510726327295826330e-10
6.506484130454461349e-10
6.581249375313680539e-10
6.582621885383896366e-10
6.651219164095628356e-10
6.657844459218347875e-10
6.720595573256517271e-10
6.732145240527939189e-10
6.789343522840552505e-10
6.805518433781525988e-10
6.857432408667728998e-10
6.877958806700325221e-10
6.924835548189705792e-10
6.949461509219337144e-10
6.991529535025937536e-10
7.020021943894935713e-10
7.057494326834752494e-10
7.089635686835885642e-10
7.122711994711715769e-10
7.158298445010767393e-10
7.187166930599025051e-10
7.226006039975160065e-10
7.250845388453920416e-10
7.292754413415944567e-10
7.313735222253853986e-10
7.358539664989318992e-10
7.375825660329921460e-10
7.423358060636693467e-10
7.437107129753544649e-10
7.487206077259710017e-10
7.497571107113802413e-10
7.550080488417098039e-10
7.557210001985335424e-10
7.611978409581590913e-10
7.616017064411755662e-10
7.672897226982442758e-10
7.673986319125165960e-10
7.732834758767413589e-10
7.731112506490974324e-10
7.791789254670602540e-10
7.787391046264161654e-10
7.849759428209956893e-10
7.842818005842318346e-10
7.906744487042579584e-10
7.897390079924784990e-10
7.962744150915291920e-10
7.951104569411659584e-10
8.017758678203253223e-10
8.003959373396532038e-10
8.071788873505052560e-10
8.055953018526864008e-10
8.124836101564593760e-10
8.107084491730563825e-10
8.176902291114184809e-10
8.157353456721570008e-10
8.227989990616851738e-10
8.206760103114569853e-10
8.278102162223054399e-10
8.255305169273937557e-10
8.327242475085686031e-10
8.302989935600351876e-10
8.375415105093698496e-10
8.349816211190790279e-10
8.422624774317393693e-10
8.395786324008818097e-10
8.468876736948635126e-10
8.440903105224240761e-10
8.514176768928642022e-10
8.485169879295302353e-10
8.558531151539659367e-10
8.528590443998992583e-10
8.601946654718876202e-10
8.571169061377299597e-10
8.644430522568234439e-10
8.612910435334365183e-10
8.685990452159143693e-10
8.653819698372553693e-10
8.726634577901409509e-10
8.693902393369194762e-10
8.766371450306459912e-10
8.733164456522131188e-10
8.805210019217480649e-10
8.771612209683940481e-10
8.843159610351793104e-10
8.809252299554107529e-10
8.880229908832672652e-10
8.846091745251472027e-10
8.916430937008213084e-10
8.882137874896122082e-10
8.951773037195461185e-10
8.917398322500090536e-10
8.986266848276114718e-10
8.951881007279564739e-10
9.019923289405554910e-10
8.985594117346807781e-10
9.052753539582949434e-10
9.018546093949384794e-10
9.084769017826283944e-10
9.050745613026826002e-10
9.115981305828608028e-10
9.082201571423397397e-10
9.146402371213424931e-10
9.112923067987561415e-10
9.176044160484804155e-10
9.142919391957131738e-10
9.204918825055460942e-10
9.172200004033678663e-10
9.233038972230183113e-10
9.200774526613482639e-10
9.260416788720420175e-10
9.228652725998866305e-10
9.287064979933397730e-10
9.255844499783792511e-10
9.312996247382888058e-10
9.282359866320975494e-10
9.338223377247382598e-10
9.308208948441769086e-10
9.362759296156694111e-10
9.333401983041751747e-10
9.386616782021373947e-10
9.357949256553061815e-10
9.409808851842527280e-10
9.381861132606687206e-10
9.432348486797797834e-10
9.405148045314599753e-10
9.454248679881712359e-10
9.427820300472546272e-10
9.475522427323824466e-10
9.449888810521332442e-10
9.496182712740366294e-10
9.471363924024765500e-10
9.516242495722171129e-10
9.492256215126469556e-10
9.535714700952864291e-10
9.512576267198689136e-10
9.554612207056129624e-10
9.532334671866133341e-10
9.572947834645871661e-10
9.551542028812318389e-10
9.590734336533154041e-10
9.570209060318940300e-10
9.607984387674569539e-10
9.588346082739473910e-10
9.624710575804669850e-10
9.605963771582484843e-10
9.640925391459003146e-10
9.623072624389517083e-10
9.656641219684837897e-10
9.639683102719224437e-10
9.671870331684198499e-10
9.655805629990478477e-10
9.686624876973191890e-10
9.671450578710675061e-10
9.700916876056607710e-10
9.686628259331771015e-10
9.714758215480737181e-10
9.701348935117437020e-10
9.728160636155259959e-10
9.715622786792900636e-10
9.741135731989330839e-10
9.729459927661916016e-10
9.753694943208239584e-10
9.742870393111132331e-10
9.765849547763198159e-10
9.755864136077967061e-10
9.777610659208160422e-10
9.768451023296430241e-10
9.788989219805356506e-10
9.780640829491110653e-10
9.799995999108069795e-10
9.792443177403109323e-10
9.810641585819351633e-10
9.803867777327577979e-10
9.820936388948550095e-10
9.814924032845843159e-10
9.830890630452684380e-10
9.825621190140386568e-10
9.840514346105507644e-10
9.835968848878294231e-10
9.849817379040107070e-10
9.845975863045475647e-10
9.858809381658016046e-10
9.855651308836352324e-10
9.867499809530064090e-10
9.865004118904739564e-10
9.875897923630546193e-10
9.874043078656817943e-10
9.884012788302271653e-10
9.882776846902849151e-10
9.891853267905552019e-10
9.891213953477689627e-10
9.899428029277307726e-10
9.899362794925771881e-10
9.906745539483225451e-10
9.907231643978369190e-10
9.913814066971706096e-10
9.914828623864254706e-10
9.920641682142423240e-10
9.922161724300169759e-10
9.927236256001676951e-10
9.929238798169540667e-10
9.933605463178707884e-10
9.936067554433925527e-10
9.939756780465543596e-10
9.942655559302951589e-10
9.945697491853810890e-10
9.949010234186724778e-10
9.951434710708534298e-10
9.955138854685430638e-10
9.956975285548469618e-10
9.961048551578429354e-10
9.962325947006855865e-10
9.966746305086426435e-10
9.967493214681618006e-10
9.972238949414842884e-10
9.972483421383775777e-10
9.977533169267819668e-10
9.977302718460843100e-10
9.982635496788402187e-10
9.981957073638622869e-10
9.987552316205107422e-10
9.986452278850663771e-10
9.992289862028759127e-10
9.990793950627641082e-10
9.996854217762710586e-10
9.994987531849662284e-10
1.000125131672083319e-09
9.999038231641826556e-10
1.000548699363701677e-09
1.000295131046402467e-09
1.000956678685032347e-09
1.000673162881634865e-09
1.001349623490771072e-09
1.001038396581794608e-09
1.001728067910210589e-09
1.001391293765684887e-09
1.002092531427696677e-09
1.001732303262390330e-09
1.002443519017965665e-09
1.002061859240013300e-09
1.002781521156388646e-09
1.002380378385993653e-09
1.003107014145771308e-09
1.002688264960313739e-09
1.003420460179891534e-09
1.002985909091921792e-09
1.003722314219426256e-09
1.003273687112599397e-09
1.004012997360058922e-09
1.003551962201741748e-09
1.004292936910755159e-09
1.003821084939054912e-09
1.004562540417109997e-09
1.004081392987549207e-09
1.004822201917774336e-09
1.004333212475157879e-09
1.005072302700683937e-09
1.004576857200654472e-09
1.005313211353278799e-09
1.004812629792941905e-09
1.005545283705306721e-09
1.005040821777407245e-09
1.005768863438256681e-09
1.005261713773584997e-09
1.005984282193959587e-09
1.005475576029527562e-09
1.006191859876073486e-09
1.005682668766054653e-09
1.006391904822175176e-09
1.005883242263468494e-09
1.006584714068495644e-09
1.006077537334642196e-09
1.006770573853542360e-09
1.006265785650736599e-09
1.006949759471417411e-09
1.006448209733248999e-09
1.007122536096009301e-09
1.006625012790534710e-09
1.007289158437743810e-09
1.006796422697888915e-09
1.007449871739179198e-09
1.006962625882285332e-09
1.007604911318218256e-09
1.007123812190947237e-09
1.007754503375426240e-09
1.007280163771259462e-09
1.007898865176697787e-09
1.007431855460081782e-09
1.008038205053630598e-09
1.007579055084076682e-09
1.008172723425815824e-09
1.007721923393375475e-09
1.008302611955876589e-09
1.007860614849111939e-09
1.008428054907024611e-09
1.007995277059314915e-09
1.008549228766017834e-09
1.008126056019185793e-09
1.008666302798248461e-09
1.008253074950355986e-09
1.008779439228997868e-09
1.008376476256793303e-09
1.008888793576414438e-09
1.008496380052967255e-09
1.008994510340389452e-09
1.008612905319886573e-09
1.009096736517760405e-09
1.008726165881003050e-09
1.009195614854241675e-09
1.008836270386171888e-09
1.009291270740015223e-09
1.008943322714617073e-09
1.009383834262149833e-09
1.009047422146488018e-09
1.009473416380819878e-09
1.009148663281171340e-09
1.009560137200219426e-09
1.009247136633133042e-09
1.009644107142637075e-09
1.009342928266119395e-09
1.009725432172645401e-09
1.009436120581817610e-09
1.009804205306456752e-09
1.009526791758692169e-09
1.009880540696806565e-09
1.009615016523449861e-09
1.009954523616221968e-09
1.009700866075808527e-09
1.010026243429978935e-09
1.009784408142868684e-09
1.010095786348885490e-09
1.009865707135097653e-09
1.010163234525842487e-09
1.009944824358668483e-09
1.010228667008248823e-09
1.010021818345276298e-09
1.010292159905847344e-09
1.010096744785576518e-09
1.010353785893411038e-09
1.010169656217493282e-09
1.010413614800377436e-09
1.010240603469804711e-09
1.010471713470633226e-09
1.010309633709208359e-09
1.010528146328037163e-09
1.010376793262236709e-09
1.010582975163029395e-09
1.010442124869197860e-09
1.010636258879809912e-09
1.010505670358790214e-09
1.010688054409105672e-09
1.010567468807197136e-09
1.010738415824569656e-09
1.010627558197193709e-09
1.010787395137303770e-09
1.010685973691001271e-09
1.010835042666978181e-09
1.010742749615210897e-09
1.010881405592395199e-09
1.010797918963384187e-09
1.010926530049243089e-09
1.010851512282289729e-09
1.010970459342795342e-09
1.010903568472227884e-09
1.011013235357790402e-09
1.010954099388633883e-09
1.011054897373816584e-09
1.011003140468908270e-09
1.011095484936536016e-09
1.011050719548811688e-09
1.011135032875561126e-09
1.011096860821096932e-09
1.011173575578346937e-09
1.011141590791658722e-09
1.011211146632064674e-09
1.011184932836543827e-09
1.011247776494866236e-09
1.011226911476877340e-09
1.011283494764356927e-09
1.011267548248691768e-09
1.011318330151252853e-09
1.011306867153453354e-09
1.011352308383675413e-09
1.011344889929267591e-09
1.011385454727715591e-09
1.011381637824520719e-09
1.011417791422676297e-09
1.011417134065736685e-09
1.011449343746439354e-09
1.011451397590057974e-09
1.011480130526183718e-09
1.011484451373087224e-09
1.011510170084499071e-09
1.011516314844455574e-09
1.011539483591826631e-09
1.011547010329895143e-09
1.011568086845224779e-09
1.011576557956919220e-09
1.011595995919191786e-09
1.011604982041747852e-09
1.011623225641389914e-09
1.011632299295325932e-09
1.011649789429878389e-09
1.011658533555818118e-09
1.011675706880937535e-09
1.011683705331489764e-09
1.011700978520579154e-09
1.011707836894916914e-09
1.011725619544065398e-09
1.011730950186645316e-09
1.011749640549633801e-09
1.011753067134160361e-09
1.011773051403741063e-09
1.011774209695541338e-09
1.011795859540079850e-09
1.011794401300565359e-09
1.011818072776368045e-09
1.011813664500261453e-09
1.011839699496946182e-09
1.011832023628484122e-09
1.011860745401141619e-09
1.011849500529477505e-09
1.011881215205135580e-09
1.011866120584919910e-09
1.011901116566704166e-09
1.011881907230748877e-09
1.011920451748298849e-09
1.011896885023475458e-09
1.011939226684205988e-09
1.011911078999280334e-09
1.011957444812651016e-09
1.011924509240995807e-09
1.011975110436449636e-09
1.011937209588788150e-09
1.011992228030018442e-09
1.011949201916152679e-09
1.012008798924114232e-09
1.011960510862944268e-09
1.012024827518100402e-09
1.011971162804777933e-09
1.012040317417108820e-09
1.011981169484798512e-09
1.012055271078503456e-09
1.011990583333952117e-09
1.012069692693373348e-09
1.011999417536275551e-09
1.012083583207151813e-09
1.012007697069452112e-09
1.012096948629876345e-09
1.012015447601591658e-09
1.012109790889565983e-09
1.012022694225089651e-09
1.012122114788184303e-09
1.012029463046909387e-09
1.012133922688737953e-09
1.012035777764220730e-09
1.012145220211352785e-09
1.012041663956556972e-09
1.012156011503894133e-09
1.012047144736042360e-09
1.012166302449058962e-09
1.012052245099954238e-09
1.012176096934090537e-09
1.012056987554213820e-09
1.012185401672468393e-09
1.012061395726451550e-09
1.012194222981475921e-09
1.012065491150657212e-09
1.012202567239499516e-09
1.012069295937564829e-09
1.012210443191531904e-09
1.012072831146149515e-09
1.012217856810887066e-09
1.012076117014549212e-09
1.012224823183662266e-09
1.012079173189163117e-09
1.012231340756516953e-09
1.012082018392060137e-09
1.012237423235806992e-09
1.012084670914434729e-09
1.012243068050495602e-09
1.012087147578923916e-09
1.012248312864066769e-09
1.012089465308872096e-09
1.012253154349495847e-09
1.012091639635634005e-09
1.012257605726817919e-09
1.012093684972542094e-09
1.012261678018597839e-09
1.012095615518165434e-09
1.012265384455832490e-09
1.012097443406274569e-09
1.012268738374885226e-09
1.012099181339259713e-09
1.012271753781898712e-09
1.012100840086771731e-09
1.012274445016894658e-09
1.012102429970552080e-09
1.012276820645548958e-09
1.012103960084806186e-09
1.012278906959784355e-09
1.012105439009871307e-09
1.012280713715615284e-09
1.012106873804991990e-09
1.012282256466644743e-09
1.012108271267046186e-09
1.012283550620243844e-09
1.012109637071412724e-09
1.012284613334588599e-09
1.012110976738052085e-09
1.012285458878648181e-09
1.012112293474631098e-09
1.012286104345701733e-09
1.012113590933117633e-09
1.012286565407944517e-09
1.012114871669215025e-09
1.012286858124917931e-09
1.012116137342533789e-09
1.012286998877799323e-09
1.012117389496736048e-09
1.012287002195629445e-09
1.012118627945547553e-09
1.012286884502705329e-09
1.012119852968760906e-09
1.012286660426267714e-09
1.012121066148583608e-09
1.012286344657011812e-09
1.012122261901565756e-09
1.012285952457480578e-09
1.012123440918989633e-09
1.012285496879476482e-09
1.012124600669508236e-09
1.012284991834664515e-09
1.012125739511630856e-09
1.012284450092942133e-09
1.012126853753982532e-09
1.012283884416403172e-09
1.012127940942321283e-09
1.012283305938917082e-09
1.012128997723016816e-09
1.012282726595676466e-09
1.012130020160532994e-09
1.012282156135226320e-09
1.012131004935330325e-09
1.012281604848640380e-09
1.012131948273308137e-09
1.012281081379034154e-09
1.012132846343438153e-09
1.012280594323829901e-09
1.012133670160606742e-09
1.012280151293795667e-09
1.012134472601811166e-09
1.012279758776451301e-09
1.012135218931967749e-09
1.012279422820428888e-09
1.012135903835032780e-09
1.012279148804248677e-09
1.012136521660192010e-09
1.012278941102326709e-09
1.012137070899673024e-09
1.012278803230523042e-09
1.012137556992810804e-09
1.012278738182504815e-09
1.012137965140637573e-09
1.012278748900690571e-09
1.012138298531229213e-09
1.012278834617528667e-09
1.012138555967436795e-09
1.012278996826402502e-09
1.012138735111611513e-09
1.012279235311797819e-09
1.012138835112975152e-09
1.012279549284309690e-09
1.012138854961739742e-09
1.012279937082400891e-09
1.012138794672746763e-09
1.012280396469502638e-09
1.012138654062974648e-09
1.012280924817556453e-09
1.012138433783262544e-09
1.012281518470293334e-09
1.012138134633655610e-09
1.012282173242807418e-09
1.012137758564823368e-09
1.012282884710256698e-09
1.012137307372417349e-09
1.012283648089474452e-09
1.012136784030878328e-09
1.012284457728176115e-09
1.012136190676449453e-09
1.012285307584203739e-09
1.012135531567608305e-09
1.012286191956854983e-09
1.012134810141537449e-09
1.012287104142977248e-09
1.012134030803360356e-09
1.012288037380355584e-09
1.012133198713701148e-09
1.012288984644421890e-09
1.012132313321446195e-09
1.012289939366221212e-09
1.012131390845326357e-09
1.012290894035881893e-09
1.012130431029991807e-09
1.012291841419141616e-09
1.012129441908069395e-09
1.012292774640004671e-09
1.012128428823398790e-09
1.012293686587855079e-09
1.012127403711094633e-09
1.012294570079159649e-09
1.012126363164496496e-09
1.012295418431712891e-09
1.012125318961603094e-09
1.012296225214573076e-09
1.012124278581093725e-09
1.012296983505066485e-09
1.012123248802621133e-09
1.012297687980806792e-09
1.012122236894259055e-09
1.012298332168517994e-09
1.012121249226178742e-09
1.012298911289632698e-09
1.012120293697291851e-09
1.012299420109731930e-09
1.012119375793049096e-09
1.012299854485972580e-09
1.012118503133794382e-09
1.012300210386147777e-09
1.012117681287017781e-09
1.012300484115252062e-09
1.012116917215564832e-09
1.012300673199496761e-09
1.012116216211507139e-09
1.012300775231644639e-09
1.012115583603043417e-09
1.012300788648649005e-09
1.012115025175870677e-09
1.012300711809302254e-09
1.012114545410449102e-09
1.012300544881872567e-09
1.012114147241440351e-09
1.012300287238501323e-09
1.012113835712556494e-09
1.012299940630151826e-09
1.012113613911855492e-09
1.012299505707349725e-09
1.012113484184716361e-09
1.012298985133812838e-09
1.012113448873495187e-09
1.012298380952424990e-09
1.012113509669202878e-09
1.012297696539832981e-09
1.012113667875868372e-09
1.012296935282545049e-09
1.012113923696495644e-09
1.012296102324495298e-09
1.012114277468961507e-09
1.012295202220696045e-09
1.012114728634585485e-09
1.012294240200840376e-09
1.012115275655579057e-09
1.012293222201563843e-09
1.012115917969191192e-09
1.012292154871840369e-09
1.012116651838549928e-09
1.012291044313680210e-09
1.012117475605187915e-09
1.012289897804478188e-09
1.012118385539888335e-09
1.012288722524815286e-09
1.012119378241169942e-09
1.012287526114103163e-09
1.012120449311697795e-09
1.012286315693730582e-09
1.012121594421083160e-09
1.012285102083032601e-09
1.012122807595422068e-09
1.012283885487465994e-09
1.012124084644425159e-09
1.012282680851243389e-09
1.012125417862777021e-09
1.012281493755683872e-09
1.012126802412999907e-09
1.012280331950282571e-09
1.012128231072470966e-09
1.012279202937359814e-09
1.012129699407851805e-09
1.012278113634958555e-09
1.012131196701600628e-09
1.012277071491001450e-09
1.012132716647642756e-09
1.012276083380939924e-09
1.012134252398134124e-09
1.012275155842731990e-09
1.012135796518419846e-09
1.012274295055746043e-09
1.012137342100797965e-09
1.012273506526818723e-09
1.012138879936878009e-09
1.012272796041574662e-09
1.012140403502483620e-09
1.012272167834495139e-09
1.012141905650705030e-09
1.012271627210256956e-09
1.012143377702003899e-09
1.012271182219269277e-09
