# -0.4J_-0.6g_0.47124theta_0.47124phi_10Chi_0.01delta_500N
6.041880246939087401e-02
1.663520289047104757e-04
9.650154875425475079e-06
1.405234684987105239e-06
4.039772700620943889e-07
8.027030298343180668e-07
2.379580551156751934e-07
5.450040247970669589e-07
1.831601310720440754e-07
3.939661866877468747e-07
1.548897635073261153e-07
3.077402523517979714e-07
1.364183046640324736e-07
2.555809252877894329e-07
1.226485340476705964e-07
2.215947670717763496e-07
1.116635037646413744e-07
1.979705711422643702e-07
1.025973219080760328e-07
1.809002893768657913e-07
9.499377294920419574e-08
1.686127478047453414e-07
8.860319281089163729e-08
1.604155062935711176e-07
8.329977966962070910e-08
1.561524653692252089e-07
7.903819826999727055e-08
1.558159594413095461e-07
7.583263461420496171e-08
1.592558607902502690e-07
7.374776623220368437e-08
1.660202593999392191e-07
7.289453788285727260e-08
1.753064493172298620e-07
7.342652876317424504e-08
1.859434291837262974e-07
7.553467605792617156e-08
1.963884690155228634e-07
7.943946880499550060e-08
2.048279221606547484e-07
8.538012572601771175e-08
2.095025455371587389e-07
9.359834605560714376e-08
2.092468116643320402e-07
1.043055741947351486e-07
2.039775473797120586e-07
1.176071771373970910e-07
1.947516749579936060e-07
1.333430505605129366e-07
1.832828584629793964e-07
1.508179821584885814e-07
1.712417627482895017e-07
1.684936036168193339e-07
1.597661738342350950e-07
1.839645924992124950e-07
1.493375480481555288e-07
1.948025871449672121e-07
1.399120161907056507e-07
2.004927560269075723e-07
1.311468745218921201e-07
2.043997115633355019e-07
1.226240183523654803e-07
2.142614829598532262e-07
1.140257065641283207e-07
2.417788790643246830e-07
1.052369630618892856e-07
3.028318667777137942e-07
9.635923820859765172e-08
4.097549611150977183e-07
8.764895704218312329e-08
5.164944447757737745e-07
7.942753317628185161e-08
4.895300463076377854e-07
7.201985462535056023e-08
3.501621512090901634e-07
6.566941549240464468e-08
2.303359527376231473e-07
6.037185912414268162e-08
1.568834552385642608e-07
5.599453191279862231e-08
1.136513435376798686e-07
5.236080491276562742e-08
8.715735051850441915e-08
4.928136029850797503e-08
6.999409663452166055e-08
4.657919125432835356e-08
5.828991967299304638e-08
4.410753293995140609e-08
4.997816728145810598e-08
4.176012208143708661e-08
4.391709360989387307e-08
3.947548269560575300e-08
3.945431825116910414e-08
3.723584550856268792e-08
3.620372143437028585e-08
3.505967203965937194e-08
3.392418202116878770e-08
3.298756366902281286e-08
3.245036412031809164e-08
3.106422112210710541e-08
3.165414765147504667e-08
2.932143527236085479e-08
3.142558610816166707e-08
2.776689315578371428e-08
3.166466414594920783e-08
2.638128989241840120e-08
3.227688812694243474e-08
2.512382867153615314e-08
3.316902860706263675e-08
2.394461040669934759e-08
3.424458635411492204e-08
2.280092832026946746e-08
3.540034230611805374e-08
2.167243545014140598e-08
3.652596358313685841e-08
2.056884783457724632e-08
3.750846483238576545e-08
1.952588167600623927e-08
3.824225558494227677e-08
1.859086878293693359e-08
3.864338345102574496e-08
1.780615952899946698e-08
3.866396175655594390e-08
1.719782477273906179e-08
3.830132273081816414e-08
1.677346370747895148e-08
3.759769754909121532e-08
1.652686571518603175e-08
3.663009291109146228e-08
1.644492607345548690e-08
3.549414510944074302e-08
1.651334968894584053e-08
3.428753214185078002e-08
1.671991049751562896e-08
3.309710092132274675e-08
1.705559094878989280e-08
3.199110286969260506e-08
1.751442787553952113e-08
3.101715217537945011e-08
1.809273257456368273e-08
3.020314927123808850e-08
1.878808563522147957e-08
2.955970421363739556e-08
1.959833425682600298e-08
2.908334779850110716e-08
2.052069959592550926e-08
2.876011937254521616e-08
2.155094916473489090e-08
2.856963065275773012e-08
2.268250396953635689e-08
2.848992063105646981e-08
2.390542772506330819e-08
2.850311036215373344e-08
2.520540725041277106e-08
2.860083771383393270e-08
2.656275315173000946e-08
2.878733431495911203e-08
2.795219813392701437e-08
2.907808711204565920e-08
2.934396160600470813e-08
2.949408483063986491e-08
3.070689197248256332e-08
3.005446662759526024e-08
3.201437099934207425e-08
3.077126623938208241e-08
3.325219184611640160e-08
3.164811024152082579e-08
3.442557762655680335e-08
3.268207474812755519e-08
3.556117190259216249e-08
3.386669852802695666e-08
3.670158686770605067e-08
3.519465190444113109e-08
3.789454087130656411e-08
3.665949631435692584e-08
3.918202674759110198e-08
3.825651804154933669e-08
4.059406037206565954e-08
3.998286373535664347e-08
4.214782303625547294e-08
4.183733189655260661e-08
4.385025857250232470e-08
4.382008851076766288e-08
4.570184019883245101e-08
4.593218463100943274e-08
4.770004644787817193e-08
4.817456471603379582e-08
4.984190119084252051e-08
5.054676609548833440e-08
5.212534343879463723e-08
5.304624629648403383e-08
5.454938011231170134e-08
5.566885119142383039e-08
5.711321168793054773e-08
5.840986600153589098e-08
5.981492940589268638e-08
6.126491200080915279e-08
6.265070178014481703e-08
6.423038981420300406e-08
6.561503849462044374e-08
6.730354642898103974e-08
6.870183817988487340e-08
7.048236261677703124e-08
7.190545125188614723e-08
7.376540770833792602e-08
7.522127569412228543e-08
7.715172008087992532e-08
7.864588198826867016e-08
8.064068334779476105e-08
8.217687274525747268e-08
8.423196346876491502e-08
8.581265601776635565e-08
8.792542586008274182e-08
8.955222449037777244e-08
9.172107493530989548e-08
9.339497766476390389e-08
9.561900746036984785e-08
9.734059018141446559e-08
9.961937768153665027e-08
1.013889187292514038e-07
1.037223717000963186e-07
1.055399375990519690e-07
1.079281887726318288e-07
1.097936943249433043e-07
1.122370276322300966e-07
1.141502789802350083e-07
1.166490764001264121e-07
1.186098025829794102e-07
1.211645050754825911e-07
1.231723816105907328e-07
1.257834598304661536e-07
1.278381265520361376e-07
1.305060586853241827e-07
1.326071333591166085e-07
1.353323881593857282e-07
1.374794769234214383e-07
1.402625007024162621e-07
1.424552060444934432e-07
1.452964127494577877e-07
1.475343395197880298e-07
1.504341032468752818e-07
1.527168630123080865e-07
1.556755125327181851e-07
1.580027265068752631e-07
1.610205415465374203e-07
1.633918422953444746e-07
1.664690511770661558e-07
1.688840834764507938e-07
1.720208618048026648e-07
1.744792829827407287e-07
1.776757529540246792e-07
1.801772330368777341e-07
1.834334630523879927e-07
1.859776848584583543e-07
1.892936892785767329e-07
1.918803484875248874e-07
1.952560875008530528e-07
1.978848927666172077e-07
2.013202722874923124e-07
2.039909449119881175e-07
2.074858172410194735e-07
2.101980917657562712e-07
2.137522541604284261e-07
2.165058772153623326e-07
2.201190747061395955e-07
2.229138047494404685e-07
2.265857289125473268e-07
2.294213365357326703e-07
2.331516267983473352e-07
2.360278938741683193e-07
2.398161382499186651e-07
2.427328573757388833e-07
2.465785933569937947e-07
2.495355672758751463e-07
2.534382828243629971e-07
2.564353237741193056e-07
2.603944583764103668e-07
2.634313887008813061e-07
2.674463359649814074e-07
2.705229863135676220e-07
2.745930894280034796e-07
2.777092948333934369e-07
2.818338545645099061e-07
2.849894583179774444e-07
2.891677317796437100e-07
2.923625832104897040e-07
2.965937850437080678e-07
2.998277387520385255e-07
3.041110424701571875e-07
3.073839575727182545e-07
3.117184968957935487e-07
3.150302362939357240e-07
3.194151065338091821e-07
3.227655361713064620e-07
3.271997956131398495e-07
3.305887837649404497e-07
3.350714550612134624e-07
3.384988716258109183e-07
3.430289432081824863e-07
3.464946590154537329e-07
3.510710865010950584e-07
3.545749726415905732e-07
3.591966802468580786e-07
3.627386074207834228e-07
3.674044893764919036e-07
3.709843272565701214e-07
3.756932492295087961e-07
3.793108658397228818e-07
3.840616663396676442e-07
3.877169274717131282e-07
3.925084192542489509e-07
3.962011879042948944e-07
4.010321593817599547e-07
4.047622951973770928e-07
4.096315118128087642e-07
4.133988705832432894e-07
4.183050762130959371e-07
4.221095093645768290e-07
4.270514276764810012e-07
4.308927818177507458e-07
4.358691176376709380e-07
4.397472341054997291e-07
4.447566747675716470e-07
4.486713892124739428e-07
4.537126058931336460e-07
4.576637478838899679e-07
4.627353969189888208e-07
4.667227895782116281e-07
4.718235137838444322e-07
4.758469734457842756e-07
4.809754033886618719e-07
4.850347392792945375e-07
4.901894945716798886e-07
4.942845084973342276e-07
4.994641990659067722e-07
5.035946851542283144e-07
5.087979124636053248e-07
5.129636569097662020e-07
5.181890152113462979e-07
5.223897960310655776e-07
5.276358735805382137e-07
5.318714604005681934e-07
5.371368406568323634e-07
5.414069945194271558e-07
5.466902573319692714e-07
5.509947305108547206e-07
5.562944532915262614e-07
5.606329891221399289e-07
5.659477480051401588e-07
5.703200807339714791e-07
5.756484517372432255e-07
5.800543063686315036e-07
5.853948665061578243e-07
5.898339586800932281e-07
5.951852871078481799e-07
5.996573229652174800e-07
6.050180020701852615e-07
6.095226781350223933e-07
6.148912946594998572e-07
6.194282977281334485e-07
6.248034438516768372e-07
6.293724508718849704e-07
6.347527252868005661e-07
6.393534032475459352e-07
6.447374122653659169e-07
6.493694180773903336e-07
6.547557766699055977e-07
6.594187570572301538e-07
6.648060899368671798e-07
6.694996813046296957e-07
6.748866239793773544e-07
6.796104522897421588e-07
6.849956521316466115e-07
6.897493327538123701e-07
6.951314500441462691e-07
6.999145876199125388e-07
7.052922966000759934e-07
7.101044848661997668e-07
7.154764748074365585e-07
7.203172964227823796e-07
7.256822726562938926e-07
7.305512990186638292e-07
7.359079840114658310e-07
7.408047750289568003e-07
7.461519094283757800e-07
7.510760133122670762e-07
7.564123570014921629e-07
7.613633099982713374e-07
7.666876431685781563e-07
7.716649693009862111e-07
7.769760935131766334e-07
7.819793042885808245e-07
7.872760435375959152e-07
7.923046376236567071e-07
7.975858394161973455e-07
8.026393023055323033e-07
8.079038387459806203e-07
8.129816423995996433e-07
8.182284112606424091e-07
8.233300137014273968e-07
8.285579395267144058e-07
8.336827844442490596e-07
8.388908196299966060e-07
8.440383359192374517e-07
8.492254618224831670e-07
8.543950631319519692e-07
8.595602911687325090e-07
8.647513754003442686e-07
8.698937481542282947e-07
8.751056969480848351e-07
8.802242892757603347e-07
8.854564674633023370e-07
8.905503876191297509e-07
8.958021426567119520e-07
9.008705333893035099e-07
9.061411947715504828e-07
9.111832344594858492e-07
9.164721131005448114e-07
9.214870168437582152e-07
9.267934044436349512e-07
9.317804251984733219e-07
9.371035935861988962e-07
9.420620232645301226e-07
9.474012237313586498e-07
9.523303942934951211e-07
9.576848568972442889e-07
9.625841414767345684e-07
9.679530743348889968e-07
9.728218883016816019e-07
9.782044768889057515e-07
9.830422789389455495e-07
9.884376853353275808e-07
9.932439785617958162e-07
9.986513407358934921e-07
1.003425673675204538e-06
1.008844104732255414e-06
1.013586072395730409e-06
1.019014659827129609e-06
1.023723904728344293e-06
1.029161709685794870e-06
1.033837922816416390e-06
1.039283979343393676e-06
1.043926901163965818e-06
1.049380215465603400e-06
1.053989636825169842e-06
1.059449186542390016e-06
1.064024949607862687e-06
1.069489683093410626e-06
1.074031682221038915e-06
1.079500517833387744e-06
1.084008700412835308e-06
1.089480525817139127e-06
1.093954893087058880e-06
1.099428564612194834e-06
1.103869172414294943e-06
1.109343514383072974e-06
1.113750473886913216e-06
1.119224278022620855e-06
1.123597756391214067e-06
1.129069781218476781e-06
1.133410002263650324e-06
1.138878972546629928e-06
1.143186217263802055e-06
1.148650823521950940e-06
1.152925430626262207e-06
1.158384328624178265e-06
1.162626695013879962e-06
1.168078505362952497e-06
1.172289086496977514e-06
1.177732394253042359e-06
1.181911704506090077e-06
1.187345058837164611e-06
1.191493671760670698e-06
1.196915585678490145e-06
1.201034134189305474e-06
1.206443084315965325e-06
1.210532260835760441e-06
1.215926687239277711e-06
1.219987243747148452e-06
1.225365549848269848e-06
1.229398297855614132e-06
1.234758850366910570e-06
1.238764660825182064e-06
1.244105789805523475e-06
1.248085592921977362e-06
1.253405591852777094e-06
1.257360376824462767e-06
1.262657502805865025e-06
1.266588317478627135e-06
1.271860791450624511e-06
1.275768741883705802e-06
1.281014748957041377e-06
1.284900998926431902e-06
1.290118688771898974e-06
1.293984459138963669e-06
1.299171946484068607e-06
1.303018514516195735e-06
1.308173879676716680e-06
1.312002578256445290e-06
1.317123867815021166e-06
1.320936084566159738e-06
1.326021312057125284e-06
1.329818488381729692e-06
1.334865635148536210e-06
1.338649265152885708e-06
1.343656281185832105e-06
1.347427910560207505e-06
1.352392715532115525e-06
1.356153940258491191e-06
1.361074424573279262e-06
1.364826889638070201e-06
1.369700915583418533e-06
1.373446313504129896e-06
1.378271716503948920e-06
1.382011785842412318e-06
1.386786375777209081e-06
1.390522899504937960e-06
1.395244462134310340e-06
1.398979265937001960e-06
1.403645564412081001e-06
1.407380514886908193e-06
1.411989291334561075e-06
1.415726294121898353e-06
1.420275271311147344e-06
1.424016269119355499e-06
1.428503152225640642e-06
1.432250122777299633e-06
1.436672601221526828e-06
1.440427555104519961e-06
1.444783304482149913e-06
1.448548282939809736e-06
1.452834967009849708e-06
1.456612039637654770e-06
1.460827312407468404e-06
1.464618574762778537e-06
1.468760082648121511e-06
1.472567653814442686e-06
1.476633037836898476e-06
1.480459057877085336e-06
1.484445956017694494e-06
1.488292583371893304e-06
1.492198632884187831e-06
1.496068041730245914e-06
1.499890881597780253e-06
1.503785259080667502e-06
1.507522532516940994e-06
1.511444075994213762e-06
1.515093432990252036e-06
1.519044347141842465e-06
1.522603447080201896e-06
1.526585941024816219e-06
1.530052455361806925e-06
1.534068739696650351e-06
1.537440354652207900e-06
1.541492638440885263e-06
1.544767057787331788e-06
1.548857545519827669e-06
1.552032493377292561e-06
1.556163381859318381e-06
1.559236605546607670e-06
1.563410080796535246e-06
1.566379353712926995e-06
1.570597587778978592e-06
1.573460712321935886e-06
1.577725860130138298e-06
1.580480670628345898e-06
1.584794866728976315e-06
1.587439232412581330e-06
1.591804587786935076e-06
1.594336415768093699e-06
1.598755014576762650e-06
1.601172252833265221e-06
1.605646149163685664e-06
1.607946789571688047e-06
1.612478004174301443e-06
1.614660085477893578e-06
1.619250602531119368e-06
1.621312213394179896e-06
1.625963977225837893e-06
1.627903259206466586e-06
1.632618171050784072e-06
1.634433321622107830e-06
1.639213236434615211e-06
1.640902511930777757e-06
1.645749235125107144e-06
1.647310953739560892e-06
1.652226238029221926e-06
1.653658782734449485e-06
1.658644324995387535e-06
1.659946146448740566e-06
1.665003584556726405e-06
1.666173203970964795e-06
1.671304113776378099e-06
1.672340125757861800e-06
1.677546018006990237e-06
1.678447093337652467e-06
1.683729410715408296e-06
1.684494299095535041e-06
1.689854413295083225e-06
1.690481946022630708e-06
1.695921154856623278e-06
1.696410247450571742e-06
1.701929772079845522e-06
1.702279426834627200e-06
1.707880409000907562e-06
1.708089717482039750e-06
1.713773216915012045e-06
1.713841362344770908e-06
1.719608354103301427e-06
1.719534613725928303e-06
1.725385985778701225e-06
1.725169733087843689e-06
1.731106283885629126e-06
1.730746990746483780e-06
1.736769426931215835e-06
1.736266665710382070e-06
1.742375599903494190e-06
1.741729045361050331e-06
1.747924994068639587e-06
1.747134425268935514e-06
1.753417806901321641e-06
1.752483108906980941e-06
1.758854241898346556e-06
1.757775407449438404e-06
1.764234508502278054e-06
1.763011639506473476e-06
1.769558821966037459e-06
1.768192130891383067e-06
1.774827403239179785e-06
1.773317214397982035e-06
1.780040478855054545e-06
1.778387229525059774e-06
1.785198280845775506e-06
1.783402522289098047e-06
1.790301046631499081e-06
1.788363444957423635e-06
1.795349018917988610e-06
1.793270355818290982e-06
1.800342445642986166e-06
1.798123618950525662e-06
1.805281579822482637e-06
1.802923603987575930e-06
1.810166679542219445e-06
1.807670685892340882e-06
1.814998007822507383e-06
1.812365244718864291e-06
1.819775832583018629e-06
1.817007665392046330e-06
1.824500426554906658e-06
1.821598337471700640e-06
1.829172067195482281e-06
1.826137654918419593e-06
1.833791036655359990e-06
1.830626015906758642e-06
1.838357621670414247e-06
1.835063822532284891e-06
1.842872113575674428e-06
1.839451480676081680e-06
1.847334808146659450e-06
1.843789399699973428e-06
1.851746005652051583e-06
1.848077992282914230e-06
1.856106010711240537e-06
1.852317674180664914e-06
1.860415132281698226e-06
1.856508864029910958e-06
1.864673683620790924e-06
1.860651983102137372e-06
1.868881982196290866e-06
1.864747455134505230e-06
1.873040349690545348e-06
1.868795706068202345e-06
1.877149111905249259e-06
1.872797163887479055e-06
1.881208598739195639e-06
1.876752258401914386e-06
1.885219144143906406e-06
1.880661421027935544e-06
1.889181086042622964e-06
1.884525084597252946e-06
1.893094766369936766e-06
1.888343683170524620e-06
1.896960530919355774e-06
1.892117651816598240e-06
1.900778729363769840e-06
1.895847426453103552e-06
1.904549715183074912e-06
1.899533443620199283e-06
1.908273845636534141e-06
1.903176140317012986e-06
1.911951481670638061e-06
1.906775953823117834e-06
1.915582987925916001e-06
1.910333321476582886e-06
1.919168732632021527e-06
1.913848680554503956e-06
1.922709087570623928e-06
1.917322468032213535e-06
1.926204428041306672e-06
1.920755120465989387e-06
1.929655132760437175e-06
1.924147073804087005e-06
1.933061583808708357e-06
1.927498763184810765e-06
1.936424166615532062e-06
1.930810622862192715e-06
1.939743269831484364e-06
1.934083085935966522e-06
1.943019285251635533e-06
1.937316584266733305e-06
1.946252607813484971e-06
1.940511548324576521e-06
1.949443635439321177e-06
1.943668407003505424e-06
1.952592769010011164e-06
1.946787587491077210e-06
1.955700412229307047e-06
1.949869515144474827e-06
1.958766971600471748e-06
1.952914613320481202e-06
1.961792856268579248e-06
1.955923303281808415e-06
1.964778477982321026e-06
1.958896004001750296e-06
1.967724250924680357e-06
1.961833132122282247e-06
1.970630591671697906e-06
1.964735101744659029e-06
1.973497919062385252e-06
1.967602324379495724e-06
1.976326654062309386e-06
1.970435208791415959e-06
1.979117219677262690e-06
1.973234160912728238e-06
1.981870040820005169e-06
1.975999583684603879e-06
1.984585544170832669e-06
1.978731877027362252e-06
1.987264158080290482e-06
1.981431437689642579e-06
1.989906312399822234e-06
1.984098659160833443e-06
1.992512438361785979e-06
1.986733931584415804e-06
1.995082968418736893e-06
1.989337641676270487e-06
1.997618336141812971e-06
1.991910172627930500e-06
2.000118976016478110e-06
1.994451904021534695e-06
2.002585323324712531e-06
1.996963211787682789e-06
2.005017813967304424e-06
1.999444468078535436e-06
2.007416884312925613e-06
2.001896041243254506e-06
2.009782971047866221e-06
2.004318295758039430e-06
2.012116510975874851e-06
2.006711592123709061e-06
2.014417940875372552e-06
2.009076286857831044e-06
2.016687697329161078e-06
2.011412732431675036e-06
2.018926216530541282e-06
2.013721277197044304e-06
2.021133934130049703e-06
2.016002265350372966e-06
2.023311285024775217e-06
2.018256036900135549e-06
2.025458703226077051e-06
2.020482927634099427e-06
2.027576621642070959e-06
2.022683269036258414e-06
2.029665471893276736e-06
2.024857388318696877e-06
2.031725684182967967e-06
2.027005608348434037e-06
2.033757687028007828e-06
2.029128247647077962e-06
2.035761907140560507e-06
2.031225620350518226e-06
2.037738769253935729e-06
2.033298036205763942e-06
2.039688695876006874e-06
2.035345800532167860e-06
2.041612107174368557e-06
2.037369214264673331e-06
2.043509420758434439e-06
2.039368573859850821e-06
2.045381051506770829e-06
2.041344171356701327e-06
2.047227411407273427e-06
2.043296294373849733e-06
2.049048909368306080e-06
2.045225226052257854e-06
2.050845951033621121e-06
2.047131245123445316e-06
2.052618938637675975e-06
2.049014625880380844e-06
2.054368270835162697e-06
2.050875638181941047e-06
2.056094342511188312e-06
2.052714547493955514e-06
2.057797544656718622e-06
2.054531614870175680e-06
2.059478264184395968e-06
2.056327096998966668e-06
2.061136883805280273e-06
2.058101246196388724e-06
2.062773781842105378e-06
2.059854310443066447e-06
2.064389332120532719e-06
2.061586533402828590e-06
2.065983903811930153e-06
2.063298154442053453e-06
2.067557861293772880e-06
2.064989408684098365e-06
2.069111564065726619e-06
2.066660527012605661e-06
2.070645366547565032e-06
2.068311736103004680e-06
2.072159618037919639e-06
2.069943258510679001e-06
2.073654662562585533e-06
2.071555312601084533e-06
2.075130838763129354e-06
2.073148112705232577e-06
2.076588479820832077e-06
2.074721869102619142e-06
2.078027913348346726e-06
2.076276788039469197e-06
2.079449461299049329e-06
2.077813071844072056e-06
2.080853439899409265e-06
2.079330918905074894e-06
2.082240159547474065e-06
2.080830523756585839e-06
2.083609924778932183e-06
2.082312077125457894e-06
2.084963034154226380e-06
2.083775765957311904e-06
2.086299780258762514e-06
2.085221773495917945e-06
2.087620449608495012e-06
2.086650279334663584e-06
2.088925322639682858e-06
2.088061459458804736e-06
2.090214673632892097e-06
2.089455486296822110e-06
2.091488770723252986e-06
2.090832528798597275e-06
2.092747875832586393e-06
2.092192752488116314e-06
2.093992244696531299e-06
2.093536319514904214e-06
2.095222126814725708e-06
2.094863388714796083e-06
2.096437765466492004e-06
2.096174115697892634e-06
2.097639397698232676e-06
2.097468652859018921e-06
2.098827254328587479e-06
2.098747149503751832e-06
2.100001559980250109e-06
2.100009751859410341e-06
2.101162533060666862e-06
2.101256603188518958e-06
2.102310385827084107e-06
2.102487843820676921e-06
2.103445324380422121e-06
2.103703611229838520e-06
2.104567548711820817e-06
2.104904040116031019e-06
2.105677252742580739e-06
2.106089262445725523e-06
2.106774624363497151e-06
2.107259407557912601e-06
2.107859845486347786e-06
2.108414602196673251e-06
2.108933092101319135e-06
2.109554970621539664e-06
2.109994534319411035e-06
2.110680634639944213e-06
2.111044336449912656e-06
2.111791713717629348e-06
2.112082657077382972e-06
2.112888325012389155e-06
2.113109649091063981e-06
2.113970583473418699e-06
2.114125459786949020e-06
2.115038601899643248e-06
2.115130230966404508e-06
2.116092491031980921e-06
2.116124098962449566e-06
2.117132359620129537e-06
2.117107194784140826e-06
2.118158314478113340e-06
2.118079644176480959e-06
2.119170460578120280e-06
2.119041567691146348e-06
2.120168901127830185e-06
2.119993080814013825e-06
2.121153737624026022e-06
2.120934294072528029e-06
2.122125069962694626e-06
2.121865313079110573e-06
2.123082996474613093e-06
2.122786238694176618e-06
2.124027614039312409e-06
2.123697167078917304e-06
2.124959018120351711e-06
2.124598189867441837e-06
2.125877302874808728e-06
2.125489394193758027e-06
2.126782561219919679e-06
2.126370862878587947e-06
2.127674884889804645e-06
2.127242674500258659e-06
2.128554364526140325e-06
2.128104903482442970e-06
2.129421089759695008e-06
2.128957620316735129e-06
2.130275149293034986e-06
2.129800891526191137e-06
2.131116630929075492e-06
2.130634779928305798e-06
2.131945621693012790e-06
2.131459344651347325e-06
2.132762207897532158e-06
2.132274641335158359e-06
2.133566475186977690e-06
2.133080722167121836e-06
2.134358508656214314e-06
2.133877636088030647e-06
2.135138392902541170e-06
2.134665428837437362e-06
2.135906212056535469e-06
2.135444143182082077e-06
2.136662049951537005e-06
2.136213818892515991e-06
2.137405990092414668e-06
2.136974493039455797e-06
2.138138115801739341e-06
2.137726199978743336e-06
2.138858510235409115e-06
2.138468971531240996e-06
2.139567256498455212e-06
2.139202837136977734e-06
2.140264437672424017e-06
2.139927823924756971e-06
2.140950136927269289e-06
2.140643956891817789e-06
2.141624437520172234e-06
2.141351258994717752e-06
2.142287422956327428e-06
2.142049751294049331e-06
2.142939176963483115e-06
2.142739453062903747e-06
2.143579783599857446e-06
2.143420381930337173e-06
2.144209327343410240e-06
2.144092554024719628e-06
2.144827893068787178e-06
2.144755984039199612e-06
2.145435566197996793e-06
2.145410685443106164e-06
2.146032432707936361e-06
2.146056670520401192e-06
2.146618579185111078e-06
2.146693950547215467e-06
2.147194092933522760e-06
2.147322535922648291e-06
2.147759061945945264e-06
2.147942436267417617e-06
2.148313575029201086e-06
2.148553660557825083e-06
2.148857721823806594e-06
2.149156217229725921e-06
2.149391592849098553e-06
2.149750114342117275e-06
2.149915279544961514e-06
2.150335359657456409e-06
2.150428874368580999e-06
2.150911960808904816e-06
2.150932470767214774e-06
2.151479925351417015e-06
2.151426163242862551e-06
2.152039260953964089e-06
2.151910047436434800e-06
2.152589975482536561e-06
2.152384220081912602e-06
2.153132077087398952e-06
2.152848779112785377e-06
2.153665574397374575e-06
2.153303823655055672e-06
2.154190476555178244e-06
2.153749454074479452e-06
2.154706793383392803e-06
2.154185771991918999e-06
