# -0.4J_-0.6g_0.47124theta_0.47124phi_10Chi_0.01delta_500N
-5.784618180363167994e-01
7.110392975102635127e-01
3.369109983739446146e-01
1.680766058452408951e-01
9.482002178520486380e-02
7.025015668872260088e-02
-3.164335080381096982e-02
-1.384056808302404351e-01
7.576203971444048224e-02
-3.790881184341426263e-02
7.896154023230583796e-01
-1.683775753220956295e+00
-3.765124943671346869e-01
2.296905460880699135e+00
1.994885876734516339e+00
2.923542547259196489e+00
2.437199161768680844e-01
-4.354053966825123467e+00
2.637551686108089655e+00
-1.152021378050850586e+00
7.075845769375947725e-02
3.741394742692348285e-01
-3.819235419797487596e-01
1.041822092759079776e+00
-4.448541175628991873e+00
-2.641927263851687524e+00
3.042853986768468300e+00
-1.086933857028143491e+00
2.861080183989402226e+00
-3.003150632293978828e-01
-1.142255962155094423e-01
-2.873782925147325140e-01
-1.886039964697527438e+00
3.215023324123917092e+01
-2.479937308401156315e+01
-1.624418314199980840e+00
3.830409228337816785e+01
-7.179321952021729203e+01
5.550467534938765368e+01
6.175392064980395901e+01
-1.716018151030807293e-01
-4.531298157503854007e+00
2.632615388775306098e+00
1.032565165348710678e+01
5.861942933401051192e+01
4.997759136172148686e+01
1.528154185992485026e+01
-1.015976736911930622e+01
-1.493451377083437670e+01
1.758765866876818222e+02
-7.098140900409746767e-02
-3.739544501238492469e+00
1.629819559952571106e+00
9.601950138907366039e+00
4.321048937283075730e+01
5.151361036727974607e+01
-1.364018536720065233e+00
4.348884314524329997e-01
-1.278268523716834792e+01
9.984929099460931923e+01
3.908890687061439967e-02
1.336228437335340580e+00
-1.613257039732650000e+00
3.893870610449243230e+01
-9.941117240468649641e+00
4.071387739200364564e+00
1.334851502518930602e+02
-7.690471586410116345e+01
1.541551760076792021e+01
4.317343162300063568e+02
1.252596488890044824e-01
2.973801200268264111e+00
3.606070302500523628e+00
-8.793191757767428385e+01
9.450648223774804535e+01
4.496548423384436433e+01
-6.818777869189050023e+01
3.119752635558825773e+02
-2.213696308226639928e+02
-6.502709208431363663e+01
-7.568887463062660970e-02
-1.590910991608943448e+00
-3.331648023553248628e+00
6.983637687913642367e+01
-5.832547972668046299e+01
-1.299047514699549843e+01
6.467101831230527864e+01
-2.391582201513440396e+02
2.303397739457706450e+02
2.533712510279554238e+02
-2.810422437801347526e-02
-6.183095683746542282e-01
-4.574148208668994964e-01
-1.636472123833848400e+02
-1.388019345940159326e+02
-1.594937408771712057e+02
-6.171788688074886977e+02
5.842959440320495332e+02
-2.408091590769316497e+02
-4.342318737464208425e+03
-5.778921498635213316e-01
-6.476058902761759883e-01
4.474624809996730623e-01
-1.965871438083541343e-03
-1.932061371630630076e-01
7.030752459449847447e-02
-1.036650314624537328e-01
9.612909186036863729e-02
7.577464136624859070e-02
4.816697675059317119e-02
-4.563114414525277773e-01
-7.093320333041895909e-01
1.903138615201625528e-01
3.492765799504708113e+00
3.501771565716292334e-01
8.242906155889309083e-01
4.060905055198527513e+00
8.363362964954995649e-01
-3.792140531343979326e+00
-1.522133409541759574e+00
6.486574550306430931e-01
9.418713139264164314e-01
-1.358707497884496851e+00
2.686461301021298098e+00
-3.252869376050616879e+00
3.857565045885935628e+00
-2.136646332209641397e+00
2.738351975266466010e+00
8.534226849370097900e-01
6.508912092249575787e-01
-9.156669628505868797e-02
-8.951591182850427986e-01
-4.886654144421215484e+00
5.839739046528645616e+01
-2.524777177433517394e+01
4.406100852271971036e+01
2.816561076441922751e+01
-7.031185557141733433e+00
-4.086316633560013400e+01
6.076029530330128381e+01
1.850007852266213615e-01
-1.532599658471897053e+00
2.023165992515880252e+00
9.877347244458196229e+00
3.232926800900513342e+01
-2.347919082997643869e+01
7.914794728236113031e+01
2.355840714340152672e-02
-4.061373863300890008e+01
8.239556595523136195e+01
-7.110047459446112994e-02
4.630706409452082783e-01
-4.057601496418838494e+00
3.263475819806453870e+01
-2.992209448881129674e+01
5.157899888793795640e+01
1.048297139002777989e+00
1.982669016051837207e+00
-1.276023422001439123e+01
-1.032231389029646884e+01
8.854166623394253699e-02
-4.330607589763710408e+00
-3.102860907313072514e-01
1.238910399931827300e+02
3.985541527527791317e+01
3.655758900119855781e+01
3.412455174124788755e+02
-4.910943208925518633e+01
-2.013228976471208398e+02
5.735156099455781487e+02
-9.642325005008024752e-02
1.675180596704122005e+00
-2.083339184151082879e+00
-3.801871793721627313e+01
8.814468289413850854e+00
-2.494512540433723657e+01
-4.559907721987490703e+01
1.070209624665051820e+02
9.776078378229664168e+01
-1.998164302781720494e+02
-7.561548159911345157e-02
3.670385753651442595e+00
2.898963297613067480e-01
-8.556758629602869348e+01
-3.146845250383664450e+01
-1.293445707752815821e+01
-2.451584761287016079e+02
6.515451034782810780e+01
2.307021328679935550e+02
-3.774119807837201961e+02
4.311625086088900771e-02
-1.836144928145212907e+00
-3.360490010097078040e-01
-5.867167181544692056e+01
-5.641698940106825688e+01
3.938951328070159263e+01
-4.030037252835972481e+02
2.276696758696421625e+02
2.487229860004964053e+02
-2.609186595676379511e+03
-5.780994869626624455e-01
-6.406936426861514766e-02
-7.844187200625493128e-01
-1.663797929797883324e-01
9.823271956232350333e-02
7.019333072564037934e-02
1.352812559200927411e-01
4.233193490366974482e-02
7.573507791913264287e-02
-9.889919913535393653e-03
-3.339065132695823168e-01
-7.059870050839416322e-01
-9.397997466849628001e-01
4.322439015663046114e+00
2.206210492772583187e+00
-3.743492503281579786e+00
-2.335022200034033713e+00
1.555159490444030901e+00
1.154216875256777408e+00
-6.668185491280538280e-01
-7.192769469171013119e-01
-1.884390473627735596e-01
-1.361028024033878792e+00
8.287927942144818205e-01
-2.424679999201635017e+00
-1.212504986862255496e+00
-2.854100883395028987e+00
-3.677748671195834707e+00
-3.714451244795592189e+00
5.559277844015924064e-01
2.059259521859633790e-01
-3.190984643172255719e+00
-2.860754387037167668e+00
4.578887361455714000e+01
-2.285373149296968887e+00
-4.249762922900043094e+01
-2.200595105645788152e+01
-4.828292705911369609e+01
-1.440134684006931920e+01
1.587292332328462976e+02
-1.317550851362637304e-02
-3.557948369452137438e+00
-2.730354355041805237e-01
3.291351065765373818e+01
4.510020758186558965e+01
-2.656037308649285578e+01
3.851048264429045531e+01
5.096527478177237214e+01
5.572622860436075598e+01
1.425126916328985658e+02
-7.093118604598017130e-02
3.275815075775123653e+00
2.425629293200388226e+00
-4.240394218781344193e+01
-1.335945272918943516e+01
5.162188949575090646e+01
-2.452591574178151768e-01
-2.058061184994009363e+00
-1.291992253515812195e+01
-1.141627723733918174e+02
-1.275587967419705426e-01
-3.627037607653305629e-01
3.952159122082222975e+00
3.847397014981438446e+01
8.840641405939430797e+01
-4.098935591389743394e+01
2.167093174525071504e+02
1.152695451422513742e+02
1.872419300571723397e+02
7.074550161916430397e+02
-2.893846534572008106e-02
-2.601949764009287236e+00
1.887777235810344623e+00
1.136631137283964144e+01
9.516778273137201438e+01
-2.016689512753209357e+01
1.230944529933803011e+02
2.319358617623966552e+02
1.239337089050692811e+02
5.243269420246155832e+00
-7.564955485538131519e-02
-2.082412462152761101e+00
3.041237544893867550e+00
1.616654314589455765e+01
8.966776036248515425e+01
-1.341569234695194623e+01
1.804086624513675190e+02
1.736590359577479035e+02
2.309028180164924891e+02
1.585326615431583264e+02
-1.654696722726738123e-02
-1.221706564875761236e+00
7.284122312846985636e-01
-1.869349565160444513e+02
-1.318686726377980989e+01
1.346134947911320978e+02
-2.486904020796689849e+02
5.606731138273634087e+02
-4.748533819778659648e+01
-4.761430622630848120e+03
