# -0.4J_-0.6g_0.47124theta_0.47124phi_10Chi_0.01delta_500N
-5.784607485745930644e-01
7.184698537858503764e-01
3.348740161628157019e-01
-1.674903154895973356e-01
-1.037809327697147982e-01
-7.262660618733650375e-02
2.993095589273818413e-02
1.433082157625855113e-01
-7.772845361171189238e-02
-3.212698125965533086e-02
7.832450010104206051e-01
-1.690393259702155593e+00
-3.622709853929384494e-01
-2.242054121969303093e+00
-2.176783061018540355e+00
-3.017485292919973361e+00
-2.183527093984045098e-01
4.428670073517972483e+00
-2.669386015178002225e+00
-9.896783852166692874e-01
7.529955068384930339e-02
3.633789870765254393e-01
-3.867167964475448083e-01
-1.214124227028891001e+00
4.472624980946019235e+00
2.697950899236429834e+00
-3.134878198512783598e+00
1.122250571011378373e+00
-2.933187651847432686e+00
-5.059010904249814505e-02
1.185957185144520531e-01
4.489137319461641296e-01
1.773467094375846820e+00
3.330091063980847110e+01
-2.152228633779815681e+01
1.052169415683081727e-01
3.958241421041888941e+01
-7.269574932894821018e+01
5.571631277611226096e+01
-5.254895783861658742e+01
1.638638830167733484e-01
4.422640254749369504e+00
-2.697850933006262331e+00
6.839546414630467197e+00
5.998137379794945900e+01
5.031478715253937395e+01
1.398225378641819816e+01
-5.949223408257445556e+00
-1.744606836573562703e+01
-2.055433882615327832e+02
6.919162465719430610e-02
3.658493588907236749e+00
-1.614828677530283807e+00
8.046247923919572997e+00
4.346419060028080850e+01
5.170685698813112907e+01
-1.240815586345808352e+00
1.430409312650368303e+00
-1.295072207451582535e+01
-1.150333995522715469e+02
-4.009499337829032506e-02
-1.299348096893793603e+00
1.561097544277391336e+00
3.847319110662944297e+01
-7.850461968047358852e+00
4.293576922002364959e+00
1.338312733581433349e+02
-7.380377581913367635e+01
1.478272444591275914e+01
-4.765431999374323482e+02
-1.203611790673263932e-01
-2.951868547102852514e+00
-3.493212665625495816e+00
-9.117531283934944497e+01
8.916735596409675679e+01
4.379993901228187525e+01
-7.167292264635236165e+01
3.159265591284943184e+02
-2.230959586573735578e+02
-6.277740689439423960e+01
7.335002413422525569e-02
1.574960694674792272e+00
3.235477367114401037e+00
7.081039914630049736e+01
-5.487124562547800366e+01
-1.296151075014295984e+01
6.497050108763419018e+01
-2.384946901726017927e+02
2.306680757955710135e+02
-1.954247483148819811e+02
-3.267005669003031354e-02
-6.552250239028689638e-01
-8.132172243122752775e-01
1.503018520174382502e+02
1.128961206063529090e+02
1.381866018752098455e+02
5.080828228775953903e+02
-5.836353783049311232e+02
2.700251974579525154e+02
-3.984578951891217912e+03
-5.778908705487136865e-01
-6.495553556314611621e-01
4.549180002461435390e-01
-6.091957729590217509e-03
1.971860907489798309e-01
-7.268777090331049462e-02
1.087973749530483092e-01
-9.731010077372856393e-02
-7.775995110971983815e-02
5.194596046047865456e-02
-4.570608457567040261e-01
-7.130742642316508784e-01
2.027542694348386243e-01
-3.492659801823444710e+00
-4.906487408353535362e-01
-8.255856571464972316e-01
-4.156196656435490411e+00
-8.530035585577622204e-01
3.870051434675025437e+00
-1.521194394472958233e+00
6.408692328902911850e-01
9.292842320193226424e-01
-1.366392839020894812e+00
-2.900339027473288755e+00
3.221871383866069749e+00
-3.966948813257604289e+00
2.141605145316296976e+00
-2.823331967391528696e+00
-8.454534219814928697e-01
7.653774898376252134e-01
8.265542190538076317e-02
9.831739055667573224e-01
4.735200516544384008e+00
5.979295610922271464e+01
-2.193649411605489874e+01
4.352380459127105183e+01
3.167022198377809161e+01
-7.298725888704721498e+00
-4.317672225399672925e+01
-2.357909162306932771e+01
-1.849102000243492694e-01
1.463000646779855307e+00
-2.162248049633019864e+00
6.449442012344241526e+00
3.345980478559549454e+01
-2.514183731107647191e+01
7.856185308187455973e+01
1.506909263104952545e+00
-3.938054354692432213e+01
-1.052383565957796918e+02
6.928636549505022557e-02
-4.349255935399348183e-01
3.979868910656396697e+00
3.361941295361093296e+01
-2.872959278489552304e+01
5.178634197805109096e+01
1.267925284513499840e+00
1.366725639055512254e+00
-1.291412725325695199e+01
3.560469740208595368e+01
-8.378336331324631736e-02
4.221245657138585905e+00
2.477820744822714916e-01
1.205546206585179618e+02
4.453075207617988696e+01
3.588047290495891417e+01
3.420300202033617438e+02
-4.556885371806751550e+01
-2.020508682605032220e+02
-5.625359953093288823e+02
9.477425065760905487e-02
-1.640401349998916514e+00
2.052695989219681216e+00
-3.845063262049266939e+01
6.430415235056864631e+00
-2.444996699051180045e+01
-4.922093398652511098e+01
1.078937584667290963e+02
1.003400283836499085e+02
1.035906280543519813e+02
7.327107172602670415e-02
-3.579330525634806914e+00
-2.560483045653836887e-01
-8.318910540855705449e+01
-3.410796587389307177e+01
-1.301559249401456775e+01
-2.449177455347241050e+02
6.301200206784214686e+01
2.309542575563269224e+02
3.852109329551285555e+02
3.921037689756221023e-02
-1.816350015265023377e+00
-4.104877064715102830e-01
7.380058509824871749e+01
1.440654394216040401e+01
-4.708289058812518135e+00
2.404866536171498126e+02
-2.891923468032746882e+02
-2.197503170239198482e+02
-2.185187947766803063e+03
-5.780994795344585047e-01
-6.954763000232298820e-02
-7.898334177738102202e-01
1.738596730020507686e-01
-9.323490393728835202e-02
-7.257849547844023863e-02
-1.386607165130804287e-01
-4.603112404718226469e-02
-7.771069411759183587e-02
-2.053833071476252048e-02
-3.267903993728082934e-01
-7.127364893492194042e-01
-9.289579996758431379e-01
-4.331016283367843833e+00
-2.415055020520799456e+00
3.838670706441262848e+00
2.384105164565523349e+00
-1.631265591644609714e+00
-1.200777250546091413e+00
-6.535801643663090577e-01
-7.160323130479171461e-01
-2.026081598079081947e-01
-1.365691726069153678e+00
-9.742260117278802589e-01
2.385196147131718458e+00
1.265914588216243697e+00
2.913550338327638212e+00
3.731330327810410186e+00
3.778503337161290609e+00
8.987843865183147152e-01
-2.013918809694302536e-01
3.282088235815030064e+00
2.792549684614841876e+00
4.703866177504558266e+01
1.238721474616315987e+00
-4.369007190800095941e+01
-2.035822172836558863e+01
-4.665840474753348843e+01
-1.237815972160201206e+01
-1.308043674739271012e+02
2.084531322776677145e-02
3.404942443099869820e+00
1.369363098354763053e-01
2.964604439413091441e+01
4.639724542731903512e+01
-2.522090355651659976e+01
3.953984335153791108e+01
5.434876158089088705e+01
5.704526736321826519e+01
-1.424859736893394597e+02
6.912345150494711432e-02
-3.222737048410012850e+00
-2.362563760815715064e+00
-4.183274339427052979e+01
-1.482658128965818278e+01
5.180679214826361800e+01
-4.834024128297450540e-01
-2.338490964754513346e+00
-1.298612448981228518e+01
9.419511514138939390e+01
1.238257872854442443e-01
3.169158729893527537e-01
-3.882988597915419060e+00
3.449156811773714537e+01
8.939698333026875332e+01
-4.064964504130345802e+01
2.172449790269990046e+02
1.199082149245556508e+02
1.885804082900056358e+02
-7.423193419802006474e+02
2.569042606470579165e-02
2.506041675989690631e+00
-1.857614197230735620e+00
6.891049038033210117e+00
9.378461307024487326e+01
-1.945951462750107197e+01
1.210944479022789579e+02
2.348093798067080229e+02
1.231658259028907025e+02
-8.767375114598297614e+01
7.329930662423897458e-02
2.006368055699734310e+00
-2.978303357555473152e+00
1.287053320991560312e+01
8.885429047051562179e+01
-1.356081502700969921e+01
1.799400081751505809e+02
1.747782331609301139e+02
2.308513623997223192e+02
-2.488549292220208144e+02
-7.435494757334720067e-03
-1.031860909876156418e+00
4.453344311347550155e-01
2.122679741239523139e+02
3.721434382288771658e+00
-1.613550218900761024e+02
1.612181257470973321e+02
-6.682520896018678513e+02
-1.874668455198593975e+01
-4.391602879414219387e+03
