# -0.4J_-0.6g_0.83776theta_1.0472phi_10Chi_0.01delta_500N
5.633194412006799212e-02
1.615705325956939603e-04
1.188157716083916489e-05
1.255951194948865058e-06
5.825060706179473056e-07
2.964737435854010193e-07
3.978772863545251256e-07
2.222920849011649468e-07
3.617487410709080983e-07
2.065535811132036240e-07
3.638175834075180381e-07
1.971542099051959570e-07
3.824550104442572424e-07
1.888081782932049176e-07
4.093793750095015256e-07
1.809060414421153140e-07
4.390801895160109187e-07
1.734420069322159480e-07
4.663875718445333126e-07
1.664966231893246164e-07
4.864295954101078449e-07
1.601586520255679343e-07
4.952956918990951732e-07
1.545161598934274032e-07
4.904320821151945884e-07
1.496559454465447443e-07
4.706592243128575992e-07
1.456616539461424555e-07
4.364618814928778041e-07
1.426106198687105850e-07
3.908043593695488434e-07
1.405704813816847376e-07
3.393267698320199111e-07
1.395969692886255728e-07
2.886534053430551703e-07
1.397341514346100816e-07
2.438381585876908150e-07
1.410151904256225385e-07
2.071623367651061077e-07
1.434613348201319590e-07
1.786789065503312401e-07
1.470766018198124012e-07
1.573344710176067039e-07
1.518369114163848067e-07
1.417892846721145270e-07
1.576737365967013940e-07
1.307962864400578167e-07
1.644547038565231909e-07
1.233062715496920726e-07
1.719682976654986067e-07
1.184619436230328847e-07
1.799263400706039103e-07
1.155683546712248202e-07
1.880017032344195705e-07
1.140705477670845256e-07
1.959104267724587062e-07
1.135401495024161045e-07
2.035199772567376794e-07
1.136611444764179634e-07
2.109297659672274168e-07
1.142050177318196363e-07
2.184589323281972115e-07
1.149977814124918450e-07
2.265113847694394345e-07
1.158955605113733114e-07
2.353416277143017338e-07
1.167774134416823426e-07
2.447659593616256751e-07
1.175436176745474697e-07
2.538508449305155130e-07
1.181074448497583247e-07
2.606614847363643763e-07
1.183825302226795068e-07
2.623993957677901525e-07
1.182727188994727959e-07
2.565913607449476962e-07
1.176706991360428504e-07
2.433704833077737557e-07
1.164666048048674083e-07
2.265616036131326107e-07
1.145640423603544439e-07
2.112792256356238115e-07
1.119013833252770533e-07
2.006014096103046941e-07
1.084726160922731798e-07
1.948898572322167866e-07
1.043384337956878350e-07
1.930049056234532800e-07
9.962158088037175585e-08
1.933765417877285717e-07
9.448784665964962139e-08
1.944354025985223308e-07
8.911971934679329439e-08
1.947358107783661599e-07
8.369127192683992351e-08
1.930506127041579391e-07
7.835048683686713530e-08
1.885152673501793618e-07
7.321103907595107742e-08
1.807721049301668015e-07
6.835207265790056056e-08
1.700252800602581873e-07
6.382291795836511008e-08
1.569528738678689570e-07
5.964894099732229528e-08
1.425036390981411324e-07
5.583847057836644228e-08
1.276612133321825248e-07
5.238774557203883754e-08
1.132600011045839389e-07
4.928484537734460956e-08
9.989300454371846372e-08
4.651258381491104625e-08
8.790368572719210507e-08
4.405064524500750055e-08
7.742909349277069925e-08
4.187719872333307153e-08
6.846076168563572927e-08
3.997017798110383686e-08
6.090162662495181889e-08
3.830816546183981523e-08
5.461006372089115387e-08
3.687115901775797375e-08
4.943067123441888152e-08
3.564104189477613583e-08
4.521433207285806541e-08
3.460179033414394979e-08
4.183043317465275459e-08
3.373950295625703494e-08
3.917338072944552219e-08
3.304229975742769918e-08
3.716502473440254941e-08
3.250016012159839346e-08
3.575415632360881227e-08
3.210476836698430436e-08
3.491386514535661504e-08
3.184936308632233476e-08
3.463744937313398307e-08
3.172870025107155988e-08
3.493374684677284075e-08
3.173907901217212076e-08
3.582308722094972269e-08
3.187844982876123245e-08
3.733511208132809253e-08
3.214659375642272523e-08
3.950902039704987672e-08
3.254541322164391257e-08
4.239566812974608286e-08
3.307934742334985567e-08
4.605972429028189832e-08
3.375587382607390829e-08
5.057917250476938730e-08
3.458613254978565223e-08
5.603838619895055524e-08
3.558566903902193655e-08
6.250930592711102060e-08
3.677529739871877226e-08
7.001294116312307807e-08
3.818209685033101715e-08
7.845210665876422516e-08
3.984057966985608188e-08
8.751052662404556457e-08
4.179411170615766592e-08
9.653136565460257938e-08
4.409672057361592426e-08
1.044280619535245334e-07
4.681548716215947387e-08
1.097373484018800397e-07
5.003379938448899583e-08
1.109562581331997300e-07
5.385589165969550176e-08
1.071996660289145282e-07
5.841309905135432726e-08
9.886223975085106787e-08
6.387202434802221259e-08
8.764458676008006077e-08
7.044457247006265697e-08
7.572597360908606034e-08
7.839971151188481153e-08
6.479051829880774613e-08
8.807525213889357794e-08
5.565396900987536189e-08
9.988127162476425897e-08
4.845330929659658009e-08
1.142684534007336730e-07
4.298242483634353391e-08
1.315898040723898240e-07
3.893148937905383491e-08
1.517066474235243482e-07
3.600314349448813751e-08
1.731947302738441736e-07
3.395180794335098927e-08
1.924703430202788447e-07
3.258801434012878473e-08
2.039141581460918218e-07
3.177022988202801700e-08
2.014748659213597798e-07
3.139289405111603083e-08
1.819906723737268773e-07
3.137455954234421422e-08
1.504138077984271800e-07
3.164931528411258414e-08
1.179786695950834115e-07
3.216288058172221339e-08
9.217716285869243270e-08
3.287138434137556638e-08
7.402453418732488965e-08
3.374003750918171150e-08
6.181301403987984328e-08
3.474140610016376715e-08
5.369305519846487272e-08
3.585379100876366180e-08
4.832235440754961921e-08
3.705985773786732751e-08
4.482140362566170793e-08
3.834550205418078487e-08
4.262266115825384398e-08
3.969892831554446307e-08
4.135350607889263774e-08
4.110988501232595918e-08
4.076258132674412530e-08
4.256907441837404328e-08
4.067603914874370603e-08
4.406767739103908725e-08
4.097139783021068191e-08
4.559698053629281739e-08
4.156130579908096157e-08
4.714810659659196687e-08
4.238293267786179448e-08
4.871185310030266624e-08
4.339075585998347806e-08
5.027866022866050192e-08
4.455154234388796547e-08
5.183873998692899289e-08
4.584081716784368585e-08
5.338240350703183169e-08
4.724036114887384651e-08
5.490061535032120949e-08
4.873642885932101095e-08
5.638577608126523517e-08
5.031847431081575541e-08
5.783268268902092657e-08
5.197823694442646288e-08
5.923954492125686944e-08
5.370908473379833538e-08
6.060886310388975859e-08
5.550554146515678880e-08
6.194793311805577460e-08
5.736294651808261820e-08
6.326877324191728766e-08
5.927721106200086598e-08
6.458738128395231101e-08
6.124464623340392867e-08
6.592240292682955421e-08
6.326184741229560499e-08
6.729345816104340919e-08
6.532562457591326311e-08
6.871946028624314693e-08
6.743297231626416598e-08
7.021723609222373811e-08
6.958107514441517376e-08
7.180064387169379291e-08
7.176734338790855534e-08
7.348020022976520876e-08
7.398947504116642745e-08
7.526318006391551288e-08
7.624553964061645944e-08
7.715402488976726649e-08
7.853407328745784306e-08
7.915489518224664213e-08
8.085417829230444050e-08
8.126624112163350305e-08
8.320561504833409923e-08
8.348734063013293021e-08
8.558889436622618157e-08
8.581674438589973172e-08
8.800535112327768034e-08
8.825261470284925750e-08
9.045717955698999459e-08
9.079297471106035902e-08
9.294742477023538946e-08
9.343587795111739561e-08
9.547993397203248497e-08
9.617951103791110818e-08
9.805926237164822807e-08
9.902226670152042632e-08
1.006905543897485208e-07
1.019627658046601827e-07
1.033793936671249608e-07
1.049998725194841546e-07
1.061316380732779295e-07
1.081326891954640920e-07
1.089532523063785905e-07
1.113605432071601287e-07
1.118501486872092715e-07
1.146829685098115004e-07
1.148280451427837140e-07
1.180996845210142645e-07
1.178923471221741886e-07
1.216105779906559501e-07
1.210480551773996960e-07
1.252156712772887013e-07
1.242997033964793169e-07
1.289151048076459880e-07
1.276513215991050097e-07
1.327091226209205128e-07
1.311064248628849429e-07
1.365980531181160416e-07
1.346680213257488028e-07
1.405822955319991521e-07
1.383386362462372773e-07
1.446623089968976206e-07
1.421203475052010682e-07
1.488386037429647483e-07
1.460148286036780909e-07
1.531117338563749124e-07
1.500233958141249724e-07
1.574822911573681109e-07
1.541470567856621033e-07
1.619508998458288333e-07
1.583865585651288801e-07
1.665182117736552576e-07
1.627424335070999095e-07
1.711849022267299900e-07
1.672150420074575153e-07
1.759516662440409576e-07
1.718046113014480283e-07
1.808192154124697463e-07
1.765112698770340944e-07
1.857882750842687808e-07
1.813350773095590600e-07
1.908595818748291194e-07
1.862760497502718331e-07
1.960338840865213679e-07
1.913341858650055775e-07
2.013119394036047540e-07
1.965094687084978565e-07
2.066944955816407498e-07
2.018018914838961562e-07
2.121823109963562002e-07
2.072114645262983407e-07
2.177761443408962152e-07
2.127382219465098364e-07
2.234767530586825623e-07
2.183822267529157041e-07
2.292848921596634441e-07
2.241435740994439594e-07
2.352013133719149222e-07
2.300223927987546228e-07
2.412267644458042507e-07
2.360188455129217385e-07
2.473619885200806892e-07
2.421331279325858946e-07
2.536077234559681103e-07
2.483654672747495501e-07
2.599647011342919514e-07
2.547161202877974444e-07
2.664336467226269701e-07
2.611853709694674947e-07
2.730152779430394323e-07
2.677735280686466813e-07
2.797103043744662769e-07
2.744809225086136018e-07
2.865194267743538507e-07
2.813079047919485312e-07
2.934433364523257488e-07
2.882548424426540634e-07
3.004827146911786198e-07
2.953221175175840650e-07
3.076382321961259918e-07
3.025101242335706588e-07
3.149105485967160053e-07
3.098192667199512064e-07
3.223003119479574894e-07
3.172499568862539190e-07
3.298081582902752281e-07
3.248026124298645576e-07
3.374347111897577348e-07
3.324776549792450858e-07
3.451805813270717814e-07
3.402755083364083311e-07
3.530463660739854704e-07
3.481965968729220804e-07
3.610326491197666718e-07
3.562413440140078311e-07
3.691400001214972764e-07
3.644101708526853569e-07
3.773689743929676290e-07
3.727034948520258533e-07
3.857201126513062101e-07
3.811217286695220879e-07
3.941939407983425387e-07
3.896652790496080679e-07
4.027909697140488706e-07
3.983345458287884567e-07
4.115116951016575769e-07
4.071299210082842450e-07
4.203565973144255955e-07
4.160517879086988455e-07
4.293261411958478588e-07
4.251005203971786146e-07
4.384207759425813705e-07
4.342764821754465087e-07
4.476409349372257601e-07
4.435800261226401474e-07
4.569870356239336894e-07
4.530114937234986653e-07
4.664594793623014277e-07
4.625712145128243474e-07
4.760586513110612753e-07
4.722595055790834705e-07
4.857849202989393209e-07
4.820766711242133389e-07
4.956386387302606071e-07
4.920230020531205251e-07
5.056201424716297279e-07
5.020987756033981403e-07
5.157297507794364552e-07
5.123042549985336053e-07
5.259677662001198851e-07
5.226396891620341837e-07
5.363344745146353703e-07
5.331053124246458085e-07
5.468301446755410420e-07
5.437013442864907722e-07
5.574550287394266031e-07
5.544279891858072977e-07
5.682093618298735308e-07
5.652854363135787067e-07
5.790933621001073820e-07
5.762738594249135822e-07
5.901072306969526240e-07
5.873934166939416132e-07
6.012511517424016211e-07
5.986442505550300687e-07
6.125252923131307307e-07
6.100264876141388352e-07
6.239298024255473135e-07
6.215402385175488391e-07
6.354648150400313563e-07
6.331855978809126605e-07
6.471304460656196706e-07
6.449626442090552309e-07
6.589267943599234125e-07
6.568714398370096462e-07
6.708539417601469586e-07
6.689120308905851356e-07
6.829119530846555523e-07
6.810844472364709983e-07
6.951008761735748636e-07
6.933887024856036647e-07
7.074207419271400880e-07
7.058247939490363862e-07
7.198715643336215640e-07
7.183927026587870451e-07
7.324533405290246083e-07
7.310923933705507779e-07
7.451660508321874902e-07
7.439238145746035124e-07
7.580096588098871375e-07
7.568868985198956084e-07
7.709841113426126206e-07
7.699815612723489004e-07
7.840893386767095599e-07
7.832077027105383114e-07
7.973252545120626470e-07
7.965652066249172105e-07
8.106917560646302873e-07
8.100539407233196324e-07
8.241887241631717394e-07
8.236737567320778006e-07
8.378160233209200779e-07
8.374244904625952112e-07
8.515735018374378001e-07
8.513059618579373622e-07
8.654609918741794701e-07
8.653179750997357821e-07
8.794783095853498389e-07
8.794603186776290615e-07
8.936252551840864463e-07
8.937327654977277509e-07
9.079016130867163197e-07
9.081350729614699523e-07
9.223071519855158924e-07
9.226669830838172492e-07
9.368416249997563541e-07
9.373282225809034525e-07
9.515047697634146538e-07
9.521185029989111931e-07
9.662963085745842883e-07
9.670375208082191044e-07
9.812159484877680120e-07
9.820849575509729609e-07
9.962633814808253839e-07
9.972604799156782590e-07
1.011438284555817652e-06
1.012563739921117539e-06
1.026740319889035286e-06
1.027994375007233209e-06
1.042169134955753440e-06
1.043552008170994805e-06
1.057724362689946365e-06
1.059236248121592581e-06
1.073405621616930649e-06
1.075046689390615955e-06
1.089212515986010369e-06
1.090982912501609385e-06
1.105144635947445143e-06
1.107044484111755997e-06
1.121201557674872857e-06
1.123230957126979408e-06
1.137382843542877843e-06
1.139541870899358519e-06
1.153688042255839414e-06
1.155976751343030422e-06
1.170116689027823237e-06
1.172535111102178633e-06
1.186668305742085899e-06
1.189216449723241240e-06
1.203342401096802262e-06
1.206020253783927365e-06
1.220138470779574371e-06
1.222945997076163151e-06
1.237055997649179946e-06
1.239993140777886137e-06
1.254094451866182961e-06
1.257161133600060318e-06
1.271253291114979936e-06
1.274449411975352312e-06
1.288531960754546400e-06
1.291857400219037129e-06
1.305929894004240334e-06
1.309384510729594838e-06
1.323446512140762326e-06
1.327030144159019462e-06
1.341081224687652086e-06
1.344793689619360975e-06
1.358833429664852727e-06
1.362674524880588592e-06
1.376702513793811111e-06
1.380672016616300215e-06
1.394687852789473399e-06
1.398785520615853352e-06
1.412788811651729187e-06
1.417014382065278310e-06
1.431004746188324647e-06
1.435357938076700257e-06
1.449335002472553284e-06
1.453815510970879642e-06
1.467778906433352518e-06
1.472386410880500190e-06
1.486335779771649710e-06
1.491069945003456883e-06
1.505004935992859408e-06
1.509865410305647001e-06
1.523785676653907370e-06
1.528772086270623262e-06
1.542677288039532989e-06
1.547789244817092637e-06
1.561679050337974868e-06
1.566916148118995114e-06
1.580790234702396471e-06
1.586152049085329643e-06
1.600010103290206876e-06
1.605496191566236625e-06
1.619337909248689805e-06
1.624947810463933179e-06
1.638772900507320895e-06
1.644506134202836126e-06
1.658314310078814399e-06
1.664170381303016625e-06
1.677961360841477558e-06
1.683939755639158979e-06
1.697713269689415388e-06
1.703813458103768741e-06
1.717569245364991587e-06
1.723790681606187481e-06
1.737528488559200448e-06
1.743870611189655075e-06
1.757590192112378732e-06
1.764052424215362338e-06
1.777753541130162998e-06
1.784335290527671790e-06
1.798017713205629072e-06
1.804718377866560357e-06
1.818381883998825125e-06
1.825200840070477365e-06
1.838845215499726237e-06
1.845781823339381747e-06
1.859406860819483032e-06
1.866460469111010768e-06
1.880065969013231199e-06
1.887235912143529677e-06
1.900821682391027423e-06
1.908107280719123492e-06
1.921673136749017810e-06
1.929073696808628224e-06
1.942619461513758534e-06
1.950134276227969183e-06
1.963659779913360962e-06
1.971288128830032365e-06
1.984793209154120048e-06
1.992534358661571161e-06
2.006018860589510956e-06
2.013872064145762713e-06
2.027335839909353543e-06
2.035300338257122333e-06
2.048743247239501358e-06
2.056818268665239065e-06
2.070240177395863437e-06
2.078424937944260909e-06
2.091825720012816611e-06
2.100119423701061919e-06
2.113498959695176776e-06
2.121900798771146946e-06
2.135258976195534553e-06
2.143768131376083298e-06
2.157104844608853485e-06
2.165720485281860330e-06
2.179035635493802001e-06
2.187756919992940452e-06
2.201050415055276737e-06
2.209876490867041836e-06
2.223148245302504197e-06
2.232078249315789937e-06
2.245328184219066099e-06
2.254361242969755928e-06
2.267589285912746708e-06
2.276724515808601197e-06
2.289930600790698398e-06
2.299167108344890275e-06
2.312351175677678984e-06
2.321688057771652440e-06
2.334850054025164671e-06
2.344286398134591993e-06
2.357426276030544112e-06
2.366961160461996426e-06
2.380078878818415643e-06
2.389711372951165831e-06
2.402806896553074528e-06
2.412536061106520780e-06
2.425609360648627107e-06
2.435434247880411384e-06
2.448485299880866484e-06
2.458404953848775835e-06
2.471433740518535528e-06
2.481447197338355436e-06
2.494453706545705631e-06
2.504559994597926970e-06
2.517544219734461879e-06
2.527742359930219189e-06
2.540704299814205031e-06
2.550993305835276950e-06
2.563932964645887890e-06
2.574311843179938110e-06
2.587229230334450879e-06
2.597696981308021924e-06
2.610592111365191810e-06
2.621147728205633877e-06
2.634020620792142615e-06
2.644663090638165215e-06
2.657513770306327502e-06
2.668242074279162235e-06
2.681070570443650674e-06
2.691883683871789398e-06
2.704690030684529422e-06
2.715586923336759536e-06
2.728371159597057948e-06
2.739350795914601931e-06
2.752112964964664962e-06
2.763174304336298373e-06
2.775914453952205838e-06
2.787056450893035476e-06
2.799774633184774792e-06
2.810996237625834601e-06
2.823692508909123526e-06
2.834992666415360221e-06
2.847667087160916358e-06
2.859044739123546368e-06
2.871697373798593746e-06
2.883151457733230018e-06
2.895782374707147245e-06
2.907311824452173508e-06
2.919921095914377743e-06
2.931524841862924575e-06
2.944112543670765580e-06
2.955789512991060527e-06
2.968355724627762944e-06
2.980104841512007430e-06
2.992649645913593997e-06
3.004469831797183078e-06
3.016993315277206434e-06
3.028883489051352277e-06
3.041385741199754146e-06
3.053344819446256033e-06
3.065825933010638616e-06
3.077852830226652032e-06
3.090312901000029624e-06
3.102406529824584040e-06
3.114845656547996264e-06
3.127004927950541288e-06
3.139423212204589256e-06
3.151647035742134772e-06
3.164044581822557450e-06
3.176331865831275438e-06
3.188708780701912214e-06
3.201058432507910312e-06
3.213414825596236979e-06
3.225825751756118803e-06
3.238161734949875952e-06
3.250632841414252759e-06
3.262948528877327067e-06
3.275478721252209160e-06
3.287774229364656684e-06
3.300362413074317518e-06
3.312637860314703619e-06
3.325282940826002501e-06
3.337538447668449224e-06
3.350239330698325586e-06
3.362475019514024599e-06
3.375230611205373801e-06
3.387446606147206529e-06
3.400255813298216571e-06
3.412452240211504458e-06
3.425313970448690835e-06
3.437490956755402120e-06
3.450404118732815996e-06
3.462561793356023085e-06
3.475525296960486105e-06
3.487663790192511763e-06
3.500676546717075271e-06
3.512795990149656873e-06
3.525856912471499160e-06
3.537957438882004636e-06
3.551065441692737505e-06
3.563147184955978202e-06
3.576301184844040402e-06
3.588364279826819713e-06
3.601563195599967797e-06
3.613607778068624554e-06
3.626850530816296946e-06
3.638876737331958783e-06
3.652162250656558548e-06
3.664170218527846121e-06
3.677497418660586701e-06
3.689487285788748117e-06
3.702855101856615241e-06
3.714827006671911338e-06
3.728234370750646630e-06
3.740188452144257578e-06
3.753634299523922019e-06
3.765570696718829428e-06
3.779053965993845500e-06
3.790972818497255003e-06
3.804492451759254916e-06
3.816393899233592627e-06
3.829948842237160221e-06
3.841833024440122286e-06
3.855422226723592630e-06
3.867289283420232946e-06
3.880911698511727603e-06
3.892761769386510388e-06
3.906416354869646416e-06
3.918249579474819127e-06
3.931935297215872304e-06
3.943751814832617455e-06
3.957467631085092734e-06
3.969267580691482099e-06
3.983012466254695959e-06
3.994795986414475146e-06
4.008568916754064668e-06
4.020336145589210099e-06
4.034136100984440464e-06
4.045887176037837544e-06
4.059713141705121457e-06
4.071448199917978445e-06
4.085299166144515070e-06
4.097018343759028825e-06
4.110893306067957415e-06
4.122596738536575840e-06
4.136494697752658068e-06
4.148182519710847153e-06
4.162102482111585404e-06
4.173774827284421823e-06
4.187715804727283551e-06
4.199372805856288800e-06
4.213333815868028688e-06
4.224975604684940712e-06
4.238955670619050546e-06
4.250582377698282456e-06
4.264580528818693228e-06
4.276192283598420189e-06
4.290207555186588234e-06
4.301804485878045481e-06
4.315835919339501603e-06
4.327418152853572095e-06
4.341464795837368456e-06
4.353032457733671962e-06
4.367093364216514477e-06
4.378646578662054581e-06
4.392720809064474334e-06
4.404259698725496043e-06
4.418346319999330003e-06
4.429871006061026816e-06
4.443969091761784944e-06
4.455479693813844372e-06
4.469588324232330071e-06
4.481084960251557603e-06
4.495203222467970251e-06
4.506686008762773969e-06
4.520812996745191750e-06
4.532282047852944805e-06
4.546416862540821823e-06
4.557872291297739263e-06
4.572014040678733979e-06
4.583455958034556341e-06
4.597603757235381779e-06
4.609032272313874420e-06
4.623185243643136861e-06
4.634600463646101639e-06
4.648757736699651191e-06
4.660159766881353696e-06
4.674320478595501680e-06
4.685709422223344340e-06
4.699872716962173752e-06
4.711248675238383402e-06
4.725413704841879019e-06
4.736776776950273286e-06
4.750942700757085676e-06
4.762292983746313720e-06
4.776458968745924476e-06
4.787796557514895482e-06
4.801961778344199446e-06
4.813286765631319378e-06
4.827450404614019294e-06
4.838762880947421780e-06
4.852924128206948797e-06
4.864224181864651546e-06
4.878382235323441854e-06
4.889669952308458285e-06
4.903824017740836768e-06
4.915099481779721657e-06
4.929248772897768166e-06
4.940512065362516972e-06
4.954655803828168729e-06
4.965907003755679872e-06
4.980044419207669662e-06
4.991283603240154902e-06
5.005413933369023461e-06
5.016641175761248344e-06
5.030763666315633581e-06
5.041979038891394338e-06
5.056092943735970082e-06
5.067296515875554158e-06
5.081401096991694229e-06
5.092592935617384159e-06
5.106687463179682481e-06
5.117867632705888520e-06
5.131951385064692453e-06
5.143119947417743500e-06
5.157192211164380460e-06
5.168349225759650780e-06
5.182409295696786322e-06
5.193554819428405792e-06
5.207601998657490439e-06
5.218736085837573320e-06
5.232769685722481987e-06
5.243892388123716588e-06
5.257911728342508219e-06
5.269023095186489019e-06
5.283027503729145860e-06
5.294127581625329537e-06
5.308116394825022812e-06
5.319205227790049064e-06
5.333177790311691328e-06
5.344255419788438574e-06
5.358211084654426737e-06
5.369277549473865988e-06
5.383215678058938978e-06
5.394271014420177741e-06
5.408190976483923088e-06
5.419235217997260051e-06
5.433136391647695703e-06
5.444169569302573241e-06
5.458051341015812287e-06
5.469073483174829637e-06
5.482935247820521780e-06
5.493946380201299215e-06
5.507787541007891417e-06
5.518787686739153148e-06
5.532607655301697577e-06
5.543596834868770260e-06
5.557395031140644541e-06
5.568373262395365876e-06
5.582149114705590683e-06
5.593116412899589330e-06
5.606869357900041291e-06
5.617825735661591700e-06
5.631555218362560146e-06
5.642500685709205888e-06
5.656206159429433157e-06
5.667140723765761768e-06
5.680821650127830261e-06
5.691745316262235178e-06
5.705401165213792313e-06
5.716313935365778531e-06
5.729944185117639810e-06
5.740846058923839512e-06
5.754450195954659906e-06
5.765341170439381974e-06
5.778918689464596920e-06
5.789798759128603611e-06
5.803349163109537160e-06
5.814218319865698400e-06
5.827741119946906490e-06
5.838599353177494033e-06
5.852094068677974833e-06
5.862941365223466175e-06
5.876407523635481013e-06
5.887243867825066981e-06
5.900681004737550779e-06
5.911506378383944063e-06
5.924914037512199771e-06
5.935728419935286630e-06
5.949106153046099040e-06
5.959909521083597512e-06
5.973256888012024844e-06
5.984049216046844761e-06
5.997365784601093472e-06
6.008147044563024594e-06
6.021432390572942861e-06
6.032202551957743614e-06
6.045456259138011115e-06
6.056215289063258551e-06
6.069436949084222135e-06
6.080184812235211096e-06
6.093374024607273257e-06
6.104110683316972891e-06
6.117267055419013959e-06
6.127992469644550700e-06
6.141115616639831173e-06
6.151829744023697038e-06
6.164919288813542669e-06
6.175622084700408860e-06
6.188677657922935871e-06
6.199369075343216947e-06
6.212390315304206519e-06
6.223070305029865468e-06
6.236056857681551493e-06
6.246725368224801233e-06
6.259676887090677507e-06
6.270333864750541435e-06
6.283250010938416131e-06
6.293895399801793695e-06
6.306775841897136050e-06
6.317409583916606113e-06
6.330253997941937982e-06
6.340876032862586184e-06
6.353684102285165472e-06
6.364294367772593780e-06
6.377065783400824854e-06
6.387664214993695694e-06
6.400398674952713661e-06
6.410985206143423877e-06
6.423682415848823851e-06
6.434256978035206039e-06
6.446916650083552281e-06
6.457479172686927466e-06
6.470101026867935408e-06
6.480651437305791147e-06
6.493235200486547305e-06
6.503773424195196668e-06
6.516318830353653717e-06
6.526844790854674008e-06
6.539351580933813725e-06
6.549865199817275232e-06
6.562333121753344346e-06
6.572834318749134747e-06
6.585263127349518029e-06
6.595751820308411210e-06
6.608141277258937983e-06
6.618617382232152450e-06
6.630967255993927975e-06
6.641430687236795357e-06
6.653740753007723512e-06
6.664191422990475525e-06
6.676461462677277923e-06
6.686899282172879450e-06
6.699129084250905552e-06
6.709553962322895487e-06
6.721743321900730044e-06
6.732155165904203850e-06
6.744303884560379278e-06
6.754702600253223044e-06
6.766810486053734372e-06
6.777195977540510579e-06
6.789262844918269954e-06
6.799635014766720080e-06
6.811660684491310069e-06
6.822019433703819739e-06
