# -0.3J_-0.7g_0.47124theta_0.47124phi_10Chi_0.01delta_500N
-5.775786549259629421e-01
6.992158943543251848e-01
-3.886210305299573897e-01
-3.841246021550983464e-02
-1.170370325872638895e-01
-4.265697100049120616e-02
7.656153489376631149e-02
3.704706545274596280e-02
4.830961214993503144e-02
1.890227986006989824e-02
8.026332150663314513e-01
-1.694739844303547072e+00
4.953735710697029782e-01
-4.516261037300954295e-01
-5.530763416966189006e+00
-4.841085366467230422e+00
7.053278899759861886e+00
1.494830307373884892e+00
4.420582448664173825e+00
1.378044489045080923e+00
-8.658023877681694791e-02
-3.772201877206786680e-01
-3.798151037500813176e-01
6.045338150542727718e+00
-4.325469009712215929e+00
-4.431441028173886743e+00
-3.649844905933847361e+00
4.254961875917661729e+00
-4.802040779018941663e+00
-1.216260260476572652e+00
-1.821486816206199094e-02
-5.053988339421497500e+00
-5.145920495349391999e+00
1.362111680702482488e+02
-8.368455874658458526e+01
-9.407649496170911618e+01
-1.636767866195757506e+02
-1.669134850200472542e+01
-1.465349965499717939e+02
6.051632754546816386e+02
1.287361630776815979e-01
6.122825808795914426e+00
3.051358499840633454e-01
1.857021477845286128e+01
1.086547613429417964e+02
9.037392285972082107e+01
-2.006798414155275907e+02
9.166791373855365066e+01
-8.865274527575537888e+01
5.702572218006447002e+01
-4.382063496500819555e-02
-6.359575755103449524e+00
-2.354132189360073291e+00
5.761856357170866261e+01
-1.050454050821495287e+02
-1.375526115632576705e+02
-9.231334625799808791e+00
-3.058421843071649349e+01
-3.567601842261160527e+01
1.792662094117715696e+02
7.509020700065724419e-02
4.168760228559381886e+00
-7.299699011943554972e+00
3.721440088479433257e+02
-3.824419316957191484e+01
-1.496013321138615311e+02
-1.043646630726133253e+03
-1.848367886442910049e+02
-6.510865489637017163e+02
3.902729728744421209e+03
3.557909239048702432e-02
3.137360799914918008e+00
1.730874955348619570e+00
-5.019089991037138532e+01
-7.536451209065560874e+01
-4.432290727322044432e+01
2.808959270486279820e+02
-4.160690785045299549e+02
-1.247348533510900026e+01
7.763736865044853630e+02
4.973278739634469370e-02
2.332418185177954406e+00
-6.120730744541743817e+00
2.423501567140556574e+02
2.157856984791881416e+01
-4.096791126192247390e+01
-7.458248340172162898e+02
-1.510825372198228855e+01
-6.420312708672311146e+02
1.780816183451441475e+03
1.410488627311317494e-02
3.125368295801235763e-01
-2.123006387956551055e+00
-3.915750001364656327e+02
4.681334201537942477e+02
3.270301640717817122e+02
2.546019410541303216e+02
2.554199655774037183e+03
7.827488056233447651e+02
-2.317422336323607306e+04
-5.774671706808895966e-01
-6.862356539122508314e-01
-4.112516589692630231e-01
-8.214899069375078411e-02
9.180351618360928223e-02
-4.267494721155126042e-02
-7.042365459928186244e-02
4.785972607330646333e-02
4.832432400030887976e-02
2.159850232903089227e-03
-4.763524382183827455e-01
-7.599151791407129375e-01
-1.629017286309723533e-01
-3.578687073377003536e+00
-4.238635627560904062e+00
-1.416439270355886348e+00
8.037185593219695612e-01
-7.266226172676193862e+00
-6.369177566483776864e+00
6.622494214227461762e-02
-6.518571469777513228e-01
-1.035711716464051024e+00
-1.315106007478331174e+00
7.336580576497267359e+00
-1.198167794936548347e+00
6.410541096965754804e+00
5.108637759939973044e+00
-2.000634847686072249e+00
-1.427872011056058765e+00
-4.551681317992142817e-01
1.206159398914418146e-01
-1.458894942090841473e+00
-8.199416183706755845e+00
1.439021476248284159e+02
-2.309057317521685704e+01
1.254752191299932775e+02
-3.356586738734280573e+01
-1.237727481224236215e+02
-3.766070532836914175e+00
9.285142558276296540e+02
-4.861362667285632627e-02
3.068538684113977233e+00
-3.291343165874322185e+00
7.917618783544347139e+01
1.009856791188646810e+02
3.621941691234370353e+01
-9.405071120772683457e+01
2.230336537549335958e+02
1.711135295207227784e+02
2.399457588096321672e+02
-4.384983699446537431e-02
1.143578698571434460e+00
6.686430953478757822e+00
-1.198071311353851627e+02
2.737582458012597808e+00
-1.375885695406390141e+02
3.300991888085889059e+01
7.299943982812206578e+00
-3.553203348288057128e+01
-5.391195635116664562e+02
-6.841778442405462013e-02
4.266634403832075151e+00
3.082496126010517479e+00
1.469910498896084903e+02
7.852040310866640027e+01
1.155393513804015555e+02
-5.459235143728866433e+02
-9.624221512118229072e+00
3.311591302860678070e+02
3.744001963248241736e+03
4.734066860292529544e-02
-7.255178848763429222e+00
1.831189942361022061e+00
-1.674336998001449786e+02
-3.016971611637314368e+02
-1.065320017833097523e+02
4.690410281022220147e+02
-9.158064781012868707e+02
-5.538389634901791396e+02
-4.109835403659606641e+02
4.977207098965923115e-02
-6.468396156398601882e+00
1.040817483846864677e+00
-1.024345623591783578e+02
-2.199778288913718427e+02
-4.092971652385942605e+01
3.835715574683766818e+02
-6.270456168113261128e+02
-6.407480258804679352e+02
-9.219048912317400379e+01
3.421514568827394541e-03
3.006500253481387067e-02
-4.090520587673660002e-01
-8.627826187333597545e+02
5.338898547267395998e+02
-6.893770218052925429e+02
1.121044408380723098e+03
4.307885904714561548e+03
8.547916848259613971e+02
-3.502474248655799602e+04
-5.775022031263336020e-01
-1.311279576861883352e-02
7.998987041023265521e-01
1.205762578357949116e-01
2.526499519431375795e-02
-4.266322635885356346e-02
-6.120031563995056122e-03
-8.490667577319289949e-02
4.830521148950650545e-02
-2.068139867407536511e-02
-3.264112485642111650e-01
-6.572503345170059852e-01
9.764125569834086749e-01
-3.134980360136786715e+00
-7.593108650924492942e+00
6.257007660512323710e+00
-3.656417883434233129e+00
2.530937359131457676e+00
1.948183404108930317e+00
1.040494305789049605e-02
7.384133377210957416e-01
1.036523429613324110e-01
-1.417567143534799179e+00
3.982631778437302206e+00
-1.642504105796560809e+00
-1.978119063651218923e+00
-4.682493352448333646e+00
-6.462557300447108410e+00
6.230538446788320250e+00
-1.952691855926280917e+00
-1.023941322500359907e-01
-6.110766002606747849e-01
-3.558507300184260203e+00
8.751359310926727630e+01
-4.671618139941288916e+01
-3.134613864322442467e+01
-1.907516127885751871e+02
-1.837934312675749595e+02
1.501481588421814877e+02
5.847147135913932061e+02
-8.015145645403914942e-02
7.709888898717083272e+00
-4.139052606892645869e+00
5.552941177737105249e+01
1.572534487679652102e+02
-1.265659378495226832e+02
-3.427720352399588677e+01
6.458814680070875625e+01
-8.243996189985239198e+01
3.890497813573136909e+02
-4.382784979709267170e-02
5.217055270787438914e+00
-4.332213089788494287e+00
6.218693071203123424e+01
1.022683379767420604e+02
-1.374492962354947849e+02
-2.338927487174046860e+01
2.323645337681654155e+01
-3.570633432898004145e+01
3.212431767291261053e+02
-6.669475753876597662e-03
-4.773908390492499265e+00
-2.021908378855640898e+00
1.578870527574630103e+02
-1.747538217965201852e+02
3.438379558267456559e+01
-6.354888451061774504e+02
-5.273271576574653636e+02
3.189127693623138953e+02
2.659766948124994997e+03
-8.291193446091857377e-02
-2.146220154734931551e+00
-7.221890167868842525e+00
8.730064142527366755e+01
-2.897579411261666564e+02
1.506538051335682837e+02
-5.858530452451391568e+01
-8.222509558464452084e+02
5.656114672395835896e+02
4.850720171778998520e+02
4.974301301212730175e-02
4.136223634873497090e+00
5.081893734087717718e+00
-1.400620956228632394e+02
1.983698061852534238e+02
-4.042407577569017718e+01
3.617457742459702672e+02
6.426677324419258639e+02
-6.411215226365200124e+02
-1.630457356681450392e+03
-1.721935397187025762e-02
-1.335076278778487113e+00
-1.480359351281437252e+00
-6.524787525049831629e+02
1.098249413354207888e+02
3.258210200285317342e+02
2.048807960801967056e+03
2.666544695368750126e+03
-1.575353761404321403e+03
-2.307969874816135052e+04
