# -0.65J_-0.35g_0.20944theta_1.0472phi_10Chi_0.01delta_500N
9.571292142615757392e-02
2.466891274858983799e-04
1.125248793202763202e-05
6.656212810743385119e-07
6.396282790783734918e-07
3.504835712954587860e-07
4.661713166759245700e-07
3.181776860188639312e-07
4.079808475262418036e-07
3.051494453288958537e-07
3.786468587165585895e-07
2.983216336787456406e-07
3.599291916561047308e-07
2.940038085026446588e-07
3.460267290640685945e-07
2.908092105195766680e-07
3.346250807882959432e-07
2.880743884198270038e-07
3.245432841630974324e-07
2.854056105788908733e-07
3.150406531447813634e-07
2.825326868724478320e-07
3.056196122910487545e-07
2.792713883338910086e-07
2.960029383288804673e-07
2.755350757439362454e-07
2.861756127825843310e-07
2.713723973543023812e-07
2.764346261335131381e-07
2.670151193164700849e-07
2.673996974834112172e-07
2.629194391014987448e-07
2.599411404704282715e-07
2.597805007371505143e-07
2.549989074677863853e-07
2.584906223744098050e-07
2.533108563320391567e-07
2.599947033276483328e-07
2.551287170694806173e-07
2.649943344573266847e-07
2.600339520100472622e-07
2.735135013862082322e-07
2.669256987045571686e-07
2.844767680207852281e-07
2.741785382297167923e-07
2.955830595453728398e-07
2.799469110247642061e-07
3.037507361944291337e-07
2.826039076216659490e-07
3.061619812002735514e-07
2.812323815912297307e-07
3.014739865392410983e-07
2.759404511304438840e-07
2.904459614150279029e-07
2.677589900444071837e-07
2.755372556398204049e-07
2.581421963169085157e-07
2.598068474957133195e-07
2.483987584922729126e-07
2.458773653934003223e-07
2.393705187603931020e-07
2.354479531130450105e-07
2.314083793430828354e-07
2.293277234115811721e-07
2.245052959762970793e-07
2.277171898026916700e-07
2.184530944735078826e-07
2.305051863125005750e-07
2.129674623729652153e-07
2.374743305689495214e-07
2.077697404652833475e-07
2.484001708418503849e-07
2.026260076061224598e-07
2.630667025420368574e-07
1.973525499852299846e-07
2.812217344844039181e-07
1.918053643744036367e-07
3.024813047634300656e-07
1.858689415020523421e-07
3.261756952977360256e-07
1.794520369639249591e-07
3.511119789487352939e-07
1.724917133375813000e-07
3.752042035710150037e-07
1.649623228627799996e-07
3.948992309941370882e-07
1.568840889869965842e-07
4.044192078653481815e-07
1.483265193270473131e-07
3.955962787314510864e-07
1.394043454674518373e-07
3.611349033808177046e-07
1.302672661878381817e-07
3.032114322538780418e-07
1.210848057646687433e-07
2.370003577641656123e-07
1.120255351832828758e-07
1.786951683785853730e-07
1.032399023932929139e-07
1.347872253176486282e-07
9.485392485055988572e-08
1.041851741415796104e-07
8.696827279719474191e-08
8.356702446761478648e-08
7.965971017025037339e-08
6.992920688144236027e-08
7.298512768213479541e-08
6.108601230488831728e-08
6.698715601837512214e-08
5.552347179777739394e-08
6.170098565338816881e-08
5.219286588264378355e-08
5.715992861418141343e-08
5.037090521239122952e-08
5.339820777157176393e-08
4.956967920253441868e-08
5.044878673016993100e-08
4.946825943837025167e-08
4.833470243751206519e-08
4.985758651806791194e-08
4.705534391176357596e-08
5.059904354562243957e-08
4.657417723144983794e-08
5.159604975808163670e-08
4.681638375518414889e-08
5.277587510228722763e-08
4.767910521894683673e-08
5.407859351669864427e-08
4.904757838925024677e-08
5.545081002525660708e-08
5.080819556427984329e-08
5.684270363362210562e-08
5.285400097496510247e-08
5.820741221385497291e-08
5.508423643568938387e-08
5.950220047632060345e-08
5.740154053244560452e-08
6.069099508291394327e-08
5.971044766737488037e-08
6.174778023280774748e-08
6.192072161432950087e-08
6.266024540097641928e-08
6.395847754982162535e-08
6.343290100289981184e-08
6.578598287130580643e-08
6.408883714880595739e-08
6.742507791085722193e-08
6.466948747088815570e-08
6.896896697701896360e-08
6.523218914215122195e-08
7.056176069219754439e-08
6.584571939070113932e-08
7.234108792809901335e-08
6.658468895687260988e-08
7.437438587145580071e-08
6.752352587166363350e-08
7.663488603023127530e-08
6.873085922451336174e-08
7.903050876917660704e-08
7.026490892363402573e-08
8.145449785621687447e-08
7.217028812039876152e-08
8.382162033628843084e-08
7.447659655905376517e-08
8.607939959855301731e-08
7.719910989464448422e-08
8.820317536800345491e-08
8.034159513502096169e-08
9.018598330690979105e-08
8.390086943358969974e-08
9.202929498329203140e-08
8.787245696607865755e-08
9.373659731908297059e-08
9.225679942019326126e-08
9.531006132786475600e-08
9.706583893081461562e-08
9.675007983757530641e-08
1.023300803460146029e-07
9.805725780821062980e-08
1.081061044165696343e-07
9.923611033160963155e-08
1.144836826916921001e-07
1.002992776303819331e-07
1.215898064660978025e-07
1.012707490854320840e-07
1.295833834083850665e-07
1.021866953325066538e-07
1.386280424683322018e-07
1.030931941731610210e-07
1.488220897039194907e-07
1.040412319656784826e-07
1.600640701445526433e-07
1.050803695767153395e-07
1.718707809739389839e-07
1.062528302358679153e-07
1.832757036689715215e-07
1.075893257813626143e-07
1.930328342632818601e-07
1.091071459012400735e-07
2.001486524021688439e-07
1.108105069794192803e-07
2.042780399417188234e-07
1.126927827324716803e-07
2.055315905504640663e-07
1.147397368434911210e-07
2.040220984558413522e-07
1.169326836568298134e-07
1.998433516924328387e-07
1.192509156654284444e-07
1.934752869315961727e-07
1.216730541659852821e-07
1.859404935008507382e-07
1.241777135612468166e-07
1.784223316018999091e-07
1.267440874568275641e-07
1.717907571547986045e-07
1.293525144997752114e-07
1.664475854123263075e-07
1.319848139755055680e-07
1.624396588098525626e-07
1.346243580596857034e-07
1.596300268870836518e-07
1.372560018689344121e-07
1.578195833404188514e-07
1.398659442168515504e-07
1.568093442669735769e-07
1.424416207898796611e-07
1.564245292158830870e-07
1.449716070316866157e-07
1.565198415144702166e-07
1.474455304863873863e-07
1.569775945920739927e-07
1.498540006374116022e-07
1.577039197507510475e-07
1.521885481982971779e-07
1.586246707401878407e-07
1.544415702891023797e-07
1.596814369373404823e-07
1.566062791573004496e-07
1.608279929534330836e-07
1.586766533256761981e-07
1.620274229606252745e-07
1.606473918079485555e-07
1.632499423177416303e-07
1.625138737734966283e-07
1.644712982953567755e-07
1.642721264490777680e-07
1.656716026930450193e-07
1.659188020842469703e-07
1.668344743001378092e-07
1.674511599824394517e-07
1.679463991333704250e-07
1.688670466298314458e-07
1.689962451179884887e-07
1.701648782279382300e-07
1.699748855977276107e-07
1.713436158842479042e-07
1.708748966984443297e-07
1.724027371899268734e-07
1.716903137093132198e-07
1.733422055487486476e-07
1.724164375164199445e-07
1.741624380049262332e-07
1.730496813046862334e-07
1.748642728489775271e-07
1.735874452122130976e-07
1.754489377822603722e-07
1.740280075754819141e-07
1.759180182323667997e-07
1.743704242748837330e-07
1.762734275672249768e-07
1.746144379058700806e-07
1.765173764174482294e-07
1.747603923335204708e-07
1.766523407696281136e-07
1.748091561361824076e-07
1.766810321311697513e-07
1.747620531573842212e-07
1.766063664024566844e-07
1.746208004227370725e-07
1.764314369663793007e-07
1.743874524164688785e-07
1.761594864960688148e-07
1.740643513044303303e-07
1.757938830292872145e-07
1.736540800998746608e-07
1.753380926933531070e-07
1.731594245465806979e-07
1.747956602377654932e-07
1.725833344130367949e-07
1.741701860821543247e-07
1.719288904885768379e-07
1.734653076291494451e-07
1.711992750614953215e-07
1.726846805034720607e-07
1.703977448824235581e-07
1.718319627662283806e-07
1.695276076138077836e-07
1.709108001014192286e-07
1.685921990835853824e-07
1.699248116360363094e-07
1.675948658632178141e-07
1.688775779605183282e-07
1.665389465211719568e-07
1.677726310063375148e-07
1.654277582093929102e-07
1.666134443150813609e-07
1.642645831449992473e-07
1.654034248448448411e-07
1.630526573482870017e-07
1.641459059069874670e-07
1.617951608728272696e-07
1.628441411830216722e-07
1.604952095229801903e-07
1.615012997013975540e-07
1.591558479049230965e-07
1.601204617786447365e-07
1.577800435949333348e-07
1.587046157594451583e-07
1.563706824083900027e-07
1.572566555512136081e-07
1.549305646883187254e-07
1.557793787375899671e-07
1.534624023294136051e-07
1.542754855396366530e-07
1.519688167059147403e-07
1.527475781434310438e-07
1.504523372251418944e-07
1.511981605597822635e-07
1.489154005284114478e-07
1.496296390047236227e-07
1.473603501589101470e-07
1.480443225821184717e-07
1.457894367615903278e-07
1.464444243458186844e-07
1.442048186740455142e-07
1.448320626285358977e-07
1.426085628560015465e-07
1.432092626596300241e-07
1.410026460649892597e-07
1.415779583073780181e-07
1.393889566385242506e-07
1.399399941091585644e-07
1.377692957099026863e-07
1.382971273530976169e-07
1.361453794454436197e-07
1.366510303184352075e-07
1.345188410257963560e-07
1.350032925903451531e-07
1.328912327243727196e-07
1.333554234413872719e-07
1.312640281541553103e-07
1.317088542687818231e-07
1.296386245708008120e-07
1.300649410444250431e-07
1.280163452036148426e-07
1.284249667937495151e-07
1.263984416312136139e-07
1.267901440630498027e-07
1.247860961561261127e-07
1.251616173780079673e-07
1.231804241841691806e-07
1.235404656853956608e-07
1.215824765891716494e-07
1.219277047560604076e-07
1.199932420627370956e-07
1.203242895546500403e-07
1.184136494234102518e-07
1.187311165695347795e-07
1.168445698953582779e-07
1.171490260842200764e-07
1.152868193364356208e-07
1.155788044145178827e-07
1.137411604403568094e-07
1.140211860668882054e-07
1.122083048586805227e-07
1.124768558597314919e-07
1.106889152911157896e-07
1.109464509798939271e-07
1.091836075142154751e-07
1.094305629662643440e-07
1.076929523431435635e-07
1.079297396582218062e-07
1.062174775526344313e-07
1.064444870550924289e-07
1.047576697271571068e-07
1.049752711356728694e-07
1.033139760489956151e-07
1.035225196040900498e-07
1.018868060404827242e-07
1.020866235845650996e-07
1.004765332369008287e-07
1.006679392496813467e-07
9.908349680467146689e-08
9.926678939329239287e-08
9.770800310255699046e-08
9.788346495475477864e-08
9.635032718961840447e-08
9.651822646870052340e-08
9.501071427155870769e-08
9.517130547770439425e-08
9.368938110196568563e-08
9.384290588473402784e-08
9.238651732221830817e-08
9.253320525680382083e-08
9.110228675794050907e-08
9.124235607106258187e-08
8.983682866385943581e-08
8.997048692482311015e-08
8.859025891317401525e-08
8.871770368629926912e-08
8.736267115295798768e-08
8.748409060732807593e-08
8.615413790385043412e-08
8.626971139103387326e-08
8.496471161941721208e-08
8.507461021198328343e-08
8.379442570201803034e-08
8.389881270000724006e-08
8.264329548086696253e-08
8.274232688528233999e-08
8.151131914492511404e-08
8.160514409626787666e-08
8.039847864098918167e-08
8.048723983329951712e-08
7.930474053305252866e-08
7.938857459387225637e-08
7.823005682667669184e-08
7.830909467206947771e-08
7.717436575768252598e-08
7.724873291834683451e-08
7.613759254837045905e-08
7.620740947501000540e-08
7.511965012839051578e-08
7.518503246937169231e-08
7.412043983354846956e-08
7.418149868862048903e-08
7.313985205878470620e-08
7.319669421640067085e-08
7.217776689696650337e-08
7.223049504741918200e-08
7.123405474398531290e-08
7.128276767259395536e-08
7.030857687244039696e-08
7.035336963777391744e-08
6.940118598664274068e-08
6.944215007962837181e-08
6.851172675017967660e-08
6.854895023505393699e-08
6.764003628341825688e-08
6.767360392559679187e-08
6.678594464601622174e-08
6.681593802883772073e-08
6.594927529191158366e-08
6.597577290923498520e-08
6.512984550018967939e-08
6.515292285021233449e-08
6.432746679283670934e-08
6.434719644817539938e-08
6.354194532182369627e-08
6.355839699800667001e-08
6.277308224265266045e-08
6.278632284781374680e-08
6.202067406910209127e-08
6.203076774968024437e-08
6.128451300256643319e-08
6.129152117959312681e-08
6.056438725218915739e-08
6.056836864749508139e-08
5.986008133087741723e-08
5.986109198553026721e-08
5.917137633449543011e-08
5.916946962380131755e-08
5.849805020714181610e-08
5.849327684434078707e-08
5.783987799116064335e-08
5.783228602790629767e-08
5.719663205330537261e-08
5.718626687758467667e-08
5.656808230297708139e-08
5.655498662516232292e-08
5.595399639273332235e-08
5.593821023601158444e-08
5.535413990073024545e-08
5.533570058103264980e-08
5.476827650440182667e-08
5.474721860911206348e-08
5.419616813033485714e-08
5.417252349552150196e-08
5.363757509470004419e-08
5.361137277922191369e-08
5.309225623059422339e-08
5.306352248727974182e-08
5.255996899305712457e-08
5.252872723987169946e-08
5.204046955527166977e-08
5.200674034306333903e-08
5.153351288429376121e-08
5.149731386745678270e-08
5.103885280586448292e-08
5.100019870819308720e-08
5.055624204668137266e-08
5.051514462970515674e-08
5.008543226356805281e-08
5.004190029355837268e-08
4.962617405238264135e-08
4.958021326844194932e-08
4.917821693789608534e-08
4.912983001964411939e-08
4.874130934297361488e-08
4.869049587893130497e-08
4.831519853739511324e-08
4.826195499079538679e-08
4.789963055750903902e-08
4.784395023634123605e-08
4.749435010602963952e-08
4.743622312730763948e-08
4.709910041629375341e-08
4.703851367221700901e-08
4.671362308850155544e-08
4.665056020712903368e-08
4.633765788662247404e-08
4.627209918956827066e-08
4.597094249600250580e-08
4.590286494718658664e-08
4.561321223142667367e-08
4.554258938255213149e-08
4.526419969570480842e-08
4.519100161044204812e-08
4.492363437192727843e-08
4.484782753945573626e-08
4.459124214718793895e-08
4.451278937296874210e-08
4.426674475844502019e-08
4.418560501982898096e-08
4.394985912996133500e-08
4.386598740503807568e-08
4.364029661367218141e-08
4.355364365651235044e-08
4.333776209168459082e-08
4.324827414892264531e-08
4.304195292624515284e-08
4.294957138307629146e-08
4.275255773322096178e-08
4.265721866745789213e-08
4.246925494446091641e-08
4.237088857100260486e-08
4.219171112310150389e-08
4.209024110368903110e-08
4.191957899105884160e-08
4.181492158329483842e-08
4.165249511773860237e-08
4.154455812810831739e-08
4.139007721093358087e-08
4.127875871889843275e-08
4.113192094377193989e-08
4.101710775483769936e-08
4.087759624386553097e-08
4.075916202523779657e-08
4.062664295601194366e-08
4.050444600587987755e-08
4.037856578102571853e-08
4.025244637968452893e-08
4.013282838965978342e-08
4.000260567569642707e-08
3.988884659769482112e-08
3.975431492759359640e-08
3.964598048629831417e-08
3.950690522855230991e-08
3.940352536379261474e-08
3.925963809727945684e-08
3.916070146898263770e-08
3.901169459192126192e-08
3.891664236416213080e-08
3.876216314486997953e-08
3.867038201364166830e-08
3.851002618846416943e-08
3.842084064788705652e-08
3.825414575153012425e-08
3.816680965955295333e-08
3.799324840183432387e-08
3.790693598393720733e-08
3.772591015794070899e-08
3.763970675914403156e-08
3.745054237181121537e-08
3.736343542025290017e-08
3.716538003198816382e-08
3.707625099131444264e-08
3.686847457830478505e-08
3.677609299173760166e-08
3.655769401905405636e-08
3.646071520728887064e-08
3.623073398074079008e-08
3.612770245160731079e-08
3.588514413728278515e-08
3.577450528571579241e-08
3.551837511332585281e-08
3.539849822905697595e-08
3.512785117784670775e-08
3.499706694771327539e-08
3.471107345044298832e-08
3.456772883298660805e-08
3.426575646278720960e-08
3.410828873809335579e-08
3.378999735762492290e-08
3.361702703990583430e-08
3.328247146863302953e-08
3.309291052023822127e-08
3.274264080356564682e-08
3.253580838161102666e-08
3.217095397109130408e-08
3.194668745465190024e-08
3.156900927342344227e-08
3.132775470602303348e-08
3.093964953693292966e-08
3.068251437688752970e-08
3.028696030930131916e-08
3.001571378781070653e-08
2.961615366702095384e-08
2.933316658005612835e-08
2.893333715027930168e-08
2.864146263370993606e-08
2.824518773663137024e-08
2.794759520850128243e-08
2.755856885592001701e-08
2.725855191145918833e-08
2.688013897612470329e-08
2.658092208116202190e-08
2.621600016226104726e-08
2.592056754206773953e-08
2.557142475036163349e-08
2.528238874426217401e-08
2.495068146583445187e-08
2.467019898869136482e-08
2.435696407995752407e-08
2.408670123261467600e-08
2.379241055181110524e-08
2.353354879200008742e-08
2.325819117861090297e-08
2.301146469004687743e-08
2.275464096450047098e-08
2.252039386400167280e-08
2.228141299689692997e-08
2.205966605474057268e-08
2.183763415790346433e-08
2.162815288239187010e-08
2.142205012120690841e-08
2.122440856997542483e-08
2.103315195963798931e-08
2.084678895472757151e-08
2.066928104404493395e-08
2.049354731411666205e-08
2.032871202973560820e-08
2.016290810664730160e-08
2.000971566249059073e-08
1.985312117740177118e-08
1.971060414224248415e-08
1.956249959636620270e-08
1.942976212037438944e-08
1.928944436386589633e-08
1.916566632492135924e-08
1.903245896281146383e-08
1.891689649640880035e-08
1.879015632936453128e-08
1.868213990533274546e-08
1.856126035532018021e-08
1.846019129616243878e-08
1.834460360137799938e-08
1.824994970554868137e-08
1.813912251090604435e-08
1.805041326052136653e-08
1.794385108945310863e-08
1.786067277819024347e-08
1.775791375520577588e-08
1.767990476252617012e-08
1.758051786714681855e-08
1.750736422456468619e-08
1.741094623335823758e-08
1.734237755627006655e-08
1.724854988805263164e-08
1.718433576591816168e-08
1.709274124406333533e-08
1.703268805931866114e-08
1.694298768502961840e-08
1.688693589385566140e-08
1.679880565383760734e-08
1.674662751830290933e-08
1.665975523601114552e-08
1.661135299792522159e-08
1.652543522486417290e-08
1.648073970999613216e-08
1.639547864146727806e-08
1.635444828503031496e-08
1.626954867547125877e-08
1.623216896151507489e-08
1.614733485852592987e-08
1.611361816701057666e-08
1.602855032279939862e-08
1.599853621208506003e-08
1.591292790664984404e-08
1.588668379055208900e-08
1.580021795931714242e-08
1.577784024411421978e-08
1.569018567040021678e-08
1.567180135267698313e-08
1.558260873350264848e-08
1.556837749259584387e-08
1.547727516914938446e-08
1.546739199608895906e-08
1.537398127772218469e-08
1.536867968924908625e-08
1.527252969028074805e-08
1.527208558880950713e-08
1.517272748988256907e-08
1.517746373905561859e-08
1.507438437417163937e-08
1.508467617302627063e-08
1.497731083329241710e-08
1.499359198421636897e-08
1.488131631652060103e-08
1.490408649571775058e-08
1.478620736291507856e-08
1.481604051538676687e-08
1.469178567155251723e-08
1.472933966794729869e-08
1.459784608888584082e-08
1.464387379490692632e-08
1.450417449243768463e-08
1.455953641499690408e-08
1.441054555316222283e-08
1.447622423831388305e-08
1.431672036252782519e-08
1.439383672886645827e-08
1.422244391749808681e-08
1.431227571047072475e-08
1.412744246472130123e-08
1.423144501147875037e-08
1.403142071786202414e-08
1.415125014603503708e-08
1.393405897929455904e-08
1.407159802735029792e-08
1.383501021941879884e-08
1.399239671235260694e-08
1.373389719793457410e-08
1.391355517480000240e-08
1.363030974976793011e-08
1.383498310632089309e-08
1.352380240665497979e-08
1.375659074461036553e-08
1.341389258626678422e-08
1.367828872441040379e-08
1.330005965091733665e-08
1.359998797513625161e-08
1.318174521448501450e-08
1.352159960672472030e-08
1.305835519313631759e-08
1.344303486565953852e-08
1.292926408962002083e-08
1.336420509905846560e-08
1.279382222439687973e-08
1.328502174858760631e-08
1.265136651514879181e-08
1.320539639544927621e-08
1.250123548093207525e-08
1.312524082799420306e-08
1.234278901459082972e-08
1.304446715236727517e-08
1.217543324754714955e-08
1.296298794453759236e-08
1.199865045644158699e-08
1.288071644109869398e-08
1.181203341593582728e-08
1.279756680734788912e-08
1.161532289454525553e-08
1.271345437670342454e-08
1.140844616797486740e-08
1.262829603321252487e-08
1.119155358708930730e-08
1.254201060396936760e-08
1.096504953929223068e-08
1.245451925077175733e-08
1.072961377240931302e-08
1.236574600629781548e-08
1.048620920206871841e-08
1.227561828166656507e-08
1.023607312742090160e-08
1.218406744517993844e-08
9.980690253856203386e-09
1.209102943330496985e-08
9.721747916700690550e-09
1.199644538930654658e-08
9.461076111169347602e-09
1.190026232781469413e-08
9.200576943666578260e-09
1.180243380543399731e-08
8.942149538975419971e-09
1.170292059147573022e-08
8.687616941290740329e-09
1.160169131993162108e-08
8.438661063887342383e-09
1.149872310972062820e-08
8.196770426698144460e-09
1.139400211755112650e-08
7.963203552466137521e-09
1.128752402752919319e-08
7.738968872917012246e-09
1.117929442605436281e-08
7.524820205851891039e-09
1.106932905349877668e-08
7.321265510342434519e-09
1.095765390313363323e-08
7.128585863467935541e-09
1.084430514457852412e-08
6.946861339989772646e-09
1.072932885212196089e-08
6.776000689489838986e-09
1.061278052148000941e-08
6.615772161706119882e-09
1.049472436477537769e-08
6.465833442240238173e-09
1.037523237906937571e-08
6.325759281777887807e-09
1.025438319389128782e-08
6.195065965664644903e-09
1.013226069998004978e-08
6.073232229518398835e-09
1.000895250114806406e-08
5.959716570834482544e-09
9.884548182707261965e-09
5.853971141673854472e-09
9.759137466804299754e-09
5.755452549871415187e-09
9.632808716440268804e-09
5.663629967299585639e-09
9.505645200090301931e-09
5.577990963323542863e-09
9.377725777518858785e-09
5.498045466979955246e-09
9.249121242537636831e-09
5.423328226642418370e-09
9.119893091977787957e-09
5.353400062135375850e-09
8.990091856454882499e-09
5.287848360804934654e-09
8.859755899061999886e-09
5.226286602011901260e-09
8.728910402228988215e-09
5.168353696698341450e-09
8.597566784184489837e-09
5.113712835017621458e-09
8.465722520066606299e-09
5.062050143132861073e-09
8.333361456861318738e-09
5.013073208052207173e-09
8.200454208473059005e-09
4.966509538802787651e-09
8.066961322048649389e-09
4.922105014482281197e-09
7.932832625572694159e-09
4.879622356632253991e-09
7.798011597092547965e-09
4.838839652452940107e-09
7.662438129701402279e-09
4.799548947006826390e-09
7.526052319696299475e-09
4.761554920888554890e-09
7.388798782626545676e-09
4.724673662160360169e-09
7.250631412708415651e-09
4.688731497750695181e-09
7.111518462541196894e-09
4.653563963781746166e-09
6.971447772231620118e-09
4.619014936618874265e-09
6.830431947699286625e-09
4.584935651781073247e-09
6.688513238392580503e-09
4.551184097931113401e-09
6.545767839285570850e-09
4.517624315730208005e-09
6.402309325859670388e-09
4.484125919592857489e-09
6.258290935518866445e-09
4.450563675255704603e-09
6.113906429135724114e-09
4.416817205956205395e-09
5.969389387779598019e-09
4.382770816403699614e-09
5.825010689747067506e-09
4.348313438763467008e-09
5.681074341251890300e-09
4.313338704551611691e-09
5.537911630353354166e-09
4.277745145883272786e-09
5.395874041440214613e-09
4.241436529691587608e-09
5.255324360722507925e-09
4.204322319611436674e-09
5.116628600796316342e-09
4.166318278404238660e-09
4.980146334233875576e-09
4.127347186885517253e-09
4.846222033937272168e-09
4.087339684290622122e-09
4.715177036734762325e-09
4.046235210258683202e-09
4.587302640291494150e-09
4.003983028247323929e-09
4.462854603823041816e-09
3.960543331792911704e-09
4.342049225716872433e-09
3.915888279137729144e-09
4.225061029397746882e-09
3.870003153493755563e-09
4.112022010197810413e-09
3.822887322089833636e-09
4.003022290162384822e-09
3.774555129816485701e-09
3.898111978147283371e-09
3.725036661592109061e-09
3.797303989945104467e-09
3.674378210577774874e-09
3.700577568342223125e-09
3.622642459455545597e-09
3.607882256321151750e-09
3.569908357285058673e-09
3.519142096428106477e-09
3.516270607129040478e-09
3.434259862233211759e-09
3.461838761310979495e-09
3.353120848312065540e-09
3.406735595280928410e-09
3.275597997335963429e-09
3.351096690138941608e-09
3.201553554305059293e-09
3.295066492304838847e-09
3.130843485184695400e-09
3.238797222713609888e-09
3.063320267303640069e-09
3.182446019263980853e-09
2.998833923596463184e-09
3.126172239513118411e-09
2.937236003928184413e-09
3.070134731007113700e-09
2.878379881975033531e-09
3.014489162038537796e-09
2.822122330858754520e-09
2.959385507162066681e-09
2.768324648099707271e-09
2.904965771062339505e-09
2.716853278084584619e-09
2.851362019647366978e-09
2.667580370348573289e-09
2.798694769160722626e-09
2.620384139284242931e-09
2.747071764160929504e-09
2.575149034943541291e-09
2.696587147899106014e-09
2.531765469487456268e-09
2.647321041210765351e-09
2.490131110021712400e-09
2.599339766742711899e-09
2.450148752288907476e-09
2.552694810782780788e-09
2.411727480374076144e-09
2.507425330223634870e-09
2.374782104195670367e-09
2.463557580392912543e-09
2.339232904230100003e-09
2.421106178267846646e-09
2.305005350435058798e-09
2.380075152792718106e-09
2.272029818313456574e-09
2.340459067814413247e-09
2.240241290977452723e-09
2.302244174695915782e-09
2.209579066244544937e-09
2.265409558800198139e-09
2.179986467729293915e-09
2.229928250100176775e-09
2.151410563796991998e-09
2.195768275610324488e-09
2.123801898030651120e-09
2.162893637045426084e-09
2.097114232156157557e-09
2.131265203177999731e-09
2.071304290997835785e-09
2.100841511117694572e-09
2.046331547026483790e-09
2.071579474554695831e-09
2.022157971032882056e-09
2.043435000040087846e-09
1.998747858053770091e-09
2.016363515483399694e-09
1.976067933313248641e-09
1.990320415684300978e-09
1.954085933089162748e-09
1.965261180572099389e-09
1.932772300422290639e-09
1.941142693534239563e-09
