# -0.45J_-0.55g_0.10472theta_0.0phi_10Chi_0.01delta_500N
7.179120638736788407e-02
5.358220846102265201e-04
9.438272939675511426e-06
2.577568127410180152e-06
3.105857815780264789e-07
9.788341825099870633e-07
2.306472992747132856e-07
6.132991230933564916e-07
2.006611645007997187e-07
4.511048186713141790e-07
1.785113671022004385e-07
3.695029581732752039e-07
1.600304837015665159e-07
3.261810037276062369e-07
1.443024547814747112e-07
3.034900953303765722e-07
1.313357124670191790e-07
2.937780292938201896e-07
1.217130212500404429e-07
2.938982706787526758e-07
1.163041145844576275e-07
3.026752684351760359e-07
1.156996918961762648e-07
3.194088262221837325e-07
1.197901695082319910e-07
3.423703474875403615e-07
1.278373764654611970e-07
3.669841025335946770e-07
1.386382807692802828e-07
3.849416799274929316e-07
1.504353963673987845e-07
3.875204699984843697e-07
1.607656661062098098e-07
3.745559593965802891e-07
1.667338150995017345e-07
3.599804535467980694e-07
1.661910174795602145e-07
3.632844956243293587e-07
1.594581628195780183e-07
3.980588689133298210e-07
1.497503876357479125e-07
4.689895059552350772e-07
1.411705360514881401e-07
5.617425873976860586e-07
1.361432944151485140e-07
5.517981276961514312e-07
1.344766714925697144e-07
3.170377623565281517e-07
1.344402906198120425e-07
1.928035020500605246e-07
1.327673257342197273e-07
1.524456387621791432e-07
1.266204899942733250e-07
1.396340712965286169e-07
1.151956590069296445e-07
1.356612394881409645e-07
1.002200018801433564e-07
1.327402973399652511e-07
8.458501108121849488e-08
1.268471640912531724e-07
7.053045036514027458e-08
1.164868504895679982e-07
5.900899941289068903e-08
1.024476834231637970e-07
5.004733954822890336e-08
8.690286966637767618e-08
4.327200220554460753e-08
7.208155217791165983e-08
3.823491358357027746e-08
5.945757823511443572e-08
3.454731570780177031e-08
4.972202286508832857e-08
3.191226796124896484e-08
4.309440050511548896e-08
3.012017832448804343e-08
3.947967159727100016e-08
2.903627528976291148e-08
3.838090689810648743e-08
2.858721785660452164e-08
3.899092829472132063e-08
2.874781221120513756e-08
4.055492665470336100e-08
2.952636916747139147e-08
4.255591716923658469e-08
3.094780516080941113e-08
4.465746321931739654e-08
3.303889746661769138e-08
4.660030678498007321e-08
3.582226935900233275e-08
4.814330079980788859e-08
3.931519271002204607e-08
4.906012619876114923e-08
4.351595700985011989e-08
4.919840104035564764e-08
4.835566719382457343e-08
4.858064655635289505e-08
5.359616724464880004e-08
4.747261653560040054e-08
5.868624177625102376e-08
4.634330017071550993e-08
6.270894493521385941e-08
4.572832526627390459e-08
6.471347265297601499e-08
4.609924532016050432e-08
6.445540899890942371e-08
4.782758355043203176e-08
6.268082287116152126e-08
5.124735818332565411e-08
6.027211187268513257e-08
5.677292230695198480e-08
5.733902090849125698e-08
6.504476317797501427e-08
5.349249891200533748e-08
7.710659870921722028e-08
4.874490359810904504e-08
9.459836739669942935e-08
4.377160176707932857e-08
1.197374926334860086e-07
3.939196969506635558e-08
1.538283725095837219e-07
3.609071747972573998e-08
1.858892033374369618e-07
3.393029972714936274e-08
1.435424128071056552e-07
3.289869898412688942e-08
7.242309643942465589e-08
3.293179536425574992e-08
4.981050744014494815e-08
3.372747554029964310e-08
4.340308845260223164e-08
3.510441811566230472e-08
4.213771549646497764e-08
3.692534098837875522e-08
4.294399670394593727e-08
3.908010468149310616e-08
4.477950478373055736e-08
4.147757847894900338e-08
4.721304241070958110e-08
4.404297540309592013e-08
5.002842114704480871e-08
4.672149265134213461e-08
5.309214924651003431e-08
4.948574622327952170e-08
5.630365784056696803e-08
5.234084298754126854e-08
5.957822213021241339e-08
5.532108593756296854e-08
6.284713732007393901e-08
5.847800960760918716e-08
6.606781722205661324e-08
6.186573322838150042e-08
6.923635794285416817e-08
6.553006631042772148e-08
7.239355128580583597e-08
6.950382474376943517e-08
7.561768972395240884e-08
7.380709681499172696e-08
7.900542493827400081e-08
7.844995600493667038e-08
8.264966476147896777e-08
8.343561253838422846e-08
8.662392951696780801e-08
8.876296671560239961e-08
9.097672232806391261e-08
9.442837205559339585e-08
9.573375690151350139e-08
1.004268953693411789e-07
1.009038807642706579e-07
1.067533627438442894e-07
1.064854311813939506e-07
1.134032784351984897e-07
1.124713449144387362e-07
1.203734274782545773e-07
1.188526147890215549e-07
1.276621046135474438e-07
1.256203007210847453e-07
1.352690425932858168e-07
1.327665099342391508e-07
1.431951708351676972e-07
1.402847428671889224e-07
1.514423525721936458e-07
1.481699191001183745e-07
1.600130849312480650e-07
1.564182156081153969e-07
1.689102008186295562e-07
1.650269293039608898e-07
1.781368259769526104e-07
1.739943050346273528e-07
1.876962287149701564e-07
1.833193809120333861e-07
1.975917270731741993e-07
1.930018507703534453e-07
2.078266215996848216e-07
2.030419390332360273e-07
2.184041465754870768e-07
2.134402873095448219e-07
2.293274343069363765e-07
2.241978561028499307e-07
2.405994886807602401e-07
2.353158442480592143e-07
2.522231653740706187e-07
2.467956218420202163e-07
2.642011570745260995e-07
2.586386703130789793e-07
2.765359827060436213e-07
2.708465281497433268e-07
2.892299798893885450e-07
2.834207433841222167e-07
3.022852999140976106e-07
2.963628328230631235e-07
3.157039045271899993e-07
3.096742473491032463e-07
3.294875638932196637e-07
3.233563429442627181e-07
3.436378553490414457e-07
3.374103571134794654e-07
3.581561626140621730e-07
3.518373900335691477e-07
3.730436753458658407e-07
3.666383897145037756e-07
3.883013889631827722e-07
3.818141404716558824e-07
4.039301047299596511e-07
3.973652541155150776e-07
4.199304301197133373e-07
4.132921634405861744e-07
4.363027794633135540e-07
4.295951175469059905e-07
4.530473749038946399e-07
4.462741787137760831e-07
4.701642476362831792e-07
4.633292205256376079e-07
4.876532394184920853e-07
4.807599270194253489e-07
5.055140043604249573e-07
4.985657926706463619e-07
5.237460109199460662e-07
5.167461230914288256e-07
5.423485441432317841e-07
5.353000362972238683e-07
5.613207080831126467e-07
5.542264644701227591e-07
5.806614283913048212e-07
5.735241561201709509e-07
6.003694550886389840e-07
5.931916786012504347e-07
6.204433654508802896e-07
6.132274209311422113e-07
6.408815670487038902e-07
6.336295968542044115e-07
6.616823008856821193e-07
6.543962481328138977e-07
6.828436446441700144e-07
6.755252480230897296e-07
7.043635160336961200e-07
6.970143049220541935e-07
7.262396762035392241e-07
7.188609661453120786e-07
7.484697332516723506e-07
7.410626218266394891e-07
7.710511457753755846e-07
7.636165089260695286e-07
7.939812264927146386e-07
7.865197153316339954e-07
8.172571459139148478e-07
8.097691840006798322e-07
8.408759360389353761e-07
8.333617172049777121e-07
8.648344941120902445e-07
8.572939807966674224e-07
8.891295863875562741e-07
8.815625084959366319e-07
9.137578519231363538e-07
9.061637062585845005e-07
9.387158063943776509e-07
9.310938565980962305e-07
9.639998459184668057e-07
9.563491229553732807e-07
9.896062508754026559e-07
9.819255540589876103e-07
1.015531189747969070e-06
1.007819088286313132e-06
1.041770722944506338e-06
1.034025557996846002e-06
1.068320806614039898e-06
1.060540693847259917e-06
1.095177296459571624e-06
1.087360129107128765e-06
1.122335951535485448e-06
1.114479403912521104e-06
1.149792438010786201e-06
1.141893969498544178e-06
1.177542332929890753e-06
1.169599192408826406e-06
1.205581127932030359e-06
1.197590358619528944e-06
1.233904232955358353e-06
1.225862677669092941e-06
1.262506979898394266e-06
1.254411286692765034e-06
1.291384626265435945e-06
1.283231254428586528e-06
1.320532358732414100e-06
1.312317585173156896e-06
1.349945296752850266e-06
1.341665222643225863e-06
1.379618496023914558e-06
1.371269053818072867e-06
1.409546952007173602e-06
1.401123912702221381e-06
1.439725603329244856e-06
1.431224584014998180e-06
1.470149335185166103e-06
1.461565806832748330e-06
1.500812982671943582e-06
1.492142278142577586e-06
1.531711334078430292e-06
1.522948656362637420e-06
1.562839134126229898e-06
1.553979564738779863e-06
1.594191087168474942e-06
1.585229594738412272e-06
1.625761860316503699e-06
1.616693309309229381e-06
1.657546086542024330e-06
1.648365246132653085e-06
1.689538367699548873e-06
1.680239920744310923e-06
1.721733277509272076e-06
1.712311829620543036e-06
1.754125364496372917e-06
1.744575453190599557e-06
1.786709154847948105e-06
1.777025258772360457e-06
1.819479155239621375e-06
1.809655703438450455e-06
1.852429855594708848e-06
1.842461236809964383e-06
1.885555731801466840e-06
1.875436303791050793e-06
1.918851248350222006e-06
1.908575347206080857e-06
1.952310860942883552e-06
1.941872810431628759e-06
1.985929019036698375e-06
1.975323139861879463e-06
2.019700168327905182e-06
2.008920787417757988e-06
2.053618753172036062e-06
2.042660212894017047e-06
2.087679218993780280e-06
2.076535886299787291e-06
2.121876014569683429e-06
2.110542290113716125e-06
2.156203594330449905e-06
2.144673921480622729e-06
2.190656420564277614e-06
2.178925294329302341e-06
2.225228965566547971e-06
2.213290941451420823e-06
2.259915713761965736e-06
2.247765416491257309e-06
2.294711163766608620e-06
2.282343295927630861e-06
2.329609830376468008e-06
2.317019180912726832e-06
2.364606246510968162e-06
2.351787699129565583e-06
2.399694965146564997e-06
2.386643506556669419e-06
2.434870561126099927e-06
2.421581289167607518e-06
2.470127632985752106e-06
2.456595764615430212e-06
2.505460804690723705e-06
2.491681683810012471e-06
2.540864727339171630e-06
2.526833832455826551e-06
2.576334080804949563e-06
2.562047032604100645e-06
2.611863575353258096e-06
2.597316144024856402e-06
2.647447953176638178e-06
2.632636065649855814e-06
2.683081989920202172e-06
2.668001736889827235e-06
2.718760496144353023e-06
2.703408138934672383e-06
2.754478318701606250e-06
2.738850296002978862e-06
2.790230342168463565e-06
2.774323276532428396e-06
2.826011490113454654e-06
2.809822194322689921e-06
2.861816726414193785e-06
2.845342209656496068e-06
2.897641056470981518e-06
2.880878530355353258e-06
2.933479528419885047e-06
2.916426412763219280e-06
2.969327234258711390e-06
2.951981162779863156e-06
3.005179310990860577e-06
2.987538136723502130e-06
3.041030941665492280e-06
3.023092742264257386e-06
3.076877356416654817e-06
3.058640439247392994e-06
3.112713833458871165e-06
3.094176740503225520e-06
3.148535700002358055e-06
3.129697212604971178e-06
3.184338333212242931e-06
3.165197476608833250e-06
3.220117161037475050e-06
3.200673208730922858e-06
3.255867663061961880e-06
3.236120141012489426e-06
3.291585371306619090e-06
3.271534061909173965e-06
3.327265870962046008e-06
3.306910816866790314e-06
3.362904801156430014e-06
3.342246308896071293e-06
3.398497855589787029e-06
3.377536499040215649e-06
3.434040783231925131e-06
3.412777406861831200e-06
3.469529388919990724e-06
3.447965110882772364e-06
3.504959533945617378e-06
3.483095748966609842e-06
3.540327136611229541e-06
3.518165518701646205e-06
3.575628172748296682e-06
3.553170677760669428e-06
3.610858676194664731e-06
3.588107544160446938e-06
3.646014739272811638e-06
3.622972496568580233e-06
3.681092513187751258e-06
3.657761974531191585e-06
3.716088208445575630e-06
3.692472478702104464e-06
3.750998095202801852e-06
3.727100571011889294e-06
3.785818503607633191e-06
3.761642874827615566e-06
3.820545824109796951e-06
3.796096075066504594e-06
3.855176507736648848e-06
3.830456918327838808e-06
3.889707066349534298e-06
3.864722212928784468e-06
3.924134072851994206e-06
3.898888828927303485e-06
3.958454161414945704e-06
3.932953698220442697e-06
3.992664027632745433e-06
3.966913814466041348e-06
4.026760428660952678e-06
4.000766233041510224e-06
4.060740183375686753e-06
4.034508071029596421e-06
4.094600172434250849e-06
4.068136507097608304e-06
4.128337338363183646e-06
4.101648781412450481e-06
4.161948685624842881e-06
4.135042195479513050e-06
4.195431280631628722e-06
4.168314112033481433e-06
4.228782251746809632e-06
4.201461954788683578e-06
4.261998789318547673e-06
4.234483208322595820e-06
4.295078145582417728e-06
4.267375417749653889e-06
4.328017634648117549e-06
4.300136188622139883e-06
4.360814632431506917e-06
4.332763186524080795e-06
4.393466576535806189e-06
4.365254136874955406e-06
4.425970966156130602e-06
4.397606824586682358e-06
4.458325361960717620e-06
4.429819093777323026e-06
4.490527385940654818e-06
4.461888847374921657e-06
4.522574721228824896e-06
4.493814046820278131e-06
4.554465111961973140e-06
4.525592711684003512e-06
4.586196363057188132e-06
4.557222919205086146e-06
4.617766340002902300e-06
4.588702803957298749e-06
4.649172968649342743e-06
4.620030557409224077e-06
4.680414234980258392e-06
4.651204427470285931e-06
4.711488184840327022e-06
4.682222718021545415e-06
4.742392923689203140e-06
4.713083788505100024e-06
4.773126616308125254e-06
4.743786053331462123e-06
4.803687486542272169e-06
4.774327981530132443e-06
4.834073816962244575e-06
4.804708096146505006e-06
4.864283948598586285e-06
4.834924973696100073e-06
4.894316280578030173e-06
4.864977243720900996e-06
4.924169269818567157e-06
4.894863588186686039e-06
4.953841430697073864e-06
4.924582740936700598e-06
4.983331334666013275e-06
4.954133487123412444e-06
5.012637609917092346e-06
4.983514662668649342e-06
5.041758941018830158e-06
5.012725153636858200e-06
5.070694068498902067e-06
5.041763895651580681e-06
5.099441788553924192e-06
5.070629873347836243e-06
5.128000952535093509e-06
5.099322119655793145e-06
5.156370466639157190e-06
5.127839715319170084e-06
5.184549291470838778e-06
5.156181788151589542e-06
5.212536441635921012e-06
5.184347512514738580e-06
5.240330985312357475e-06
5.212336108572708790e-06
5.267932043832452416e-06
5.240146841760190898e-06
5.295338791248542062e-06
5.267779022110758152e-06
5.322550453908388018e-06
5.295232003531926397e-06
5.349566309985426341e-06
5.322505183262992006e-06
5.376385689049585271e-06
5.349598001146859678e-06
5.403007971597480938e-06
5.376509938995278483e-06
5.429432588621226779e-06
5.403240519952404182e-06
5.455659021112740535e-06
5.429789307800501562e-06
5.481686799580362029e-06
5.456155906280086995e-06
5.507515503658073673e-06
5.482339958496355704e-06
5.533144761470283352e-06
5.508341146161498926e-06
5.558574249321972150e-06
5.534159188956817805e-06
5.583803691055222903e-06
5.559793843966826608e-06
5.608832857644180897e-06
5.585244904834931975e-06
5.633661566659416499e-06
5.610512201223487533e-06
5.658289681766867890e-06
5.635595598097321762e-06
5.682717112195455453e-06
5.660494995095630873e-06
5.706943812245918704e-06
5.685210325844613271e-06
5.730969780733366970e-06
5.709741557273117750e-06
5.754795060482512975e-06
5.734088688999804149e-06
5.778419737758065201e-06
5.758251752667105247e-06
5.801843941769659161e-06
5.782230811237150961e-06
5.825067844049407606e-06
5.806025958436268038e-06
5.848091657974167173e-06
5.829637318019927410e-06
5.870915638126706134e-06
5.853065043156080490e-06
5.893540079783811891e-06
5.876309315813535314e-06
5.915965318274623709e-06
5.899370346121062617e-06
5.938191728469066325e-06
5.922248371664361023e-06
5.960219724126595951e-06
5.944943656965316442e-06
5.982049757290943575e-06
5.967456492804219006e-06
6.003682317748068924e-06
5.989787195584061456e-06
6.025117932323777032e-06
6.011936106777218257e-06
6.046357164308028060e-06
6.033903592258928925e-06
6.067400612806636911e-06
6.055690041746095499e-06
6.088248912099258686e-06
6.077295868206411841e-06
6.108902730987293582e-06
6.098721507227349500e-06
6.129362772155285046e-06
6.119967416443571062e-06
6.149629771461917619e-06
6.141034075028218259e-06
6.169704497276635976e-06
6.161921983017584454e-06
6.189587749824016017e-06
6.182631660816227174e-06
6.209280360456122908e-06
6.203163648623569157e-06
6.228783190956557469e-06
6.223518505866982587e-06
6.248097132834587198e-06
6.243696810669652503e-06
6.267223106613130375e-06
6.263699159311412376e-06
6.286162061080203400e-06
6.283526165680552013e-06
6.304914972562052178e-06
6.303178460804350386e-06
6.323482844169615511e-06
6.322656692247905013e-06
6.341866705068450461e-06
6.341961523658764507e-06
6.360067609708246622e-06
6.361093634258763860e-06
6.378086637036615212e-06
6.380053718342987515e-06
6.395924889747629403e-06
6.398842484778136129e-06
6.413583493508327381e-06
6.417460656519838914e-06
6.431063596138515944e-06
6.435908970151862637e-06
6.448366366841355421e-06
6.454188175415572108e-06
6.465492995417162323e-06
6.472299034769527259e-06
6.482444691429466444e-06
6.490242322859525121e-06
6.499222683422076284e-06
6.508018826170278704e-06
6.515828218100337850e-06
6.525629342508662519e-06
6.532262559512705166e-06
6.543074680616687983e-06
6.548526988235787848e-06
6.560355659752761666e-06
6.564622800588257098e-06
6.577473109201957103e-06
6.580551307746727958e-06
6.594427867970197779e-06
6.596313834969142754e-06
6.611220784298124596e-06
6.611911720788042519e-06
6.627852715305952743e-06
6.627346316146040272e-06
6.644324526586054779e-06
6.642618983620196336e-06
6.660637091822303179e-06
6.657731096575272537e-06
6.676791292419108020e-06
6.672684038356823206e-06
6.692788017134227350e-06
6.687479201505107947e-06
6.708628161711034614e-06
6.702117986942587988e-06
6.724312628528396731e-06
6.716601803147369406e-06
6.739842326226659928e-06
6.730932065380039928e-06
6.755218169441746612e-06
6.745110194908124711e-06
6.770441078373062686e-06
6.759137618220823278e-06
6.785511978483317548e-06
6.773015766237450450e-06
6.800431800235671975e-06
6.786746073579953628e-06
6.815201478699794959e-06
6.800329977806941749e-06
6.829821953298310325e-06
6.813768918649084735e-06
6.844294167460704151e-06
6.827064337326221979e-06
6.858619068376449389e-06
6.840217675804381469e-06
6.872797606629085095e-06
6.853230376068092084e-06
6.886830735991436044e-06
6.866103879506037377e-06
6.900719413120873153e-06
6.878839626116104990e-06
6.914464597212288311e-06
6.891439053961948100e-06
6.928067249896860393e-06
6.903903598452925255e-06
6.941528334807076735e-06
6.916234691726052617e-06
6.954848817416432996e-06
6.928433762042019495e-06
6.968029664776232916e-06
6.940502233155914021e-06
6.981071845269588775e-06
6.952441523790397449e-06
6.993976328337400299e-06
6.964253046989332471e-06
7.006744084304596871e-06
6.975938209665304990e-06
7.019376084109379206e-06
6.987498411970564941e-06
7.031873299099520638e-06
6.998935046895805414e-06
7.044236700811842089e-06
7.010249499658256738e-06
7.056467260766026465e-06
7.021443147345847940e-06
7.068565950225969661e-06
7.032517358363735087e-06
7.080533740060353859e-06
7.043473492104926597e-06
7.092371600470151944e-06
7.054312898410661418e-06
7.104080500869681210e-06
7.065036917287455129e-06
7.115661409648645544e-06
7.075646878455645781e-06
7.127115294016475339e-06
7.086144101021927569e-06
7.138443119799012479e-06
7.096529893166129910e-06
7.149645851319619947e-06
7.106805551751282434e-06
7.160724451152111632e-06
7.116972362094225759e-06
7.171679880039438015e-06
7.127031597662663379e-06
7.182513096653948736e-06
7.136984519794000938e-06
7.193225057541667995e-06
7.146832377473749702e-06
7.203816716841666604e-06
7.156576407124174905e-06
7.214289026298258416e-06
7.166217832353447778e-06
7.224642934958256349e-06
7.175757863816113821e-06
7.234879389158939437e-06
7.185197699002162961e-06
7.244999332328345331e-06
7.194538522117386994e-06
7.255003704879398802e-06
7.203781503904631918e-06
7.264893444077966033e-06
7.212927801587975920e-06
7.274669483926336766e-06
7.221978558702742570e-06
7.284332755044529575e-06
7.230934905031997063e-06
7.293884184585745272e-06
7.239797956551367112e-06
7.303324696044627447e-06
7.248568815349795383e-06
7.312655209265017902e-06
7.257248569566184829e-06
7.321876640234720568e-06
7.265838293413794077e-06
7.330989901087400552e-06
7.274339047086201529e-06
7.339995899897910485e-06
7.282751876853707028e-06
7.348895540704476008e-06
7.291077814966371997e-06
7.357689723323316682e-06
7.299317879730506511e-06
7.366379343362235786e-06
7.307473075547234713e-06
7.374965292059068264e-06
7.315544392908468012e-06
7.383448456272984234e-06
7.323532808506145234e-06
7.391829718312418487e-06
7.331439285224939667e-06
7.400109956010447940e-06
7.339264772296996732e-06
7.408290042556943598e-06
7.347010205309586928e-06
7.416370846432818763e-06
7.354676506302873759e-06
7.424353231449360170e-06
7.362264583936016900e-06
7.432238056572905717e-06
7.369775333492777860e-06
7.440026175942368728e-06
7.377209637054750921e-06
7.447718438825450588e-06
7.384568363603023190e-06
7.455315689541782665e-06
7.391852369119197676e-06
7.462818767474074956e-06
7.399062496749842194e-06
7.470228506921445563e-06
7.406199576924900338e-06
7.477545737195186229e-06
7.413264427456130262e-06
7.484771282528008693e-06
7.420257853760880618e-06
7.491905962014696478e-06
7.427180648928613986e-06
7.498950589665931292e-06
7.434033593917608249e-06
7.505905974271780967e-06
7.440817457688891142e-06
7.512772919539618439e-06
7.447532997364262712e-06
7.519552223904587124e-06
7.454180958393728326e-06
7.526244680678164558e-06
7.460762074662151977e-06
7.532851077901524906e-06
7.467277068747083793e-06
7.539372198410896872e-06
7.473726651990134422e-06
7.545808819851914974e-06
7.480111524713094644e-06
7.552161714652339156e-06
7.486432376341190522e-06
7.558431649951476615e-06
7.492689885623056161e-06
7.564619387749782219e-06
7.498884720715582699e-06
7.570725684797222107e-06
7.505017539441850845e-06
7.576751292680371541e-06
7.511088989388351628e-06
7.582696957768091300e-06
7.517099708060301750e-06
7.588563421284649492e-06
7.523050323132663488e-06
7.594351419298287455e-06
7.528941452481117306e-06
7.600061682724140327e-06
7.534773704475718010e-06
7.605694937418924320e-06
7.540547678037626476e-06
7.611251904119010137e-06
7.546263962839836975e-06
7.616733298539288663e-06
7.551923139483596349e-06
7.622139831361763121e-06
7.557525779615613890e-06
7.627472208280968673e-06
7.563072446100754415e-06
7.632731130036186782e-06
7.568563693145450970e-06
7.637917292487856046e-06
7.574000066526557033e-06
7.643031386585766966e-06
7.579382103611167091e-06
7.648074098474648831e-06
7.584710333635632678e-06
7.653046109524519762e-06
7.589985277727793603e-06
7.657948096340339494e-06
7.595207449133441523e-06
7.662780730860720905e-06
7.600377353352836247e-06
7.667544680386912095e-06
7.605495488167752342e-06
7.672240607647208156e-06
7.610562343942713696e-06
7.676869170819255249e-06
7.615578403597885077e-06
7.681431023628770597e-06
7.620544142821525782e-06
7.685926815391177540e-06
7.625460030193776727e-06
7.690357191066396714e-06
7.630326527283181546e-06
7.694722791308658360e-06
7.635144088767343044e-06
7.699024252578830753e-06
7.639913162569666503e-06
7.703262207154186491e-06
7.644634189949326442e-06
7.707437283229392542e-06
7.649307605648258168e-06
7.711550104935426179e-06
7.653933837938789832e-06
7.715601292513003286e-06
7.658513308831871926e-06
7.719591462240360326e-06
7.663046434042719928e-06
7.723521226647475754e-06
7.667533623228918658e-06
7.727391194469910104e-06
7.671975280005968715e-06
7.731201970768966086e-06
7.676371802055574560e-06
7.734954157056786881e-06
7.680723581259021713e-06
7.738648351270109981e-06
7.685031003740978520e-06
7.742285147899266912e-06
7.689294449977975658e-06
7.745865138095700523e-06
7.693514294896375668e-06
7.749388909682730766e-06
7.697690907948790567e-06
7.752857047248845219e-06
7.701824653194844748e-06
7.756270132272267132e-06
7.705915889376472821e-06
7.759628743144477537e-06
7.709964970018043988e-06
7.762933455243871536e-06
7.713972243466397905e-06
7.766184841071369972e-06
7.717938053002322684e-06
7.769383470229963582e-06
7.721862736903580926e-06
7.772529909587868485e-06
7.725746628503593852e-06
7.775624723333927215e-06
7.729590056249563014e-06
7.778668473005271130e-06
7.733393343836237124e-06
7.781661717623870585e-06
7.737156810177404315e-06
7.784605013704449614e-06
7.740880769536907807e-06
7.787498915398805095e-06
7.744565531552032487e-06
7.790343974491307312e-06
7.748211401360742811e-06
7.793140740538194523e-06
7.751818679562683714e-06
7.795889760890297159e-06
7.755387662352708576e-06
7.798591580756626283e-06
7.758918641541053852e-06
7.801246743317315267e-06
7.762411904663466913e-06
7.803855789725034340e-06
7.765867734946542062e-06
7.806419259197571286e-06
7.769286411448890438e-06
7.808937689085561893e-06
7.772668209052571429e-06
7.811411614953073283e-06
7.776013398565473548e-06
7.813841570536590573e-06
7.779322246703362410e-06
7.816228087893684710e-06
7.782595016222117827e-06
7.818571697438880930e-06
7.785831965936043270e-06
7.820872927940878793e-06
7.789033350722302629e-06
7.823132306640389718e-06
7.792199421645713576e-06
7.825350359244571971e-06
7.795330425935132284e-06
7.827527609954671044e-06
7.798426607086447559e-06
7.829664581551080404e-06
7.801488204871698292e-06
7.831761795410551501e-06
7.804515455416092480e-06
7.833819771537320540e-06
7.807508591240679046e-06
7.835839028563438820e-06
7.810467841247541708e-06
7.837820083807348453e-06
7.813393430889888270e-06
7.839763453300447010e-06
7.816285582077252397e-06
7.841669651776499611e-06
7.819144513325972399e-06
7.843539192714456439e-06
7.821970439781234422e-06
7.845372588338413774e-06
7.824763573205268191e-06
7.847170349618965863e-06
7.827524122100863055e-06
7.848932986308753196e-06
7.830252291724525791e-06
7.850661006882523064e-06
