# -0.05J_-0.95g_0.7854theta_0.7854phi_10Chi_0.01delta_500N
1.036434134584868216e-02
8.009620747240900405e-05
2.649214192412859320e-06
1.866530658362892926e-06
4.303181148235316399e-07
1.013608031826941471e-06
5.377505021363493046e-07
5.006995014028997115e-07
5.864565915606131968e-07
2.598137637342356213e-07
4.563052128169313916e-07
1.511844824257208906e-07
2.722083040452458156e-07
9.631619321228923282e-08
1.595599919595594226e-07
6.542652383676387480e-08
1.012871813475685023e-07
4.652453488086886125e-08
6.948725478404621445e-08
3.422170468238928885e-08
5.052207639316578603e-08
2.583718541514478487e-08
3.829790543390828018e-08
1.991955205927425904e-08
2.992984947594262384e-08
1.562741664711987908e-08
2.393594688244030689e-08
1.244549451817639605e-08
1.949337484172855697e-08
1.004392019015859866e-08
1.611337371453630474e-08
8.203781445562860115e-09
1.348872624636299319e-08
6.775428014503957146e-09
1.141706559933668552e-08
5.654017390159857242e-09
9.759942777501647870e-09
4.764602792280707438e-09
8.419657297057101718e-09
4.052707070262651077e-09
7.325505654254200774e-09
3.478192646720642852e-09
6.425258977182831908e-09
3.011159461008585296e-09
5.679680863626545177e-09
2.629122604865112111e-09
5.058892371208999017e-09
2.315011925555939864e-09
4.539896898832489834e-09
2.055708407858897038e-09
4.104843766183955795e-09
1.840958318272648959e-09
3.739766173410209550e-09
1.662613537208268288e-09
3.433633854898936903e-09
1.514153756906382339e-09
3.177628472419205015e-09
1.390360004910615758e-09
2.964588817501756675e-09
1.287035888111537176e-09
2.788592683144045400e-09
1.200771038199525241e-09
2.644651495007907540e-09
1.128760687471563133e-09
2.528496349012133949e-09
1.068676019636799808e-09
2.436434015285282837e-09
1.018569906557233491e-09
2.365251507330524982e-09
9.768065000038416146e-10
2.312150199850479851e-09
9.420073871959568737e-10
2.274695322148745002e-09
9.130092749277411312e-10
2.250772580631549492e-09
8.888299059768673312e-10
2.238548470805856204e-09
8.686396452057629160e-10
2.236433173561680648e-09
8.517368534128692728e-10
2.243045849119301571e-09
8.375258484096253544e-10
2.257182759926411269e-09
8.254968162176401273e-10
2.277788726255787821e-09
8.152073842550550516e-10
2.303931955943191088e-09
8.062657101225173039e-10
2.334781698703224198e-09
7.983149531885252830e-10
2.369587709691194677e-09
7.910189920644184081e-10
2.407660186991715086e-09
7.840493371575945744e-10
2.448348611877274344e-09
7.770734554967051774e-10
2.491017731491614646e-09
7.697451722188685095e-10
2.535018748390520989e-09
7.616981702760270498e-10
2.579653658417527437e-09
7.525437225922104306e-10
2.624130699107585371e-09
7.418739861840734904e-10
2.667509169973206636e-09
7.292725639660968775e-10
2.708632382944199502e-09
7.143338404049778022e-10
2.746050901161417747e-09
6.966916076309189879e-10
2.777939563123146267e-09
6.760560753305854512e-10
2.802019833170328594e-09
6.522558436254376615e-10
2.815506926068674526e-09
6.252783502459309570e-10
2.815115782960631524e-09
5.953032436508158766e-10
2.797164461340029595e-09
5.627129815917088619e-10
2.757832589547590042e-09
5.280813805219769667e-10
2.693608458771556484e-09
4.921339579977033409e-10
2.601923359540079020e-09
4.556860512872257308e-10
2.481888107547291668e-09
4.195700666273544086e-10
2.334945064280546764e-09
3.845654606561524254e-10
2.165180016474870815e-09
3.513435220607236415e-10
1.979077659075619537e-09
3.204337982535276336e-10
1.784683776439603267e-09
2.922124893713811929e-10
1.590386301885759195e-09
2.669077864628389473e-10
1.403694861281058831e-09
2.446146747993524401e-10
1.230370928741622716e-09
2.253126754917644527e-10
1.074076504135795941e-09
2.088835625915390168e-10
9.364842636565091012e-10
1.951301423959152599e-10
8.176727751002849845e-10
1.837989871764695402e-10
7.166145510169559791e-10
1.746067927084793301e-10
6.316243205247989994e-10
1.672686984542535673e-10
5.607075334710597255e-10
1.615215193144257292e-10
5.018002862813872364e-10
1.571385222988196162e-10
4.529193316833355906e-10
1.539357843852066469e-10
4.122489406851251961e-10
1.517724904631311735e-10
3.781859124071947336e-10
1.505483650066422791e-10
3.493589208256287372e-10
1.502006050713778699e-10
3.246317790712464303e-10
1.507019815796995278e-10
3.030956961618102433e-10
1.520606756182133847e-10
2.840557153081121515e-10
1.543219338465842933e-10
2.670064493076117737e-10
1.575718590828643677e-10
2.516061255279842958e-10
1.619428073007525408e-10
2.376441297725626184e-10
1.676201154150628756e-10
2.250072247447511925e-10
1.748492853900456861e-10
2.136469503921675859e-10
1.839396909475312838e-10
2.035511902147515574e-10
1.952600230660399804e-10
1.947221854207332066e-10
2.092105509952908175e-10
1.871619459423763774e-10
2.261440183012237008e-10
1.808646003442587437e-10
2.461818004981815974e-10
1.758145676391215313e-10
2.688429779055651055e-10
1.719886787279218776e-10
2.924025121167013766e-10
1.693607441546814694e-10
3.130296104526788019e-10
1.679071355670455696e-10
3.242528732213629823e-10
1.676121787207754400e-10
3.183302847854828095e-10
1.684723696309428997e-10
2.914442681087621907e-10
1.704986218442308517e-10
2.499045654452651227e-10
1.737123263744288608e-10
2.077044322084909155e-10
1.781309643029421786e-10
1.758165541935001970e-10
1.837458996469163501e-10
1.570206198694646570e-10
1.904925828769659096e-10
1.489536656713597693e-10
1.982093700695228418e-10
1.482700248947077957e-10
2.065863393665839785e-10
1.525160105816032944e-10
2.151149558062207525e-10
1.603058668616513660e-10
2.230623967846099078e-10
1.709886364764344066e-10
2.295067109109116776e-10
1.843605669843908641e-10
2.334693008265923377e-10
2.005383939419396273e-10
2.341482648383208161e-10
2.199976002503144697e-10
2.311883527580426440e-10
2.437947732919810315e-10
2.248602267180429978e-10
2.740114861241500492e-10
2.160347669940341616e-10
3.143833618219292298e-10
2.059479438682008145e-10
3.705753101147983179e-10
1.958748995298737626e-10
4.471488853334432236e-10
1.868621896926276451e-10
5.292977186528040229e-10
1.795956571991186836e-10
5.371969082992727717e-10
1.744434412780372045e-10
4.010926950368460555e-10
1.715606900821920755e-10
2.507919327839677389e-10
1.706680840493028300e-10
1.638985847097164751e-10
1.711308747829468531e-10
1.176836358062611235e-10
1.720104319288938482e-10
9.058679634696397695e-11
1.720064643574486889e-10
7.278829238757203580e-11
1.695106924859581442e-10
6.005907220155053525e-11
1.629115049217913582e-10
5.043481585646515985e-11
1.512182036111084210e-10
4.289776120528973788e-11
1.347611287614594975e-10
3.685964823335587698e-11
1.153462289286401710e-10
3.194674649858006952e-11
9.549800630662146045e-11
2.790346985256348438e-11
7.734184755715003599e-11
2.454564427576309234e-11
6.199896995110568268e-11
2.173569488230609966e-11
4.967856226473074779e-11
1.936841601155582311e-11
4.006807986923221921e-11
1.736195155156868587e-11
3.267121384205579929e-11
1.565176622752685896e-11
2.699548709765612846e-11
1.418643976659957754e-11
2.262527082108218167e-11
1.292466649531383573e-11
1.923517719500058907e-11
1.183300037022841710e-11
1.657965420299903049e-11
1.088420598464199792e-11
1.447642993831629065e-11
1.005597880348385275e-11
1.279138762214245038e-11
9.329964830506762591e-12
1.142529411868808003e-11
8.690985504641949922e-12
1.030479348417200132e-11
8.126443269849617802e-12
9.375282408122070062e-12
7.625833404057155281e-12
8.595841153796081789e-12
7.180383944282407248e-12
7.935645738033035086e-12
6.782706770452807268e-12
7.371032765080191936e-12
6.426595270004769977e-12
6.884044083423007863e-12
6.106790294595826953e-12
6.460739630781694386e-12
5.818836369768502881e-12
6.090241266855458961e-12
5.559145120117737494e-12
5.763967059422468115e-12
5.323849784771606604e-12
5.475121525868916753e-12
5.110802500524716268e-12
5.218142947538537390e-12
4.917404132794773315e-12
4.988594451495395525e-12
4.741558404305467948e-12
4.782750335818552028e-12
4.581439285447942925e-12
4.597552807811105232e-12
4.435494319562529645e-12
4.430464468943485583e-12
4.302335133911468403e-12
4.279403210948531034e-12
4.180739133364090599e-12
4.142633854303555660e-12
4.069639361451231161e-12
4.018688818442353879e-12
3.968086411105125754e-12
3.906366119641332776e-12
3.875221600550773683e-12
3.804664217575583949e-12
3.790335117953755854e-12
3.712722973917658460e-12
3.712744851847292786e-12
3.629810972458878557e-12
3.641848411123221049e-12
3.555287760413259403e-12
3.577119008569818375e-12
3.488583624821949107e-12
3.518087419107818957e-12
3.429186362427155774e-12
3.464335382910513904e-12
3.376612835339223002e-12
3.415489645693109071e-12
3.330462667421668351e-12
3.371216576568201852e-12
3.290349746419448418e-12
3.331217286292559922e-12
3.255792231975396684e-12
3.295223211656830331e-12
3.226522344090263863e-12
3.262992166575993103e-12
3.202166707154848139e-12
3.234304826170302259e-12
3.182403373127235002e-12
3.208961636021116000e-12
3.166930748424069619e-12
3.186768897381688142e-12
3.155468150426741817e-12
3.167592578079423085e-12
3.147756219451484245e-12
3.151242982400047739e-12
3.143556873097708148e-12
3.137589596194017939e-12
3.142652737970242190e-12
3.126494847479152454e-12
3.144838339499388443e-12
3.117831777041585219e-12
3.149958169551629287e-12
3.111479735664435568e-12
3.157825381796782586e-12
3.107323646101673284e-12
3.168299245534467191e-12
3.105253258625900193e-12
3.181253645624580982e-12
3.105162470604755099e-12
3.196547964964279876e-12
3.106948804690959346e-12
3.214063415851029517e-12
3.110513030422450401e-12
3.233684852325213974e-12
3.115758950701250688e-12
3.255298730876391787e-12
3.122572432995716298e-12
3.278767275149903277e-12
3.130908719768478147e-12
3.304027048763900068e-12
3.140662712062948965e-12
3.330930316430821243e-12
3.151739826743210801e-12
3.359355514071057282e-12
3.164060602163603269e-12
3.389178275685194856e-12
3.177548473945527537e-12
3.420272440661524811e-12
3.192130296546740079e-12
3.452511537963677826e-12
3.207736726729839385e-12
3.485770574490064486e-12
3.224302501543033673e-12
3.519927855277408974e-12
3.241766649224920774e-12
3.554866725621075220e-12
3.260072667176520709e-12
3.590477052776721096e-12
3.279168658031366047e-12
3.626656384919121114e-12
3.299007465848965357e-12
3.663310779772480857e-12
3.319546783480750901e-12
3.700355267978861775e-12
3.340749266883397941e-12
3.737714041812883103e-12
3.362582649549375500e-12
3.775320389689996956e-12
3.385019860710458935e-12
3.813116443519553035e-12
3.408039177699490615e-12
3.851052781949088003e-12
3.431624365709199826e-12
3.889087929796261334e-12
3.455764865574448774e-12
3.927187774202386125e-12
3.480455973853749808e-12
3.965324994606390999e-12
3.505699022098534491e-12
4.003478413368075277e-12
3.531501551199216941e-12
4.041632419271927135e-12
3.557877443015965378e-12
4.079776409030549408e-12
3.584846967394361729e-12
4.117904327430724883e-12
3.612436748391532401e-12
4.156014370291288782e-12
3.640679566146217737e-12
4.194108837699080244e-12
3.669613979053266209e-12
4.232194239364910181e-12
3.699283729600573483e-12
4.270281684048683427e-12
3.729736844550291401e-12
4.308387504490842460e-12
3.761024403489182097e-12
4.346534212786099143e-12
3.793199049053962146e-12
4.384751676262853601e-12
3.826312974581655608e-12
4.423078567263437242e-12
3.860415450920443633e-12
4.461563994859535875e-12
3.895549586859102299e-12
4.500269325274811556e-12
3.931746981800679900e-12
4.539270146779204253e-12
3.969051984951914019e-12
4.578658370072592196e-12
4.007467712546074102e-12
4.618544400141598077e-12
4.046991099234250204e-12
4.659059313607447164e-12
4.087585286127551924e-12
4.700356898129425359e-12
4.129205430907629945e-12
4.742615312229347110e-12
4.171780552945076138e-12
4.786038025160591928e-12
4.215214318832109427e-12
4.830853404833066981e-12
4.259385755275123081e-12
4.877312144428756391e-12
4.304150758302139603e-12
4.925681272737197350e-12
4.349344653114430712e-12
4.976232959402038753e-12
4.394785829368880129e-12
5.029225839441079058e-12
4.440280277863008512e-12
5.084875772706747192e-12
4.485626891675013158e-12
5.143312361102135016e-12
4.530623169876990718e-12
5.204517369913599993e-12
4.575071094866501004e-12
5.268241938343411694e-12
4.618782810521991277e-12
5.333901988881248702e-12
4.661585852032842560e-12
5.400458773679336169e-12
4.703327660991810815e-12
5.466302683901434936e-12
4.743879258223472351e-12
5.529177772397611842e-12
4.783137889808505333e-12
5.586213031922767456e-12
4.821028629167781950e-12
5.634106094655234149e-12
4.857504732666349250e-12
5.669576298247815020e-12
4.892546617388663928e-12
5.689968077831758656e-12
4.926159268938656013e-12
5.693973419661801003e-12
4.958368018140573747e-12
5.682066967477218957e-12
4.989213183193917173e-12
5.656587396162633959e-12
5.018744517357875287e-12
5.621237580706730558e-12
5.047016663183382178e-12
5.580288094743722761e-12
5.074086339955318180e-12
5.537773606680588708e-12
5.100011162264022557e-12
5.496941108058762316e-12
5.124849406143646080e-12
5.460030633404417221e-12
5.148659983311777347e-12
5.428321982991714173e-12
5.171502163180401253e-12
5.402325660279894072e-12
5.193435009149130598e-12
5.382012750307350485e-12
5.214516596159047749e-12
5.367021135775142364e-12
5.234803204405992577e-12
5.356813476359845000e-12
5.254332174724592812e-12
5.350785593446523411e-12
5.273193082518984353e-12
5.348334009120158178e-12
5.291410367435053011e-12
5.348893867383796767e-12
5.309027758979969626e-12
5.351965647545888587e-12
5.326085278471158100e-12
5.357096894130933118e-12
5.342619294348463865e-12
5.363902307143772805e-12
5.358662661734573217e-12
5.372055608957586429e-12
5.374244916475353221e-12
5.381281466787763713e-12
5.389392508987034779e-12
5.391326202384458014e-12
5.404129063722991968e-12
5.402046149654897449e-12
5.418475633050817685e-12
5.413253353795925870e-12
5.432450966083509680e-12
5.424814380041811525e-12
5.446063393403721173e-12
5.436618629081324416e-12
5.459345197532294669e-12
5.448574626729824412e-12
5.472300560055511188e-12
5.460606877803756461e-12
5.484941355349511341e-12
5.472653229673887070e-12
5.497278235843892295e-12
5.484662648764988742e-12
5.509320802455453592e-12
5.496593375267168066e-12
5.521077737358451589e-12
5.508411368809926705e-12
5.532556951035215993e-12
5.520089033934359622e-12
5.543765678663121927e-12
5.531604132928276094e-12
5.554710587445020966e-12
5.542938889499145262e-12
5.565397854890100400e-12
5.554079264652361998e-12
5.575833254438391400e-12
5.565014320157733975e-12
5.586022206936137758e-12
5.575735710387586882e-12
5.595969843364787224e-12
5.586237250032900889e-12
5.605681043769911705e-12
5.596514566772625515e-12
5.615160486516656690e-12
5.606564796492908327e-12
5.624412669242966110e-12
5.616386333221392094e-12
5.633441951861455050e-12
5.625978635269277101e-12
5.642252563552359108e-12
5.635342028649955107e-12
5.650848637256343126e-12
5.644477593227218037e-12
5.659234210454214241e-12
5.653387009661999357e-12
5.667413255912159771e-12
5.662072474993367753e-12
5.675389672952876949e-12
5.670536611299282568e-12
5.683167313863173424e-12
5.678782387855957797e-12
5.690749976523851821e-12
5.686813064754514919e-12
5.698141416335742927e-12
5.694632135329759147e-12
5.705345351051503534e-12
5.702243280049881515e-12
5.712365462920003005e-12
5.709650325804082358e-12
5.719205389727256890e-12
5.716857222519463008e-12
5.725868744815764056e-12
5.723855381674383001e-12
5.732359105008202084e-12
5.730674806098814975e-12
5.738680013000454314e-12
5.737306361246514245e-12
5.744834977655757376e-12
5.743754209826740118e-12
5.750827476926992159e-12
5.750023356629694367e-12
5.756660951173809247e-12
5.756119083777039183e-12
5.762338806828383202e-12
5.762043391031126083e-12
5.767864413196766526e-12
5.767800330439885349e-12
5.773241105811363022e-12
5.773393904006138427e-12
5.778472176736337083e-12
5.778828050403873771e-12
5.783560881183825904e-12
5.784106630652188688e-12
5.788521032238148068e-12
5.789233406046565377e-12
5.793335338777066866e-12
5.794212014695752306e-12
5.798016800111501500e-12
5.799045935097489546e-12
5.802568500928994838e-12
5.803758121356885777e-12
5.806993481933036180e-12
5.808316354857708162e-12
5.811294738503994788e-12
5.812744831629922168e-12
5.815475220292411176e-12
5.817047627920812689e-12
5.819537836515403063e-12
5.821222703246494530e-12
5.823485447769859330e-12
5.825268008637395251e-12
5.827320864487876516e-12
5.829199525087340225e-12
5.831046854402736743e-12
5.833019969835636084e-12
5.834666139666844860e-12
5.836719230797895262e-12
5.838181391040253921e-12
5.840312985717436573e-12
5.841595233893537509e-12
5.843805004863312545e-12
5.844910249164587289e-12
5.847177451770553720e-12
5.848128966285070086e-12
5.850464929402081251e-12
5.851255711866415395e-12
5.853652548601264707e-12
5.854292496709355887e-12
5.856743610321409839e-12
5.857240291800857695e-12
5.859741140850184960e-12
5.860101424613587157e-12
5.862647970004607720e-12
5.862878169854999105e-12
5.865466783476386514e-12
5.865572751837839406e-12
5.868200151199085199e-12
5.868187347146812885e-12
5.870850544802099302e-12
5.870724075939658778e-12
5.873420357024658513e-12
5.873185009460817551e-12
5.875911901438182376e-12
5.875590874864306139e-12
5.878327427449145057e-12
5.877908024327144323e-12
5.880669117448854912e-12
5.880155547859612119e-12
5.882939090109539809e-12
5.882335344764201881e-12
5.885139408676222078e-12
5.884449263818467747e-12
5.887272079369494951e-12
5.886486819488933077e-12
5.889349708907480261e-12
5.888474997616468875e-12
5.891353215978900897e-12
5.890402446266445810e-12
5.893294715076029570e-12
5.892270753812348542e-12
5.895175997330393361e-12
5.894081426540864490e-12
5.896998806710312614e-12
5.895835886732160809e-12
5.898765132190267404e-12
5.897539481617461895e-12
5.900478762097312493e-12
5.899196070850316688e-12
5.902138862978157530e-12
5.900799930387311024e-12
5.903746998325002927e-12
5.902349535826631315e-12
5.905304681803713376e-12
5.903857546852123837e-12
5.906813391550389922e-12
5.905315729047808408e-12
5.908274562368769931e-12
5.906726046059267897e-12
5.909689588555432579e-12
5.908095239616967552e-12
5.911059833344640790e-12
5.909430078972711230e-12
5.912386618052355831e-12
5.910722477614056229e-12
5.913661869150906064e-12
5.911973890407300467e-12
5.914905979815408091e-12
5.913198972127257168e-12
5.916110401150556685e-12
5.914374083863398894e-12
5.917276309744188717e-12
5.915512513565311230e-12
5.918404856809322406e-12
5.916615485439319930e-12
5.919497151292860216e-12
5.917684171786229514e-12
5.920554280268166197e-12
5.918719687944051665e-12
5.921577299367558175e-12
5.919723105542640739e-12
5.922567225630454899e-12
5.920695452623840131e-12
5.923525062214130219e-12
5.921637721475706627e-12
5.924451772246912780e-12
5.922537483602692993e-12
5.925348298183541888e-12
5.923423582288112542e-12
5.926215554057299520e-12
5.924282219612571810e-12
5.927054429932227580e-12
5.925114289932750333e-12
5.927865788326823018e-12
5.925920653669112107e-12
5.928650472183683929e-12
5.926702138652570970e-12
5.929409292136447770e-12
5.927459545741135016e-12
5.930143044282708710e-12
5.928193645705208076e-12
5.930852482531939245e-12
5.928905182622162857e-12
5.931538406957218498e-12
5.929594880599021148e-12
5.932201497455057842e-12
5.930263434478453597e-12
5.932842471434248347e-12
5.930911521178976779e-12
5.933462023121561687e-12
5.931539791565666085e-12
5.934060818876875419e-12
5.932148876702626566e-12
5.934639506385362939e-12
5.932739386761618592e-12
5.935198717367243470e-12
5.933311911613520254e-12
5.935739065573818276e-12
5.933867019915414820e-12
5.936261143752345474e-12
5.934405035919536051e-12
5.936765539277850450e-12
5.934927210763787115e-12
5.937252806177836342e-12
5.935433338533181898e-12
5.937723495660298161e-12
5.935924157184592308e-12
5.938178138443707038e-12
5.936400153684847003e-12
5.938617253932925564e-12
5.936861795534995010e-12
5.939041340336641902e-12
5.937309534557089298e-12
5.939450883910512950e-12
5.937743811960404682e-12
5.939846363711920470e-12
5.938165046636706147e-12
5.940228238191308741e-12
5.938573650355785301e-12
5.940596952718835850e-12
5.938970017662460551e-12
5.940952947969135212e-12
5.939354530320845670e-12
5.941296638866465431e-12
5.939727558335020390e-12
5.941628441630335249e-12
5.940089454576361463e-12
5.941948756064747519e-12
5.940440563293425748e-12
5.942257968790260436e-12
5.940781221510605185e-12
5.942556454139383891e-12
5.941111747252070984e-12
5.942844580489785241e-12
5.941432445676796124e-12
5.943122706011498517e-12
5.941743613748264567e-12
5.943391176215990694e-12
5.942045546608377701e-12
5.943650323865815634e-12
5.942338494546983311e-12
5.943911122409183996e-12
5.942622717818758341e-12
5.944155592962223627e-12
5.942898412924098836e-12
5.944392731889532630e-12
5.943165648083192625e-12
5.944621830722217385e-12
5.943423929577055262e-12
5.944843161551835892e-12
5.943668524527283056e-12
5.945057009846632803e-12
5.943888987363690340e-12
5.945263627248615901e-12
5.944152107917582458e-12
5.945463280260652475e-12
5.944380885764005852e-12
5.945656200669122230e-12
5.944609015839636999e-12
5.945842641165186348e-12
5.944827591334174036e-12
5.946022820549930830e-12
5.945038874172640903e-12
5.946196959272335707e-12
5.945243555031591284e-12
5.946365268191515086e-12
5.945442017247312026e-12
5.946518306142654758e-12
5.945634482763502568e-12
5.946676063813849186e-12
5.945821199850612402e-12
5.946828609343694890e-12
5.946002314756879937e-12
5.946976100182427596e-12
5.946178016186719431e-12
5.947118667259397561e-12
5.946348460779896014e-12
5.947256419519953283e-12
5.946513826220480013e-12
5.947389451263182193e-12
5.946674236306595841e-12
5.947517767118863456e-12
5.946829844760342277e-12
5.947641352090687549e-12
5.946980790084648831e-12
5.947774279938226912e-12
5.947127196050042458e-12
5.947891268829438963e-12
5.947269212987786460e-12
5.948003900499127496e-12
5.947406955223708834e-12
5.948111864158001599e-12
5.947540530279027713e-12
5.948214478578740692e-12
5.947670067631389763e-12
5.948310396443368081e-12
5.947795703012138722e-12
5.948399673982501398e-12
5.947917517291272186e-12
5.948513506522530838e-12
5.948035622454521773e-12
5.948590979391728416e-12
5.948150146762915450e-12
5.948689805209384029e-12
5.948261168095141151e-12
5.948792754614738564e-12
5.948368799111648151e-12
5.948887431434084078e-12
5.948473118058940257e-12
5.948976410978008989e-12
5.948574244134738942e-12
5.949061123207188148e-12
5.948672233367919432e-12
5.949142387597932043e-12
5.948767212822559153e-12
5.949209653576600986e-12
5.948859259861429289e-12
5.949287527385571289e-12
5.948948425885037121e-12
5.949371799072775318e-12
5.949050592872031104e-12
5.949445913237529988e-12
5.949135433908420579e-12
5.949517795701360279e-12
5.949217657202525162e-12
5.949587641082642972e-12
5.949297420014695774e-12
5.949655591705058060e-12
5.949374798654024134e-12
5.949721742325485745e-12
5.949441407923692478e-12
5.949786217376601367e-12
5.949514465722818362e-12
5.949849089971505826e-12
5.949585293127813369e-12
5.949910425181313590e-12
5.949653979188400830e-12
5.949970307147471492e-12
5.949720595885968513e-12
5.950028781845820200e-12
5.949785175274763587e-12
5.950085909217435730e-12
5.949847851198738701e-12
5.950141736169451835e-12
5.949908654610477812e-12
5.950196314534189115e-12
5.949972111214390831e-12
5.950249678816463348e-12
5.950033794874431491e-12
5.950301861048981888e-12
5.950093736154750556e-12
5.950352920430780774e-12
5.950151903118743875e-12
5.950402877313434557e-12
5.950208402260810865e-12
5.950451764732535999e-12
5.950263245838970105e-12
5.950499617146353389e-12
5.950316511856510070e-12
5.950546447687700502e-12
5.950368233973494800e-12
5.950592324401051485e-12
5.950418448926825564e-12
5.950637204365866317e-12
5.950467232623257147e-12
5.950681159745190999e-12
5.950514597060163031e-12
5.950724188906006210e-12
5.950560554579115922e-12
5.950766352752587286e-12
5.950605204172912813e-12
5.950807627554871326e-12
5.950648516340630526e-12
5.950848039874026847e-12
5.950671468757703490e-12
5.950887618426325942e-12
5.950713933080180971e-12
5.950926383942901125e-12
5.950755301319381444e-12
5.950964353708181626e-12
5.950795597274438198e-12
5.951001520212054108e-12
5.950834845455314590e-12
5.951037935320175195e-12
5.950873068525540442e-12
5.951073550070268787e-12
5.950910295635540538e-12
5.951108429445091274e-12
5.950946538975059551e-12
5.951142568959746925e-12
5.950981830297273525e-12
5.951175980177618088e-12
5.951016177717558554e-12
5.951208621131651957e-12
5.951049607485716703e-12
5.951240583270663020e-12
5.951082130461996105e-12
5.951271790801718645e-12
5.951113773276273776e-12
5.951302290583102076e-12
5.951144525047619644e-12
5.951332046643190628e-12
5.951174444418798059e-12
5.951361047887585893e-12
5.951203499490133148e-12
5.951389330535176976e-12
5.951231711828657364e-12
5.951416840167247411e-12
5.951259123649176223e-12
5.951443545443397202e-12
5.951285705786332071e-12
5.951469456935262767e-12
5.951311482437122379e-12
5.951494409527733911e-12
5.951336486578671003e-12
5.951518166293931551e-12
5.951360690054848489e-12
5.951539766515390933e-12
5.951392997181947381e-12
5.951555047668481288e-12
5.951415876083940364e-12
5.951574939928784311e-12
5.951438005714208898e-12
5.951572171207669209e-12
5.951459406931047553e-12
5.951625080336779218e-12
5.951480017121282396e-12
5.951639404608210197e-12
5.951499930065131623e-12
