# -0.35J_-0.65g_0.15708theta_1.0472phi_10Chi_0.01delta_500N
-5.915793748297780708e-01
-7.240153581234201052e-01
1.055839323400792618e-01
3.378159956037105616e-01
-6.772167888022335991e-02
-1.630699947466862643e-01
5.469692291832147640e-02
-2.586104883300835988e-01
-1.333445897321711981e-01
-4.187602633701743848e-02
-7.136175853169663963e-01
-1.312835047687571199e+00
4.377259566361481058e-01
-7.210208244027419555e-01
5.107710148643724440e-02
1.211089989021646440e+00
-1.088999807571949585e+00
1.816336262344461883e+00
1.559440718187689701e+00
2.979485957734744894e-01
-1.649186860464713356e-01
-5.802123731639344806e-01
7.038916662049941042e-01
-1.107815320526865710e+00
2.200617010202369439e+00
1.872680441456531675e+00
1.028913625017872535e+00
2.271194927180495149e-01
-1.126265954240594169e+00
-5.320555682478501636e-01
3.383957010645043395e-01
-7.509411127968380617e-01
1.054174812898187374e+00
-7.160140014036219469e+00
4.166169313026101051e+00
8.925208016662198318e+00
-6.621776570975115739e+00
3.247340337248826980e+00
3.364758693866038097e+00
-4.310871171997196605e+00
1.091094391039574563e-01
-3.924447303955849176e-01
2.203550387989185122e+00
-5.439236420425877405e+00
1.519949666296537316e+01
1.009801877427882744e+01
1.247145257767243187e+01
-1.449341150264047506e+01
-1.554866387777467907e+01
-2.572633974118648581e+00
1.604409014391828814e-01
-1.280343305784008567e+00
1.852524588999993949e+00
-8.885334448555797238e+00
9.607717679559105051e+00
1.571757207641590171e+01
2.629498386964368883e+00
-3.836052686629516373e+00
-2.980998282401357891e+00
2.156792088568316723e-01
-4.730037945280268080e-02
8.081353913002988776e-01
9.687361233605089605e-01
5.991629031568914243e+00
1.515087005035924150e+01
2.281159273495643180e+00
5.360309481688140210e+01
-3.521173602867310137e+01
-3.392156276796263370e+01
2.281847460065828059e+01
2.511320254564172183e-01
-1.807824081323893051e+00
-2.225317325001316404e-02
-1.476798930729107617e+00
-2.093692175902957686e+01
-5.915145180330404706e+00
-4.230767972317333658e+01
7.739676069181635398e+01
6.293524244525226408e+01
-5.554181711873062532e+00
-1.347165690344808708e-01
1.463369463047411667e+00
1.073645174179924444e+00
3.429345500407059877e+00
1.890188279743773947e+01
7.287362146316653799e-01
3.942642861609299842e+01
-5.993334881206997977e+01
-6.694429782077837388e+01
5.293244460486929981e+00
-3.815852614256400044e-02
2.096040173883483015e-01
5.305389256798163089e-01
-4.126744936772622552e+00
2.360168830102855608e+00
2.365869883619212410e-01
-1.739379015498835201e+01
5.461407918046807808e+00
4.509080231526459315e+00
-4.182221706659172611e+01
-5.355767890301471601e-01
2.340264322870562741e-01
-7.115387138166751058e-01
-1.168116236862470209e-01
3.780297475474150848e-01
-1.426186356161884827e-01
-2.644228466587029147e-01
9.406860965806673747e-02
-1.100881619373270393e-01
6.396468074667763237e-02
1.749976709628673632e-01
-3.436703970223854987e-01
-3.348979393311079383e-02
-1.192008971143227569e+00
-1.331192905867064624e+00
7.473304209314675095e-01
-1.526476700888857785e+00
-9.046278926571158507e-01
-1.595418717228205496e+00
7.789829661852413212e-01
7.303502096627920714e-01
-1.356584275960674435e-01
1.912487998916081677e+00
2.271038822056788697e-01
1.837063903602314863e+00
-1.880243187323722864e+00
-1.924933113559318398e+00
4.857275237507933108e-01
-7.755554193860645373e-01
3.951907231587301061e-01
-8.034635655994425141e-02
-1.065639544254657789e+00
-5.417272128405303810e-01
-8.335021654035438488e+00
-5.771249091647108642e+00
3.048396559178817355e+00
-1.947903262373253241e+01
-6.001024739703311184e+00
-1.082231561656665875e+01
-7.724350548376193615e+00
-3.971550873295487949e-01
1.167185318486207546e+00
2.015309890472320120e+00
4.247052404059982855e+00
1.568897025789396160e+01
-1.253464111936557757e+01
2.701805108381756249e+00
-1.781342194950007896e+00
2.732336966006945200e+00
5.534226153617266775e+00
1.424437486593804203e-01
-6.970649093271041874e-01
-1.954709304967310324e+00
-2.694715743667617236e+00
-1.249955195702311705e+01
1.287216431037388276e+01
-3.863106065302621239e+00
-1.326144730322311727e-01
-1.551362081662859271e+00
3.802956490748020890e+00
2.541777741110410327e-01
1.609475483030341048e+00
-1.662860074283150302e+00
2.471038529403679007e+01
8.131632842040716014e+00
-4.892482060583111192e+00
1.094914385725981418e+02
1.834833338982997830e+01
5.294097754512281284e+01
4.854202864041061360e+01
-9.508632990055049250e-02
6.275991146016920430e-01
6.414225433989843017e-01
5.634956611988551245e+00
-2.308216862512944445e+00
1.086951911926253178e+00
1.086105204009622227e+01
2.761345656561471884e+01
-2.982810666975369784e+00
4.582911925821414378e+00
-1.159822096247454110e-01
-1.545963162065211671e+00
7.069185342653104831e-01
-1.376993108697148926e+01
-3.440053947377501586e+00
-8.621556731011339458e-01
-5.716169742194117731e+01
-3.662690720224188734e+00
-4.933813266064576908e+01
-4.957751127723429185e+00
6.170779114519691494e-02
8.176792996779400635e-01
-2.766981060595204989e-01
-3.400965655432767853e+00
-6.812442829238448461e+00
-4.300071405367562605e+00
-1.651499854626692354e+01
5.814355716901692617e+00
9.573285889886564703e+00
-1.424273610210420031e+02
-6.265518982338144083e-01
4.882356936071337028e-01
5.285098994243730974e-01
-2.599037278273159668e-01
-2.474544784012045473e-01
-1.227380353003190011e-01
1.805264745334809184e-01
1.541218286322644793e-01
-1.169744373283459898e-01
1.406024654259018652e-02
5.341478046505166999e-01
-1.266224295004763745e+00
-5.580338875049846159e-01
-2.314883081992979985e+00
-2.489800648152027396e-01
-1.691435362239538165e+00
1.197873235619839383e+00
4.618982364424847331e-01
-7.857547811536072513e-02
8.773512123981134225e-01
-4.901874798624048513e-01
4.191933522555980063e-01
6.281795919115729099e-01
-8.792917037387764090e-01
7.045447941879269260e-01
2.158895238544457917e-01
-3.689023712141150102e-01
-2.281272150723885783e+00
2.036738869330043222e+00
1.322583755838632191e+00
-2.880725584133596029e-01
-2.458156753210278822e+00
5.515299363071650696e-01
-1.877229860591389965e+01
-2.113269172354728942e-01
-1.134782699325167776e+01
-4.779668980466600381e+00
-1.193078040661815464e+01
1.233430376412106000e+01
-4.096115625274163818e+01
2.267434837001454928e-01
1.368901442710211414e-01
5.949041709403348754e-01
-1.171720331674197091e+00
5.484208781880003158e+00
3.022734325423941382e+00
-1.677458234211828270e+00
-1.695435745170813036e+01
1.014228249040489516e+01
1.217322041444367819e+01
1.173681386549783878e-01
1.727301847743363261e+00
2.435239415257214324e-01
1.121424614898245764e+01
3.015479259870462059e+00
1.167562006781641415e+01
2.605856405845059509e+00
3.408753271319302058e+00
-3.711133362542027747e+00
4.259919520289955130e+01
-1.715925918853873355e-01
-1.080939875002653983e+00
-6.463090777157287636e-01
8.538205321393935066e+00
-2.552695094480933680e+00
3.884448221114976896e+00
3.381840264768040782e+01
3.041885948072360790e+01
-3.802122957854603413e+01
1.093174945017543394e+02
-1.439880366573789705e-01
-2.837626345523541205e-01
-2.062348871225829328e+00
1.766557617916314982e+01
-1.829512091702483190e+01
2.969004022372944807e+00
2.384457895693903495e+01
1.028517940756963753e+02
-6.283030396030116549e+01
4.346404398952878267e+01
-1.185755189797772224e-01
-6.584642694665421292e-02
-1.944434617129923604e+00
1.531638146107820475e+01
-1.185553468670608979e+01
1.333755567222670635e+00
3.284722975999758177e+01
6.826259446884665749e+01
-7.240811496541097370e+01
4.375192791187721753e+01
5.278617396192794922e-03
9.642636449488154460e-01
-1.417029757562269232e+00
-3.897748016625074285e+01
-1.942274047100511680e+01
-4.818063643435750265e+01
-9.382688681158828103e+01
-1.036440742955265115e+01
3.407707464257735808e+01
-6.763350083858009612e+02
