# 0.0J_-1.0g_0.73304theta_1.0472phi_30Chi_0.01delta_500N
4.725705275113818077e-13
7.396013622256251240e-15
5.211547599151171159e-15
5.211648542583634301e-15
5.300093523705057866e-15
5.306899316945533371e-15
5.375499895696361344e-15
5.225336967754842282e-15
5.374379340763758262e-15
5.228708995678230954e-15
5.373259469960391457e-15
5.305292703111443502e-15
5.296891962268195603e-15
5.304773852630112460e-15
5.371009575095197919e-15
5.236274086121623971e-15
5.369859950953253268e-15
5.303828431742625619e-15
5.368653204488593696e-15
5.303402086353837340e-15
5.291543952901687650e-15
5.245191993855436167e-15
5.365538722897341198e-15
5.218646736485240790e-15
5.290602965692925047e-15
5.227384115696178625e-15
5.364444452228495812e-15
5.232717587326876189e-15
5.286378822271444454e-15
5.223821897208794170e-15
5.285559059286202380e-15
5.221902693138453351e-15
5.361932996809130403e-15
5.224113463176019252e-15
5.360995122376803428e-15
5.231348827638528620e-15
5.360066696756965355e-15
5.228567378014718091e-15
5.359153352213427452e-15
5.300658367096270781e-15
5.358258052285236935e-15
5.300506624883416255e-15
5.357382813637342756e-15
5.216930988047520321e-15
5.356529317442052660e-15
5.218412899738885263e-15
5.355699059641091961e-15
5.226102793387811821e-15
5.280911163363249941e-15
5.221438862255471763e-15
5.354112547268703299e-15
5.299963351004635297e-15
5.277048419959010312e-15
5.299889090933961996e-15
5.352624486797634709e-15
5.214643784591172023e-15
5.351913325644698961e-15
5.216352287829881546e-15
5.351219880972861362e-15
5.216120712873064464e-15
5.275914957865629604e-15
5.215550083525100786e-15
5.381052666825419063e-15
5.299642144972071835e-15
5.349208739938977894e-15
5.225363318805405415e-15
5.348551094804093009e-15
5.299592726250141107e-15
5.274278138584455888e-15
5.299577844065827382e-15
5.271844932461466895e-15
5.299569389479245661e-15
5.269712503237631623e-15
5.299567438765231441e-15
5.345945395960270189e-15
5.299572315403526636e-15
5.269884449219114026e-15
5.299584006547279758e-15
5.344656322208094475e-15
5.299602699617499371e-15
5.268875606825234551e-15
5.323259059227312140e-15
5.343380755558835698e-15
5.299662009360730245e-15
5.342749272481377385e-15
5.299703154683542075e-15
5.342122583263510908e-15
5.299752206416300143e-15
5.341501057177626398e-15
5.299809279818467881e-15
5.340885019056387469e-15
5.299874429803052064e-15
5.340274739292941046e-15
5.299948068712530112e-15
5.264007253171476253e-15
5.300030052025043268e-15
5.263669415474405865e-15
5.300120378474189732e-15
5.338480477697878103e-15
5.324830540594284508e-15
5.363921916735407463e-15
5.225955727463747702e-15
5.261693513243906356e-15
5.221259539289786997e-15
5.336743925185100790e-15
5.231001736703047042e-15
5.336178263071083806e-15
5.226152644934071194e-15
5.335619257776458916e-15
5.300835385285913573e-15
5.335066904408877236e-15
5.300981547780136067e-15
5.334521208808240549e-15
5.235211114154388363e-15
5.333982148233166495e-15
5.301294567544854011e-15
5.333449695096827129e-15
5.301460530415305950e-15
5.257650029330330203e-15
5.226582999520702385e-15
5.332404429219179582e-15
5.301809778291875638e-15
5.340470349760761876e-15
5.301992231728820612e-15
5.331384999361947363e-15
5.302179082519930051e-15
5.330884790205663418e-15
5.302369770299698766e-15
5.330390845348320813e-15
5.302563883817626891e-15
5.262004548425138482e-15
5.302761039035062202e-15
5.329421315672818175e-15
5.237436463033630884e-15
5.328945571854629297e-15
5.303162699697200752e-15
5.328475665128492968e-15
5.246231047937571148e-15
5.328011498978763647e-15
5.303568942215844519e-15
5.327552996674126741e-15
5.303773719458509228e-15
5.327099991894298916e-15
5.303979176351627181e-15
5.326652350453732536e-15
5.304183078438973224e-15
5.326209983186057170e-15
5.233174301852834496e-15
5.325772700564985402e-15
5.304588855708323619e-15
5.325340347553479452e-15
5.304789533286760610e-15
5.324912794470140542e-15
5.304988084602034460e-15
5.324489850269186847e-15
5.305184047043550502e-15
5.324071334014754843e-15
5.305376950602332373e-15
5.323657063461308609e-15
5.305566237027601922e-15
5.323246827680511935e-15
5.305752452167943827e-15
5.322840439625143799e-15
5.305933847967312833e-15
5.322437598159047337e-15
5.306113992905634075e-15
5.322038161914865512e-15
5.306288528295427735e-15
5.321641728209088445e-15
5.306459021547907628e-15
5.321248148916101740e-15
5.306625639439502499e-15
5.252058031021748374e-15
5.306788077490421993e-15
5.247735697028739167e-15
5.306945065976368491e-15
5.245284375829390122e-15
5.307097653429912216e-15
5.319695888740324022e-15
5.307245019171450434e-15
5.246985356708953297e-15
5.307385720913966777e-15
5.243674341862292609e-15
5.307520193764529313e-15
5.318544546537166283e-15
5.307649073971149801e-15
5.318161177911442836e-15
5.244487942998945968e-15
5.317776981647831778e-15
5.307891616266770255e-15
5.317391759876693042e-15
5.308006873251532219e-15
5.317004565508473889e-15
5.308119326998717236e-15
5.316615125473285077e-15
5.308224542332363578e-15
5.316222803786030355e-15
5.308321827212614333e-15
5.315826660779049103e-15
5.308415553184523792e-15
5.315426565646904893e-15
5.308505942709311119e-15
5.315021967129381485e-15
5.308592804752985595e-15
5.314611368910371224e-15
5.308668797437298336e-15
5.314194331774339560e-15
5.308746650061077500e-15
5.313771732011695540e-15
5.308820305763287706e-15
5.313340873172954277e-15
5.308892598083167885e-15
5.312901658089386487e-15
5.308955137382790926e-15
5.312453650234226910e-15
5.309009986506496213e-15
5.311996627925096386e-15
5.309066706040867163e-15
5.311533037194761706e-15
5.309113989931634231e-15
5.311060851604770085e-15
5.309164147081896734e-15
5.310580534416714971e-15
5.309209307689100086e-15
5.310093377803325748e-15
5.309252025369115581e-15
5.309601417912901904e-15
5.309289127016041424e-15
5.249854243039836772e-15
5.309318051246417206e-15
5.308606641618975989e-15
5.309347798093686643e-15
5.308111263328531492e-15
5.250142867886267742e-15
5.307623155551460587e-15
5.309406438088001020e-15
5.307142954704905232e-15
5.309434176234510531e-15
5.235269190553330426e-15
5.258960657063915370e-15
5.306246104784545227e-15
5.309494203066284444e-15
5.305840257783835115e-15
5.309514027155165462e-15
5.305466780533120477e-15
5.246143199749467935e-15
5.305139586532987218e-15
5.255606752677969794e-15
5.304861199475726753e-15
5.309542105619750729e-15
5.304639865556748223e-15
5.309549081517993042e-15
5.304474401599274265e-15
5.309555214264591040e-15
5.304365356198846014e-15
5.309544847586677084e-15
5.304320628631960635e-15
5.309556313409806409e-15
5.304332359334794146e-15
5.309565346199306874e-15
5.304394586588712377e-15
5.309574466105547536e-15
5.304505856450881499e-15
5.309578739565094689e-15
5.304659165722400805e-15
5.309580100584476283e-15
5.304844938117030367e-15
5.309587852530646806e-15
5.305047951651923709e-15
5.309565846181835093e-15
5.305266389960500336e-15
5.309573801102011192e-15
5.305495774986653163e-15
5.309564271949413603e-15
5.239489225878815117e-15
5.309557031108771594e-15
5.236313842229520678e-15
5.309584571197841654e-15
5.239734233390886725e-15
5.309583196427616573e-15
5.306368997639712062e-15
5.309574311927053111e-15
5.306588885132547876e-15
5.309591334376004829e-15
5.306779316785684425e-15
5.309606866427103496e-15
5.306937492481267971e-15
5.309614503449302875e-15
5.307088197872609721e-15
5.309585566018670653e-15
5.307212651198689949e-15
5.309553527401704994e-15
5.307345005888570420e-15
5.309510893891868553e-15
5.307446408801716090e-15
5.309524429980941450e-15
5.307542507291636789e-15
5.309493377965203901e-15
5.307641942786092679e-15
5.309464517097985905e-15
5.246092453965767428e-15
5.309444272230610479e-15
5.246134130154309829e-15
5.309414439429653187e-15
5.244823313791932978e-15
5.309410902835007002e-15
5.307858424508799703e-15
5.309428965114527777e-15
5.307896319005506722e-15
5.309388597185583644e-15
5.307936644485094549e-15
5.309407571477153158e-15
5.307966293344863348e-15
5.309385825510275506e-15
5.307986456408505173e-15
5.309359064848037904e-15
5.307998758167082176e-15
5.316418191038089721e-15
5.308006294404078616e-15
5.309236075764599668e-15
5.308007918067109762e-15
4.888347421761889588e-15
5.308019812427459755e-15
4.933420786672730109e-15
5.308001924249476865e-15
4.910172497210251997e-15
5.307997775141489181e-15
4.889386702119892658e-15
5.234762325167999232e-15
4.900749761504782797e-15
4.974175056202305276e-15
4.934035128097219467e-15
4.915477212699573982e-15
4.937068931503806106e-15
4.943627228682798648e-15
4.893826884270178091e-15
4.975363150540001201e-15
4.900822763292595100e-15
4.943584077507163066e-15
4.934246102354968290e-15
4.943480365367215883e-15
5.318930128559402536e-15
4.942895096526575233e-15
4.977184181852359974e-15
4.943183956598367945e-15
5.272756249897231932e-15
4.884825794913024245e-15
4.918749274014662082e-15
4.913405677674236389e-15
4.882786164774958207e-15
4.894622864178735176e-15
4.890270494046009596e-15
4.912427044840238876e-15
4.897510019456318815e-15
4.996820261920717509e-15
4.931197678923567508e-15
4.920697097543237266e-15
4.890666857073081518e-15
4.908980235408590016e-15
4.890251383341232871e-15
4.889743396806284627e-15
4.889452713343852899e-15
4.955115251425041736e-15
4.877212270996992201e-15
4.883139507155171143e-15
4.915647465348942935e-15
4.905411272745554588e-15
4.873244528162484456e-15
4.995341315351698837e-15
4.889135552541450711e-15
4.919041107219573116e-15
4.917477925775029772e-15
4.883461218798673364e-15
4.896451532180835001e-15
4.902508877605181059e-15
4.877410205751855904e-15
4.901736778758746731e-15
4.892562536102480747e-15
4.895161312882235265e-15
4.881108520880034706e-15
4.890539911288437842e-15
4.886946970847734398e-15
4.896407563854690584e-15
4.848161496139313154e-15
4.935686693202148273e-15
4.882816659832668147e-15
4.891518698496908860e-15
4.871401710452147384e-15
4.919218255355484991e-15
4.875635237506069644e-15
4.863309736385433596e-15
4.879389509861475909e-15
4.904974417848854901e-15
4.871907611439068022e-15
4.897070499336626773e-15
4.883248575587437974e-15
4.901940578310457184e-15
4.876067305957434231e-15
5.067493526871017128e-15
4.858323539146736274e-15
4.877319564178309287e-15
4.883247061456848161e-15
4.879280918902664217e-15
4.890227431578133849e-15
4.887697595227803074e-15
4.902561619858882484e-15
4.840312078352600844e-15
4.886343977083435797e-15
4.898444360592670390e-15
4.898588653442308191e-15
4.872603363392786349e-15
4.903104387853944470e-15
4.833999072722493315e-15
4.885808291652125513e-15
4.853956937975604881e-15
4.895848010476279141e-15
4.844537956695724359e-15
4.879933229417747887e-15
4.858772435439936900e-15
4.877164689410093461e-15
4.898449317316903289e-15
4.878363086164387184e-15
4.890156832614065290e-15
4.920983358482513962e-15
4.849944057741249971e-15
4.889343969738895680e-15
4.877129810774534073e-15
4.898458335655832755e-15
4.884011273494467663e-15
4.914661106268731965e-15
4.888273728794480287e-15
4.907394504982481205e-15
4.880704085533568026e-15
4.890639830767620982e-15
4.878209096705529313e-15
4.943792617371889517e-15
4.836545227935590594e-15
4.912441546059750539e-15
4.848447506861655512e-15
4.943776603325210294e-15
4.881945738275148883e-15
4.916557426672090907e-15
4.877916787023028247e-15
4.900717513552380423e-15
4.881925278060096462e-15
4.915102671675659727e-15
4.896671394224485531e-15
4.903391110436354451e-15
4.877819794106788659e-15
4.882807653696144451e-15
4.882069558411160131e-15
4.904949010087108721e-15
4.881611554635531839e-15
4.892552280822998641e-15
4.865750624361460206e-15
4.890528730256627934e-15
4.896139780038402497e-15
4.886732474618801089e-15
4.859675652272540347e-15
4.893103958000073374e-15
4.856542697810418870e-15
4.932678693698550448e-15
4.893449373716460181e-15
4.870766824892078939e-15
4.827782602125852397e-15
4.915405957164653131e-15
4.896938067156595639e-15
4.914819515854525437e-15
4.907203989929882706e-15
4.915154404441959205e-15
4.900904429393535975e-15
4.917071931569181300e-15
4.898800336585981761e-15
4.892062733294395514e-15
4.886490724289875417e-15
4.867342690555097194e-15
4.879696220538190770e-15
4.868376128539352587e-15
4.894174437126074407e-15
4.874356338047311752e-15
4.867365532758242750e-15
4.874397606328461606e-15
4.880763320908791672e-15
4.881776215601709285e-15
4.894140171819201851e-15
4.885506105295318651e-15
4.919719245505297296e-15
4.878336449525325978e-15
4.911383556386000898e-15
4.880023090178334827e-15
4.883184601048398274e-15
4.893930041326668623e-15
4.916991980055304564e-15
4.882291754063017424e-15
4.881406861819514331e-15
4.901122377103173203e-15
4.882518766694005165e-15
4.872556399035993332e-15
4.892979163317098808e-15
4.890024948405245525e-15
4.892571750879939849e-15
4.848366102280409370e-15
4.885500352718147397e-15
4.879042854731932418e-15
4.820262118804698599e-15
4.872031672647672890e-15
4.861120363390210527e-15
4.889015607742241351e-15
4.875149888219840277e-15
4.893073208319562843e-15
4.870210519346685726e-15
4.884419928575320962e-15
4.883817198190321784e-15
4.876983459466333218e-15
4.896304391513891430e-15
4.885249379699176932e-15
4.909226072458932510e-15
4.882516802550449716e-15
4.906560898752996719e-15
4.889358522542054278e-15
4.857225626282658883e-15
4.887272614790182481e-15
4.819638381633512276e-15
4.888228257042423670e-15
4.878224774176212814e-15
4.905338310542448032e-15
4.884996756681281194e-15
4.893650509936415502e-15
4.880696205917257189e-15
4.895687794700100410e-15
4.897705195122783577e-15
4.882993671760027784e-15
4.877127898364606950e-15
4.881120824776443695e-15
4.903996302698447710e-15
4.881369029197225220e-15
4.897623426673330440e-15
4.885784643340300786e-15
4.901833474585796338e-15
4.886346078147020290e-15
4.882176625568329909e-15
4.896854714299306749e-15
4.890894548130179613e-15
4.884837781479148432e-15
4.890804855185038003e-15
4.887952698766450693e-15
4.845213886406015770e-15
4.904071548799650066e-15
4.868968902072911212e-15
4.884128400739749816e-15
4.875307081932600815e-15
4.886481399270288891e-15
4.853140210606869680e-15
4.891826132425226202e-15
4.866459020519805671e-15
4.885859323994641939e-15
4.877852478913343036e-15
4.876256122048421689e-15
4.871334692760696992e-15
4.873422663267006431e-15
4.874463277209432286e-15
4.882790930221790254e-15
4.858897845949272341e-15
4.880058585660089736e-15
4.856345033875943639e-15
4.845554430045647446e-15
4.863039323946839488e-15
4.888245966109183831e-15
4.878814735217128468e-15
4.881288038554595842e-15
4.887933305097944897e-15
4.879419321238492727e-15
4.881213836709627627e-15
4.876284521413699881e-15
4.861301080116327925e-15
4.887386872040711076e-15
4.871666486682626485e-15
4.876797433027202007e-15
4.872725695565527860e-15
4.851812941447544486e-15
4.875843442548147076e-15
4.838120581784997092e-15
4.850836893478300250e-15
4.839846527701663001e-15
4.838142401106713992e-15
4.864300882766082800e-15
4.873112977449173567e-15
4.875678065134636400e-15
4.876930881959490244e-15
4.877369175544919832e-15
4.877590013725454435e-15
4.877961776494230905e-15
4.843305419926798680e-15
4.880893715421734939e-15
4.862325954239585622e-15
4.870814495927336699e-15
4.858795109626005857e-15
4.875867298998766478e-15
4.869848239746173315e-15
4.869332042838571024e-15
4.878360622830942276e-15
4.873064074836422199e-15
4.874936275007376805e-15
4.866903111682154070e-15
4.890418792183592739e-15
4.851827839262851480e-15
4.881905114904712479e-15
4.869633643655889429e-15
4.872322480558578804e-15
4.859124047753444858e-15
4.873152329050007439e-15
4.873972916679123631e-15
4.883578424514027619e-15
4.865956614568199340e-15
4.880908286727460408e-15
4.866490867811649126e-15
4.879101992593622779e-15
4.872844184546710811e-15
4.866879421299855041e-15
4.874503054237326977e-15
4.829737856756232214e-15
4.880095070505187173e-15
4.864732242881452564e-15
4.874986793261254073e-15
4.855714690686344599e-15
4.866015622766847716e-15
4.835549417527830974e-15
4.846989495684169982e-15
4.872509500774031956e-15
4.873904125422627322e-15
4.874396887017940366e-15
4.875329049939439597e-15
4.873315136933499028e-15
4.859240933043933676e-15
4.878107412761109776e-15
4.875778262334442192e-15
4.877480409895735122e-15
4.843816478644387234e-15
4.879664068348950563e-15
4.836671914490286412e-15
4.876286277603330998e-15
4.870901007963201515e-15
4.873939552971530714e-15
4.859603739113690750e-15
4.858289712986461290e-15
4.869013770079882344e-15
4.872516652122553676e-15
4.869729318098835430e-15
4.849523752512537837e-15
4.855353316039970808e-15
4.863195010670313187e-15
4.870457780891350768e-15
4.858832057781042085e-15
4.796538105072613052e-15
4.839360401440057435e-15
4.852665450141422304e-15
4.841945143730287950e-15
4.837462679522458939e-15
4.872739617443106605e-15
4.847609212673938742e-15
4.883720665291439420e-15
4.851014401477375459e-15
4.872923251920221268e-15
4.847183469590343915e-15
4.885549246263378110e-15
4.882435444772868550e-15
4.880873607587625595e-15
4.851672758409245126e-15
4.862703460244161995e-15
4.875845000207443450e-15
4.872777886925910672e-15
4.874024620880697945e-15
4.872293774195904067e-15
4.879435525590874449e-15
4.869059081494062765e-15
4.863452160091523819e-15
4.850622991862355619e-15
4.870688225082948520e-15
4.810616727264611261e-15
4.874245219260227488e-15
4.868859885771564359e-15
4.875999848617048320e-15
4.877470203109703805e-15
4.876917048287755428e-15
4.877165291918323933e-15
4.862762992108594050e-15
4.808614436597041649e-15
4.863109954415167970e-15
4.828526102838374689e-15
4.845080794972156452e-15
4.852067495347016394e-15
4.873903026408943465e-15
4.804617447563525025e-15
4.851222805982910687e-15
4.868952606656452386e-15
4.872195565752445289e-15
4.799270299548380612e-15
4.846683431794215489e-15
4.838310746315757066e-15
4.844287427203705958e-15
4.844489598822357705e-15
4.879186462533361475e-15
4.874257083791976451e-15
4.882415188129356231e-15
4.875444814415809962e-15
4.876850261638334241e-15
4.876863941779280711e-15
4.865841685420908462e-15
4.847923933579664004e-15
4.865591006858141413e-15
4.882810389420130521e-15
4.862692348841755477e-15
4.880102995482634579e-15
4.870599761125069425e-15
4.886160310551071058e-15
4.870202762430843750e-15
4.867360725189281001e-15
4.866725216120794813e-15
4.852424864233436230e-15
4.872024465878735649e-15
4.869468859757833930e-15
4.866612732973308172e-15
4.880188898258761845e-15
4.878901345928848427e-15
4.846495064828619441e-15
4.853830697018546850e-15
4.879567134072550680e-15
4.842991488327952475e-15
4.874345715943504460e-15
4.848078925958585787e-15
4.880928009769669751e-15
4.829157339375021249e-15
4.840395734952226093e-15
4.784055940777353615e-15
4.874918789937962560e-15
4.880812515756135863e-15
4.876837125851240382e-15
4.877810488668849470e-15
4.890665929821901431e-15
4.878731087159822371e-15
4.883009046224394772e-15
4.865708321735948614e-15
4.842247432136033988e-15
4.878913162280995701e-15
4.851459848808140210e-15
4.871653962029658119e-15
4.869738031808068882e-15
4.873164912082690206e-15
4.872528852120322947e-15
4.874122260566458134e-15
4.868145876147769725e-15
4.882615867273133072e-15
4.869820768581009405e-15
4.873946257224578415e-15
4.884462954878480666e-15
4.872521568258510128e-15
4.846657318517656443e-15
4.850064414385480275e-15
4.874561824311363614e-15
4.875917550236054206e-15
4.873037060433488272e-15
4.878598788948477852e-15
4.849083829223932446e-15
4.884329575055194534e-15
4.873338272579576677e-15
4.876997298571011464e-15
4.875438818258792696e-15
4.867466320436936704e-15
4.878046516249692433e-15
4.869950735078001824e-15
4.848460844277205946e-15
4.855638260488220166e-15
4.876964863710733248e-15
4.844319851842558020e-15
4.852119183911256574e-15
4.871657014563714667e-15
4.872280526583566743e-15
4.833868077071098441e-15
4.804668482287083198e-15
4.850259403454650831e-15
4.865494960157821877e-15
4.848198010947618113e-15
4.865425440751565032e-15
4.873603557534477069e-15
4.872719549510988386e-15
4.880596244155895513e-15
4.872665440954302773e-15
4.872540697588303080e-15
4.867987612084598154e-15
4.866999564062092979e-15
4.877860162263552666e-15
4.872652892115983179e-15
4.843906521121538627e-15
4.875857650063332062e-15
4.835750722028908050e-15
4.842422040751035747e-15
4.877528405220436618e-15
4.879880223433404171e-15
4.869812216757147965e-15
4.871392410084907486e-15
4.869754236014396163e-15
4.876173563727549867e-15
4.880392969163939838e-15
4.879788552086934507e-15
4.876698165981416406e-15
4.869292497682007398e-15
4.865016319503171645e-15
4.878083323439313611e-15
4.851788312885546110e-15
4.809824092541939179e-15
4.866887569631329140e-15
4.857682630324224988e-15
4.864052279434184987e-15
4.820616668958289092e-15
4.844147058083759213e-15
4.828451171974165814e-15
4.854683805584255962e-15
4.817450191430081937e-15
4.862941871226189367e-15
4.807003387986390330e-15
4.849957151121858170e-15
4.792306247555582598e-15
4.821145505048075429e-15
4.841230609268877272e-15
4.864275209363237299e-15
4.875182698264702411e-15
4.853894192478763970e-15
4.885835328882338499e-15
4.870834527855399864e-15
4.871312539739691879e-15
4.830230784348849217e-15
4.850171833325590810e-15
4.818636392088737622e-15
4.864239724809316131e-15
4.819437927977226190e-15
4.872112585637713310e-15
4.860977905301315616e-15
4.870059159505247197e-15
4.848165212718510254e-15
4.879934588362189431e-15
4.873314605467417697e-15
4.866775106655762108e-15
4.846046016714563791e-15
4.835995369602839040e-15
4.855639195113440859e-15
4.858131486346198675e-15
4.850460705980582706e-15
4.819110411942249162e-15
4.853470054816657235e-15
4.856365800306736367e-15
4.825209830757473115e-15
4.838292638636873100e-15
4.867839153547968173e-15
4.865698404486230327e-15
4.822167306081820686e-15
4.797165572215392611e-15
4.854479209590626246e-15
4.818113293035913750e-15
4.865597149329673867e-15
4.831869224798211257e-15
4.842435604815916010e-15
4.839806323924612113e-15
4.852490802419476572e-15
4.866780097795262110e-15
4.824277566015843813e-15
4.829078541060725483e-15
4.864777187935688915e-15
4.864772749683544367e-15
4.877133581428533794e-15
4.838797097808156470e-15
4.877154697584390290e-15
4.853126557974194017e-15
4.855034518084352563e-15
4.860888992456384444e-15
4.874373777377569647e-15
4.881103234370818529e-15
4.838799741574979439e-15
4.844177039253752078e-15
4.830686993460050584e-15
4.838993609212552248e-15
4.889112936676489311e-15
4.871396539915261416e-15
4.887231934120566015e-15
4.854328348006232590e-15
4.886299044979025682e-15
4.847837025978880187e-15
4.895180081475891685e-15
4.862281800411692571e-15
4.879187917068209380e-15
4.859726408107407949e-15
4.871855270475782039e-15
4.870605298007347346e-15
4.865140893449030676e-15
4.848275914456521292e-15
4.847178180586409556e-15
4.876849028562010435e-15
4.852906770108625352e-15
4.875785485483125553e-15
4.826449762943189755e-15
4.845323002756899915e-15
4.866495435431463259e-15
4.874565441370583382e-15
4.827267135640787541e-15
4.833734694201991167e-15
4.821627645547236603e-15
4.829825712044543479e-15
4.792686005742318223e-15
4.857305875660123529e-15
4.801311437112129765e-15
4.852872678692244356e-15
4.784086523793111285e-15
4.858964409676174540e-15
4.849000500451174415e-15
4.865914653520852837e-15
4.804532118690887308e-15
4.849015854367987530e-15
4.829960433557781632e-15
4.863459739202436771e-15
4.835976920542430920e-15
4.842108694832948788e-15
4.830959174352093612e-15
4.792983333544805077e-15
4.830693015343418624e-15
4.863820354851755832e-15
4.854561403696127589e-15
4.836705815671396776e-15
4.825812097401980320e-15
4.868472677585476940e-15
4.825921307419681629e-15
4.846058112380547966e-15
4.841118717391606467e-15
4.859120386692981380e-15
4.826986780372122015e-15
4.791887232426474965e-15
4.803528805933969104e-15
4.817699520954701021e-15
4.852398901357904854e-15
4.860601524700035501e-15
4.850164917931111904e-15
4.849599886551123567e-15
4.849098716565926054e-15
4.855121541063606578e-15
4.840189856455158358e-15
4.851713649597928086e-15
4.835987262133263315e-15
4.870838890137809547e-15
4.860137867078166999e-15
4.818455886686200990e-15
4.857504578815543208e-15
4.829109862922819700e-15
4.820416016272571746e-15
4.796247168897765977e-15
4.827896701426894781e-15
4.819676598443353472e-15
4.822326284761291761e-15
4.838639943523973484e-15
4.846015258640895873e-15
4.815966990154226043e-15
4.841036716680085260e-15
4.867145487062648255e-15
4.856078389303949476e-15
4.849593030855828321e-15
4.830396672350484004e-15
4.796606507087891859e-15
4.796796315777334107e-15
4.818643401340439472e-15
4.843703449610848968e-15
4.826243409680120338e-15
4.821141077431884509e-15
4.865227759468750285e-15
4.844512922616283789e-15
4.871363341071103236e-15
4.844774571075358620e-15
4.866708136384656083e-15
4.814100725185381266e-15
4.852332737669075377e-15
4.807722014056660788e-15
4.835920657464889554e-15
4.814411458524413395e-15
4.846793700269479756e-15
4.821725599554960533e-15
4.837416931243227613e-15
4.835096854593798748e-15
4.852782285640234307e-15
4.812938371716436655e-15
4.842440515111174719e-15
4.863453853561747092e-15
4.825486880163835380e-15
4.828446983167937155e-15
4.863602678879146881e-15
4.796745718037060524e-15
4.824241271475398901e-15
4.803281926989778446e-15
4.860114570138117680e-15
4.795731853849192348e-15
4.847408055709952696e-15
4.783622319282272845e-15
4.869114542673077978e-15
4.796130201760581405e-15
4.869102004412956349e-15
