# -0.6J_-0.4g_0.2618theta_0.0phi_10Chi_0.01delta_500N
-2.833684416504536063e-01
-4.202036530917259705e-01
-2.773708786328327736e-01
-6.254912987344118935e-01
2.234217176473397848e-01
2.219584887650499685e-03
3.778014409000972629e-01
2.407617893010383647e-01
-1.569209863104974179e-02
1.461448246054755824e-02
-4.763975670986481670e-01
-4.005958029171650558e+00
-1.586259240764314793e+00
2.016371740340867191e+00
7.263952118949239534e-01
-1.090282733101875789e-01
-1.680117541395591108e+00
-1.161988397355095737e+00
3.976676164523291757e-01
-9.828580169856151461e-01
-2.684767862157670937e-01
-1.237649428501556903e+00
-1.172674552962061911e+00
-2.985730434237668929e-01
-9.673263013715455161e-01
-2.229233191762636679e+00
-5.550797576315579240e-01
-2.213889017663190462e+00
-3.810957999018626641e+00
6.804711649847651422e+00
-6.483548296402276145e-01
2.198563608040289719e+00
1.947355221316171212e-02
-1.036807006738627202e+01
-9.853424519531699399e-01
1.357532925924531897e+00
-3.675513715923807379e+00
-1.091297166157535870e+01
2.314886340343202509e+00
-2.892476196123757504e+00
1.765032914654501017e-01
6.957343216106443018e-01
-6.205438533999246831e-01
-1.840313260600930478e+00
-3.745263942646568811e+00
-3.820348598814131247e+00
-3.389092650074506441e+00
-9.923715722524097060e+00
-1.102503205345733228e+01
1.188316263793317340e+01
-3.251550149141503154e-03
2.229905977969209863e-01
1.409994760931169377e+00
-1.160658809933581281e+00
3.150931489858555423e+00
9.487234426875913229e+00
-1.892803570275593206e+00
-1.006672663210309016e-01
1.423621625711898275e+01
-2.300537243921556296e+01
3.393907720337824285e-01
-1.665696222497239809e+00
-9.451376040785579580e-01
-4.560688561798767360e+00
-3.278316579140505560e+00
1.571076788391905454e+00
-2.265229123287934954e+01
-3.618121553407346624e+01
8.062585282625912342e+00
-3.334348180589380650e+00
-2.634791098540835153e-01
1.247307767574490356e+00
1.857422937085590364e+00
1.114340746871621590e+01
8.569304189848292452e+00
4.508397265407750043e-02
3.497528149551205701e+01
6.737099727130612337e+01
3.314578432486014137e+00
-8.156388368812619305e-01
-1.666393656313544178e-02
4.794245460945863457e-01
-2.981525438966003971e+00
1.543483311996934226e+00
-1.456231834813684856e+01
-2.318463291966067175e+01
1.215558896400452404e+01
-7.466876974228878083e+00
-1.100405785998481178e+02
1.036323008754621213e+02
1.247662571121527751e-02
-1.020035711528544775e+00
6.287782472751745289e+00
-2.548323274611955735e+00
1.937460956060282058e+01
4.691750829519904897e+01
-8.568734297910932440e+00
1.118751613197087735e+01
1.364584501100705154e+02
-2.577515481302318676e+02
-9.741008500127141811e-01
2.218674529614013402e-01
6.833864542260484343e-02
1.941418467467177500e-01
-1.924625504535526499e-02
2.077781375266212968e-02
-4.965396376951927704e-02
-5.208728910273839607e-02
-2.414890987954758719e-02
-1.264257452674296019e-02
2.298711185265385759e-01
-4.628547953747109145e-01
5.070877621679211744e-01
1.525947418280479417e-01
-1.499099938954142619e-01
2.337190118830653862e+00
4.926902759572674984e-01
-5.226217077794351740e-01
-3.503187923714645269e+00
-1.448904531408446328e+00
4.611976866171140638e-02
5.830694333760967352e-01
-1.993891433495894816e+00
3.209998302425326466e-02
-2.949353345598068721e+00
-6.164521641692656928e+00
1.228197564070521830e+00
-2.279251435500437017e-01
-2.445038207105218464e-01
-3.698839071769372211e+00
1.929178738462509202e-01
1.262358429808862759e-01
1.124808064047112949e-01
-6.042991703319545715e-01
8.279487118595977302e-01
-8.502770093176229560e-01
-2.274854421204541843e+00
6.552972515499319028e-01
4.947360792540651531e+00
3.740597247426817873e+00
6.891473679910630791e-03
2.005667185475269731e-01
-2.840734271531097921e+00
8.621686564543967757e-02
-1.058844333523295589e+01
-1.415377151057653116e+01
4.202536048067079477e+00
-2.901549728125884631e+00
-1.832706715341867110e+01
-1.288557380424021126e+01
-1.686801892148616713e-02
-2.429155663887163197e+00
6.425613775271669326e+00
8.674637523556918417e-01
1.411998780891140903e+01
4.896101706166966494e+01
-5.237094964650772511e+00
1.409985598230179660e+00
1.446878422615559856e+01
4.361411008891132646e+00
-3.678940272888909374e-02
9.548461385490963904e-02
1.076390254645850586e+00
-1.854133198573105989e+00
4.920470838191025820e+00
4.566107523104298238e+00
-1.259737047395550569e+01
3.315151517839315165e+00
2.202688341158231466e+01
1.518711733846862444e+01
6.142446251240575583e-02
2.917365277420861380e-01
2.495202654459821867e-01
-5.667323232978546121e-01
3.146995154676033302e+00
2.028519397479721764e+00
-4.458073546087831573e+00
4.466200694086621681e+00
1.434475740112124065e+01
7.960738256727584172e+00
-2.430818966791081087e-02
-3.289567328521066258e+00
-5.422894880132318463e-01
4.544160406730961554e+00
-3.139085383179239130e+01
-1.341002492096352405e+01
3.606916512703313771e+01
-2.178448598112521850e+01
-2.183243231619607343e+02
-1.122307741617707535e+02
-1.205035784108020140e-02
-1.166096849470037666e+00
-3.064013663982367408e+00
3.085484778584230536e+00
-1.731120372718913103e+01
8.017110752232824211e+00
2.100135873397653796e+01
-1.081532900032623878e+01
-8.890654942298604624e+01
-8.531028258502927031e+01
-8.050716033884944278e-02
-2.500943926480496682e-01
2.559080731109582563e-01
-2.456622553179735324e-01
-5.804840167313105592e-01
6.549674152762775814e-02
-4.107868661160504198e-01
4.431621848723287238e-01
-3.231385946200460157e-02
1.857367792637566436e-03
-1.751306586277950605e-01
-1.663909145524775646e+00
1.762410465568727824e+00
5.035466216482870072e-01
-2.316589310029707249e+00
4.726911912732102428e-01
2.065651783822320287e+00
-1.425739280796767927e+00
1.585108838249819518e+00
5.972579761090437422e-01
1.922236535824993486e-01
2.287433250789871586e+00
-7.662513162910155273e+00
5.262643318008606297e-01
-3.499128823989497761e+00
3.298171213774075738e+00
-5.583218153848670262e-01
7.189836228804289409e-01
8.779402926195276624e-01
7.326933364018961559e-01
-1.514992066504431134e-01
3.211124184618077693e-01
1.094126618284643637e+00
-2.639649220439352906e+00
2.003698283596983210e+00
-1.654679442053127003e+00
-7.395287292334205453e+00
1.412021846103516998e+00
-2.123206092590070426e+00
-1.435688879008296004e+00
-5.691197050238663291e-01
-2.734989016080428215e+00
-3.642624802721347255e+00
2.905688751653818791e-01
-2.710686484530258156e+01
1.121325269581999606e+01
5.201399443359951746e+00
-5.001721889667952503e+00
-2.476274520433995097e+00
-1.825607169270710539e+00
-8.149265239138114847e-02
-4.512670296295931971e-01
-3.444380732672314593e+00
1.328849080901939539e+00
-1.153302556021775516e+01
7.838980174158547420e+00
7.962358492525390297e+00
-3.786243920985391753e+00
2.818044345620795976e+00
-6.761681907616181597e+00
-3.818899264992936526e-01
1.676251663968475913e+00
9.798538726147290601e-02
-9.550441594588171768e+00
9.436548381130247520e+00
-8.785665275977024180e+00
-5.194119528843102529e+01
1.389928937234659578e+01
-1.409420432232494802e+00
1.164982180030256664e+00
-4.382315665884949918e-01
1.071850466725214668e+00
-3.590276763023482198e-01
-4.028640488886404469e+00
3.234970620329412849e+00
-3.930974429380313939e+00
-2.349811366724226502e+01
2.409258974338696646e+01
-1.159553490756561001e+00
1.435687842741131037e+00
-1.134564930453284444e-02
1.177959910051359138e+00
1.046828918195013225e+00
-2.294284010410520214e+00
-7.789742336141666890e+00
-8.646023806907841003e-01
2.345784231263452035e+00
-3.681012913384386298e+00
-3.449839307582681869e+01
7.590393102713447249e+00
-6.293864571434981507e-03
5.203221208045031299e-01
5.267637990157292283e-01
-1.280711428311097633e+00
-4.238912556875235715e+00
1.082241047457884875e+01
4.774794524409231578e+00
-2.582540031192185559e+00
1.216476691610839822e+01
-5.043147171577286514e+01
