# -0.1J_-0.9g_1.0472theta_1.0472phi_30Chi_0.01delta_500N
-5.773226447603426736e-01
-5.672392276660092048e-01
-5.849980458483842183e-01
1.585870494912264977e-02
-5.341280935449770756e-02
1.718319267479402959e-02
-2.359464739603844494e-02
-2.717209987861074830e-02
2.351227950108543407e-02
5.082296822604435993e-03
-3.150011797817174608e-03
3.606116014872750523e-03
4.320826746546772151e-03
-1.275957815993721683e-03
2.025899792412958443e-03
-3.423590757318648774e-04
-8.860883506556371672e-04
-2.921942290332287580e-04
-1.795647301383565173e-04
-2.651857748235813021e-04
-6.045122326678352767e-05
-2.043568929224298095e-04
1.798461524429943162e-04
-1.017369785330572528e-04
2.176036490856937732e-04
-6.149848066377138509e-05
8.774319661094160143e-05
5.368587602469385113e-05
-4.582158797260768194e-05
2.450530602484987354e-05
2.206045681942594705e-01
4.581049137571655550e-01
-2.260627919463224500e-01
1.433800430224589206e+01
7.584576373960140394e+00
-9.864144149474210366e+00
-1.492076970879596054e+01
2.876923636952452235e+00
1.251552873157752366e+01
1.573500481256557393e+00
-2.610379244352336148e+00
2.715669478654318070e+00
1.037120936735947740e+00
3.415812649229454379e-01
1.492169094586309752e+00
-1.414549717785885674e-01
-7.658523391251567114e-01
-2.910300488859719481e-01
5.605849369186429593e-02
4.396116984202929484e-02
-2.186878675570307767e-02
-2.946535825519205343e-01
1.779029206418624998e-01
-1.461916777819529389e-01
2.388781616500937621e-01
1.404749131895710601e-02
4.777880857229954703e-02
4.081011545693467683e-03
-4.792020874921804063e-02
3.057101815487487870e-02
-7.787545363804969645e-01
-8.593464517198718955e-01
-1.558334580295976712e+00
1.925257776799491172e+00
1.553270722520423419e+01
-1.257061422422330921e+01
1.109400094747439702e+01
1.142214033452872002e+01
-9.830060753700104570e+00
-2.018675383743648410e+00
1.335557730880719607e+00
-1.426899051851885147e+00
-1.789301532133445338e+00
8.213449282665319373e-01
-7.290683045066075341e-01
1.283536005735476937e-01
2.935139708996524210e-01
9.233808594511665191e-02
1.006384945070753906e-01
1.629419435573773445e-01
2.808550166699363623e-02
3.283225684503285335e-02
-5.260928622042795183e-02
1.963194743064744507e-02
-5.925273444235858861e-02
3.489184492162724499e-02
-3.624866338893789619e-02
-2.932448504552083446e-02
1.261174887406425055e-02
-5.431079359729925650e-03
4.778642917774578863e-02
1.875270517606624887e+00
-1.838896130128642525e+01
2.802242314661230012e+02
7.581896276219481479e+02
-6.349453447965888699e+02
3.018456895235593720e+02
-2.558284102609853107e+03
-9.425239980717334731e+01
-1.379253232347784069e+04
-5.638352699752898843e+03
3.715006103740109211e+03
1.204846771736969231e+03
-1.078910769537439955e+04
-4.891865303741668640e+02
1.827795226113668377e+03
1.510253175976360581e+03
8.135013608041443831e+02
-1.784817860355484527e+03
-2.591091082049521447e+03
-1.015109648725944226e+03
1.852457354285582824e+03
-6.651632905964117981e+02
3.796885710181180116e+02
-1.114555573332939957e+03
-6.804669791112220310e+02
3.818951160024108731e+02
3.653585714794052137e+02
7.636743067021983506e+02
-2.886718328364812578e+02
2.660270661858798319e-02
-1.149362991653741162e+01
4.531031959887700467e+00
-7.426458304127286283e+02
5.191703186771725598e+01
2.165581677262425444e+02
2.444616361105226133e+03
4.088989601685945559e+02
-1.168313035920192306e+03
2.019176907749205157e+03
1.619340992193948523e+03
1.306426207289317063e+04
4.738573266833996058e+03
-7.471576024589941198e+02
1.074862838278764684e+04
-2.109731672673886749e+02
-5.246221002981326819e+03
-3.060392083115527385e+03
2.502054774852829269e+02
-9.252519912510683753e+02
-3.582994717046024675e+02
-2.851115086236447496e+03
1.878315307992003227e+03
-1.307695846239142156e+03
2.786536376315058533e+03
-1.305797826269496511e+02
7.506141215783914049e+02
5.590780125432563352e+01
-5.256676578178490900e+02
4.641506405522341652e+02
-1.671057554905069562e-02
-2.686983884750912654e+00
1.543211208850877014e+01
-3.461624575293021167e+02
-5.711830385067931957e+02
7.568392387289281942e+02
4.054956041208170632e+02
1.784986300813258595e+03
-2.501620224910442118e+02
1.068030545593393799e+04
5.679196587223763345e+03
2.847979822305770085e+03
-3.949831597298895304e+03
1.453957439035131392e+04
8.586208817836723028e+03
-2.052723973656426097e+04
-1.050340068494557272e+04
2.210494842647413407e+03
-7.523057105458864498e+03
2.669899334570029168e+04
-1.503781794703488995e+05
3.664424470728635788e+04
3.361627854957354430e+04
-8.491133074790149112e+04
-5.355585322226263088e+04
-1.722783419317046355e+04
1.715892271422178965e+04
-9.866756707656919389e+03
1.423329518096532265e+05
-4.055945312812928023e+04
-3.469764808677223977e-02
1.249566348119035730e+01
1.076805467793420767e+01
2.083097255369386403e+03
1.473416171708085130e+03
-1.669587549863055301e+03
-1.067583442268224826e+04
-2.549288578534512271e+04
3.658954390352147129e+03
-1.184255059006135853e+05
-9.390505064467190823e+04
-1.577256856502979062e+05
-7.406614796841921634e+04
-7.513857072941424849e+04
-1.052857761652864574e+05
-1.637884600710286759e+05
-1.078456120195568219e+05
-2.181665062897461758e+05
1.689720312360506505e+05
9.497739715026324848e+04
-9.415390393109804427e+04
-3.336087820926215500e+05
2.208619206585439970e+05
-1.466702934704376385e+05
3.163107905303069274e+05
3.887074495017930894e+04
-2.674854105950463054e+04
-3.134567425753658972e+04
5.279445685576605683e+03
4.047579666436374828e+04
3.512557683200355149e-03
-1.329841084412151098e+01
4.067453570904326909e+00
-1.355077801097636438e+03
2.022800096673428925e+03
-6.737489953420806614e+02
1.493562224397661157e+04
-1.727878292419217178e+04
-3.665238096917792518e+03
-2.326811102144063625e+04
-5.742504641216198070e+04
9.162244223304954357e+04
-1.191936249653808773e+05
-9.065708275344812137e+04
5.514356925784584746e+04
-4.948396430215163273e+05
-7.850290273706681910e+04
1.260896627180188807e+05
7.482081522830564063e+04
3.749775863540932769e+05
8.241117958025303960e+04
5.208351242956548231e+04
-1.004648984824756044e+05
5.014272814775298320e+04
-1.586871630389948841e+05
6.998916316684574122e+04
-2.783271917838831723e+04
-5.972080811064037698e+04
-4.491846073038993927e+04
4.429337053480858594e+04
2.286254332066490688e-02
-1.536359949392418400e+01
-2.648740689088212363e+00
-1.107568303505863923e+03
3.433623412716848406e+02
2.481293730048236910e+02
5.081226052125278329e+03
9.014581752010320770e+02
-3.248512906448064768e+03
-6.520876795866868179e+02
6.810545252896614329e+03
4.259476388543992653e+04
1.610049054017027629e+04
-2.813435383274257674e+03
5.960656890149794344e+04
-3.155728246831291108e+04
1.044752750685890277e+02
5.802583245989121497e+04
4.427598451306524112e+03
1.423769133902346948e+04
-9.730930586346567725e+04
5.436413402127500012e+04
1.601547555269139702e+05
1.167906403212922014e+05
1.555501400241291549e+03
1.952981194092833321e+05
-7.603781357334592612e+05
3.754251853230865090e+05
-3.312227672752652143e+04
-6.688220823410451412e+05
5.445318097948880984e-03
-3.685417559617446326e+00
-6.048461830324994848e-01
9.469187968040058649e+02
4.016046662668407407e+03
-2.166212653792175388e+03
-2.571264317455786659e+04
1.466924855141486478e+04
-5.499856522949567989e+03
-7.203504211106598377e+05
8.293991093730799621e+05
1.299047513305210741e+06
2.001509032580881147e+06
1.959792331163810741e+05
6.673851759952146094e+05
4.239321765715810470e+06
-4.029527116370117292e+05
9.474767773206783459e+06
1.851191357004448771e+07
-4.411450867773793638e+06
-7.266570083715106593e+05
1.819471289147197502e+06
1.097491401797645725e+07
2.014944395471690223e+07
5.099456919304699637e+06
-2.230021051669954613e+05
-1.027012768131113239e+07
-2.150719242375981808e+07
1.363341191902216151e+07
7.029895036659734324e+06
-2.009843683802689258e-03
-1.504266334161252251e-02
8.312349941687584565e-01
-5.567298432853806844e+03
-1.312552779909508172e+04
1.171605432398283483e+04
4.087116246956431132e+04
1.551653831538310042e+05
-3.873841529280362920e+03
1.205951328632580116e+06
9.164593058909712126e+05
1.729044642836428480e+06
-7.445772235408390407e+05
4.065205570969730616e+05
5.033031734461197047e+05
-1.045538988915726193e+06
7.710943088095710846e+05
1.656407215846705809e+07
-7.427981336311402731e+06
2.013225762680438813e+06
1.352891735923535191e+06
1.044356902087404951e+07
-9.467776976653056219e+06
2.819996954876900185e+06
2.078855102103039995e+07
3.247911522160631139e+06
3.681065749987239949e+06
1.257946128417563858e+06
8.540219760812422261e+06
-3.228875019585015252e+06
7.605848161906140039e-05
-1.280000471513632165e+00
6.761652434538054646e-01
6.491239074029780568e+03
-3.718334746743564665e+03
-4.544938222616707208e+03
-1.614761767429597676e+05
1.855421502005819639e+04
2.316284280503292393e+04
-1.567407379369715229e+06
-9.556957083508970682e+05
-4.234322240784469992e+06
3.566186917332216632e+06
6.519606062937413808e+05
-1.322971711431195959e+06
1.052222367169621028e+07
-3.586504754382609390e+05
-4.465876397218871862e+07
8.274393122626130469e+06
-1.000568613901391067e+07
-3.224711155421692412e+06
-2.567578418184926733e+07
2.055930586617507413e+07
-1.206405022719682194e+07
-5.511696801096395403e+07
1.182107907517383993e+07
1.178250224725257140e+06
4.999232955910949968e+06
-2.105531917656758428e+07
1.817500770302732661e+07
-5.411421667121626630e-03
3.203921715724997732e+00
8.299994410551837509e-01
-1.067014428575784405e+04
5.662164315480390542e+03
-1.273141677434040957e+03
5.807014486087278783e+04
1.437273316435367160e+05
-3.872529169657846796e+04
-1.120764767715855967e+06
2.170092873805712443e+06
4.116820086816773750e+06
5.385143244673533365e+06
5.192195855511566042e+05
2.351686074366605375e+06
1.112986255385741033e+07
9.937441890210142592e+05
1.338946133828007057e+07
4.526302940355274081e+07
-1.074618016904113069e+07
1.385802410424111644e+06
2.384772265215361957e+06
2.924944117330240086e+07
4.651131244222280383e+07
-1.939602708237268776e+07
3.344127482329546008e+06
-2.451190756227798760e+07
-4.798602222366518527e+07
1.306483861851018481e+07
2.447844119380286336e+07
1.217959785155687874e-03
-8.638405275636223957e-02
-8.539634051137813264e-01
-1.563651521366299903e+03
-1.047309703957402962e+04
1.429638022510468545e+04
-3.165281132189467826e+04
1.126232025599417830e+05
2.774421735288472519e+03
1.884664389243582555e+05
4.087168141492268769e+05
-1.798789892251778510e+05
8.243796994310354348e+05
1.022690168478347710e+06
1.578573664364144206e+05
2.491937642866566777e+06
-4.309168444068955723e+05
-3.889488535828756168e+06
3.563182238868386485e+05
-3.863272670277720317e+06
-1.162833907043072581e+07
-9.698583648371035233e+05
3.405859123826848809e+06
-2.768203331598095130e+06
-9.360391360506664962e+06
4.928070109743778012e+05
3.983327742204560433e+06
-5.787202708518975414e+06
8.464861563164187595e+06
2.110708534608446062e+06
-1.952747776009003920e-03
1.611797080627973333e+00
-6.621064841413695778e-02
-1.038016983636631812e+04
1.805667537265196870e+03
8.426069592035011738e+03
1.036937896106228436e+05
5.406906712787491415e+04
-5.886221488401597162e+04
-2.521138978337332810e+04
8.348786494698424358e+05
2.492913278043242171e+06
1.000289450929667568e+06
1.558332462176368863e+05
2.891981418118637986e+06
-1.481107629904380301e+06
-9.295678314965085519e+03
1.167531501095385477e+07
1.468912254477881268e+07
-9.556705706496936036e+05
-6.419348018171486445e+06
1.172058265135402419e+07
3.967475784727371298e+06
2.085836218750554323e+07
6.088318821195569821e+06
1.015097912455195910e+06
-5.209094255736714602e+07
-1.481954928781773709e+07
7.335375204838044010e+06
-2.087088470550978184e+07
8.692396789986021931e-04
-8.117930536525309604e-01
1.025943747132273820e-01
5.359839464795439198e+03
4.088484229339219951e+02
-1.121356715372691178e+04
-2.151100173205567262e+04
1.521202814604607411e+05
1.639239555943872119e+03
6.239272092416171217e+05
3.567065827318559750e+05
9.112999233842889080e+05
1.462464704303942388e+06
-2.997857513360761222e+05
-7.174825806444906630e+04
8.074328160437748767e+06
1.580102832208231278e+07
-2.917936331015440077e+07
-1.960434398615382239e+07
3.649016932017673738e+06
1.007111725952378288e+07
9.104156901961511001e+06
7.689990878373933956e+06
-4.799288978676759452e+07
-1.461480649341700375e+08
7.748379958247181959e+06
5.265727023155845236e+05
4.918115968577209115e+07
-1.192053642337189466e+08
-2.147457085338503122e+07
3.051269979449265841e-04
-1.401192470394932443e-01
-1.925709707820591129e-02
2.087591014653771708e+02
1.676532935852375886e+03
-1.949966454718108071e+04
-3.091363198897007387e+05
3.929824605317711830e+05
3.108333151200767315e+04
-3.606620500079714693e+06
2.653220268251948059e+06
-1.286701659532578196e+06
1.529457077039706707e+07
2.472633767631211318e+06
-1.427270743795046583e+06
5.449311526030220091e+07
3.936846740959188435e+06
-5.620974115022949874e+07
2.557414917669519782e+07
-3.850790090531916171e+07
1.195805679162037792e+06
-4.468507171775270253e+07
9.011012524799768627e+07
3.124973583307710290e+07
-1.253195585026615858e+08
2.187546227503503561e+08
2.909711350873660669e+07
5.246623402623698115e+06
-3.526742061351977289e+07
1.347372788298089206e+08
-1.197743325153797958e-04
2.543150339262310600e-01
-1.145469182097450522e-01
-2.826889804902614742e+03
-1.145574923407402366e+03
-6.061068593691536989e+03
-1.922053457857202447e+05
-1.915236973520326428e+05
4.246743192595515575e+04
-1.596683303316572495e+07
-7.926124478110501543e+06
-2.067471101070911810e+07
3.800623697543284297e+07
3.291566955560893752e+06
-2.310106143579620111e+05
5.875789861005813628e+07
8.123535912576011382e+06
-6.123566328460237980e+08
5.166836542263413668e+08
-8.472712134442251921e+07
-4.351923788338989019e+06
-3.072448878615643382e+08
5.517164264042116404e+08
-1.373006398942151964e+08
-2.312104763356775761e+09
-4.744476712371155620e+08
-1.023991771747347116e+08
-3.895465986947469115e+08
-1.971952181981928051e+08
8.908582185293139219e+08
3.032741573475770491e-04
-1.737677880374156048e-01
-6.034855544474502370e-02
1.395749186325742585e+03
-1.226953698761079522e+03
-4.412427268338506110e+03
1.084687162640375900e+05
-7.549270917466205719e+04
-3.770016618152433512e+04
-9.205144121780134737e+06
1.845246090150072798e+07
4.315575433320715278e+07
2.071114333250822499e+07
-2.091461999030846870e+06
1.862359769539890811e+07
-1.824011628603938222e+07
-3.350324299537850916e+07
5.851906724071788788e+08
8.082001763096644878e+08
-2.778039815544600785e+07
6.553853263047073036e+07
1.469662708628197610e+08
5.621523241068689525e+07
6.392097473411208391e+08
6.606219742571231127e+08
-2.015700580215669632e+09
-4.379455714205951095e+08
-1.000225657762141109e+09
1.591749721452542543e+08
4.831752475273731351e+08
-2.428254229605733647e-04
3.739791808691436681e-02
1.818562884768911703e-01
-4.146814693758066710e+02
2.644701806762217075e+03
-2.608067304908039296e+04
-2.505892629587145639e+05
2.769968904312339146e+05
1.433310094452664271e+04
-4.359440330064334907e+06
2.160547184332409408e+06
-1.137961550303072901e+06
1.454665323281338066e+07
3.787163060027750209e+06
9.475638085957244039e+05
3.785979415126956254e+07
-5.878395859277995303e+06
-4.992544007291364670e+07
7.481110123964510858e+07
-6.626748816277897358e+07
-4.693227176013400406e+07
-6.996763429053795338e+07
6.287031258119683713e+07
8.756699786768013239e+07
-1.007354444435991496e+08
7.417866990588447452e+07
-3.518505092075417191e+07
-1.582332819178155661e+08
4.771257086453355849e+07
7.244642886322735250e+07
5.535256017223433083e-05
-3.779594973984974626e-02
-1.731168655856301156e-02
1.411618157351723539e+02
-1.015114372315356150e+03
-1.464086644213620166e+05
1.166671409291849268e+05
3.201693820500947186e+04
9.522888297086115927e+04
1.510525918729746947e+06
3.122132724869763479e+05
3.348004648659614380e+06
-9.614913660666551441e+05
-1.146977401729306206e+07
-6.372355159111480229e+06
1.757705623748708982e+06
9.800474964392138645e+06
4.327340181618238986e+07
4.813038202279953659e+07
4.708087009721414000e+07
3.702286867773112059e+08
-2.395807771589489281e+07
-4.769157136356763542e+07
6.290571086402675509e+07
8.180484555754213035e+07
-1.797959391232043207e+08
5.037262878989552706e+07
6.910490100584271550e+07
-9.994683494056671858e+07
1.179499507210343927e+08
2.022439947328720630e-04
-2.886174168955518704e-01
1.121005569178500499e-01
3.086166175727144037e+03
1.220524106980931492e+03
3.567043643813225208e+04
2.199247741989644128e+05
2.400282940629462537e+05
-5.340516263249053736e+04
6.924981323378023691e+06
7.805364433759551495e+06
2.114388451752984896e+07
-1.394113944493444078e+07
-9.663588304118680535e+05
1.150585456874292530e+07
-4.289359495359171182e+07
1.140882605136982724e+07
3.304457123956053853e+08
-7.559586287160359323e+07
6.864235834213790298e+07
-2.462709349205323309e+07
3.807701397543722987e+08
-2.665808957973408997e+08
1.096020742416932335e+05
7.395082061737675667e+08
-2.886431296607328653e+08
-1.931542718226992786e+08
7.317163680895963311e+07
-1.282987737075391784e+07
-3.726376706491751075e+08
-1.987450406471225582e-04
2.382204979280765633e-01
-5.513149968370068682e-02
-2.337277873979219748e+03
-2.904810724221852638e+02
6.958657966731755005e+04
-2.323534588944764400e+05
-1.511175454411140818e+05
-7.667854954722856928e+04
-7.143528680344569497e+06
-6.185306656356018037e+06
-1.665017971538908593e+07
1.643822483493721113e+07
4.324224877028664574e+06
-6.681663170476998203e+06
6.194101300378492475e+07
2.579592412170573324e+07
-5.819412467653981447e+08
1.377972997778567374e+08
-1.128752555979086831e+07
-7.293998088401055336e+07
-2.279977262796585560e+08
1.231083342686747074e+09
-7.193603549290759563e+08
-3.941281304490892887e+09
8.085003578420079947e+08
2.513528032897767425e+08
3.816436502454991341e+08
-2.545606855716108382e+08
1.038239945588888049e+09
-4.989271262354516925e-07
-2.697594466876807040e-02
2.726768202906326363e-02
1.994848744483552707e+02
-5.472091173037009071e+01
-5.465467743441252242e+04
8.312215820331395662e+03
1.720487064887178349e+04
-1.752707971881112026e+05
-1.568170654056376964e+07
1.638108187945576571e+07
3.409222337396948040e+07
4.152302838601634651e+07
-7.242711720272912644e+05
2.001622720874412730e+07
6.502660116363885254e+07
-4.221104008333081007e+07
2.322161799327942431e+08
5.660924310619946718e+08
-1.049392120049879849e+08
3.333968607520190626e+07
-1.276301545792282075e+08
8.231929874166953564e+08
1.420369888155611038e+09
4.023096007934850454e+08
2.400954670971822739e+09
-4.063888640453906655e+08
-5.122390199455156326e+08
5.846675692960363626e+08
2.382996693039822280e+08
-9.580689484507406777e-05
1.675287164572153431e-01
-6.329338830656477954e-02
-1.971124272064176239e+03
-8.450474054680430527e+02
-4.702691123486351717e+04
-1.767940277129338938e+05
-1.660034466242193012e+05
-1.531184889741614170e+05
1.044742143834602833e+07
1.247339958712693304e+07
1.515820606296858937e+07
-2.554678182314834371e+07
-5.933589435814158991e+06
5.650728242480999790e+06
6.800872426653696597e+07
-9.788958236017797887e+07
8.512474182376976013e+08
-1.942423474176005363e+09
1.551385265061092377e+07
-7.528121992855642736e+07
2.769838812295380235e+08
-6.368809341635091305e+08
2.819160290750749111e+09
1.011059750709682274e+10
1.348185280362649155e+10
1.889989792384504080e+08
1.996969984601540565e+09
1.627691442115082979e+09
-4.319340102672623634e+09
-1.908050756579951685e-04
1.853305421192372737e-01
-8.336162236286630278e-03
-2.135426205975624725e+03
7.708797332484500942e+01
-2.762678408920819129e+04
-2.435030686698047211e+05
-7.883695080266262812e+04
1.248746476026814344e+05
7.774061606640141457e+06
1.094069730126224831e+07
2.715472454944828898e+07
-4.260487415587408096e+07
-7.190026543240460567e+06
3.754378927522399463e+06
-2.401713765743660331e+08
-9.730276018552097678e+07
2.207388539275156498e+09
5.672047879996162653e+08
1.227799847369728684e+08
1.800807980373312235e+08
7.440066330309635401e+08
-3.748397312133955956e+09
6.380237651465468407e+08
1.174852940427994347e+10
-1.269129528889991379e+10
-6.998324409638880491e+08
-1.512652659947360039e+09
-6.979645798439745903e+08
-1.689542611600953341e+09
-8.640085494489473171e-05
5.755807804512219628e-02
9.362199920226459138e-03
-6.751194877789226894e+02
5.118781206176579417e+02
1.582191720891343539e+04
-1.296232838207562600e+04
3.344122691685718019e+04
7.378292250170692569e+05
9.208658383648294955e+06
-5.369629848793197423e+06
-1.554020360485462099e+07
-1.841219915112287551e+07
3.856103785142132081e+06
-5.126429081019257754e+07
3.011447378556809202e+07
-2.823113924740784336e+06
-1.657222557945426106e+08
-4.375428796335755587e+08
3.447600556461077183e+07
4.764970487710575014e+07
-1.874841637904118299e+08
5.363318130427704193e+06
-4.255797582002402544e+08
-1.656591622473770678e+08
8.455767196508694887e+08
2.141721423111500978e+09
4.422714151301966310e+08
1.887778300009829402e+08
4.333568473657319546e+08
-4.910338021388302248e-05
1.178718078693959288e-02
2.514362166364866175e-02
1.790282581060454703e+01
3.748594351793864234e+02
-8.483041931000865588e+03
-3.386632169835547393e+04
5.847894168854643794e+04
-3.732210097736361204e+05
1.419810128081969358e+07
-1.568139178843283094e+07
-3.307859661136542633e+07
-3.380353310902519524e+07
-5.639260498144101351e+06
-1.438895144720221497e+07
9.354679702092831954e+06
4.911734006339090317e+07
-2.931181503742192388e+08
-1.040817762184710503e+09
1.559345355582895875e+08
6.437739071853424609e+07
7.579944793329136074e+07
8.808759152963082492e+07
-6.150587489179955721e+08
3.227733220521227121e+08
2.625510567180278301e+09
4.114472428835129738e+08
2.437959607562695980e+09
-4.935327546212180853e+08
-9.206373094787433147e+08
-4.670099203840243795e-05
5.094325642552666178e-02
-1.932883725271436134e-02
-7.387682424048771281e+02
-4.467068367762236107e+02
-1.016019541115795291e+05
3.085493990438440960e+04
-5.778194073229947389e+04
5.442381315664937720e+05
-4.901975662573101930e+06
-4.676147378308160231e+06
-1.112288349947135523e+07
2.704308467797402292e+07
-2.305434167681869119e+06
-2.167730743431008607e+07
1.346795336795919836e+08
3.026426694656937942e+07
-4.767685150766932368e+08
7.907863961837385893e+08
-3.801272232706145197e+07
1.536360519361496270e+08
-3.161230728180986047e+08
8.313879732744076252e+08
-5.963375352293920517e+08
-3.905413933157697201e+09
-2.655883233208600521e+09
3.801558194685505033e+08
-4.685601408412512541e+08
-1.311032666325460434e+09
3.684620233422712326e+09
-2.746249947804256349e-05
2.385982629966116111e-02
-8.281645265187287733e-03
-3.309142104590968643e+02
-4.361248881709685179e+02
-1.008242011277320125e+05
2.697569369713115157e+04
1.072431277532460808e+04
-3.419316483171135187e+05
4.776577023079903796e+06
-1.537340554681037925e+07
-2.164814228304806724e+07
-1.145618953275885060e+07
-8.237272404198700562e+06
3.543174188350270502e+06
-2.486102960530557111e+07
1.164302284151185006e+08
-2.389363759512572363e+07
-4.456189098092899919e+08
7.468163243298865855e+07
3.253485137503962591e+07
1.845087296856863201e+08
-5.474583156868170500e+08
-3.896024364478454590e+08
1.518870593616817236e+09
-4.515901876849961281e+08
-3.893613225304419398e+08
8.526757734597876072e+08
-2.030210278765595913e+09
-1.836536151826287985e+09
-5.773824578098096794e-01
-2.230175145081904620e-01
7.836952020623821902e-01
3.832667724446542357e-02
4.043489460354245807e-02
1.718085340624714644e-02
3.532934185314402786e-02
-6.844325296845368660e-03
2.350451959012455141e-02
1.859796221007614919e-04
5.974168985385695969e-03
-5.547096436871937555e-03
9.618741515325987925e-04
-1.275126143959256749e-03
2.024438934425907676e-03
-5.962133980123140303e-04
7.401160381608066271e-04
3.016611827638408425e-04
-1.636277250843923053e-04
-2.646827962616795011e-04
-6.034006744947458255e-05
-2.034551168161821710e-04
-1.597914748007686306e-06
2.075706346747565906e-04
-1.616344519466001166e-04
-1.558357131373991236e-04
9.039242423015695564e-05
5.472056831204322945e-05
4.478389446751244253e-05
2.634443924012312870e-05
5.641090618497353049e-01
1.009001744901260711e+00
-1.177212314057836551e+00
1.935156259933324563e+01
9.682314606540441959e-01
1.581586931485824188e+01
1.088633899992605869e+01
3.804884186395847578e+00
2.253187609849649053e+00
-6.097528863123332643e-01
7.583537512828302241e-01
-8.321723905818844136e-01
-6.210624214316669001e-01
-8.819335476175984567e-01
-1.148620934395983978e-01
1.315215407205511944e-01
-2.941580913824650562e-02
6.712599858653395257e-02
1.143562325515966732e-01
-1.632385004341997403e-01
-1.341314961780043155e-02
1.185234695452223735e-01
-2.675204466750079682e-02
-6.595584816063142231e-02
1.608637607781232895e-03
7.773980299911568970e-02
6.373307769427553719e-03
2.309227102255845265e-02
-1.580509093947058200e-02
-6.465452495174988691e-03
5.803779990331238148e-01
9.193618065618751334e-02
-1.007175521553012931e+00
-4.691830752445850905e+00
1.051893111553643401e+01
-2.258558557178213633e+00
1.202463265419544847e+01
-1.438492429701824804e+01
1.575449249507095217e+01
1.350291744039795683e+00
3.517564832349218129e+00
-3.086988782124120423e+00
1.757740071365811785e+00
-1.142914633173576500e-01
1.656351410264995216e+00
-6.081498481474338913e-01
5.673265954096142760e-01
1.505428808987649414e-01
-2.576992055941675908e-01
-4.284934564847636684e-02
-3.287857896529550877e-02
-2.706024005897441631e-01
2.800147628466846325e-02
2.255139164755016745e-01
-1.223185505829366415e-01
-2.009172362636625908e-01
6.272316340718372962e-02
1.925283045711972604e-02
4.981246604873691697e-02
2.643850966945419934e-02
-4.692393987769159086e-02
5.585403869964573886e-02
-1.044273270281609811e+01
1.157036706815500366e+02
6.475518634069115933e+02
1.298982202385468838e+02
3.327586925187118254e+02
-2.425845453612620986e+03
1.058812260495936243e+03
-3.802640056063208704e+03
3.753571856230292724e+03
1.066000472729866124e+04
-9.051362382900981174e+03
6.040811413186629579e+03
-9.060581822141291923e+03
3.646354359754436700e+03
-1.264206237958399015e+03
-1.705319154395300984e+03
1.608014544264458436e+03
2.093154950004310194e+03
8.171504537625178273e+02
1.536051229365743666e+03
-1.697678610585670356e+02
-1.599316228629448915e+03
1.316346485323114166e+03
1.364019281896394432e+03
-8.632122333255184685e+02
-2.329499134474825439e+02
-2.652188936299850184e+02
7.032773777323846787e+01
2.808058973493451904e-02
-1.943916115132761036e+01
2.711813422197697498e+00
-8.532606103481517721e+02
2.163964259303660640e+02
-6.582235072634035760e+02
2.576828778898217024e+03
3.783366162309180822e+02
5.023234264467598109e+02
1.140989372659143919e+04
-8.372370234120395253e+03
2.808575161202026266e+03
-2.211045753118743050e+03
-8.971977919917098916e+03
-5.795627123424336787e+03
2.558246161310480147e+03
-3.430836019357196619e+03
3.331957851930516767e+02
2.773864060170676112e+03
-1.785914428856371615e+03
-7.012434644974433695e+02
3.021369352156177229e+03
-9.130875872131508686e+01
-1.813820012732667919e+03
7.200130972666960361e+02
2.302150415483778033e+03
-8.036793490678506657e+01
2.714479203004879651e+02
-8.844960843736389506e+02
-5.652371372829621805e+02
-1.670733862978631204e-02
1.470635679399351581e+01
-5.388289674715507793e+00
6.676156919063280384e+02
-1.423751948755706387e+01
7.567360173901606686e+02
-1.747704214743714829e+03
-5.406607336496865628e+02
-2.499968187261660262e+02
-1.025405510440712169e+04
6.408300034962471727e+03
2.000350637145050769e+03
4.449931274709995705e+03
1.453397345874187522e+04
8.575611348978909518e+03
1.203558423257873528e+03
2.306814544991424191e+04
5.385530412458118008e+03
5.730320744450600614e+03
2.673301185201411863e+04
-1.503675556670877850e+05
3.688868782638284756e+04
5.665679497527329659e+04
7.146595799915220414e+04
1.179751235579361855e+04
5.505658147505627130e+04
1.613827178643911066e+04
-1.221430917464462800e+04
-1.063669126666536031e+05
-1.028028677228521265e+05
1.430691003045234284e-02
-1.034843720938424205e+01
-1.106445460649010254e-01
2.089023320739815517e+03
1.357119814204716477e+03
1.418607556598605015e+03
-2.020494882898873038e+04
-2.042396321614908811e+04
1.343858989319274315e+03
-1.234278318691909080e+05
2.037525384017425313e+04
-1.211724374693914579e+05
-7.046877691908409179e+04
1.160367059826898767e+05
5.104772600590161346e+03
-1.497505957803160418e+05
-5.028233921606922522e+05
1.292599052426402632e+05
7.440354410123618436e+04
-3.720688446388145094e+05
-2.439734596517076716e+04
1.212885179568778112e+05
-1.394840643888824525e+04
-3.538947264996554441e+04
-5.899705163069469563e+04
5.882953978842540528e+04
3.677053267386465450e+04
6.721554717892725603e+04
-6.875361312132737658e+04
-3.502840502995306906e+03
-3.179958945712143409e-02
-2.420329999855080239e+00
-1.877679715128947535e+01
-1.471570068556394972e+03
2.016519756665814612e+03
-1.110674786217408609e+03
2.000817923290904218e+04
-7.743610267597896382e+03
5.000661160659684356e+03
9.105700081254135875e+04
-5.244614485893627716e+04
9.518522591500064300e+04
-1.557292270935796259e+05
-1.979042755566601045e+04
-1.186825627990205248e+05
-9.974864272318164876e+04
-6.427742472333121987e+04
3.097215484875498805e+04
-2.736146648687660927e+05
-1.049702734758881852e+05
-1.226736044153123657e+05
-3.140470725241588079e+05
1.048703619114949106e+04
2.866909807853132952e+05
-1.772586603529411368e+05
-3.053183054498144775e+05
-4.393474950026782608e+03
2.866414225207296113e+03
-1.503062588952779606e+03
-2.992774183245960012e+04
2.285946936756860434e-02
5.387443230223738944e+00
1.463088919825930034e+01
2.561901070014211541e+02
-1.130764119886800017e+03
2.479432812385728369e+02
-3.318703596405149710e+03
3.948413844041588163e+03
-3.247920228034957290e+03
-5.550504117487222175e+03
-3.988983479163938682e+03
-3.523083450826316403e+04
2.881876774063209086e+04
-2.825609423693101689e+03
5.956892269018823572e+04
1.588467306698036737e+04
2.729509452449916716e+04
-3.261748995169965565e+04
4.809414565912156104e+04
1.419336666032078938e+04
-9.712992623004941561e+04
5.434496234782798274e+04
-1.813624475557532569e+05
7.995574115603217797e+04
1.672550477366221894e+05
-1.099768055259128741e+05
-7.572892828814152163e+05
3.847338311112293741e+05
-5.629804076597891981e+05
3.563362627688949578e+05
-4.467537780311166100e-03
-2.829704662081954786e-02
-2.096938603154463454e+00
1.423090962773855972e+04
2.107484664065903416e+03
1.122988496974876398e+04
-1.340414323290788452e+05
-2.184987480212029186e+04
-5.775737850654261365e+02
-1.027529486809085472e+06
1.026902950319534284e+06
1.001392579200393637e+06
1.550890095940539846e+06
2.545766370150796720e+05
9.838820660345999931e+04
2.264478030091582332e+06
2.177321945564731956e+06
8.795297588884081692e+06
1.613272075237647817e+07
3.932121667961815838e+06
1.524232196106729330e+06
8.096698903101775795e+06
1.347536699098106101e+07
-8.020936005753751844e+06
-5.181187283083206974e+06
-1.470284028827297874e+07
8.549061432392906398e+06
1.191993408678530902e+07
-5.684167467273936607e+06
2.411923096820318606e+06
-3.704098896500544660e-03
-1.503812023943966736e+00
-2.820894826955229195e+00
-3.654651125289921310e+03
1.714699958877732229e+02
-3.982937523196700113e+03
7.742231373338987760e+04
4.676924554994021310e+04
6.734260772789418297e+03
1.009156192312590429e+06
6.097581531947667245e+05
2.181173842183242086e+06
-1.042792708111466956e+06
-3.732039522824164014e+05
-8.335566003540034872e+05
1.551260704820001265e+06
2.752982813732041512e+06
1.894722993857166544e+07
-8.114594918039562181e+06
2.833025280072824564e+06
-5.276420829474919447e+04
-6.759221140434424393e+06
1.880924544494109228e+07
5.319418671347277239e+06
6.135535702444490977e+06
1.369493335449285060e+07
6.826752178097768687e+06
1.822084299933105707e+07
4.159395910956091247e+06
1.579029719060729071e+07
-4.730765731266387344e-03
-1.377930200377652792e+00
-3.150842904574016057e+00
3.913410238224817590e+02
-1.419297963327058096e+04
1.178554572389896293e+03
-1.652364296203548147e+05
5.591643144643323467e+04
-4.510066601481490216e+04
-1.947211512526775245e+06
-1.341457173910660902e+06
-5.333076850168132223e+06
3.484404894410855137e+06
1.219697671392782504e+05
2.700031339600182604e+06
-1.288595403808326926e+06
-4.293034670189524069e+06
-4.727237200588549674e+07
1.192224516593035124e+07
-4.303851544527449645e+06
2.835056445326235611e+06
1.483267021931976080e+07
-4.768765746673045307e+07
-1.022539457469034940e+07
-7.993052299373883754e+06
-8.348261585993228480e+06
-2.156936236609344184e+07
-4.427549838404089212e+07
-5.395730868338613072e+05
-2.400664493543528765e+07
2.640319714665718877e-03
-6.191426229081721244e-01
9.287290169477536717e-01
-1.767831362949267771e+02
-4.415357353448044933e+02
4.587772327236718411e+03
2.062416106884386318e+04
1.398892711352322658e+05
-7.093780297892642466e+02
-7.352239580045498442e+05
1.790337812302653911e+06
4.197211455842243508e+06
4.283898419327336363e+06
-8.232818039247383131e+05
-3.608953483182526543e+04
7.185789303250355646e+06
1.279908200215474889e+07
9.744372532256836072e+06
4.263202832979030162e+07
1.400511325436345860e+07
2.088507266578997253e+06
2.100897814908610284e+07
2.726891392149182782e+07
-2.171407497338207439e+07
-3.909156908806549013e+07
-4.371267926637366414e+07
1.196677290741806105e+07
1.977509559559440985e+07
-2.996685570454883575e+07
3.408668177767540328e+06
1.216175657087263185e-03
-6.964386737324935739e-01
5.013069224224165898e-01
9.851779243614942970e+03
3.882552196356110471e+03
1.430043666934616158e+04
-8.164150451265968150e+04
-8.365516325273939583e+04
2.786613684486028887e+03
-4.477205222197867115e+05
-3.997108425052346138e+04
-6.191762190824034624e+05
-5.676556994256466860e+05
1.022269012085371651e+06
1.579827998697424191e+05
-1.616486638903875137e+06
-1.931188974721872946e+06
1.665828497311569285e+06
-3.540187224338094238e+06
-3.852859537210355513e+06
-1.162939690022834763e+07
-9.563279030040104408e+05
7.381781546428594738e+05
4.334071180722625926e+06
5.098571464735230431e+06
7.885445480389007367e+06
3.859254959410610143e+06
-5.938158857781738043e+06
-2.457956057647110429e+06
-8.268190673461092636e+06
-1.954048305817643674e-03
-8.634780051513104571e-01
-1.363291540537839630e+00
3.623840457106314261e+03
-9.897753815530400971e+03
8.422005176772488994e+03
-9.865277110502528376e+04
6.263899764871460502e+04
-5.884784774443343485e+04
-7.092717603526797611e+05
-4.424895175921748742e+05
-2.117937714038235135e+06
1.654796513274501078e+06
1.564306740051249799e+05
2.891398570902972948e+06
7.174878191823598463e+05
1.280495860481483629e+06
-1.855351848794526979e+07
2.735097270082689822e+06
-9.799418989086868241e+05
-6.412096550991701894e+06
1.164622397149440646e+07
-2.018478518414077535e+07
-7.072421576859894209e+06
-2.221874167525150348e+06
-6.664101300481072627e+06
-5.190002552131738514e+07
-1.465187770956351049e+07
-2.184060905761760101e+07
4.352035486684638076e+06
-6.994682134457785947e-04
-2.933957210346790356e-01
-4.397071298664044225e-01
2.861520316444850323e+03
-1.653771203972970625e+03
2.246329070331930416e+04
2.213762205305565440e+05
4.491059174434516462e+05
-2.775627573408951139e+04
7.423909643901182571e+05
3.665347907845967449e+06
1.174252527153810300e+07
7.548204386689577252e+06
-1.986666441222594585e+06
1.257688571413267637e+06
1.580055930558927543e+07
4.998410246204644442e+07
-2.118920702671001107e+07
6.080544892002468556e+07
3.137674249002811313e+07
-6.118686993936289102e+06
3.381842029480187595e+07
4.321979404842063040e+07
-6.921335149287675321e+07
-2.575055898642659783e+08
-6.099904281126883626e+07
-2.415263391317024082e+07
-3.000669829353919253e+07
-1.368123162429016829e+08
-2.473300331120603904e+07
5.991789870438279800e-04
4.009973483128643212e-01
4.979590501105060629e-01
-1.845006477992435975e+03
4.164548487689308786e+03
5.985170865022463005e+01
-1.187964160192653981e+04
1.501703287796328368e+05
-1.415552475255749778e+04
-2.910431763990190229e+05
2.538645279523122590e+06
4.804312622233745642e+06
4.437274727000921965e+06
-1.495416289336437592e+06
6.444626185740886722e+05
2.028316195880592242e+07
1.168518001677457057e+07
2.416750189052196965e+07
1.742039623438322544e+07
2.239362325146526843e+07
8.106826424472741783e+06
3.028183326956821978e+07
6.848643993528084457e+07
-4.918737790148238651e+06
-5.757006755880270898e+07
1.067835208916653246e+08
-1.576944624446688406e+07
4.148903030488268286e+07
-3.152361896892053261e+07
1.161811068672438711e+08
3.221854628603355148e-04
1.430091565179870683e-01
2.379560772233212662e-01
-8.852320920188362834e+02
2.516023818797963031e+03
-7.904903946947993063e+02
-1.213259322755064204e+05
1.495566226440164028e+05
-5.384896214141340897e+04
-1.727784748873595893e+07
-9.957006349765703082e+06
-2.290209476757716388e+07
4.189916880427288264e+07
-3.474130417053593323e+06
1.623392077611337975e+07
-6.066659131073030643e+06
5.583474005097657442e+07
-7.875756362462911606e+08
4.858543248518394828e+08
1.808236858749663830e+07
5.915642220858585835e+07
2.795183285794883966e+08
-4.271575622685556412e+08
-5.106720960558639765e+08
-2.167671943088241100e+09
-7.633648445557262897e+08
-3.111750678610928059e+08
-6.687006727726897001e+08
-1.460896347224259377e+08
-1.756878085756742358e+08
-4.836892355270808674e-05
1.785839387218270402e-01
5.052558662896309422e-02
-2.264785665787273047e+03
7.100735342449090695e+02
7.472439496246814997e+03
-2.323103602906182932e+05
-4.670649882997192435e+03
-1.788417094220396393e+04
-7.167997281888984144e+06
1.714255961017125845e+07
3.927708014667369425e+07
1.846684361717946455e+07
-1.801762730766414665e+06
-9.154415400892890990e+06
2.937421039211460948e+07
3.135906618947528303e+07
6.158996863502507210e+08
6.324710813004126549e+08
8.693719457906536758e+07
-2.936390334578986466e+07
1.929818455463173091e+08
4.279873974991508126e+08
-3.400165285874646902e+08
3.768811718144802451e+08
-2.155144903612824440e+09
3.413048364585252404e+08
8.523454432422926426e+08
-9.197670321799336672e+08
4.102115354739816785e+08
-2.422053032225524570e-04
1.391801059075728764e-01
-1.227905737531593128e-01
-2.086314287472069282e+03
-1.677634611691881446e+03
-2.611708449706051761e+04
-1.148812404617613065e+05
-3.557661168840416940e+05
1.438762362178634430e+04
3.083576557594893384e+05
-4.862197497668282129e+06
-1.203335346800754033e+07
-8.270604860465852544e+06
3.787700185893834103e+06
9.649759295228387928e+05
-2.406780969288148358e+07
-2.986133468167118356e+07
-3.967478654774897546e+07
-8.104883948912188411e+07
-6.624880251436724514e+07
-4.689003918936592340e+07
-7.013646885961280763e+07
-1.072405731800541878e+08
1.109459580587804504e+07
1.150121067044522464e+08
5.095379313088218868e+07
-3.609012362048383057e+07
-1.594610390138630867e+08
3.879596810611369461e+07
-7.394196812755538523e+07
5.526321618309962936e-05
4.049035098506840145e-03
4.146390232513402080e-02
8.075695565153533835e+02
6.309969495580769490e+02
-1.464704990396884095e+05
-8.620700802145223133e+04
8.515042454383737640e+04
9.510856611830282782e+04
-1.028781941354782321e+06
1.133107800674802624e+06
-8.953496112855843967e+05
3.391956528351631481e+06
-1.147261614931534417e+07
-6.349721706627558917e+06
7.557611779208276421e+06
-6.452134680778553709e+06
-6.428478568622189015e+07
1.332445802321805246e+07
4.696769950383032113e+07
3.703227230199591517e+08
-2.427570073040132597e+07
-3.125624613272286206e+07
-7.261469231023316085e+07
-1.969970472366699576e+08
2.156706984458306432e+07
4.960516688898449391e+07
6.840956048703670502e+07
1.535938150386420786e+08
2.630501906553445011e+07
2.014267985262686736e-04
2.411629905790242667e-01
1.935457839237912092e-01
-2.596832921141081897e+03
2.059268518432425481e+03
3.560260389700976521e+04
-3.172828218105167616e+05
7.035341982792958152e+04
-5.371458774700236972e+04
-1.022953133917406201e+07
2.000315773051731987e+06
1.278907949075730052e+06
2.530629793602358550e+07
-9.672724295407168102e+05
1.153695088516010158e+07
3.117771214359239489e+07
3.131795775911237299e+07
-1.036802447960741073e+08
3.233631405914959908e+08
6.806188324056759477e+07
-2.440888537482709810e+07
3.797357445496720076e+08
1.268770520814154595e+08
-2.324383596000886261e+08
-6.224436752202764750e+08
-5.002362806092944145e+08
-1.850904658540863097e+08
7.528501587577763200e+07
-3.134536582482283115e+08
1.913466384635991454e+08
1.002819998077966772e-04
5.188623949196003587e-02
8.128750935496295571e-02
-6.707052843936791078e+02
7.699295052310135361e+02
1.250847030742210700e+04
-1.077715839249097335e+05
6.410358636449838377e+04
1.898405813036494364e+05
9.660613845674365293e+05
2.041194655117363483e+07
4.885258926266983896e+07
3.891956205739606638e+06
-1.552873692953585647e+06
-1.394609489293145388e+07
6.414097107305566221e+07
6.418330729309263080e+07
4.357113399516493082e+08
3.625233648296045065e+08
9.663981908321876824e+07
7.494145955209085718e+06
2.263325659977062047e+08
1.413548225900376320e+09
-7.278728368033950329e+08
-2.984183853178745747e+09
-1.986636554004907012e+08
2.287964203077157438e+08
2.585159022251592577e+08
-4.481600535392685533e+08
6.838157493753728867e+08
-1.716811997858947217e-04
-1.631896963934920119e-01
-1.598687911864824507e-01
1.257571281764444166e+03
-1.729704941690918986e+03
8.739686557607560826e+04
2.234886560947461112e+05
-1.084041361527855042e+05
2.117003838895397712e+04
1.091202400968560204e+07
8.253105380109574646e+06
2.145225443905387446e+07
-2.406368507855201885e+07
4.111219121513949707e+06
-1.587910150218564644e+07
2.713067941659275070e+07
-4.070793161416714638e+07
4.568761766174290180e+08
-4.560378243645985723e+08
4.307977011415833980e+07
-7.890365092903916538e+07
-1.315707126600272954e+08
8.222935453326057196e+08
1.240474114182776213e+09
1.420227022937427759e+09
3.381412083044075012e+09
3.702536022611212134e+08
5.791580599247400761e+08
9.328859709016627073e+08
3.668494652585925907e+07
2.152083514096890711e-04
1.562003044279768882e-01
1.932319019033152119e-01
-1.724564959484361452e+03
2.292688614827792662e+03
4.729814545984670258e+04
-2.803667391904446995e+05
1.843843925829263753e+05
-4.095484353848298633e+04
1.955335600171690434e+07
-2.662607675267919432e+06
-2.780243429688728228e+07
-5.165117848480078578e+07
9.163824056594453752e+06
-5.229367788322345354e+06
2.844583766485820338e+07
-2.167392325869799554e+08
7.458226557049171925e+08
-2.271077091828728676e+09
-1.133072968411746621e+08
-1.166036140836735964e+08
-7.718024567044471502e+08
-8.151006445129747689e+07
4.082135984093886852e+09
1.130423944612779808e+10
1.115998919871534348e+10
2.874448922793137431e+08
2.207829723225887418e+08
3.256498561458861828e+09
-1.638129429303821802e+09
1.273334402317285554e-05
-6.960126774940206262e-02
-1.970502934590935215e-02
9.824495469665157543e+02
-1.646872666423249143e+02
-2.709142077129409881e+04
1.052410638452909916e+05
2.531703170307774053e+04
-1.939280132290520705e+05
-7.197610593252714723e+06
1.791263782915364485e+06
9.105887735090639908e+05
2.855569205468494692e+04
-1.534995755356536014e+06
2.969712466590884607e+06
-1.209440699715413153e+08
-1.364800081996189058e+08
1.880618793799092054e+09
6.638228655354633331e+08
-4.814818307981922477e+07
-1.574978729292811751e+08
-1.298887991610092372e+08
-2.478520623132622719e+09
8.181611879202549160e+07
1.408166054695572090e+10
-1.145408837743598366e+10
6.769932325811554193e+08
2.541917288625030518e+09
-3.367744010859021664e+09
-1.095452574587142318e+08
-8.293692272075885662e-05
-1.807134023413888013e-02
-5.145092724691480851e-02
-1.338072646411904714e+02
-8.041517347249725844e+02
1.633558260738981699e+04
-2.715178946460827501e+04
-2.506192674732544401e+04
7.371530375072157476e+05
3.538037548710951814e+05
1.063167132018649206e+07
2.330778643937122077e+07
-5.013501704892248847e+06
3.984699680035724305e+06
-5.132535434856279194e+07
-1.701373441212780774e+07
-2.751099248919454589e+07
4.690165655811790824e+08
4.117550478427605331e+07
3.294177568590585515e+07
4.596762845800942928e+07
-1.972063631624940932e+08
3.727065408778417110e+08
2.795932940864644051e+08
9.602393345948789120e+08
-6.170078068931683898e+07
2.145054863746226072e+09
4.341749006642369032e+08
3.391293779474407434e+08
-4.091801243356146216e+08
-4.874468567240450133e-05
1.581269081588998829e-02
-2.255699765052609010e-02
-3.249642168348451037e+02
-1.690919985558328165e+02
-1.076119290173329864e+04
-3.449555867244938418e+04
-5.670525799431280029e+04
-3.656590609199625324e+05
6.691104593372464180e+06
2.012951296102642268e+07
4.542431728374852240e+07
-1.236105407915666886e+07
-5.683203771651750430e+06
-1.475122696203208901e+07
3.726980145134352893e+07
-3.567946686365488172e+07
1.041112412030041099e+09
2.455048358972613215e+08
1.549506806304941773e+08
6.650370118417264521e+07
7.068095611800989509e+07
4.924071632305929065e+08
4.127242275596144199e+08
2.132208767651959896e+09
-1.467046265054920435e+09
4.362872715599595308e+08
2.454670926598921299e+09
-4.668462192006741166e+08
8.253152967692421675e+08
-2.702303472851396589e-07
4.889414789651986074e-03
3.088876163173055744e-03
8.845908782900968959e+01
1.514050262390612147e+02
-3.654979985503800708e+04
-3.755614419956308120e+04
-1.229379465661052018e+04
-5.706267601168021793e+05
6.264199623772213235e+06
1.126702156558248773e+07
2.702581640729718655e+07
1.948274747595904628e+05
-6.000087690058684908e+06
1.387045094086421840e+07
1.184529675652847588e+08
3.426425560061583668e+07
5.696162834131892920e+08
5.789164355927041769e+08
8.365108111490318179e+07
-4.860387071569392085e+07
3.164556887974134684e+08
4.779938022169577479e+08
-7.547132907385302782e+08
-8.294844330091482401e+08
-3.320759331209308147e+09
-4.689415227886876464e+08
1.047328883750926971e+09
-2.422835148711490154e+09
2.651108513120272636e+09
5.308661771369878806e-05
4.634942108323262394e-02
3.770695581286678810e-02
-9.320556082416827621e+02
3.915385985689558765e+02
1.382163531825128885e+05
-1.916057170535214391e+04
-5.819259252349462622e+04
-3.065410142204337171e+05
-1.098489514864443801e+07
-3.901499083893781994e+06
5.916412559540930204e+06
2.639422180263777077e+07
6.010490461273220368e+06
1.667878893187399209e+07
-2.071441464834454283e+07
1.322483195514668524e+08
2.055512840946599543e+08
6.054728534285842180e+08
-1.951829407260953682e+06
-1.493255871215891838e+08
1.818265440840995312e+08
-3.806444403614366055e+08
-7.398393890283381939e+08
8.929102711876218319e+08
-3.572783975249310970e+09
-7.063581361797867715e+07
2.650307296096212044e+07
-3.055926860952415943e+09
-7.062346231699894667e+08
-5.773849407555904367e-01
7.901949937079578712e-01
-1.987565071090632018e-01
-5.417828374490712973e-02
1.296895568456722485e-02
1.718357927025957951e-02
-1.173222614102865068e-02
3.402146039570402847e-02
2.350619149687639686e-02
-5.268993271723967572e-03
-2.824769178606190145e-03
1.940947269504830937e-03
-5.282884903296769692e-03
-1.276238295516880132e-03
2.024659397435171412e-03
9.393004063135367530e-04
1.472440537355075682e-04
-9.480875303680807840e-06
3.431545754680543681e-04
-2.654585160999264589e-04
-6.029639253485383747e-05
-2.042360711770617226e-04
-1.782700518873282141e-04
-1.038775064313973690e-04
-5.378344577188146742e-05
2.192442077026888732e-04
8.737424504179250144e-05
5.352765287275195870e-05
1.020344958406006849e-06
-5.309951312241428334e-05
-7.846871530607593126e-01
1.557150070787886031e+00
-2.245898433418430928e-01
1.111388292500689445e+01
-6.457083943209589172e-02
-5.954174139348146433e+00
-1.213836057124740853e+00
-1.900945092040292295e+01
-1.476734089895470703e+01
3.399682292563896979e+00
9.634723584269626606e-01
-4.953239868942554969e-01
3.279735816437494123e+00
5.405723552678387556e-01
-1.376659037182665024e+00
-6.432647178514449005e-01
-1.614418744835686426e-01
-6.151881539675099764e-02
-2.250886584848344751e-01
1.192798619992459230e-01
3.513171236319902885e-02
1.756081500636451354e-01
1.455588497214194421e-01
7.066887525410017745e-02
6.422164805153372791e-02
-1.593868988743742388e-01
-5.536348335109872454e-02
-2.734755303815892061e-02
1.622992870850318528e-04
4.093038756960448027e-02
1.982948304721269539e-01
-8.606541452781407697e-01
-4.590509693900362564e-01
-5.723047918196709105e+00
1.875612887256772510e+01
1.482939659202088478e+01
-1.079130757495527604e+01
-2.287190750515021520e+00
-5.923997030218268733e+00
1.556969380961847005e+00
-4.907652717999162473e-01
8.160339475342240911e-01
1.420884340917661470e+00
-7.066296490939411035e-01
-9.273971435081270753e-01
-4.770579727639542300e-01
-2.078257755396801243e-01
-1.885926418349525846e-01
-1.292005076012313902e-01
-1.195121058142439435e-01
4.757224472628367867e-03
2.385053335451919054e-01
1.656122797028623528e-01
5.148519700051182313e-02
1.139360152270381538e-01
-1.383079683437816731e-01
-2.413894479035597757e-02
1.116616266803301290e-02
2.645009790651016261e-03
4.264260757455448636e-02
-8.538999444306439104e-04
-5.914314946852083033e+00
-1.599274120958442680e+01
1.022370888376880487e+02
8.453625970226246409e+02
5.050204071942922610e+02
4.315900153842760005e+02
-2.518990360803699332e+03
-9.641689247820776245e+02
-6.681906240069049545e+02
-9.595519858507104800e+03
-1.694840773654106670e+03
-9.942645224528769177e+03
4.746506727381517521e+03
9.546587241703431573e+03
5.140678178759617367e+03
1.700699023678039566e+03
2.490257991846634923e+03
2.097181312193959002e+03
4.936354911105807446e+02
1.991854617942177015e+02
-3.392475235762528882e+03
-2.132014773009530472e+03
-1.023810927339916248e+03
-1.674133893202802938e+03
2.451928807061474345e+03
4.689728422736580455e+02
-1.393236934446769624e+02
-4.999747296487345238e+01
-1.003045904573483767e+03
-5.467627792652029334e-02
-1.388954213564628226e+01
-3.259386325611844271e+00
-6.554203937215432916e+02
2.299026824677958416e+02
4.415855424043344328e+02
2.483845181903753200e+03
2.791084099636532869e+02
6.657633565578807975e+02
-1.938519788040612184e+03
-1.151220809218010436e+04
1.922100709288471080e+03
1.014716472556931876e+04
9.718664014530670102e+03
-4.949659211247077110e+03
-4.006621751314047515e+02
-1.940706338416631979e+03
8.174927441944591919e+02
-1.425299940983211400e+03
2.707772817780873993e+03
1.058574448303109193e+03
-1.793276593752032113e+02
4.613682279204699626e+02
1.499099622036683854e+02
-3.666939400222254335e+02
-7.020925023791935473e+02
-6.980189846469977510e+02
-3.448763320916341968e+02
1.889682677161810034e+02
-3.483516923719371903e+02
-1.670852960051595268e-02
-1.202020551244283197e+01
-1.004411264743496091e+01
-3.215470937222014527e+02
5.852982355464346256e+02
7.568092630138080494e+02
1.342606955747279017e+03
-1.242845771537275368e+03
-2.497648125241701678e+02
-4.237978910924932734e+02
-1.208725970746984785e+04
-4.844566104384054597e+03
-4.894969928998687010e+02
1.453501352732954547e+04
8.577066755250682036e+03
1.939551375232157807e+04
-1.255238597116776327e+04
-7.601107281588236219e+03
1.809266711637699245e+03
2.669083854091294052e+04
-1.503400880121302907e+05
3.686390271415746247e+04
-9.031574924388600630e+04
1.318160725884291969e+04
4.191177901906740590e+04
-3.746588769428793603e+04
1.701909522083500997e+04
-8.896952553708548294e+03
-3.589946498774222709e+04
1.436881873332662217e+05
2.038782989672246679e-02
1.049555808559929559e+01
-1.445426398284580216e+01
1.985513728885253613e+03
1.410348493732962652e+03
2.520148401568534666e+02
-1.105007997657387023e+04
-1.470785384680497918e+04
-4.999626070272426659e+03
-2.197617137590568746e+04
-3.242438376212952426e+04
-1.363558160497127683e+05
-1.039044068583174085e+05
-4.095828684687551140e+04
1.002783497691075900e+05
1.855009803338761267e+05
-2.931739125987195875e+05
-1.267847304678659566e+05
-1.795701020025949110e+05
2.770396461636968306e+05
1.183215612113226525e+05
2.119902300662857888e+05
2.003821657667690015e+05
1.117452529533083289e+05
1.115692754172312852e+05
-2.758832168657879811e+05
-1.104387989304847724e+04
-3.696375473825684458e+04
5.464120825853365204e+03
-4.389959638529639051e+04
2.828846011077965072e-02
1.192268977549709774e+01
2.066494124102723706e+00
-1.418495008484418349e+03
2.120496046716029014e+03
1.783293706260159752e+03
2.572587031523879705e+04
-1.690488942393065008e+04
-1.333915479238846274e+03
3.818519489974402677e+04
-1.539833832755287876e+05
6.170234908530142275e+04
-1.405819384292620234e+05
1.104525836237882322e+05
6.367374014575141337e+04
-3.096355851128924405e+05
2.708526992895508884e+05
-2.223356427248543478e+05
-1.764524642370018773e+04
-2.695558291252350900e+05
4.020863841448512540e+04
2.628989485140027246e+05
1.597280203326277260e+05
7.071145527755128569e+04
1.576599955554571352e+05
-1.334909487403304956e+05
3.561959140855995065e+04
5.764268582787815831e+04
3.953895322114734881e+04
4.379134884197101928e+04
2.286141948418677142e-02
9.976956021941022712e+00
-1.198062781408512301e+01
8.509620791834242937e+02
7.872638968764647416e+02
2.480248565260023952e+02
-1.758702886065252414e+03
-4.848638063645846159e+03
-3.247239809505189896e+03
6.217004069320196322e+03
-2.825022409105639781e+03
-7.346565226830261963e+03
-4.493300705657631624e+04
-2.821664495119227013e+03
5.958541425775061361e+04
1.568785135480508325e+04
-2.736760647418125154e+04
-2.537670387650420162e+04
-5.257985481914699631e+04
1.419457730478093981e+04
-9.716439752878663421e+04
5.413182531721460691e+04
2.118445877361804378e+04
-1.973076390606103523e+05
-1.799674924127679842e+05
-9.975195547416183399e+04
-7.562202539695161395e+05
3.895381670281096012e+05
5.897460896778786555e+05
3.029575529114071396e+05
-9.789128398078785886e-04
-5.650090801459913825e-01
1.816419389084645397e+00
5.938273041325190206e+03
-8.440980744263602901e+03
-9.058285639905176140e+03
-1.115236648185043450e+05
9.020334331796353217e+04
6.059423957530614643e+03
-7.028931217517975019e+05
1.194070320792990271e+06
7.596884672851136420e+05
2.033961683279230492e+06
-4.504009959001900279e+05
-7.679092049520625733e+05
1.016181834224418970e+06
-8.254162492359802127e+05
7.079337064180945046e+06
1.790931476583332941e+07
4.696888990200656117e+05
-7.994154885341252666e+05
-9.877299027173276991e+06
-1.215580561951096915e+07
3.957702850073230918e+06
1.265738571287208237e+07
-1.642958312779103592e+07
1.840357848795604892e+06
9.621961431066904217e+06
7.551757290442357771e+06
-1.200938420166033134e+07
5.714570051877766385e-03
2.403495861375829712e+00
-2.284191152825758575e+00
6.902391268457725346e+03
-8.136374141162241358e+03
-7.737916059659552957e+03
-3.473582451366366877e+04
6.934003562432872423e+04
-2.859794380944210388e+03
8.416601755971222883e+05
9.334428102190766949e+05
1.696417616265918827e+06
-1.284952260476780590e+06
-3.247753665275575622e+04
3.296590898764538579e+05
-1.465920257148936391e+06
4.012545168582057580e+06
1.715759253135276958e+07
-9.847968513986922801e+06
-4.829693928078483790e+06
-1.304264864964138018e+06
-3.715663073266946245e+06
6.741622852183060721e+06
-2.040338910348986089e+07
4.320047083330758847e+06
-4.380159754084626213e+06
-1.075239386631721072e+07
-1.938574315164596587e+07
-1.012316311968485825e+07
2.935377619224844500e+06
4.655249156381481741e-03
1.985605189561023165e+00
-1.322243804707166293e+00
-5.631967189529926145e+03
-3.672767907594957251e+03
3.377664912743266996e+03
-1.309582055724691018e+05
4.051521833002877975e+04
2.194095669201058990e+04
-2.091194162393750157e+06
-8.188304332735278876e+05
-4.851587673811633140e+06
4.478227488022615202e+06
-7.758952840669592842e+05
-1.379128478377202060e+06
8.028152049751436338e+06
-1.255704114207409881e+07
-4.280492918850867450e+07
1.241247312729910389e+07
1.426713483303509280e+07
4.074298657245052746e+05
1.088091810163534991e+07
-1.176715543610147014e+07
4.789923619013345987e+07
-1.403773065739262849e+07
4.294483084104219824e+07
2.049897834836943820e+07
3.938929970678035915e+07
2.589496903397717327e+07
1.385967486266095750e+07
2.771485458426310548e-03
1.206810861213590158e+00
-2.430758563643379500e+00
-1.070922307040305350e+04
-6.475648912521695820e+03
-3.317703744666505372e+03
3.602695731074438663e+04
1.742276788912819466e+05
3.939631526513217977e+04
-1.256527227495723637e+06
1.646215362065418623e+06
3.204353150441973004e+06
4.763402024154283106e+06
3.055908062064544065e+05
-2.322423146557653788e+06
-1.072165997798864730e+06
3.478856337236586958e+06
9.318130602219104767e+06
4.710090236922747642e+07
-3.296432418085920159e+06
-3.483440805779986084e+06
-2.330998968874524161e+07
-3.076267755682243034e+07
1.424232926530251093e+07
1.193013411202658340e+07
-3.727946087900927663e+07
1.329687637830159627e+07
2.826682236239938810e+07
8.866700087448580191e+06
-2.350805792998722941e+07
1.217680558902616310e-03
7.823837410469922649e-01
3.526984888541911944e-01
-8.285757686331669902e+03
6.591687215241888225e+03
1.429263731820057001e+04
1.133821243947985058e+05
-2.887906264074259889e+04
2.782563754810587398e+03
2.601558895235779637e+05
-3.670826498240677756e+05
8.049890407615425065e+05
-2.565050050464860105e+05
1.023235958442447591e+06
1.579496092687180499e+05
-8.710182916826480068e+05
2.378302750053884927e+06
2.268744374324667268e+06
3.197031590305551887e+06
-3.868464335288163740e+06
-1.162648847056309693e+07
-9.743318263894912088e+05
-4.111355433605919126e+06
-1.555723682454363676e+06
4.305133192590584978e+06
-8.345223561838648282e+06
4.003331225618416443e+06
-5.790427370791949332e+06
-5.993185573073057458e+06
6.370647358966238797e+06
-1.952882649215199797e-03
-7.483150980924152540e-01
1.428602769306246190e+00
6.756878381130894013e+03
8.085695547006509514e+03
8.414772516031498526e+03
-4.710938535113367834e+03
-1.167714901251686242e+05
-5.882925029686800553e+04
7.394074185725529678e+05
-3.929911835911372909e+05
-3.691948490340255667e+05
-2.667873626970759127e+06
1.571444930131680449e+05
2.892633047499829903e+06
7.317602954653375782e+05
-1.244770642863896908e+06
6.938918299907349050e+06
-1.750204042759234086e+07
-9.817694522495394340e+05
-6.413803704961572774e+06
1.162218544985790737e+07
1.608786888823376969e+07
-1.408868107436557673e+07
-4.818206346401979215e+06
4.417280671534143388e+06
-5.202370999595559388e+07
-1.447319069189898670e+07
1.453282473810791224e+07
1.701918771767080948e+07
-1.693244468389627972e-04
-8.314255075839628584e-02
2.795037413142318350e-01
2.328394076431342910e+03
1.534938834861240366e+03
-1.132464846897097414e+04
3.574311684640178573e+05
9.046472621860298386e+04
2.613465930724810096e+04
3.554767227896320634e+06
1.913992661494834814e+06
1.160867121517661028e+07
-4.894999441484566778e+06
2.293801198059814982e+06
-1.194311664123292547e+06
-1.768289444517516345e+07
3.961979273971958458e+07
4.449824751860394329e+07
1.353057407695052586e+07
-3.513348156625197828e+07
-4.008546196586556733e+06
-4.338917901714695990e+07
6.972604115622175857e+06
-8.921751130660338700e+07
-1.425991548322835267e+08
-1.229598755975456238e+08
2.800293744282392412e+07
-2.118801349160077423e+07
-1.242891127025984079e+08
-3.806827941478992254e+07
-9.067399349937863267e-04
-3.183903369254183491e-01
7.094860347344188467e-01
1.345610086792389666e+03
4.708615333329032183e+03
1.946233163454909300e+04
-3.706015096677619731e+05
1.418519525899941800e+04
-1.696867566355275267e+04
-2.048160477375545306e+06
-2.705595182536065695e+05
-7.619177678668843582e+06
4.584604858314536512e+06
-9.742944185259245569e+05
7.666401084945503389e+05
3.066038209386795759e+07
-2.178251779601411149e+07
-2.293110678155759349e+07
-4.816590778841360658e+07
1.597865473376675136e+07
-9.375210836520778015e+06
1.413975994081072509e+07
4.808548655229313672e+07
3.152407875877992064e+07
4.713169796025430784e+06
2.214669687771974504e+08
-1.642840559009075165e+07
-4.528010866963670403e+07
-1.741214111308653280e+07
1.296740194437532574e+08
-2.033973212303570566e-04
-1.067317628945918112e-01
-3.456411549956286966e-02
1.315888321930307256e+03
-9.957689583244094820e+02
6.835879887150806098e+03
1.385824716598313244e+05
-8.240332463951825048e+04
1.136259130321207522e+04
-1.837699311045251414e+07
-7.803650833649695851e+06
-1.841331600962450728e+07
4.187453272965164483e+07
1.657549397987282136e+05
-1.603260662809870392e+07
-1.494546914120039158e+07
-2.420174515677840635e+07
-7.263046344447207451e+08
6.534762916941490173e+08
6.579848037231925130e+07
-5.439149441820521653e+07
2.836389034128722921e+07
-2.576524213782054186e+08
5.251840992846228480e+08
-1.982096432903853655e+09
-4.862142220067463517e+08
4.638555363167331219e+08
1.084347162226491690e+09
7.467045509903934002e+08
3.815243231351280808e+08
-2.543797498277035611e-04
-9.360040245747643095e-02
2.999510515916104514e-01
1.243045273198090172e+03
2.909601825009734966e+03
-3.067051697132145819e+03
-4.891424975473863128e+02
2.550202307290310564e+05
5.553553034565861162e+04
-9.320042946354335174e+06
1.602756599687545560e+07
3.926189823452883214e+07
2.294805335116429999e+07
3.909930445133639500e+06
-9.518485847094779834e+06
-5.064489591063204408e+07
4.016524422366190702e+07
4.486405020750560760e+08
6.934220074188529253e+08
-5.935043064913503826e+07
-3.669614718033396453e+07
-3.383098621148452163e+08
-6.058582970327835083e+08
-1.695712293397543728e+08
6.472987297095565796e+08
-2.331735128424867630e+09
1.362955864984116554e+08
1.584506818132193685e+08
-3.377239646507226229e+08
-4.814671308865894675e+08
-2.419490770315741910e-04
-1.759631245278311662e-01
-5.920452363991558081e-02
2.495423337982784233e+03
-9.681230865029933739e+02
-2.613156630229832444e+04
3.651747827132567763e+05
7.841780915998714045e+04
1.432595339350512222e+04
4.065084336827490013e+06
2.696943810989472549e+06
1.315909378689669818e+07
-6.316638906492255628e+06
3.789242872327908874e+06
9.638428244987874059e+05
-1.380179435633907840e+07
3.575426893322046846e+07
8.997102156456853449e+07
5.386662189100198448e+06
-6.624167385276538134e+07
-4.687618267610338330e+07
-7.023177732572083175e+07
4.427693660875662416e+07
-9.800894878993660212e+07
-1.314864216812203079e+07
-1.240659324319951832e+08
-3.416961733590460569e+07
-1.593089672379612029e+08
-8.384762696313542128e+07
7.346769209608742967e+06
5.505262239280548037e-05
3.380455263975316871e-02
-2.391885921406090854e-02
-9.491736011748454303e+02
3.871422162410413534e+02
-1.464098291187013965e+05
-3.070303721255778146e+04
-1.169100349725186097e+05
9.502055119166725490e+04
-4.691048549128563027e+05
-1.453577534536639694e+06
-2.486283268980438355e+06
-2.459865893771742471e+06
-1.147014253281533904e+07
-6.353520107569069602e+06
-9.374384746946141124e+06
-3.345047203291769605e+06
2.038716367638285458e+07
-6.219557372220568359e+07
4.706166304489864409e+07
3.701638190936810970e+08
-2.422455106942600012e+07
7.854540945427289605e+07
9.215300947867961600e+06
1.161048231293940544e+08
1.615861346232431829e+08
4.670618328705389053e+07
6.492261878780192882e+07
-5.274220602194976807e+07
-1.470492969913818836e+08
2.007086894610922120e-04
4.680147093318676871e-02
-3.046746436263979563e-01
-4.813102561957853709e+02
-3.270512248956939857e+03
3.586424435926974547e+04
9.770389335645525716e+04
-3.091234757618141593e+05
-5.348595030061854777e+04
3.300082991849864833e+06
-9.874092264725526795e+06
-2.258856781669952720e+07
-1.135325479374006577e+07
-9.668464366389544448e+05
1.148330288137072138e+07
1.145474798474289477e+07
-4.281204380223672837e+07
-2.295863037064825594e+08
-2.492689566726127863e+08
6.857980783310587704e+07
-2.461161290472020954e+07
3.805425197052533031e+08
1.333940651772284955e+08
2.264698046699050963e+08
-1.203858684906854779e+08
7.841589353943089247e+08
-1.962178264222162962e+08
7.810061798418289423e+07
3.244527532941496372e+08
1.714043113097553849e+08
1.000133827310326366e-04
2.735541502447467674e-02
-1.501269189494679190e-01
-5.917101841168772580e+02
-1.222819893499969112e+03
-8.190832304145229864e+04
1.641820203857216620e+04
-1.534634269681586302e+05
-1.140437101245981466e+05
2.001570990980292484e+07
5.376792603264608624e+04
5.132151906950543635e+06
-4.681936614820291847e+07
-2.780676614764288533e+06
2.082378572968379781e+07
3.014097679004636034e+07
4.664959534471715987e+07
1.217960411028936505e+08
-6.379166922370648384e+08
-8.534453453780196607e+07
6.415129068024820834e+07
-7.442099137010235572e+05
1.318049314697253466e+09
-8.797399742924201488e+08
-2.589653025004094124e+09
1.150367508325599194e+09
-4.524613254336034656e+08
-6.265605587691308260e+08
-3.591379013939029723e+07
7.057848245947624445e+08
1.725234411062106143e-04
6.691318924417249958e-02
-1.852990547663831145e-01
-7.213233250303675277e+02
-1.820285021855456080e+03
-3.286856553690293367e+04
7.964804009849019167e+03
-2.333412352524877060e+05
1.541820509950602427e+05
-9.486532931344859302e+06
-1.076217813071924262e+07
-2.906522739686554670e+07
1.977954607022446394e+07
-3.399545135394947138e+06
-4.218263233546060510e+06
4.443820199528897554e+07
-7.443916185912208259e+07
-5.401096185708884001e+08
-1.381653140871771872e+08
6.236485372743482143e+07
4.765015695592252165e+07
2.633415322981714308e+08
6.648107824380825758e+08
1.331744468929308176e+09
7.440194524279353023e+07
3.767544692764747620e+09
-4.095689328550197929e+07
-7.263232697403080761e+07
9.231509517900848389e+08
4.434021748455276489e+08
-1.169142121049539338e-04
-5.931250564780845419e-02
5.434402649154194964e-02
8.498288036108871211e+02
5.063030707283530205e+02
-5.651460516911292871e+02
7.351178528861538507e+04
9.943176905748048739e+04
1.783601857575337635e+05
2.199108448185163550e+06
-2.855240883121808991e+06
-2.870022612335273623e+07
-2.074452023719634162e+06
-3.289991315892295446e+06
9.106444323315997608e+05
1.516817267421752512e+08
-1.922537937316527367e+08
5.235102629994537234e+08
-2.027539421578764915e+09
9.846978439769878983e+07
1.957513410595122278e+08
5.066173693763455153e+08
7.458011349851356745e+08
2.952933380684217453e+09
1.270598465554930687e+10
1.336641219278391266e+10
-9.979256614575566053e+08
-2.423565064737349987e+09
1.641887766838825345e+08
-1.531428652397305012e+09
1.798467411336205377e-04
6.829300426056073015e-02
-2.357589604856727972e-01
-7.967175024719034582e+02
-2.752588928788852627e+03
5.462773065040724032e+04
2.051024929051702566e+04
-3.294407177340936614e+05
6.225683825609013002e+04
-7.459451495693512261e+06
1.940102181078711152e+07
5.104279367490272224e+07
1.062847639777059201e+06
8.729960836484214291e+06
-6.114117005625177175e+06
-1.457048890146596134e+08
-1.361595082475503720e+07
2.133232219013064384e+09
8.931788545180715322e+08
-7.423469522151637077e+07
-2.541200100829323754e+07
-6.045242080752382278e+08
-3.594247837074010849e+09
-7.416612932452789545e+08
1.186733003999565315e+10
-1.005266924576005745e+10
5.059852455244249851e+07
-1.082807197563266754e+09
-3.438071310179549694e+09
-3.179300444112074852e+09
-8.522259332864907532e-05
-3.655653858974135251e-02
4.251170398414214069e-02
7.777419578998021734e+02
2.971878595329499717e+02
1.645972695890949399e+04
3.646506566643257247e+04
-8.837240000001045701e+03
7.390511449666441185e+05
-9.311326808193176985e+06
-5.076481675785303116e+06
-7.803779554644219577e+06
2.263959173243959993e+07
3.935016549589453731e+06
-5.128264095507957041e+07
-1.267449170728920959e+07
2.567441572934970632e+07
-2.652768514159100950e+08
3.558047273832697272e+08
3.414759006494352967e+07
4.880221662230777740e+07
-1.888442164737724066e+08
-4.079253897690129876e+08
2.295229261799210608e+08
-3.585805770553910136e+08
-5.607295206933182478e+08
2.145960153145083904e+09
4.057452049148234725e+08
-5.107533447547444105e+08
-1.117002291857655346e+08
-4.944653148473147675e-05
-2.764835008447450240e-02
-2.453369358785488681e-03
3.098729019649757674e+02
-1.985623590622824679e+02
-1.069054905092177432e+04
6.739955119069703505e+04
-1.364555392156472635e+03
-3.769547257375582121e+05
-2.094616243870295957e+07
-4.291152372149976902e+06
-1.238596715453352965e+07
4.588793344081789255e+07
-5.784028728181105107e+06
-1.441295627351512201e+07
-4.926532781552162766e+07
-1.729329117118752375e+07
-7.453652150159566402e+08
7.785302835369803905e+08
1.563003513169447482e+08
6.638709744581823796e+07
7.867723365803672373e+07
-5.917891897302693129e+08
2.413861290427045822e+08
-2.335435613195964336e+09
-1.035258203962825537e+09
4.463731085380089283e+08
2.472620105136197567e+09
1.017574666948116422e+09
-4.533221832515187562e+07
4.616893551180315154e-05
8.004656378952779497e-03
-4.842697687679078239e-02
1.980174387580917994e+02
-8.724929484924607550e+02
1.379352681091809354e+05
3.760184139887644415e+04
2.378105182258458808e+04
1.717472584095889761e+04
1.403395351654697955e+07
-6.442469565157284960e+06
-1.551013256348925829e+07
-1.847229657418597862e+07
8.179722986752066761e+06
7.519091297706247307e+06
1.226286164257846922e+08
1.800874398593896627e+07
-1.511794299427559078e+08
-2.070765687528419197e+08
-4.310405480875166506e+07
-1.044324889532807320e+08
-1.822313800652910490e+06
5.064498734404971004e+08
-3.615035965932729840e+08
-1.833438767143598557e+09
-3.245845464846531749e+08
1.838637997835679352e+08
-4.476536691872602105e+08
-9.582653893619186878e+08
2.219557995860946655e+09
-2.703495088463500075e-05
-5.433048337830344646e-03
3.438298130026062882e-02
9.414928496355942400e+01
4.965779281785536341e+02
-3.761870104207868280e+04
-5.425173510038982204e+04
1.648389823349953440e+04
6.415082512196550379e+05
6.361601050858257338e+06
3.867891630913308822e+06
2.447636826206334680e+07
-1.535780145717088133e+07
2.101758097694753204e+06
-2.067862990149461851e+07
-3.756526752024960518e+07
1.273812571162712723e+08
9.785008422300496101e+08
-1.029939137017787546e+08
-6.848009018427586555e+07
1.161095258978288919e+08
-3.647589103628911972e+08
-7.783329699624027014e+08
-7.019160659459921122e+08
3.830508412288880825e+09
-2.560692057658405304e+09
4.815956990364901423e+08
-9.040932272747551203e+08
-3.479672117543273449e+09
-2.146422295241852283e+09
