# -0.5J_-0.5g_0.31416theta_0.31416phi_10Chi_0.01delta_500N
-5.875019513900282542e-01
4.485660868910847365e-01
5.999959433920516449e-01
-1.341200053425666283e-01
2.964846111095842951e-01
1.270710648934240961e-01
-8.582196125754257277e-02
-2.232926950590829462e-01
-1.119001376885326166e-01
-8.521969289725554730e-02
5.408252018125282445e-01
-1.295366305780491167e+00
-7.389642255980458652e-01
8.221729358859722891e-01
2.396917972913217731e+00
2.184294149792311401e+00
-3.295464979134252181e-02
-1.632231706381947589e+00
9.692159809597071778e-04
-1.744302419131763260e-01
5.131951850872945586e-01
-4.163223607757730593e-01
-7.489996751013786591e-01
-1.390717130696244253e+00
-5.366569472374508321e-01
1.283145767826038841e-01
-2.170947657210611226e+00
-9.733058110318114631e-01
-2.158874121763662668e+00
-1.087938098486529448e+00
6.679290838318324708e-02
-1.266462582242821266e+00
7.795151994141471530e-01
1.252020356010267399e+01
8.530380635009196411e+00
4.720452936795395793e+00
2.090532433387119582e+01
1.008945323320991783e+01
1.712797893270513683e+01
-1.085933687428130057e+01
3.256719464552070842e-01
2.467491968895770160e+00
3.644319348458732039e-02
-4.100824028072745264e+00
-1.752559870721763602e+01
-1.515939309973021665e+01
4.347056964998008866e+00
1.786605963166733479e+00
-2.684630582961118339e+00
-3.713377821788684141e+00
-1.177016611173487270e-01
-2.160208834672630474e+00
-3.377170889034702972e-01
3.479459513210666710e+00
1.436967283166569764e+01
1.658435783089915816e+01
2.366058329629525225e+00
-3.438824160423168963e-01
4.064005146074831210e+00
1.141859959003176606e+01
6.068829874632943738e-02
-3.183196166150212281e-01
1.564937637291489603e+00
2.779928778624705998e+01
4.802883568665033742e+00
3.192230646286497997e+00
8.689109632048082688e+01
3.457838136571726295e+01
4.504223903394301942e+01
-6.132083318702581209e+01
-1.965158473305315678e-01
-1.140330741009920823e+00
-1.441404798608380444e+00
-1.952253170656804215e+01
-8.909837910125210314e+00
-5.568058110726548549e+00
-4.935810322064555322e+01
-5.653869209308808053e+01
-5.668821267960706933e+01
4.304045483912936021e+01
1.071172350531620215e-01
-8.632730184495911174e-02
1.854110907535950092e+00
2.330673004354772715e+01
7.024555530845329798e+00
1.350097134400976673e+00
5.930272784760293803e+01
5.017176382924186129e+01
7.392283644464841075e+01
-2.872530234499518897e+01
-6.859644982234802679e-02
1.146881496222840746e-01
-9.893284735708341993e-01
2.765018147026476747e+00
1.005152413272457190e+00
-1.350494844964916297e+01
7.507908819450370252e+00
2.068206454455426879e+01
-3.134940319536787090e+00
-2.005642270299755978e+02
-5.846801815720698015e-01
-7.459006289713059346e-01
8.200426119306208905e-02
-1.844611627622422256e-01
-2.654367454704729123e-01
1.284017089006299628e-01
2.411408124264629860e-01
3.077839237659360863e-02
-1.129474420252388894e-01
1.336663599342924683e-02
-7.169972815422063217e-01
-1.394277582168497398e+00
3.608103291800666135e-01
2.407819365126847855e-01
1.034855842547842908e+00
-1.211891038460756409e+00
-2.372093686131243384e+00
8.401256895750679465e-01
1.802137086487227480e+00
-6.698505560627138200e-01
2.052751547814269939e-01
6.834933734184357457e-01
-6.609117208454711179e-01
-2.731433335914974947e+00
4.797027744370793018e-02
1.878105309683629098e+00
3.256038178387543613e-01
1.400821366879073659e+00
1.050276702674516782e+00
-1.446700773630672288e+00
2.458614853198939076e-01
-1.065315097437500969e+00
2.580925451424493922e+00
2.186713897283555497e+01
1.167815219292452245e+00
-1.604735949044205867e+01
7.683999927039876887e+00
-4.105480351797360150e+00
-1.153458225600809151e+01
-5.020548504434742654e+01
-2.220733872369727857e-01
6.535914546517906931e-01
2.293957210002594838e-01
3.250743675923363440e+00
-8.162562623512338078e+00
3.294055833389748500e+00
1.822711646156340493e+01
-1.249394595532389829e+01
-1.328607976517211497e+01
6.065666709543388713e+00
-1.200559449557818403e-01
1.388362183754201284e+00
-1.742500500179105405e+00
-1.473806422565287200e+01
-4.119503574437668902e+00
1.734248986378077362e+01
-2.527579556111748449e+00
2.561080529409925255e+00
4.822487561182492222e+00
4.611128521843325245e+01
-2.052779663951207756e-01
2.152576825474327382e+00
2.429456321631777438e-01
2.531118551521923266e+01
-2.089354614392125242e+01
-8.713575401982547319e+00
1.048386248421898301e+02
-3.855740003683003891e+01
-7.357760932364935513e+01
-1.403358941101440678e+02
4.048269237986588942e-02
1.586335276086706381e-01
1.073917754291105142e+00
7.177517031516826407e+00
-1.244358780061882896e+01
-8.909797799131928819e-01
2.512630513466965354e+01
-4.192685099550772776e+01
-1.100521925619891661e+01
5.896638599019353677e+01
1.078903926478650133e-01
-1.503739307528679570e+00
-9.513188756474362240e-01
-1.855446636712907349e+01
1.587503612572487377e+01
2.811800408504445237e+00
-7.486042604069052686e+01
2.404142501467559612e+01
7.362310811866686322e+01
5.462028490029429406e+01
1.698490638699735877e-02
-5.426895025170647147e-01
-1.593734447604171267e+00
4.460067966068977796e+01
2.675740497232035153e+01
-5.957935691323325500e+01
4.363540397041467855e+01
9.051775169063211024e+01
-1.959230068477023678e+01
-8.346059865375937079e+02
-5.771370218376541406e-01
2.987890255137940487e-01
-6.914181926030626979e-01
3.269264768364059659e-01
-2.979969858669815827e-02
1.303466039661095310e-01
-1.508769404078498244e-01
1.935147780611721768e-01
-1.140555333232014246e-01
5.075582605381708662e-02
1.767900225332843245e-01
-3.836790757858882794e-01
-1.005037149927304335e-01
-6.298585169891151025e-01
2.199928647156959460e+00
-9.949751918564890829e-01
9.113848464003871941e-01
1.648139711077558633e+00
-1.824905481798629658e+00
3.803626946442490442e-01
-7.276237043504524271e-01
2.287271829433945580e-01
-1.701076869125058177e+00
-1.572278737375879309e+00
9.243668685960337861e-01
-1.998730419135752445e+00
1.082711970650948263e+00
-1.940572396879381101e+00
1.066869660610584525e+00
-2.818455564435815575e-01
-3.192850079796258345e-01
3.865484106797413832e-01
1.524359557101971907e+00
1.088867947297602612e+01
-3.228419990471546708e+00
1.084568698099658945e+01
1.672210150707394094e+00
1.506174544213849664e+01
-5.945302020607831750e+00
-1.557607137398337827e+01
-1.039922647746639589e-01
1.710530678474084132e+00
1.701795078939232209e+00
7.611055635951173848e+00
-1.903099007755380612e+01
1.192155382813794517e+01
-9.128870759558014303e-01
-1.761188810964081597e+01
1.610819785453931630e+01
-1.204949415448725780e+01
-1.214568030024141820e-01
7.897262686584047842e-01
2.086234963801513853e+00
1.078835478575621742e+01
-1.038451323702233964e+01
1.682426305676019496e+01
-1.713492557508051073e+00
-2.813496434309916250e+00
4.228038964229408947e+00
-7.432329680330592936e+00
1.410627862423748657e-01
-1.838028099961151463e-01
-1.216877698765072902e+00
3.488954445349320199e+00
-5.290700210174353657e+00
3.013580193439832744e+00
2.905720616361361763e+01
-1.450386662921752645e+01
2.592338991335723364e+01
-3.256944166230735505e+01
1.586010908390734220e-01
1.682789049267241488e+00
-1.304832676652259993e+00
-9.099058612111509348e+00
-3.354691291805577436e+01
6.700111129154985967e+00
4.442484428984991851e-01
-1.132744418004282920e+02
6.726095475034342996e+01
3.269759987300153625e+01
1.100261945458616414e-01
1.620605344086010646e+00
-8.466712872351723762e-01
-5.344839980547654079e+00
-2.338901898290553660e+01
1.466932122747583778e+00
1.374228586346448111e+01
-7.490915313299711897e+01
7.276231751557425298e+01
1.693724544842327617e+01
4.517408802815837260e-02
3.574998590662187281e-01
-1.447285807089283560e-01
1.828552860459811313e+01
-7.741583012583011403e+00
1.142334955305524780e+01
2.413879963155076780e+01
5.077482969889960884e+01
-1.626761094511541117e+01
-1.431038841496791179e+02
