# -0.45J_-0.55g_0.0theta_0.0phi_10Chi_0.01delta_500N
-5.789001408930102288e-01
1.431472376386131451e-01
-7.573449882046423554e-01
-2.446571167247921508e-01
9.273821085116806806e-02
9.593663850393964465e-02
-1.281490205222147460e-01
-1.002073162478896856e-01
-8.281467252499853660e-02
-8.018194101087122369e-03
1.489875172290412997e-01
-6.769640055029426673e-01
5.558643208704737715e-01
-1.264181512926384476e+00
3.452847935290133119e+00
2.393395318444986763e+00
-1.012551706646380278e+00
1.613496087611554053e+00
1.637135296943072138e+00
-9.734341606595210417e-01
7.620039120009258760e-01
-5.436076317792599699e-01
1.510756092006969364e+00
-1.752818864214348737e+00
6.871626092860233515e-01
1.878231255210647488e+00
-1.787731736027352136e+00
-2.891873958754477059e+00
-2.337397476602334212e+00
1.877024762661752832e-01
-2.466335417183074252e-01
-1.207795932495020708e+00
1.772052946706968557e+00
-1.810069781407122136e+01
7.112917424298141889e+00
1.652023999458969428e+01
-6.916495972280092275e-01
-3.413681688029370065e+01
-1.875552387147291356e+01
7.098707018869291119e+01
-1.013966099418358024e-01
-3.535781480928795961e+00
7.759313674076027123e-01
-8.390312979123267567e+00
3.672907332834139282e+01
2.284337123892155219e+01
2.124451938601918144e+01
4.363737927100281411e+01
3.427450615717895488e+01
8.159976444856050648e+01
-9.855762560404947303e-02
-2.444272742563919465e+00
1.926101853778509954e+00
-1.706785890492128388e+01
2.258662861733071381e+01
3.049523851995080292e+01
1.028346274206862887e+01
8.968307112704325235e+00
5.027947447804383962e+00
8.650123974347742717e+01
-1.277571056788020520e-01
-1.074339416324672003e+00
1.750260436706524425e+00
8.773917676347998684e-01
-2.033556935597306392e+01
-1.023698805365194886e+01
-1.033526086935483050e+02
-5.603585044225810918e+01
-7.537247018359647655e+01
-2.724805353619541961e+02
-1.082784193154218283e-01
1.663089238837261119e+00
2.968541253575075700e+00
-3.320209933681037029e+01
-4.615825781165475661e+01
-9.595972050288837707e+00
-6.654945937031897074e+01
-2.488252054041799397e+02
-1.455778497385590811e+02
8.699312629310449552e+01
8.498997915027312056e-02
-1.695572940592095179e+00
-2.376843701248435803e+00
1.827440321418087521e+01
3.530405852477548478e+01
4.936250147184867210e+00
7.943038671597663836e+01
1.438938282056110722e+02
1.540670563996513067e+02
-3.492816558512615188e+00
-2.606033030153433790e-03
-1.149700427349336085e+00
-3.276246977585191011e-01
7.315635437062086055e+01
-8.454299723931970334e+01
-8.944020764265590628e+01
-2.937529874076842589e+02
7.742312147845480297e+01
-1.204696144935657465e+01
-1.835071179762474685e+03
-5.810413861199098529e-01
-7.259513933795065377e-01
2.556479197290461580e-01
4.185809537441891742e-02
-2.571204209808714558e-01
9.594393537581065445e-02
-2.166793206682057771e-02
1.608372724842170032e-01
-8.277878658038528847e-02
5.403025837259509134e-02
-7.329123773504377937e-01
-1.766653317239640808e+00
8.917472558355922507e-02
9.388819731532320745e-01
3.010794474369162366e+00
-2.823900121453997603e+00
4.291704004364682579e-01
-2.617327509990928558e+00
1.198543724799359778e+00
-6.616059206229087941e-01
-2.529199436305268889e-01
-7.695107568565916212e-02
4.118465932128291263e-01
-2.191984304262957650e+00
-1.526082795433391759e+00
1.154778751018404215e+00
2.420998999119247319e+00
-1.460517575565926096e+00
2.591563913264114838e+00
-9.773711919687714245e-01
3.539869022391135822e-02
1.046856030110563829e+00
2.245355735400492492e+00
-2.546540084561176798e+01
-1.242248755727712783e+01
1.150756680127223319e+01
3.845340639191110199e+01
-4.299166271873961875e+01
3.921471254435584086e+01
6.251816420161903309e+00
2.630955606640288935e-01
-3.059835118149621280e+00
-1.489525441133425332e+00
1.116049621734289765e+01
2.909919864516568921e+01
-2.552589840490681183e+01
1.236832004489009051e+01
3.075948722832609228e+00
-6.871586127343723982e-01
4.723498708606324925e+01
-9.849470258373953235e-02
2.890884368644660363e+00
1.175410089391873969e+00
-1.102151717333954295e+01
-2.585903994417550678e+01
3.048116149757332849e+01
2.221811451807646609e+00
-1.220445031586176299e+01
5.051144979263497703e+00
-3.806788079111647249e+01
-2.900423229701148617e-02
4.674279087875546912e-01
-2.533657350131404140e+00
4.055255382917298590e+01
-1.119121932022276589e+01
-2.642547341526761517e+00
-1.656349460316413058e+02
1.015461773155101071e+02
-8.940655995033323222e+01
-1.910802279935254546e+02
1.646512201992765823e-01
-2.638487836139944420e+00
1.439782558198432705e+00
-4.256065229291469620e+01
-5.169742654035201390e+00
1.269426232298552293e+01
9.123014334312215112e+01
-1.822158602087292536e+02
1.359175218509270735e+02
8.654382474995871632e+01
8.494221258290393650e-02
-1.203246320791014456e+00
2.660156318572044043e+00
-3.991997313359695454e+01
-1.718969795037000203e+00
5.036935608988428292e+00
8.619733362778056573e+01
-1.391760900871419153e+02
1.538658699067890723e+02
8.655451340261178927e+01
5.288111334842944544e-02
-6.378326651218771959e-01
8.360395158703580742e-01
3.055720758253649194e+00
-5.581803678480806497e+01
4.377282926487753656e+01
-2.042537567349343703e+02
7.294667373537119204e+01
-8.228277449185435444e+01
-7.139832020655516089e+02
-5.781930265002699354e-01
5.857857926241033519e-01
5.012900163046202229e-01
2.023134825904633338e-01
1.659517490049921273e-01
9.653210034932054040e-02
1.500789362520675296e-01
-6.068639126120062982e-02
-8.309645374347734981e-02
-5.041037318226333774e-02
5.868982846687893495e-01
-8.289187903048247374e-01
-6.301619177335824329e-01
-5.381420813668300607e-01
1.326493405129788528e+00
4.256187157803679733e-01
3.340792571717378756e+00
7.282119310974307647e-01
-2.825450432452268679e+00
-1.791208366700960397e+00
-5.086932269286493780e-01
6.424532828254208017e-01
1.362460733414718739e+00
-3.877200652471933129e+00
-4.035863167529827461e-02
-3.036656850836235044e+00
-9.181246699952358981e-01
1.496228954028812952e+00
-2.592234460425106857e-01
-4.992466374075954505e-01
2.107786679181990197e-01
-4.850509733392064371e-01
3.958438935686076299e+00
-3.861182452678108490e+01
3.765225496659180937e+00
-2.803492062520719230e+01
2.645390137468692160e+01
-3.659491238275344838e+00
-2.026972017222258415e+01
5.630758213719223448e+01
-1.633548381881800016e-01
-1.347323077812624836e+00
5.184597099313911772e-02
-5.042184494674565087e+00
1.609127248793368281e+01
2.770149263500639059e+00
5.098367589833934233e+01
1.579436645702659625e+01
-3.359923553350039072e+01
1.318089045996868869e+01
-9.912760883109469900e-02
-4.417904188756796580e-01
-3.104813830545587461e+00
2.809038497341182961e+01
3.371405328488475295e+00
3.067223816307848239e+01
-1.212364450635826607e+01
3.337462207417232651e+00
4.955202935665942832e+00
-3.297090283474794603e+01
1.570778512119247183e-01
3.394918192798181078e+00
9.293803873424273387e-01
2.851466280186191682e+01
-5.036586022695541232e+01
1.246840738590157294e+01
-2.712135854976988867e+02
-3.360991877707134989e+01
1.652763171197695726e+02
-2.180732583761789556e+02
-5.638693226981576767e-02
8.267909107269447722e-01
-1.530200845872782711e+00
-2.590335491806752266e+00
-1.769096950935001900e+01
-3.233252194989307160e+00
-4.394225102973093300e+01
-7.931651393464700561e+01
9.657810594475000343e+00
1.177925013931079974e+02
8.529649031658589897e-02
2.887585577708231988e+00
-2.898258789086803899e-01
2.143668972154144114e+01
-3.362436624982930056e+01
4.883749154726732655e+00
-1.660519504503840551e+02
-4.865128572939915408e+00
1.543977216547924911e+02
-8.751194465351254337e+01
-5.544275557658186193e-02
-1.820160254233467390e+00
4.552673764173584270e-01
4.585313906881913937e+01
-1.482699330397901605e+01
2.221357110481913821e+01
-2.191758275843939430e+02
9.820324493405192356e+01
9.019824850238644842e+01
-9.907840960331110409e+02
