# -0.35J_-0.65g_0.05236theta_0.05236phi_10Chi_0.01delta_500N
-5.778971331855113913e-01
6.139142718642383034e-01
5.160276113206637705e-01
5.126634807155627804e-02
1.521782040264422764e-01
5.860970539010390556e-02
-7.102660148599728232e-03
-1.021393603086870050e-01
-5.509713549032303065e-02
2.469352191659044543e-02
6.239161322925085296e-01
-1.589633068740668120e+00
-5.503885957393435113e-01
-1.917390451121348427e+00
6.541281050442551148e+00
5.482280641269165145e+00
1.211616131825126175e+00
-3.454270228716958879e+00
-5.646317410416793470e-01
5.299729003472418709e-01
4.919358488491710202e-01
-4.810789224170340384e-01
-6.586328440987484489e-01
3.346994644141914055e+00
-1.019239039223817533e+00
-5.212087630984446607e-01
-4.323200149563439787e+00
-4.839261913754700828e+00
-5.335748226181934228e+00
1.513439758940797519e+00
-3.915506044880637943e-02
2.423791092988535123e+00
-3.175218351222054647e+00
7.404035661750830855e+01
-3.514384855421540266e+01
-2.976018547910425127e+01
-1.099382415136833657e+02
-1.591473812933395777e+02
-1.268419586066563767e+02
-1.078244526875724318e+02
-1.524318950936273676e-01
-6.319852637090004777e+00
5.839256571247674055e-01
-2.321093918053650640e+01
9.306392657290125214e+01
7.854917099869314256e+01
-5.384366207384615421e+01
1.646751005957753122e+01
1.447439771876205095e+00
-3.457112381213901244e+02
-5.634223337582768693e-02
-5.345503894643866438e+00
3.532093762828860672e-01
-2.441717955667709461e+01
7.905347949327050117e+01
9.044603989905918695e+01
-7.233346893159327884e+00
5.079352605860872671e+01
1.908467856307086663e+01
-2.281928938090328245e+02
6.974352787831102074e-03
-1.194969375571021342e+00
4.125232793818197408e+00
-1.198728546541613866e+02
-3.989242746882775492e+01
-4.395651564416296786e+00
5.178671877141924824e+02
2.940946307232010213e+02
2.357012001690614795e+02
1.504814230772887186e+03
-9.710088676365159766e-02
-3.166192503127988722e+00
-4.848141713153544252e+00
1.630823738341812543e+02
-3.773437031591906532e+01
-5.894492604380034351e+01
-2.533992415712786794e+02
-7.120330187265601580e+02
-4.611002371302735696e+02
-7.977549143635919791e+02
5.338365283169615311e-02
4.359622522521611199e-01
5.172551222985172892e+00
-1.300708934092657216e+02
1.143042797653485287e+01
1.855059798929577042e+01
2.345063961798424543e+02
4.660111197830000833e+02
4.689759317299606209e+02
7.769731034625283428e+02
1.823442601281928879e-02
4.838397862959279982e-01
9.966136178573598015e-01
8.200753981110258906e+01
4.133603575834639514e+02
2.952814320493568516e+02
-1.703067424505863755e+03
-5.599344875845766865e+02
-6.442645629931181475e+02
-1.165714411028475297e+04
-5.776591280322489474e-01
-7.540661654538987069e-01
2.734676345407456854e-01
1.061512750308367115e-01
-1.205671509793287965e-01
5.870947841984116428e-02
9.189251915166699036e-02
4.470735510025794501e-02
-5.516188455024089582e-02
-2.658216565873150472e-02
-7.382077163926710206e-01
-1.339105894335553160e+00
6.268287482369121477e-01
-1.100914921172160721e+00
2.872728907154820543e+00
-2.294833335854689071e+00
-6.672680670313065221e+00
-2.312092912259720578e-01
4.898192281245347779e+00
2.029633399952436079e+00
2.941792638469086785e-01
6.961650603422451233e-01
-9.104552188770064225e-01
7.014919448031833760e+00
-2.007345933560997775e-01
5.015070342699680772e+00
-1.103193449651935776e+00
3.067511575476512764e+00
2.179018960352495871e+00
1.008235152871272522e+00
-1.124495924057678925e-01
1.532456757018965776e+00
-6.836679235659958387e+00
1.137194711711470347e+02
5.937520457353974157e-01
8.298781616077899059e+01
-8.781294686634883817e+01
-3.748383419593503163e+01
6.491529190320316900e+01
-2.362334620481796321e+02
1.102004685746269808e-01
-2.657588827701679257e+00
-3.096301949279440247e-01
1.253951603600990339e+01
5.343619434908897148e+01
-1.340978211298926759e+01
-1.745552372624663064e+02
3.915613159257056708e+01
1.094345529847224725e+02
-1.597982182752915890e+02
-5.644844818496439626e-02
2.372303974844488295e+00
-4.811923470042482442e+00
8.077666928447519012e+01
-1.831076301571140164e+01
9.060677045493531523e+01
-4.103274099807513409e+01
-2.991138517772481720e+01
1.901283122980204610e+01
-9.958549310213788885e+01
-8.747191916856066063e-02
6.475077556467993212e+00
1.268301315708014743e+00
-1.126157064989478300e+02
-1.691827107514762929e+02
-4.851225335967796326e+01
9.233429737064698202e+02
-2.395103600886785600e+01
-5.251601691483027707e+02
1.558650549633320907e+03
4.240020803215200501e-02
-3.107854914882878239e-01
2.839714328806575594e+00
3.278031975026323863e+01
-4.485884653747275763e+01
3.152624138594678982e+01
6.422769205857144925e+01
-3.100966639908292564e+02
2.642092689605639322e+01
-7.998306684013031145e+02
5.343576627409159230e-02
-4.692545281156093928e+00
-2.208906231391776664e+00
7.506147330363414483e+01
1.070258166734618186e+02
1.838681185929853967e+01
-5.280472440440843229e+02
-3.264347394997805907e+01
4.710377096417173561e+02
-7.929428427301289730e+02
-2.738115584167772829e-02
2.052286738691552870e+00
9.779581481453964997e-01
1.327050602232112908e+02
1.848756717985422995e+02
7.106790771988539035e+00
-1.560067686398520664e+03
-4.832616321969027808e+02
8.123141958197791155e+02
-1.003549806391028687e+04
-5.774753109707344567e-01
1.399602730101877357e-01
-7.899418340133634864e-01
-1.575530330403830670e-01
-3.167318424105944330e-02
5.869298045532174435e-02
-8.477323267859056266e-02
5.740442794622451633e-02
-5.514147754662031276e-02
1.311064650257426486e-03
1.140864871027046229e-01
-4.442126674699233280e-01
-1.797114857462999704e-01
1.667387541012333552e+00
5.412416616620089549e+00
-3.188829475241840683e+00
5.694400628676354187e-02
5.004095650003009155e+00
-4.336121900948566754e+00
9.189739114278590026e-01
-7.865580317539756505e-01
-1.103310043966410081e-01
-1.806033507530001581e+00
4.475182359145059685e+00
2.568855761402447424e+00
-4.494265920571085537e+00
4.122559738505525928e+00
-3.672968835177417457e+00
3.156252235370357262e+00
8.657568421255257274e-03
1.517147371913993570e-01
-1.192792078004042189e+00
-4.235153004719093950e+00
6.303225942523985026e+01
1.708876597482960946e+01
-5.331114768966209994e+01
5.285911851043581855e+00
-1.178510423502864768e+02
6.194775982378874346e+01
-3.574528209883579848e+02
4.229418925550589015e-02
-5.259097365524770140e+00
-3.036385331151411737e+00
2.905372808987114297e+01
1.042372863437125261e+02
-6.523397161449568671e+01
-9.512768649046535074e+01
1.333597904106517831e+02
-1.107878713364822545e+02
-3.862047131688030390e+02
-5.642004523661966336e-02
2.974632482784164367e+00
4.459816850342454231e+00
-5.646043728622043290e+01
-6.083619336872575900e+01
9.065372890979423914e+01
4.889880420982012765e+01
-2.074421110380877309e+01
1.905101065200533128e+01
3.677328936883267261e+02
8.048096890338339582e-02
1.665933387478741312e-01
-3.952948004316284347e+00
-4.495986512846194216e+00
-9.824082493808464278e+01
5.335065352340255629e+01
4.470548926909997931e+02
-2.142878931941328062e+02
2.886961406858783334e+02
1.654638498182221383e+03
5.467770806328563216e-02
4.918996671771317608e+00
-3.472535376045739586e+00
1.039999276855091779e+02
-1.542510511395964841e+02
2.724299184106051896e+01
2.551958538555990117e+02
-7.871395823302253802e+02
4.357427414749981835e+02
-7.749906138550940113e+02
5.342784227740283998e-02
4.260008220660242984e+00
-2.963197358882258214e+00
5.505727325106981596e+01
-1.183131890774435249e+02
1.832252613222230053e+01
2.924192810065857770e+02
-4.342167346118728801e+02
4.704452417471344461e+02
8.308588012274716883e-01
8.965239052489363397e-03
1.340362613015694704e+00
-3.463142307637155914e-01
3.217724301502898925e+02
3.652726667088921886e+02
-3.400363059150812433e+02
-1.714061995903735124e+03
-6.294019878023600540e+02
-2.055604233180951894e+02
-1.664511857515063821e+04
