# -0.2J_-0.8g_0.62832theta_1.0472phi_30Chi_0.01delta_500N
-5.774800892570819411e-01
1.781996674729862187e-02
-8.026845836840121873e-01
1.218295163333123765e-01
1.055883969103824788e-02
3.984711830073602717e-02
-5.285236678212450190e-02
-6.733695520981652916e-02
-5.162015482346615780e-02
-1.679629169296972119e-02
1.854726370734371271e-02
-5.458074135897525263e-03
9.264192810795792571e-03
-5.627630602053864013e-03
9.053935274816611242e-03
-3.293450300058780190e-03
2.087346201200128079e-03
-1.274167080515249510e-03
-1.569407044941558815e-04
-4.300241485037023244e-04
-7.685814511909327658e-04
-9.072704718733891642e-04
1.126105307915378382e-03
1.686168453274115712e-04
4.670242443158223130e-04
1.223111474923693721e-03
-9.055149871367943479e-04
-1.961854872729124283e-04
7.271100811041154985e-04
5.772608581388655354e-04
4.329768151146765054e-01
-6.823644057800414275e-01
1.157357320081384477e+00
5.175704927121345555e+00
-6.094136517125509300e+00
6.637414228163317276e+00
-4.908182291511873352e+00
-1.111206728586789483e+00
5.915742206367465839e-01
-6.077742749725951327e-02
5.774280895523149493e-01
-9.473299683850544550e-01
-1.123332442078807530e-01
-6.789205662373797301e-01
-2.861511229275575108e-01
6.291345316178163782e-02
3.524455239413967766e-02
-5.072950776742560924e-02
-2.311776160143416414e-01
5.002394414823058827e-02
-1.656567516349074232e-01
2.032219874340512877e-02
-1.347212632604723181e-01
-1.988035067997794003e-02
-1.039756942225929931e-02
-4.885626307931613399e-02
9.196880302503349092e-02
-1.181814613131110525e-01
-7.515994569439246598e-02
-8.740070914510139621e-02
6.817240134132594997e-01
1.322509700707269302e-02
1.247363363519645274e+00
2.810557479358745336e+00
4.049403099337055778e+00
5.854794881752777291e-01
1.834722734485817186e-01
-7.756420921491486986e+00
-6.595920966806485986e+00
-1.397502229261815998e+00
1.633557628668237616e+00
-5.068740083986052192e-02
1.239207549902566763e+00
-1.310337373665528861e-02
1.269575190670039211e+00
-3.780916081484235192e-01
2.450324678090020636e-01
-1.325776817511731542e-01
1.097217241022885731e-01
-9.752981006942673670e-02
2.172267066210589737e-02
-1.118126830614632611e-01
2.179214995434508861e-01
5.348818844010018447e-02
4.683543801665852185e-02
1.887990980785222705e-01
-1.702761621925779068e-01
4.592928670291988175e-02
1.294532556203397411e-01
1.352978109652349936e-01
1.104205998267634575e-01
5.955551359058633420e-02
-4.030185389847832589e+00
-9.078285352142582099e+01
-6.076991254756025995e+01
-4.152237542264570891e+01
-2.317770906718088142e+01
2.836257222885369629e+02
1.487534747419616394e+02
-1.981963963720111508e+02
6.099156474569010697e+02
-4.408712413959852370e+02
8.733622670951467626e+02
-1.885123156923310432e+02
6.916752267888762162e+02
-2.150828806708459808e+02
2.178704470422470933e+02
-9.852611733698850571e+01
-6.551442440063223849e+00
-1.260505706032285929e+02
1.558336686511015756e+01
-1.250480536628198109e+02
1.626072763898835944e+02
3.152710501988397240e+01
7.770317745322188330e+01
1.664812537958153200e+02
-1.516665012955311909e+02
7.508538327112880495e+01
1.192327681756817555e+02
1.212879536116319343e+02
6.500487396390945694e-02
7.874005236275834818e+00
-3.484108906641733228e+00
-8.139853663919444671e+01
1.440130125983893663e+02
-1.260681070803642569e+02
-7.353912117997387554e+01
-5.952483322127738452e-01
-8.530255991594707154e+01
6.764494991899589422e+02
6.738432582381636848e+02
-6.952860830052554775e+02
-2.320850061498217087e+02
-5.993141808922819109e+02
-3.276138545738107837e+02
9.737408476001566271e+01
1.596237111265078568e+01
8.020008493832808938e+01
-3.054230302613611912e+02
5.213290476541865814e+01
-1.441493026100663428e+02
1.245100775353779987e+01
-2.761136365244813078e+02
5.027998199121220146e+00
4.468864850323160454e+01
-8.652820159570532610e+01
1.292273584425305444e+02
-1.211147678049206604e+02
-1.404245068754753163e+02
-1.693089279431871716e+02
-4.112901277413252149e-02
-5.485448689225352226e+00
4.039726426834205242e+00
8.062202514293853994e+01
-8.707191304185916181e+01
1.404439325122227444e+02
3.040043086788690019e+01
-1.823472131196816193e+01
3.790189141974481402e+01
-2.903549949223319118e+02
-4.565192906674736832e+02
1.019593794000547518e+03
3.633506273443785517e+02
6.707768190000091408e+02
5.814102642375484038e+02
-1.704149434067813218e+03
-1.378216829637020965e+03
4.009176090433218178e+03
-3.093506921956895440e+03
-1.769045960691275923e+03
2.314774561227630329e+03
-7.072155465544980188e+02
-4.076759964877880975e+03
3.402730756491990633e+03
3.580415439308036184e+03
4.735566392490118233e+02
-5.817877181608613455e+02
1.615388997989579593e+03
-1.578268046323951921e+03
-1.287621713604282149e+03
-5.923260892576384662e-02
-1.718352544490931999e+00
4.262293994083031556e+00
-5.592814594016652308e+01
6.865927477130854584e+01
-7.991675641989745316e+01
-3.938832195548079085e+02
2.084671939790238184e+02
-1.597277536320414981e+02
1.744753960702658333e+03
2.837995806306374106e+03
-2.730634530323387480e+03
-3.428610791402380755e+02
1.124647847354999158e+03
-1.155399960151816686e+03
-4.362224142645959546e+03
-8.198529644230316990e+03
5.317153302829150562e+03
7.834262881854319858e+03
-1.482915201299983437e+03
8.115919131835397820e+03
-1.447236888693852279e+03
4.429918303169310093e+03
-5.949608285003970195e+03
2.881662296251589396e+03
-3.035412998528655407e+03
-6.504738418361623644e+02
4.496044058628884159e+03
2.587735851696233567e+03
6.071084955274366166e+02
5.908545122357691110e-02
-4.836003711366736901e+00
-6.381553099616316338e+00
-6.567386948623169474e+01
-3.644896747034331952e+02
1.644904193184840722e+02
4.128589915445255087e+02
7.503587612155944271e+02
5.408155513188870600e+02
-3.866167937423723288e+03
-2.545085113392150333e+02
1.802195921305383763e+03
6.133940089025174530e+03
2.496691609825122669e+03
4.305888009857564612e+03
-2.342851022198701116e+02
-8.687737805027207969e+02
2.124715390771557395e+03
2.511094037039303828e+02
3.444085963087571599e+03
-3.498681958437622143e+03
-3.089201670369343447e+03
-3.548894996362924303e+03
-3.127811267122487152e+03
-2.497393541957668788e+02
-3.483767311175226951e+03
4.766646084257807161e+03
-4.582559825520722370e+03
-1.954513973541485484e+03
-7.717062304521310580e+03
-5.185597974183607517e-02
3.853633249121186655e+00
5.332275814447230644e+00
1.027657940825229446e+02
2.293631896938758814e+02
-4.896995325373011809e+01
-1.735314846001181195e+02
-6.809411057674261656e+02
-6.008641819066471044e+02
1.514771481157278458e+03
-1.005922353296989399e+03
-1.079517969367264527e+02
-4.081422080352551802e+03
3.748502719917137256e+02
-5.895231652141631457e+03
1.516346359635509771e+03
6.024223777932017583e+03
-3.535172203001468006e+03
1.252471646814659380e+03
3.501285762066315328e+03
-1.262979835387830690e+03
-2.380831376264855862e+04
-1.134745106415170994e+03
-1.522363536395765186e+04
8.841762329182345638e+03
-9.691119093246510602e+03
9.682563265741913710e+03
1.417921483635749155e+03
1.145637112896945109e+04
-2.041120662157429251e+04
-1.075505793440638229e-02
1.539225879927803797e+00
1.086819965678483380e+00
4.070000507056540755e+02
-4.504760864847439166e+02
3.450421233432503527e+02
2.598661566257189861e+03
-1.204319826265680831e+03
5.630633688965801866e+02
-2.123919083222875997e+04
-1.834209004503505639e+04
1.218893465076820939e+04
5.478069788119501027e+03
-1.548878190415151403e+04
1.257154221296909236e+04
9.972119364753953414e+04
1.730331237750255095e+05
-9.326566887603307259e+04
-4.178787801188559388e+04
7.701919176394861779e+02
7.651563170373374305e+04
7.722951643437551866e+03
2.501996699557940519e+04
-8.360143056120345136e+03
1.351490712103422848e+05
-1.109901838835429226e+05
6.414351325194444507e+04
1.636602450320417120e+05
-1.686449145118662273e+03
1.087096130969223013e+05
1.099530521714129142e-02
-5.358780183739427772e-01
-8.611977348697635870e-01
9.787722588705037197e+02
8.635136918555929242e+01
5.683263117369674546e+02
9.480819652328563052e+02
-4.735896346344176891e+03
-1.482436798716418480e+03
5.725405047160155846e+03
-2.835870051536464962e+04
1.583308350605765008e+04
-4.921126571193771815e+04
-3.067960527956234273e+03
-3.203039200909739156e+04
-6.603619250514374289e+04
1.007413988311809517e+05
-5.213769090851196961e+04
-2.781033949096554352e+04
-2.013352883638391213e+05
-7.460039837793279730e+04
-1.061396144346899819e+05
-3.839540726125543642e+03
-5.229402958259492880e+04
7.119673849107119895e+04
1.102184381804825971e+05
-1.691376636249944859e+05
-1.107457867936159164e+04
1.305086188784588303e+05
-5.633521653212458477e+04
4.824814234009520281e-03
6.918655057910093609e-01
-4.662063680153856193e-01
7.501089311827653319e+02
-3.677896433262484379e+02
1.416609192026870915e+03
2.017070525851196180e+03
-2.091207327396735309e+03
4.862430301994824333e+01
-9.933929788127621578e+03
-2.219029945054226846e+04
3.534397864481488796e+04
7.877078958593137941e+02
-1.130895206427446738e+03
7.921872237683467574e+03
-8.814722197106370004e+03
9.212764468767130165e+04
1.048957219615078429e+04
-2.496934991405289038e+05
-4.303560301015090954e+04
8.408314032843820314e+03
-8.865165164033017936e+04
-1.089750744349272572e+05
8.735928114901484514e+04
1.091859108586412185e+05
-4.994638741640277294e+04
1.210288730859373900e+05
1.116774040270636033e+05
-7.378229151459624700e+04
-1.006135009920032462e+05
-1.568491070656561487e-02
1.621996916008621170e+00
1.627404146405791563e+00
-1.650012679448002757e+02
-1.002974987676128194e+03
6.294578306934539569e+02
4.264972980810045556e+03
1.724932646660148293e+03
2.317606229926225751e+03
-5.655281262294969201e+04
-2.119470418711510501e+04
2.812704584550330037e+04
7.926441064388579980e+04
-2.577154110360440245e+04
5.095250541185813199e+04
3.183277684874066035e+05
4.323392695330656134e+05
-2.020080291417776898e+05
-1.618959618178954406e+05
3.464968466805755161e+05
2.396934185350799817e+05
-5.269122922462558199e+04
-1.784700495350905694e+05
-1.194363387496589421e+05
6.447088205664134584e+05
-7.466992631735805189e+05
3.879601696861020173e+05
4.355951977969647851e+05
-2.048499579524337314e+05
2.351448806733008314e+04
5.205478182209504791e-03
5.760383726189752807e-01
-3.541540166471024431e-01
5.286523329199405907e+02
-1.252693960081080462e+02
3.978459980128733946e+02
8.929752944372268075e+02
-8.642144042566691269e+02
-9.594606385413424050e+02
-4.910778931462740729e+03
8.074132267802720889e+03
-4.232058428273860955e+03
1.058979138872783187e+04
3.599367691693747474e+04
-9.036364131544272823e+03
8.720609248609931092e+04
-2.015344101106078888e+05
1.071226413438482705e+05
1.410477794206103135e+05
2.555674178997164709e+05
-1.775611116330932127e+05
9.887087574000084714e+04
1.917624749813239905e+05
-1.825640704453292128e+05
-3.278056622103288828e+04
2.820598454975517234e+05
1.597411112236746703e+05
-3.821697893009679974e+05
9.818447693411168075e+03
-1.931670694836080365e+05
-1.304078351359471907e-02
1.374293575743376072e+00
1.345848046861835456e+00
-3.395373028158167017e+02
-6.966055590938561863e+02
4.339081307096690239e+02
2.295212604476505476e+03
3.938807332200163728e+03
3.633583623185755641e+03
-2.688265254380771512e+04
1.264834553288035022e+04
5.582958136067282794e+03
7.353068013625964522e+04
-8.733070332461287762e+03
9.254285363842902007e+04
1.281836042857383873e+05
-4.907198897544390638e+04
2.848316758461789141e+04
-8.940487285771856841e+04
2.533533511296778452e+05
1.581940982808532426e+05
5.051043569672774756e+05
2.768652416448574149e+04
1.605092001680510875e+05
-1.740990921514085785e+05
-5.760404372415338730e+04
4.656011780096489238e+05
1.981935936179344717e+05
-3.192394941590931267e+05
1.851960047805863142e+05
2.401806445809755684e-03
-4.584481152181000829e-01
-2.471930191967498247e-01
1.331806269866218639e-01
2.246051976687288345e+02
-1.534479834953813224e+02
2.045802580621536208e+03
4.798674687861054622e+02
8.889648601212173844e+02
-6.703444242496257357e+04
1.151320078752808149e+04
-1.322500246000975312e+04
1.426687347464640334e+05
-5.596528862415825279e+04
1.078498491501618992e+05
1.014124224104363238e+06
5.238229649104892742e+05
-1.012344751915153029e+05
5.350622204821834748e+04
1.298148531084635993e+06
1.807842117071066517e+06
7.086622679168375907e+05
-3.346358408151409822e+05
2.751435903501564171e+05
1.224953632901785895e+06
-2.129127257344696671e+06
1.779667745469889138e+06
1.546320266437778948e+06
5.443597160907590296e+05
1.598807074491790030e+06
7.647666411063211911e-04
-2.672158255671440719e-01
-1.154955502408233220e-01
-3.309299712694236177e+02
4.236151356630089282e+01
-1.292577664657650530e+03
3.139868984928357349e+03
-1.147322339894933793e+04
-1.064687219958624610e+03
-3.744836189040864701e+04
-1.828081290828826604e+05
6.867361195201281225e+04
-2.559965678096312622e+05
-2.527400313863428892e+05
-1.143846639125996880e+05
-1.219086800908763253e+05
2.499644741836234462e+06
-1.090981353539289674e+06
-6.481344541947041871e+05
-3.198654861353415996e+06
8.738916638377296040e+05
-1.393482650150889298e+06
-2.413395819852683344e+05
1.762712041355463734e+05
2.142596490852220450e+06
-6.764307758050622651e+05
-2.142152330451467074e+06
2.198395788316205144e+06
6.878650519473956665e+05
2.521513710093759000e+06
-1.137494139729673757e-03
-3.567960116037287299e-02
1.129580795244210650e-01
-1.271220808372865605e+02
-8.181963501877940814e+01
-3.079609979620610829e+03
4.939378241298391004e+03
-6.499857818661331294e+03
1.539865908529026228e+03
-6.816648583612921357e+04
-8.673570101813154179e+04
2.236690796210896224e+04
-1.506332547192939819e+04
-1.395972736218364444e+05
1.185862689096976646e+04
4.597208351099928841e+05
1.403383970398857724e+06
-1.237518950319199823e+06
-3.514235853580672992e+05
1.050492858238383860e+03
6.993874752430863446e+05
-3.813607622849284089e+05
-4.254923935312323738e+04
-1.103540412207117042e+05
8.155630152546355966e+05
-1.936813848082890268e+06
-5.414822249450825620e+04
3.094858140007774811e+06
-1.907427718816924025e+05
9.031861765829393407e+05
-4.200795381352986522e-04
-1.365207902435668919e-01
3.781130234004433099e-02
-2.648459195427471400e+02
1.240469921628577339e+02
4.377874729218570792e+03
1.856606739946556218e+03
-3.236443396964536532e+03
4.874173735701326223e+03
-3.264327231563459009e+03
-9.287595656326766766e+04
2.473546872569732659e+05
-2.001266810284606981e+04
-1.434385146403982944e+05
1.404426812591930793e+05
-4.616832540429774090e+05
9.315065450801546685e+05
5.956796747515005700e+04
-3.978838638460575603e+06
-1.338123591472895816e+06
3.044741042852432001e+05
-7.177698373481278541e+05
-1.121667254631323041e+06
1.938412850615485338e+06
5.711585166433441918e+05
-5.782074054310501087e+05
1.250749810628320090e+06
2.451459536618360784e+06
-2.072263774355092319e+06
-3.114735324668806861e+05
-2.669132121522119899e-03
3.592932207138636591e-01
2.832890215792377986e-01
-2.153691411646357778e+01
-2.605159092205055344e+02
1.198547339689490059e+02
-4.768377587911001683e+03
-1.088355387936414218e+03
-3.500035256067238606e+03
2.461598134368080646e+05
-5.037945873657520133e+04
-3.274778771043739835e+04
-6.997776548719202401e+05
3.492943975111343025e+04
-3.712397261407072656e+05
-4.163768270069174934e+06
-1.813441599423109787e+06
8.366823171693244949e+05
6.680922774136069929e+05
-1.056107596496995352e+07
-5.421631577326648869e+06
-1.957600972678360995e+06
3.696501193516551051e+06
7.946936996966419974e+05
-9.123604132078427821e+06
1.317681198388050869e+07
-8.483943135383261368e+06
-5.696522635136992671e+06
-4.543291452939347946e+05
1.402313043916446390e+06
-6.527358344692053144e-04
-1.519951122775533570e-01
4.351558960873463944e-02
-1.762385036684395061e+02
3.777830772341545185e+01
2.661849699973458883e+01
5.326115759846221408e+03
-5.405276223215872960e+03
-4.279842213860234779e+02
4.670618380283319129e+04
4.269722312856881763e+04
8.071436942902409100e+03
-8.212083104942018690e+04
2.155228559336380858e+05
-1.630344537815284566e+05
-8.947660167832950538e+04
-3.060654839037634898e+06
1.091609647169995122e+06
6.538220673889394384e+05
2.881214170141008683e+06
-8.114223674883407541e+06
4.442531587353898794e+05
2.595611086818669457e+06
-3.606527413861048874e+06
-1.924427661276698112e+06
1.078505370342396013e+07
-6.431513294738548575e+05
-1.077536987131676264e+07
-2.643667255796425510e+06
-1.107473550983080082e+07
-2.350100653446177742e-03
3.235226842496381483e-01
2.438931806093608823e-01
-1.269918432180019607e+02
-2.751878381303601486e+02
2.212755052722255584e+02
-6.040759809415781092e+03
-3.482373244679916752e+03
-1.974490349080430678e+04
2.263774292924803012e+04
-6.058356020984917996e+04
1.583874989572377490e+04
-1.577476225384673453e+05
1.109562773244099371e+05
-6.013071326912152581e+05
-5.292134497527775820e+05
1.152932251084920950e+06
-2.985518188551572966e+05
5.316431891323574819e+05
-1.270172135928483447e+06
-2.404813548964099900e+05
-6.958521859759656712e+06
-9.718836440432580421e+05
-1.523566453860504087e+06
2.972890209615803789e+06
-3.340449646665655542e+06
-3.021667701585993636e+06
-3.742999255393705680e+05
2.472650769296541810e+06
-1.779260829883198719e+06
-7.194620372973925277e-04
1.166188545038028407e-01
7.399758669436816427e-02
-1.192546618911490697e+02
-4.347353072066257340e+01
4.047999561408859790e+03
-4.781273097968209186e+03
-2.347195069379572942e+03
-9.395355232756619444e+03
-1.109293346339996242e+04
-1.785816206491619596e+04
1.045178484657588851e+05
1.209267581017622288e+05
2.429846523240915558e+05
-1.593330377392408554e+05
1.199290592931569263e+05
-5.709490547211631929e+04
6.681430717287743464e+05
-6.914453988566303160e+05
2.752015425431690179e+06
-2.306055561679401435e+06
-1.517057473399418872e+06
-1.587060018439176725e+06
-3.545911833227289375e+06
4.512582346591492184e+06
-3.925028236558137578e+05
2.127343159358031582e+06
-4.101850518786106724e+06
-1.504723484870250104e+06
-8.467802993097834289e+06
-3.744344336349816416e-04
4.913893870250769097e-02
3.656199424088905220e-02
3.984748501394851417e+01
-1.226578541996046283e+02
-5.025258000983234524e+03
9.859965995204689762e+02
-9.544656718884705242e+02
-6.744820572155363152e+03
2.771104588792471259e+04
1.203888089737026603e+05
-2.121381449635332683e+05
-1.872547611782737949e+05
2.670851711451042793e+05
-1.835260245215171017e+05
8.216074777182450634e+04
-2.240578534638278652e+06
5.739901140270862961e+05
2.767033688287121244e+06
-3.839923811980652390e+05
-4.116966220602731686e+06
9.701508182644105982e+05
5.366851722135215998e+06
-3.028693795777314808e+06
-3.251485263685067184e+06
8.727856508079754189e+06
-1.196555783549504820e+06
-5.510156486475237645e+06
7.276614772118667315e+04
-1.802735777854627464e+06
-1.369192799238769980e-03
2.685430820707254140e-01
1.452658107684823841e-01
8.022689602013427290e+00
-1.981885245540655092e+02
7.606824032548546199e+01
-6.160175332472535956e+03
-1.184246522436875694e+03
-3.006672858668209301e+03
5.994952714177298913e+04
-2.156885070566362265e+04
-5.303314046984929155e+04
-3.377883330241168733e+05
-9.394527839306024543e+04
-1.251072655943201244e+05
8.039723941882677900e+04
8.975695635418918682e+05
4.793092666184513364e+05
3.607092960876906291e+05
-4.061190452209484763e+06
3.679673147144479211e+06
1.209608536339779384e+05
5.424586775066008558e+05
1.941103935352483764e+06
2.044025110682277940e+06
3.086188440087853465e+06
-1.481768909880578285e+06
-1.765557859102450311e+04
7.293060964773539454e+06
9.796835897592931986e+06
-6.674670500554577557e-04
1.386265815443661897e-01
7.606497712052132099e-02
9.650860343816229658e+01
-1.352367155684607667e+02
-3.305052754110547994e+03
-8.300739068459790360e+03
1.116055247024880828e+03
-1.022070126612905733e+04
-1.543835730255895469e+05
-1.002201745825889811e+05
-1.011217060581115365e+05
-3.440625696163127577e+04
-1.277185724061716610e+05
-2.104272308590069879e+05
1.535339618015190819e+06
6.143931399819428101e+06
-2.270149542113857809e+06
1.191579890591827687e+06
-4.728980884952334687e+06
8.276103149095425382e+06
-3.949384427305128425e+06
-1.065432995229668682e+06
-1.864274565917259315e+05
1.398814184554289840e+07
-1.321926614901873469e+07
-4.480702210530269891e+06
1.105271833645420335e+07
2.250690272070196457e+06
1.643429486692388728e+07
-1.213189058003125024e-03
1.775610276909071472e-01
1.267573148211783296e-01
1.972363352827522576e+01
-1.198452532194924345e+02
-1.203792687360535183e+03
-2.125746551719138552e+03
-1.820658770855330033e+02
1.357064234596252209e+04
1.700920285897287831e+05
-8.284695327417405497e+04
1.513761560335389731e+04
-5.517495242809097981e+05
-1.733275115252981777e+05
-4.587263507854380441e+04
-2.906863375476083718e+06
6.511555472773723159e+04
-2.596496535954659630e+05
-1.154383156155813020e+06
-8.989390318346230313e+06
-2.170205843106159940e+06
-1.393763090485054126e+05
1.557026083213498583e+06
2.870579160602687392e+06
-3.043364991223996505e+06
6.721455400017656386e+06
-1.087818786008554697e+07
3.319180614527320722e+05
-2.545525742205633316e+06
6.795387921513159759e+06
-3.521191605313458333e-04
-4.297237632385094569e-02
3.380937025262062412e-02
-9.773813024757032508e+01
2.610171452176622164e+00
4.814585598119889482e+02
6.417211640614587850e+03
-2.395182353582630640e+03
-9.119006527622645081e+03
1.282513618136988953e+05
9.277931349489148124e+04
-1.076935447332003096e+05
-1.666007421923395013e+05
4.623215194826510269e+05
-7.983328399497374194e+05
-1.340470379897092236e+06
-4.912485458222934045e+06
2.828314666859270539e+06
6.612731384588772431e+06
1.448287712075166870e+06
-1.229597704062647372e+07
-4.725279225719901733e+06
2.867464617021718994e+06
-6.603687940243569203e+06
-2.376388763501188718e+06
1.515792509628255107e+07
-8.731080012862179428e+06
-3.427290296131373942e+07
3.608057172077016905e+06
-1.408196723037471995e+07
-4.039843450197295018e-04
3.539111225229306379e-02
3.959205034162082554e-02
2.403873451423629248e+01
-6.177010969152843955e+01
-2.591382445492862644e+03
1.276968401845269227e+03
-6.911568750661917875e+02
-3.700085062988503523e+03
7.876971367529382405e+04
4.090060799209502875e+04
-7.900011969344387762e+04
-5.028003578537401336e+04
1.041689796611235215e+05
-2.482805502925601031e+05
-1.680964438195102382e+06
-3.532895326531482860e+06
6.331848142951666377e+05
1.981148139642755967e+06
1.313154527394865727e+04
-9.437969193155478686e+06
-7.171578560475511476e+05
3.007847679016913287e+06
-4.742193261931384914e+06
-1.022307814556929842e+07
1.581919978122709505e+07
-2.748634699626198504e+06
-1.441744692594103888e+07
-4.886855582351857796e+06
-1.567088761108495481e+07
-4.057832304756403097e-04
5.124463846851896875e-02
4.098754032923666163e-02
-1.030008735235755779e+02
-7.899467256722188324e+01
1.294602284292266177e+03
-4.213910031590762060e+02
-4.344123384081698532e+03
-2.721709811223957149e+04
-5.508624498127742118e+04
1.347502208896215307e+05
-2.025814986420515925e+04
3.127017304984460352e+05
8.569904474722119048e+05
-6.195497439783483278e+05
3.680816004191519460e+05
-2.977893444819115568e+06
1.234310115565006156e+06
2.597207419440636411e+06
6.578294616538008675e+06
-1.089634933754838072e+07
-5.065338203738238662e+06
4.115221649489006028e+06
-1.094731338911726326e+07
1.177432352654065471e+06
3.200452517143335193e+06
2.448376316154914908e+06
-1.263253904581424221e+07
-6.106326593095796183e+06
-2.154905802498698235e+07
-5.775972350125522237e-01
-7.039275284212358486e-01
3.859840804674098957e-01
-7.005439658923996726e-02
1.001818014089228687e-01
3.984460130306320680e-02
-3.190322919340394386e-02
7.943088574442033756e-02
-5.162358484938574937e-02
-7.667447358976705110e-03
-2.381691369845627751e-02
-5.484898226935043877e-03
-9.503719450997422449e-03
-5.197538153583840768e-03
9.056388642811767642e-03
-1.602927842050581256e-04
-3.898474712143116475e-03
-1.276298868817477093e-03
-1.570361011487878510e-04
8.797337518767730288e-04
7.085903640787247527e-06
-8.962988916842200759e-04
-4.185217187855125418e-04
-1.069718290601111852e-03
8.582108880412680010e-04
-9.671177044571064490e-04
-9.327741353586004513e-04
-2.028506357249299983e-04
-8.648867402856749232e-04
3.381789050191522984e-04
-8.068049089852541433e-01
-1.600869416018563252e+00
5.436256296835335622e-01
2.906680385511708486e+00
-4.118465645226904392e+00
-3.826499628391445196e+00
5.148861201879516791e+00
-5.623697255981888965e+00
5.413906777758329625e+00
8.550119006912951791e-01
1.925569101407973660e+00
5.204700825099659589e-01
8.123172931046962475e-01
7.037076105712497531e-01
-9.566933171603971831e-01
5.125691053387721602e-02
3.713387192300641182e-01
1.403679009246207032e-01
2.029334639273054977e-02
-8.491815793173460025e-02
1.983269514879318351e-02
8.534523205342819940e-02
2.926432243441984965e-02
1.241910438832724978e-01
-1.060528756499895808e-01
9.462897717210587423e-02
1.032003906746921801e-01
1.978179626279580675e-02
1.009771037775390734e-01
-2.733772723820639475e-02
3.397590760514854896e-02
6.266094763945613266e-01
3.285456254005844623e-01
4.787621169973879098e+00
6.316618700666968067e+00
5.458878657469935725e+00
4.695858148346190752e+00
2.303205612911655820e+00
3.810641879356966744e+00
-4.813786572810534875e-02
7.188032493050143801e-01
-7.946528449552315854e-01
-1.425723917125400197e-01
9.116863722146857363e-01
-8.843772888615883954e-01
-4.200366987552266174e-02
2.573522773487204041e-01
2.200713472236424939e-02
-2.585858139321247640e-01
8.748725364496016954e-02
1.511019554661088560e-01
7.146411593458706912e-02
7.536330588879891490e-02
2.187708769226092698e-01
-1.069766963249159930e-01
8.781484246328309651e-02
1.660042963144633676e-01
-1.245968106897856892e-01
1.899466315810188211e-01
-4.213298138849481261e-02
1.090452101839224988e-03
-4.262176742498255955e+00
-5.381621115272899658e+00
-1.218117112287524435e+02
-9.923793829640101194e+01
-8.840791218902079152e+01
-9.734611450426912427e+01
1.162379328056978949e+02
-1.482523830276143428e+02
-5.830557740012945942e+02
4.537445277741327345e+02
-3.809955982443659650e+02
-4.791730600514578953e+01
7.642676677132579925e+02
-6.307452806831114458e+02
-1.321038877212533791e+01
2.138709381343094265e+02
1.183793538152339693e+02
-2.644142699833684560e+02
6.067083852844489655e+01
1.539458946991757102e+02
7.058535661658959270e+01
1.508249467500187393e+02
2.844447535455265097e+02
-1.423063544558459910e+02
6.940226944630454398e+01
1.866071286006065009e+02
-1.413052323943268789e+02
2.709900411222263301e+02
-5.481062312375654244e+01
-1.281006622495403646e-01
6.522870455719411709e+00
8.394568560459476636e-01
-4.289925982869367260e+01
1.129853610386871452e+02
9.895850655045182975e+01
-2.409826244893635874e+02
7.351146688127452933e+01
-8.621831230941417346e+01
8.321719096957585862e+02
2.877255838207713055e+02
7.317421631622999030e+02
7.202623959336805228e+02
3.216451853387623601e+02
-4.353457058906510042e+02
1.017765346676082601e+02
2.176670929531806564e+02
4.548052320573091833e+01
1.576444499119621412e+02
-9.218323764231541873e+01
4.604584263680026623e+01
1.018303033823207357e+02
-2.457941565508018655e+01
1.822296516727487870e+01
-4.493784640928834051e+01
1.244624442277837488e+02
7.223820096891729747e+01
-4.243709263508939067e+00
3.445813675995628245e+01
-1.830950252400326050e+01
-4.113111013120351878e-02
6.240804846249642601e+00
2.734003552597876752e+00
3.512967000722670008e+01
1.133383309173796789e+02
1.404753417727991405e+02
-3.096639279775549269e+01
-1.720781915818390218e+01
3.791150889723853368e+01
5.398729632870955584e+02
-2.354055301855624904e+01
1.020036158400056252e+03
3.972535597009050434e+02
-6.508172196475111377e+02
5.828257904597680863e+02
2.048556609898528222e+03
-7.877289659690629833e+02
4.009290791274795538e+03
-3.029758828372512198e+03
-1.119688158141679423e+03
-2.753888717644318604e+03
-7.259966516184894090e+02
4.986815020318178540e+03
1.822886550616605291e+03
-1.360516303013372863e+03
-3.301494024434884523e+03
-8.111025577881316622e+02
1.630104657848304669e+03
1.894361799237693731e+03
-7.053765001184297034e+02
-2.156918419908428891e-02
4.179246692008993236e-01
-6.069433211306071385e+00
-2.860559791389023303e+02
-6.692492438115121445e+01
-1.023319610582844064e+02
-5.734962361984398740e+02
5.158147955963461300e+02
-3.883344644438415116e+02
-1.948560543375305940e+02
2.740028131848137036e+03
-1.859483144314397407e+02
2.141515622544159214e+02
5.807047128125591371e+03
-3.158882577549361940e+03
-5.398233940358665677e+03
-3.570078969938487603e+02
-4.498627211313813859e+03
-4.103258419471078923e+03
1.995404897104249585e+03
-1.514969048521257264e+03
3.430367997591662970e+03
4.493707137602686998e+03
-3.556589940919398487e+03
4.652152742501885768e+03
-1.000738776150980129e+03
-3.717790098666831000e+03
1.753645519573391311e+03
-5.735973585092653593e+03
-2.827011753023633446e+03
-8.083499208884845078e-02
5.493347741540750562e+00
-4.246997688148876904e+00
-2.014420255966829529e+02
-1.342756264754425786e+02
-1.513374436468882891e+02
1.052466436536173404e+02
5.710537023981150924e+02
-4.084646284982287625e+02
-3.960038997118902898e+03
1.689431727381706423e+03
-3.263634646966438140e+03
1.450490665096070643e+03
3.049803327392299707e+03
-3.156896449943294556e+03
7.600593890140319672e+03
1.621203509628391259e+02
3.559034943538073094e+03
6.809963508799281954e+03
-6.084199441552884309e+03
-6.843359047883740459e+03
3.182608842685302761e+02
-5.928689628089522557e+03
-3.079480125380462141e+03
-2.006962958709454824e+03
-1.676400916905217400e+03
-3.081207752944184449e+03
6.156858423910576676e+03
-5.440177165167678140e+03
6.717089530368507440e+02
-5.185492146100920824e-02
2.689931165162725790e+00
-6.003656887162643230e+00
-2.500464450158335410e+02
-2.556811161027653512e+01
-4.894741863722791919e+01
-5.033921369100613674e+02
4.907862744242231088e+02
-6.009192251658864734e+02
1.159199740378151944e+02
1.813365191521064389e+03
-9.771727879130204997e+01
2.368218539955411870e+03
3.338271995134061399e+03
-5.900628316496638945e+03
-5.980882770423783768e+03
-1.703974023899863596e+03
-3.525369956880614154e+03
1.169795247635776605e+03
-6.561511509937909068e+02
3.678405575784724533e+03
-2.388742085583698645e+04
-1.261943651837370999e+04
8.397647708052441885e+03
-1.306813044632868696e+04
-3.343686346318960204e+03
9.102876066901164450e+03
1.190305204904896982e+03
1.193987737290597761e+04
2.012894684878509361e+04
-4.149716925787074948e-03
3.273574091256497565e-01
1.608819527758702517e-01
3.952548017401256857e+02
-9.851842015469301259e+02
-6.634998424817264322e+02
5.134308607301967641e+03
-5.159077083620940130e+02
1.002097185637487769e+03
-3.204871736834540570e+04
-1.190168023849863494e+04
-1.989477931790687580e+04
-1.089091888834056590e+04
-3.958636471156535845e+04
2.147739619341062280e+04
1.468819136408569757e+05
9.292110754640956293e+04
9.164081060346987215e+04
4.213015082370512391e+04
-1.094898455433189811e+05
1.381838904283814772e+05
8.802665907494341081e+04
4.745368039792048512e+04
-1.565131845087537840e+04
2.672947197681257239e+04
1.257114613504529116e+05
1.216973025951138115e+05
-7.043375444734278426e+04
6.141948393204891181e+04
-9.499944397805820336e+04
-1.479863251087907595e-02
3.863455807744582970e-01
-2.071663487394380887e+00
4.433124425778270847e+02
9.816279690337708530e+01
1.462392320003174895e+01
2.579344712584573358e+02
-2.198887512635007624e+03
1.227579518346012264e+03
1.214059432668499539e+04
-1.753552429105597184e+04
2.603591897271080143e+03
-2.500449118781810466e+04
-1.941667839383480168e+04
2.693962991287671684e+04
-1.462135954968333826e+05
5.358226164102620533e+04
-5.441893028762300673e+04
-2.305476883430196540e+04
-1.405155345610683144e+05
3.555289354003334302e+04
5.994148009260511026e+04
4.624182786536866843e+03
-2.919179020559192577e+04
-1.763116234796852805e+05
-2.517759895123987008e+03
1.354316483950705733e+05
1.482240308568351902e+05
-7.303193277801078511e+04
-1.170967279978637962e+05
4.871632120625364604e-03
-7.516808836151692708e-01
-3.605948871460546989e-01
-5.901758056090523041e+01
8.335190105132639928e+02
1.415420627692960807e+03
-2.825336769247765460e+03
-6.912971474850751292e+02
4.154186573378336789e+01
2.413075219425473551e+04
2.537640569778689041e+03
3.533598826330606244e+04
-1.301507676400253786e+03
-7.293848584322516615e+01
7.797501083319854843e+03
-7.465515232220047619e+04
-5.367276429710142838e+04
1.076770687803589317e+04
-2.483704150041162793e+05
1.466025984986595176e+04
-4.673255958642631595e+04
-8.917178080699777638e+04
1.299158815817838331e+05
4.986446624044464988e+04
-9.977437224234107998e+04
-7.616567049550240336e+04
1.134143366603075847e+05
1.110779131978945225e+05
1.243680077416830027e+05
-1.157611180719830736e+04
1.235391027072708058e-02
-8.129735632040535620e-01
8.329359709316004334e-01
-6.108981481754422020e+02
2.703077086887960263e+02
2.725482580373988739e+01
-7.136277326447313953e+02
1.984097152799658716e+03
-1.989809069660576142e+03
-2.732402202984501128e+04
1.204863769292623692e+04
-1.774458356082099999e+04
5.348538765957314172e+04
4.485686857763794251e+03
-3.334360597981665342e+04
3.807874586789195309e+05
1.226148562110560597e+05
1.930380137506794417e+05
1.993553834844266530e+05
2.138408264937805070e+05
1.822660601635479834e+05
1.142668236638351664e+05
-2.128399936593139137e+05
-1.707543446757602214e+05
7.127992233123383485e+05
-1.497250072844973829e+03
-3.603445647000425379e+04
-5.488795114347385243e+05
1.019948715100018453e+05
1.789918820412383357e+05
1.095855741426922554e-02
-2.189139373442080816e-01
2.080690386330974029e+00
-7.444556054685956497e+02
-5.721616797128444887e+02
-7.453576410111586483e+02
1.159489088353025181e+03
4.110723578379788705e+03
-1.520001111545077492e+03
-3.823323671741214639e+04
3.732486671732109971e+04
-2.226037608791236562e+04
4.081341659924747364e+04
6.176091040305328352e+04
-3.966261826756433584e+04
3.976220386186441174e+05
-1.392267491794902890e+05
1.208763671218990785e+05
7.683241223154144245e+04
3.168085452754246071e+05
-3.093257934158090502e+05
-1.713260039533285862e+03
1.390981988312036556e+05
-1.490757240156756307e+05
7.216331437084231293e+05
2.390322107315520407e+05
-3.825029380736245657e+05
-1.867268027151750284e+05
-1.521203410002760647e+05
1.094858413130541740e+05
-1.305543938197609513e-02
4.782672102311213980e-01
-1.866516903918382209e+00
7.736436020375937233e+02
5.536885952762158070e+01
4.360588683081235786e+02
2.263056569448668142e+03
-3.964112198460256423e+03
3.634691221428111021e+03
2.531342831260655203e+03
-2.964489397118638590e+04
5.466679659334360622e+03
-4.441474468295825500e+04
-5.929938988247900124e+04
9.270673814794245118e+04
-2.211945484344331635e+04
1.360820600662907236e+05
2.889416008221574521e+04
-9.213171538880321896e+04
-2.639364939303607098e+05
1.396847273302660033e+05
5.063508311150517548e+05
1.248153126919250208e+05
-9.915661158679325308e+04
2.205681988977260335e+04
1.540757639791207330e+05
4.766371956357517629e+05
2.024026716712897760e+05
-3.720845551511470228e-01
-3.663561525207216619e+05
-1.865651556989132839e-03
-3.665512167878317434e-02
-5.111631472769155859e-01
-1.432878700003860750e+01
3.229949316437234188e+02
1.202843565411423924e+03
1.026260384846419220e+04
-1.616035442609014808e+03
4.818545621612291825e+02
-1.652434871037552948e+05
-1.876087515590380644e+04
-5.299721761751558370e+04
1.389211155182334187e+05
-2.523191118150175025e+05
4.513326206764444214e+04
2.304345538630646653e+06
8.611444037550425855e+05
9.903775620304875774e+05
4.754622204808135866e+05
3.853013378869883018e+05
2.669827301345565822e+06
8.537937518797081430e+05
-4.376911673515862203e+05
-1.703387607139873726e+05
2.646899472381420899e+06
1.261177253372786567e+06
1.095438795810092241e+06
-2.663957493262548931e+06
3.027205438999778591e+06
7.028594968550106278e+05
1.698688495709870785e-03
-3.727082359730568735e-03
3.064046578427498391e-01
-2.330251037490521071e+02
5.699845157609479429e+01
5.153053733795607059e+02
5.226351103459512160e+03
-3.255840026487569048e+03
1.302775445412107274e+03
-6.796666624542261707e+04
-8.446690914272829832e+04
-4.615354995690686337e+04
-5.863226756186534476e+04
-2.558029595989675145e+05
1.510727785831595247e+05
2.165210937309021829e+05
1.208560959201462800e+06
4.592578199334241799e+05
3.334990256310152472e+05
-2.339961133701355197e+06
1.797978902042370988e+06
1.309169738105229102e+06
2.177259193815215840e+05
8.703893157594290096e+04
-1.381899798984985100e+06
6.269073297282769345e+05
2.608198962673738133e+06
2.323337341551915160e+05
-1.773640772482276952e+05
5.148948754461303179e+04
-1.144081507544008692e-03
1.159512373892088444e-01
-2.630840031056565567e-02
1.346773494073768234e+02
-6.916631855335982948e+01
-3.079076119462448787e+03
-8.086937774731481113e+03
-1.024978415679138152e+03
1.535301235263139233e+03
1.089660194727277994e+05
-1.578629021308193660e+04
2.240208728475697353e+04
-1.128613832738242781e+05
8.180361842376193090e+04
1.152960456816265287e+04
-1.439293651924317703e+06
-2.993236067950497963e+05
-1.231789883275193628e+06
-3.425062096755648963e+05
-6.009578164432201302e+05
-3.387154124006836792e+05
-3.826787537844806211e+05
-8.268414271763518627e+04
8.833732654786168132e+04
-2.074993826087608468e+06
2.589530388602225867e+05
-9.642292610004014568e+04
3.074591022360424511e+06
-6.781941436309826095e+05
-5.701347907482677838e+05
-3.765447108515782080e-04
1.012870187401173905e-01
1.098119755669252628e-01
2.120181246950473763e+01
-2.959812516330355834e+02
4.369303835522200643e+03
-3.862729522967348203e+03
-1.078678580204597068e+02
4.936875236646573285e+03
8.262142461517076299e+04
3.909443501545653999e+04
2.478626973561630293e+05
-1.185242727368368505e+05
7.674965728803543607e+04
1.449931510700603831e+05
-6.069611077533353819e+05
-7.923678187736105174e+05
5.787264058727685915e+04
-3.954897216171432287e+06
2.890494281356479041e+05
-1.179420601033240557e+06
-6.766306914532155497e+05
2.198575623882758431e+06
6.008487618413536256e+04
-9.860998709722709609e+05
-3.595727634360611555e+05
1.355251964151128661e+06
2.435438186270978302e+06
1.481430152752105845e+06
-1.538254588554700837e+06
1.894901903483697846e-03
-1.308644154940767634e-01
1.308361045270859946e-01
-1.659387436252737587e+02
9.227785445821524490e+01
-6.969579756013246197e+01
5.637346327898752861e+03
-6.808657498944176041e+02
2.123124862284587834e+03
9.253581402446178254e+04
-1.355501564480185043e+05
9.554429346735703803e+03
-3.882971275329479249e+05
-2.631530399699325208e+05
3.275224443484380608e+05
-4.167912419423209503e+06
9.350334188879473368e+04
-1.343550266545793042e+06
-8.447239331215058919e+05
-9.835373999145906419e+06
-2.450362815404224209e+06
5.564731918017781572e+05
4.409724854431500658e+06
2.194436274614554364e+06
-1.708963764384932443e+07
2.316198376578857191e+06
4.468326441046540625e+06
1.208134729989842325e+07
-8.996891777291899547e+06
-2.088793912461190019e+06
-1.996917075139499186e-03
2.402263179544249228e-03
-4.450966095537064460e-01
1.780304658146770009e+02
1.755089337867888730e+02
1.909199901274272690e+02
4.805803697256631494e+03
5.028163301558557578e+03
-2.705712222385863242e+03
-3.708765137540838623e+04
1.980015339912847558e+05
-2.603337333716789726e+04
2.147960100222332403e+05
5.299939380078278482e+05
-2.388289185029490909e+05
1.815986152799471514e+06
-3.082383061242733151e+06
1.774995799162550829e+05
3.463490405216693180e+05
5.884166317820335738e+06
-8.867827105905489996e+06
-1.917091088334268425e+06
1.245079643108740449e+06
-2.925789547599916346e+06
8.885676321210190654e+06
3.344775498803664465e+06
-6.557653482362031937e+06
5.248767749826653162e+05
-6.247047870388390496e+06
-2.571209677733391523e+06
-2.360267821277587264e-03
4.947444737692535677e-02
-4.042100404773941169e-01
3.030780352661331563e+02
2.783896112126130618e+01
2.236644424491717302e+02
1.567498823019797172e+01
7.033457079173027523e+03
-1.986502326019268367e+04
4.077479060793792451e+04
4.981909721535575954e+04
1.603065517520797584e+04
1.777770966432694113e+05
7.881948752369520662e+04
-6.039372652526271995e+05
-7.265067175334412605e+05
-1.032396245733253076e+06
-2.923996209361919900e+05
5.611311580161243910e+05
8.602702056336950045e+05
-9.464144866000477923e+05
-6.987424440023841336e+06
-8.741092603708262322e+05
1.548228850906658452e+06
-4.273161240068498999e+06
-7.776542926316449884e+05
-3.193202625086450949e+06
-4.673601395700369030e+05
3.561501947616472607e+05
3.046541213805678301e+06
3.605097249339149539e-05
3.103410295726819357e-03
1.611988425609702999e-02
2.600657362060061573e+01
1.242252347029501607e+02
-6.380749751352333078e+03
-1.310961849851026273e+03
-2.983375842187092985e+03
-1.122224105369375820e+03
-1.124995765042906569e+05
-3.113694128615499358e+04
-2.358190087256558472e+05
2.060509575144092669e+05
1.383204262118270562e+05
-7.840127960755217646e+04
1.640070541707560420e+06
9.635568889319613809e+05
1.550615355225190287e+05
2.738976532125381753e+06
2.926237017195411492e+06
-2.220871232637256908e+05
1.646428007794127101e+06
-3.443330426205059979e+06
-4.266703680809254758e+06
9.254570848436886445e+06
6.305721066444083117e+05
-1.780920989546312252e+06
-2.653823446115249302e+06
-2.725951436325936578e+06
-6.634405143880662508e+05
7.848391708857764071e-04
-8.152157750468980515e-03
1.452762453367721918e-01
-1.241862855398948966e+02
2.366921509752369346e+01
-9.997972130087915730e+02
3.631704630747827878e+02
-4.333617759894803385e+03
1.134162239407588640e+04
4.123452475856668025e+04
1.956524402300328438e+04
1.478105306771764299e+04
-2.902647414070774685e+05
1.836709712827774929e+05
2.233823308380424569e+05
-9.443922520903862314e+05
-7.250284920308589935e+05
-8.647284660269411979e+05
-6.804432958470388548e+05
-2.402601886237627361e+06
-3.966915078202900942e+06
7.673254336838386953e+05
4.618606201734142378e+06
-1.150746200395405525e+06
-2.343534672603730578e+06
4.058261045233952813e+06
-1.125491678627613233e+06
6.294441036468743347e+06
-7.823024598584305495e+06
-2.900074869992342312e+06
1.227562923024997331e-03
8.012244112761671491e-03
2.835676051670638631e-01
-1.402108602688032306e+02
-1.824694184073010774e+02
2.797736045044922321e+03
-5.462619158277608221e+03
-8.667205373002549095e+03
1.062122097914538244e+04
-1.368095074956474127e+05
4.601141786067536304e+04
1.139254877014478698e+05
4.097828416404176824e+04
-2.345487270763268461e+05
2.401621261834921315e+05
5.715898140791537240e+06
1.625684428529790137e+06
1.697375799235332059e+06
-1.444555921837432543e+06
4.901608991558038630e+06
9.582110835436971858e+06
3.331361453833586536e+06
-9.793555893692437094e+05
-1.824026506788916595e+05
1.522987270068103634e+07
6.171642108572983183e+06
5.050294212333874777e+06
-9.487069239181278273e+06
1.925656107750466838e+07
4.458047235466544516e+06
-7.715582142344450589e-04
-7.065983247510366876e-03
-1.709875761947604600e-01
1.044556757068240955e+02
1.128246391839205387e+01
1.792465369193985680e+03
-8.354615130644909868e+02
1.700389391437820905e+03
1.658213184141331112e+03
-9.043783223406491743e+04
8.376959301010823401e+04
3.849711686534233195e+03
1.135134008348397329e+05
2.115409636825766356e+05
2.124370403113137513e+02
2.231649629084147047e+06
7.001804473447729833e+05
1.555813702835850650e+06
-2.143698518491122813e+05
9.750800667942160508e+05
-1.168668511623926897e+05
2.108054063470637891e+06
9.417490128317737253e+05
-1.548084162962957751e+06
1.007825308818470500e+07
-1.479199052856723429e+05
1.937986247851293301e+06
-5.577920320532446727e+06
-2.525685618444785476e+06
4.636152411963096820e+06
-1.296416708209320503e-03
2.047041276458999581e-02
-2.355726673394155646e-01
1.046501690151227280e+02
8.167294381509742607e+01
-1.142494107611470099e+03
9.586608053518575616e+02
2.278147691488743931e+03
1.341910064668662199e+04
-1.630112449427459615e+04
1.931521443047171924e+05
1.348726644103527178e+04
1.344592340860112454e+05
5.835128433297108859e+05
-5.365006624210389418e+04
1.420159818512719357e+06
-2.541605396418157499e+06
-2.027963870490022528e+05
-9.967212021687695524e+05
6.344840067977818660e+06
-6.950617854978110641e+06
-6.414384970132787566e+04
1.773817056356807705e+06
-2.893846125452627894e+06
7.978149551292011514e+06
-3.281789505161556881e+05
-1.066903907783113234e+07
2.625763468745540013e+05
-5.195302581724782474e+06
-5.377049282097966410e+06
-3.644846859165916343e-04
5.111001450422027192e-02
1.843810504511919982e-02
4.826136450358371377e+01
-8.508538711665801202e+01
4.410799715679434030e+02
-5.307329236306389248e+03
-4.339515081745945281e+03
-9.312167980068181350e+03
-1.452098940186059335e+05
6.486143620493172057e+04
-1.086877297166821954e+05
4.870601540048794704e+05
-8.712799145013729867e+04
-8.047062308824985521e+05
4.955212650448785163e+06
1.290289324911076808e+06
2.808742249111055396e+06
6.476370420515153557e+06
1.001076393906433694e+07
7.525978560558670200e+06
-4.755194060913832858e+06
-7.222074451670639217e+06
7.690928374424799113e+05
1.481032382188690454e+07
-5.030401267230558209e+06
-8.670431744216028601e+06
-3.442810618581140041e+07
1.056603318845431507e+07
9.713908412807241082e+06
-1.431872851389526203e-04
2.187067383429387257e-04
-2.971518686149687491e-02
8.239485578976865554e+01
-6.936562896831728153e+01
2.420546622759532966e+03
-2.463992885089154697e+03
2.536159314827660637e+03
-2.180678977399709765e+04
-3.997920165953233663e+04
-1.240042270459347928e+05
2.285122201750709064e+04
4.486976094515869045e+05
-6.042566991504945327e+05
-4.119420746562366257e+05
1.276000647182208922e+05
1.416514824056999525e+06
7.528901233405970270e+05
1.094800514350887155e+06
1.229386491066931514e+06
7.352311728492667899e+06
-4.056107826937254518e+06
-7.187701210308880545e+06
1.766495693227568874e+06
-7.639758790376352146e+06
-2.916129803510989994e+06
3.144272416702645365e+06
-3.775713271410504822e+06
1.088627405652206577e+07
2.923375199745644815e+06
5.472445565466841797e-04
-1.868633722530618768e-02
7.609718187508419940e-02
-9.511431936535630882e+01
-2.081884906607043817e+01
1.601812198735126003e+03
2.783878615438671659e+03
-6.586520588431336591e+02
1.669281666736627449e+04
1.074142834083272028e+05
1.729263835442001800e+04
7.614459676830212993e+04
-3.862297077399471309e+05
3.561588028123787371e+05
5.126816328044894617e+05
-4.507127728971457109e+06
-1.150360195323846303e+06
-1.097987196970254648e+06
-2.678007856543152127e+06
-1.002515953444285877e+07
-9.611508302545219660e+06
3.080554738712627906e+06
1.053603921565363929e+07
-7.244314957971057156e+05
-1.726351961205691099e+07
3.930775985741044278e+05
6.104770994353509741e+05
1.812062252640211582e+07
-2.471209971344683319e+07
-5.419211529863480479e+06
-5.773817332610721165e-01
6.863623385644125330e-01
4.166946780357992930e-01
-5.173884269053168061e-02
-1.108067831654089147e-01
3.985898824403368707e-02
8.475514634404618386e-02
-1.207006236238544403e-02
-5.163807276926400680e-02
2.447329932200726157e-02
5.280603469022485813e-03
-5.466858624891311226e-03
2.654222185494411524e-04
1.084969378861174762e-02
9.046666226156288224e-03
3.460635887941726323e-03
1.802386925289815259e-03
-1.282755205907048796e-03
-1.754793648501667936e-04
-4.512904833600416324e-04
7.554473445813820022e-04
-9.052618224462834727e-04
-7.201817658473895966e-04
8.897247284769165335e-04
-1.238785799637396072e-03
-2.075617674285185879e-04
-9.834745484871463498e-04
-1.946217672050121314e-04
1.377475467013061002e-04
-9.217040876484146458e-04
3.740486560871545962e-01
-6.109072108023474446e-01
5.448481582146180724e-02
5.751268279454353483e+00
-3.143034609511952127e+00
-2.813830235286524317e+00
4.028497744281061443e+00
5.341984267504966688e+00
-6.005218936853132128e+00
1.565087577679848074e+00
4.590651155019914165e-01
4.276940400424516509e-01
-8.475407457475179207e-01
8.167741152882175282e-01
1.242591749585208794e+00
3.487495594535570120e-01
2.128064194604463721e-01
-9.002081581723191117e-02
2.123249757186687070e-01
1.382671473670996631e-01
4.627411683097256562e-02
-1.063307646992562583e-01
-1.781409424942189679e-01
1.935166089045811666e-01
-1.742848859962901342e-01
-5.374607190911259019e-02
-2.039588648406512328e-01
9.996953981146869395e-02
6.278311993966853577e-02
-2.097678135174244618e-01
-7.158178877855428945e-01
1.116320207320734115e+00
1.319280269188835453e+00
5.761659515914907992e+00
3.472660241806205139e+00
-6.045764466687339578e+00
-6.271571512396217685e+00
1.181373750178009940e+00
2.784702056521062286e+00
-1.516578757409576372e+00
7.473429160652080364e-03
8.468327582481978144e-01
-2.564844560951956010e-01
-7.491316572488347925e-01
-3.855623126906630449e-01
-1.997108258071266795e-01
-3.954811600208586742e-02
1.106834454887536817e-01
1.483623295421233057e-01
1.097426262663388774e-01
-6.908739942728589489e-02
3.806892615121810347e-02
4.663578143299558672e-03
1.163851424153790164e-02
5.161227334427571228e-02
1.383822035219112005e-02
8.581687250235231143e-03
7.975605208661634693e-02
5.698446255412292251e-03
-4.133936704916921223e-03
-1.115315327552286739e-01
-9.332468820097862272e-01
-8.447995278621490911e+00
-1.395785835910152457e+02
-5.315864456835536345e+01
1.299471192792880174e+02
8.470459013983501961e+01
1.356792207673192365e+02
-4.870512482698177714e-01
-5.256655242734570948e+02
8.653721692800633036e+02
8.229013173804154349e+02
-4.150949816593037554e+02
-5.093020148775555072e+02
-6.086259311076899081e+01
-1.178029487894561811e+02
4.131769232104581846e+01
-1.985724525322918055e+01
2.702124772345247834e+02
8.758176223718315612e+01
-7.108918931976107558e+01
5.171754001493992092e+01
-6.135303952635477032e+01
1.469637776597598702e+02
4.773181291033657203e+01
-6.262749372081797361e+01
-3.303792230923144047e+01
6.850626594486712406e+01
4.256447862513964964e+01
-9.638896534459478005e+01
6.315237295254860772e-02
3.456149804482703924e+00
-2.492207011656263571e+00
-8.900678812436721898e+01
9.520533026454209846e+01
2.711309252277517601e+01
-2.214932992707526580e+02
-1.086017547013488809e+02
1.715339668783323646e+02
4.208140582724772685e+02
3.453819863789237843e+02
-3.605566073900561008e+01
-5.531579493506829976e+02
6.885540151014547519e+02
7.628260413006847784e+02
2.745289085295161726e+02
1.124906454970418821e+02
-1.259733596131306115e+02
1.483351880430669780e+02
1.384653340595364455e+02
7.583348698275915467e+01
-1.141365748628385859e+02
-1.623355120228020212e+02
2.290158678993197441e+02
-1.735661881721766804e+02
-5.417216273909097879e+01
-2.065635144861179526e+02
1.269355747471232547e+02
7.550485948470206665e+01
-2.447185662531394144e+02
-4.117059262999883673e-02
-7.566028847607648711e-01
-6.774547832885831511e+00
-1.157288594811156344e+02
-2.628909573232149910e+01
1.405308112527798698e+02
5.935697802355018871e-01
3.539420606418563153e+01
3.790195591933173347e+01
-2.499141346962066166e+02
4.793968530251236189e+02
1.018811282443279424e+03
-7.644049004971642489e+02
-1.867661937350582591e+01
5.831148437723061306e+02
-3.357448408290719613e+02
2.167482467229036047e+03
4.004680925561071490e+03
-3.047253191207332293e+03
2.947823818903248139e+03
3.559640283031394574e+02
-6.886863935697585930e+02
-9.060771228636692740e+02
-5.233081752773033259e+03
-2.164321761987574519e+03
2.867563256117257424e+03
-7.166454704527021704e+02
1.593607013414612766e+03
-3.538620700018320235e+02
2.015510128057439942e+03
8.082776044002140670e-02
8.294309151217811760e+00
9.428396837502822647e-01
-2.884966178761374067e+02
2.001791617762580699e+02
1.823097994187022550e+02
-7.501761405853688984e+02
2.063842294071027652e+02
5.482739644420903460e+02
6.919987174642752734e+02
4.467880342497247511e+03
2.914513738871733494e+03
-4.125366699630770199e+03
3.958404373561324519e+03
4.303248939967835213e+03
1.903961676032940886e+03
-3.389039251913106455e+03
-8.216821837417114693e+02
-3.843424927500201193e+03
-7.930464952835496661e+03
2.683574167989638681e+02
-1.942430913988076099e+03
2.402382093794047250e+03
-4.728000679109919474e+03
1.881370549989905612e+03
-7.124890714380032932e+02
4.568903706872381008e+03
-6.289889856380899801e+03
-4.460949565461481143e+03
6.059611806162891298e+03
2.174164243926649670e-02
-1.519105253528573840e+00
3.632811465746052626e+00
6.576034560319730815e+01
-1.319119056578079494e+02
-1.303803308144332007e+01
4.145586034182430808e+02
3.945805543056213764e+02
-1.323233114236350048e+02
-2.232064235606587772e+03
8.008464158521602485e+02
1.473748061309811646e+03
3.306078180595781760e+03
-1.289982867243013743e+03
-1.160961126837176380e+03
4.570919751967640877e+03
-7.149536282952415604e+03
-5.671855239921103021e+03
-7.030268027577578323e+03
-4.225437180978993638e+03
2.919215252626520851e+03
2.863946734171833668e+03
-4.765764285705898146e+03
-5.134367152668577546e+03
-2.491900927033306743e+03
-4.237121368531689768e+03
-1.979918456465801000e+03
-1.561968425078908012e+03
3.534045105438411611e+03
-5.734001267266651212e+02
-5.188069582562811893e-02
-6.541976926553606297e+00
6.731575393935437246e-01
1.472388443866448995e+02
-2.037706408721521143e+02
-4.900016452484621254e+01
6.769416044941405062e+02
1.906107750850574973e+02
-6.010011474108391667e+02
-1.629323335581450920e+03
-8.045481969382832403e+02
-9.919466933133318776e+01
1.707679286219883807e+03
-3.729456428284857793e+03
-5.895593972396517529e+03
4.455447065046339958e+03
-4.329589169940923057e+03
-3.541338441484291252e+03
1.248776657861587182e+03
-2.903363985280401721e+03
-2.389739838370835059e+03
-2.394116212517567328e+04
1.358207695068037901e+04
6.551193042496123780e+03
3.380567928084565210e+03
1.246701484907184022e+04
9.917741601629933939e+03
1.071229875583269404e+03
-2.340460944019608723e+04
3.235343560972554542e+02
1.491398970687622325e-02
1.734499146764124422e+00
-4.257655784828890955e-01
-6.187884622533943713e+01
-7.077069745413629107e+02
3.193186628318579210e+02
3.270479683385316093e+03
1.335573602949577662e+03
-1.565173311250016013e+03
-2.108786808923582066e+04
-5.755861341142193851e+03
7.690628826332516837e+03
1.814980424339950332e+04
-4.179035862301367888e+04
-3.396356422930300323e+04
5.399054951861860172e+04
9.216367969467520015e+04
8.536905059279698662e+02
-5.412998931909593011e+03
-1.962942100454193906e+03
2.025217888055254880e+05
-9.588008346410858212e+04
4.240470262458067737e+04
6.700377140491811588e+03
-1.161652719204081804e+05
-8.061017633274507534e+04
-1.855422602270025818e+05
-9.350560972064992529e+04
-1.451259867141565774e+05
-4.760454151229793933e+04
3.799373062295066661e-03
9.717393832791888508e-01
-6.671090339731742258e-01
7.206168120347338117e+02
5.560051160477821668e+02
-5.822533228782825745e+02
-1.595115180580678498e+03
-4.063398233816553784e+03
2.555605639983955655e+02
1.830155156950459423e+04
-2.850083528260867752e+04
-1.856295732014993337e+04
-2.287467907956258932e+04
9.709703153982807635e+03
5.238011778801313085e+03
-1.467906537055434310e+05
1.466698443007286114e+05
1.071802952735448052e+05
4.962255213411909062e+04
-7.580929956024540297e+04
-7.124880844474337937e+04
4.686739438538258401e+04
-1.852432957671678014e+04
-3.381085945915545744e+04
3.910805160134732432e+04
-1.531602471603912709e+05
3.094677514657935535e+04
-1.366924939641981327e+05
-2.349928835404785059e+04
8.794135019646778528e+04
4.851261404527741974e-03
6.235150457365153109e-02
8.303178005014104635e-01
-6.916084213024355449e+02
-4.669456024444792206e+02
1.415370735022601821e+03
8.105404106692376445e+02
2.788415924378968157e+03
4.506458930547353248e+01
-1.429252185111226208e+04
1.962434004371579795e+04
3.534004857248611370e+04
6.138499905733073092e+02
1.169632497897883013e+03
7.794822614723141669e+03
8.420092709488110268e+04
-3.801361602402578137e+04
1.036806932234002852e+04
-2.495251191537326085e+05
3.338722779038632871e+04
3.118110344140623056e+04
-8.815428720399473968e+04
-2.182818719498615974e+04
-1.381921250680418452e+05
-1.926241379796608453e+04
1.180706327784914174e+05
1.193593100243617810e+05
1.101508040268417681e+05
-5.143738502058159065e+04
1.148116550175182201e+05
3.310389861109850045e-03
1.091406983382067875e+00
-8.828915836249825455e-01
7.170290897672915662e+02
2.245288173192475156e+01
-6.625544386331889655e+02
1.544389748878894807e+03
-2.466084073665807864e+03
-3.228712596385743723e+02
-1.304880282791791797e+04
-2.996248554783923828e+04
-1.043096308765174581e+04
4.011758115875429939e+04
-3.302144883206248778e+04
-1.752980441516311475e+04
8.083036784161515243e+04
2.237469669870715879e+05
7.262785820090010020e+03
-4.008757284023039392e+04
2.270455944965962262e+05
3.237407168410675949e+05
-5.649838718892770703e+04
-1.512126964552498539e+05
-1.747633429242367565e+05
5.510941148732890724e+04
-3.188231962131811306e+05
-3.290823934978283360e+05
1.153418259512072254e+05
8.622918811721791280e+04
-1.597577158847272513e+05
-1.621144411743449115e-02
-1.935094127732672309e+00
1.770533039236402983e-01
-4.959270491130509981e+02
7.558325267519199997e+02
3.486712047322075705e+02
-3.297314561998696263e+03
1.850348873017579535e+03
2.490242616776333762e+03
3.803211642543460584e+03
5.151878876633974869e+04
2.652500008879478264e+04
3.361383933375705055e+03
7.515177021955889359e+04
4.841749472957546823e+04
2.958954227165840566e+05
-4.393961276338335010e+05
-2.283694977413885354e+05
-2.047190624563019956e+05
1.741716761324018589e+05
-3.003765651434866013e+05
-9.662874888786852534e+04
1.355580732173866709e+05
-2.113447767155359616e+05
3.774727547699662391e+05
8.930515543124504620e+05
2.808259417258662870e+05
5.708651520376808476e+05
1.852811360679640493e+05
1.021387936512299784e+05
-1.303778886959503988e-02
-1.851961423193003720e+00
5.192761289938977454e-01
-4.340051073763974046e+02
6.410913327268003741e+02
4.352230970434445680e+02
-4.561941023052578203e+03
1.433304959059659822e+01
3.631831672540084128e+03
2.441985851021876078e+04
1.680356181172199285e+04
5.408721110770372434e+03
-2.915527089340323801e+04
6.801649746023400803e+04
9.246549232018672046e+04
-1.076452018890373001e+05
-8.531924080241267802e+04
3.025838470558171684e+04
-8.548549387600194314e+04
1.181220155697690461e+04
-2.992535007736662519e+05
5.070471563995602191e+05
-1.484523111748587107e+05
-5.410605320703165489e+04
1.065937775145934720e+05
-1.245154091153998161e+05
4.721682654292132356e+05
2.007580379558716959e+05
3.172811324835712439e+05
1.849391919868368423e+05
-5.431046708414590798e-04
-2.033793378000934779e-02
-1.291645650418732534e-02
7.738503806680097341e+01
2.863659053992585655e+02
-1.039524361045483374e+03
7.957870187759240252e+03
6.530925820312081669e+03
-1.372691525316695106e+03
-1.424893573487192043e+05
8.128045383098114689e+04
6.689216654623259092e+04
3.106820887024792028e+05
-1.577261944011123851e+05
-1.535829449250368634e+05
1.950668773652698379e+06
-4.241874329569209367e+05
-9.021565707643452333e+05
-5.932389949924652465e+05
1.584659565727749374e+06
3.018588281554438174e+06
-1.561452899013490882e+06
-8.238874419062769448e+03
-4.651840711120702326e+04
-8.629158399849300040e+05
8.485579912314601243e+05
-2.791830958353318740e+06
1.151758444580479758e+06
1.011522041030235472e+06
-9.717845676162147429e+05
-2.450935743331434172e-03
-4.988449189625814295e-01
3.236420325144356847e-01
-2.690013172608106515e+02
-3.624602984411125561e+01
7.812759007011954964e+02
-2.933330975532084722e+03
-5.555849700130759629e+03
-2.375605754532781191e+02
3.239052087742502772e+04
-1.074474766225680214e+05
-2.334378809575185005e+04
-1.542076426754407876e+05
-8.393346273986672168e+04
-3.553758870777393167e+04
-1.069670180670188973e+06
1.563532409470634535e+06
6.345759206797633087e+05
2.367945156023099844e+05
-1.979695704206102062e+06
5.954633332582546864e+05
8.635232778736286855e+04
7.856767801492864965e+04
5.194001786970299436e+05
-7.953763166550571332e+05
-2.945471134724310599e+06
-5.313158067686901195e+05
-2.477066752659310121e+06
-1.856585405736549292e+06
2.026154006446187384e+06
-1.152019674195742856e-03
-8.205291609063129765e-02
-8.660736519729253513e-02
-8.159218883357450380e+00
1.519315274596285121e+02
-3.078861534612746254e+03
3.170098145698475037e+03
7.519855176431806285e+03
1.528772633533082853e+03
-4.150199477305926848e+04
1.021194763189455989e+05
2.273314787341536066e+04
1.289438300261234544e+05
5.545575279260936077e+04
1.011731114380249710e+04
9.849539565220077056e+05
-1.093230448440807639e+06
-1.235859426620744634e+06
-3.361535722825747216e+05
6.012840111543175299e+05
-3.368422632745903102e+05
-3.900171253381862189e+05
1.128855229030302144e+05
2.581359483561370143e+04
1.246323695895735873e+06
1.656646826028989395e+06
8.819168827822690218e+03
3.089908742026096676e+06
8.273357845374238677e+05
-2.684619238923752564e+05
-4.425368247346679216e-04
3.527884005618166924e-02
-1.403459773247404396e-01
2.421577221011719416e+02
1.709122418019709642e+02
4.381483823687360200e+03
1.923351426056561877e+03
3.385436815719444894e+03
4.865346609558185264e+03
-7.893175804067993886e+04
4.744013565888821176e+04
2.477537268439098261e+05
1.313373700886984589e+05
4.918594008644167479e+04
1.352467588856279908e+05
9.789594696429282194e+05
-2.020217688174749492e+04
8.215543467182375025e+04
-3.962325015406982973e+06
8.084366104637830285e+05
1.027904084709062008e+06
-6.988312744013905758e+05
-1.083526806188673247e+06
-1.839516940842736512e+06
-7.465439270667725941e+04
5.826088236768502975e+05
1.209796396167744417e+06
2.194665852268817835e+06
5.532473891076784348e+05
2.149767484729110729e+06
7.719168034845193564e-04
2.441938038783576514e-01
-2.150401003318049009e-01
2.071176188265349936e+02
3.899591777984708330e+01
-1.298369275045180586e+02
5.593054183461204332e+01
8.081206324633647455e+03
1.284825688369643103e+03
9.642311659071892791e+04
3.961983713051315863e+04
1.798752417132446135e+04
-2.869086696237136493e+05
1.549918888789451157e+05
4.197317887209008768e+04
-2.523191990816544276e+06
-8.623264750897745835e+05
5.353295452231311938e+05
2.237973225250450778e+05
-7.621010786745402962e+06
-4.578969774784877896e+06
1.350715513677816372e+06
2.884346490537117701e+06
2.139941111604124308e+06
-4.043611905414858367e+06
1.107013655007855734e+06
3.385252994065844920e+06
-6.671603334962476976e+06
-7.779366975614001974e+06
6.880325846016483381e+06
2.635479087348267541e-03
3.500039791903508668e-01
-7.300347831118854380e-02
1.295796423476024017e+02
-1.938162721192830134e+02
-5.930099879680999209e+01
-3.896435435719653469e+03
-4.666920615891322086e+02
3.348029054820141937e+03
1.361197025982136547e+05
1.948281739328685799e+05
2.751142738338434719e+04
-1.995378573979340435e+05
6.318635907909512753e+05
4.046296138912572060e+05
8.857042065720453393e+05
-4.727475259308881126e+06
-1.255493209787977394e+06
-7.739663298758754972e+05
3.778431919560066424e+06
-1.106588810693818517e+07
1.445729373067603912e+06
1.290672654242671328e+06
-4.488677444090403616e+06
9.639516672024991363e+06
1.611938456023052149e+07
8.337402795548302121e+06
1.041442220540137030e+07
2.808834307897252496e+06
-3.589039878063778859e+06
-2.357256400704952574e-03
-3.740080695731337057e-01
1.591650130350504289e-01
-1.763862641850001296e+02
2.477078106822808650e+02
1.768551551261563191e+02
6.042451000670720532e+03
-3.509518886980656134e+03
-1.980895515941006306e+04
-6.291102116139468853e+04
1.007258496532168283e+04
1.410488799169213598e+04
-1.946053000794247055e+04
-1.948631665586891468e+05
-6.028642260803063400e+05
1.248894819821991026e+06
-1.118212617653232737e+05
-3.009221796949926065e+05
5.517571556811302435e+05
3.913521203327641706e+05
1.242355096205365844e+06
-6.968760715744923800e+06
1.744803286207339261e+06
-5.633026031446474371e+04
1.555762119165777229e+06
4.200933252277375199e+06
-2.931877973784779664e+06
-4.422934601830322645e+05
-2.772366601820051670e+06
-1.253744497447046218e+06
6.626592193799091084e-04
1.064583653429240495e-01
-5.166256276611109338e-02
9.645433366408052223e+01
-8.382726011538274236e+01
2.320606579046050683e+03
-2.456881127426530838e+03
3.043407475857534337e+02
1.039952635712349547e+04
-7.411789789076960005e+04
6.325834957104946807e+04
1.311816528129899525e+05
2.551349389598497364e+05
2.620835493776650692e+05
2.320397878424239170e+05
1.777023802055754699e+06
-8.664285322247688891e+05
-8.337316356517731911e+05
-1.937344991194179514e+06
4.636016436772069894e+06
-1.449422334003274795e+06
-1.068830659172558953e+05
-1.867127492903408129e+06
-5.515255119527749717e+06
6.056404317522017285e+06
4.165502516388989519e+06
3.186808776511956821e+05
6.874106388557281345e+06
4.565602033769675530e+06
-3.484140550908101723e+06
-4.409707699185694382e-04
-7.857151716771379468e-02
4.359520621590200207e-02
8.200576114405747319e+01
9.563679121959512486e+01
6.024443312342956233e+03
3.674043693583344975e+03
-3.242645292807929309e+03
-4.845585002155057737e+03
-5.348021188666464877e+04
5.843552969298615790e+04
1.962859981803716510e+05
-1.674808484279620461e+05
1.338898571486645669e+05
-4.867802517514253122e+04
8.962640598677815869e+05
-5.982182134456598433e+05
2.905411960056922399e+05
-1.970888119377333438e+06
-1.211398250991579378e+06
-2.298147983604159206e+06
-1.847631344908620697e+06
3.388670984715262428e+06
-2.739999744066146668e+06
1.162025861188978655e+06
7.177108045384993777e+06
2.521080722353282385e+06
-9.062201226144861430e+05
-4.909187892381596379e+06
4.398132124843845144e+06
2.448172034212236158e-05
-1.619754044661825450e-04
-3.281805285038494596e-03
-6.247849062281586896e+01
-5.674191964208987571e+01
-2.971694038588325384e+03
7.690081706489779663e+02
-4.420216044938965751e+03
-6.504065808983265924e+03
5.813880626715360449e+03
1.721453102365951054e+05
-5.964020827293576440e+04
1.169053925025279568e+04
1.261246124214264128e+05
-1.263808558378077432e+05
3.649936361759702675e+06
-3.378641866639682092e+06
-2.215468251961897127e+06
8.943763887340411311e+05
5.725790927130498923e+06
-2.962528782414431917e+05
-3.535924263614686672e+06
1.346445191899364116e+06
-4.632055816686878097e+05
5.609830040317290463e+06
1.569267528638292849e+07
-3.476310482411120553e+06
9.649620022345438600e+06
9.172012509186033159e+06
-3.205961520019855350e+06
1.524498236879912602e-03
2.936742855749999159e-01
-1.804387294317539858e-01
2.355065063203552427e+02
-7.103296163179352618e+01
1.596551812706075452e+03
-5.130913703806607373e+03
8.022746891099758614e+03
7.508693439083621342e+03
4.857082760289025464e+04
-5.559666133741544763e+04
9.504551611033556401e+04
-2.856405191091818851e+05
1.973606000980609970e+05
2.113372398615085403e+05
-2.933439662130194716e+06
2.634790320406448096e+06
7.326260189526916947e+05
-1.033514895577310235e+06
-9.307185181054659188e+06
-1.503223115251366049e+06
1.848459180725798709e+06
1.413433203958998434e+06
8.702418338163818698e+05
7.510369041352632921e+05
-9.523163392917975783e+06
3.594327035317859612e+06
-5.773987856819399633e+06
-1.076486026549181156e+07
1.482276534664468654e+07
-1.201185774779270918e-03
-1.957529992791607887e-01
8.904534045988564406e-02
-1.070914390285735323e+02
4.608450902734576715e+01
-9.823388735556093252e+02
1.131420460714443152e+03
-1.385750007293844419e+03
1.409958185205287191e+04
-1.566906895164033631e+05
-1.183262946405751281e+05
2.126164949938173231e+04
4.208739071123516769e+05
-3.982151551367507782e+05
-3.509134827129029873e+04
1.225383867893894203e+06
2.748490367899552919e+06
-1.200824974047415890e+05
-1.285985755787777714e+06
2.130729251537265722e+06
8.867867241926552728e+06
1.513830674423568125e+05
-3.361532624151655007e+06
-3.618769021975700889e+04
-4.002203078934956342e+06
-7.154481929826055653e+06
-1.085844206387672015e+07
-2.554947514654587430e+05
6.375892428301305510e+06
-8.155541826766931918e+05
-3.670836738029813824e-04
-1.012731380117326031e-02
-5.311387125619571742e-02
5.002207931558656639e+01
8.606849615484848925e+01
4.952003078369333480e+02
-1.036745237945960298e+03
6.781356210195139283e+03
-9.434693049062916543e+03
1.805872768411675861e+04
-1.586322372542997473e+05
-1.087536736446807190e+05
-3.290781751872987370e+05
-3.794311689968916471e+05
-8.040351782236848958e+05
-3.634930942829430103e+06
3.651153042208182160e+06
2.847590175316345878e+06
6.391358857572551817e+06
-1.164353010281720944e+07
4.947410862077662721e+06
-4.793791662261386402e+06
4.321141435304454528e+06
5.842279590834940784e+06
-1.135758736980333365e+07
-9.715575832236735150e+06
-9.419614346639573574e+06
-3.468957302890725434e+07
-1.379366750672234595e+07
3.928493288918518927e+06
5.516418542929029788e-04
7.919010007243612592e-02
-2.701547961532453287e-02
4.809246952379456275e+01
-1.158184550457131508e+02
1.762905008596086702e+02
-3.452418542588669425e+03
-2.206656275222956992e+03
2.523709997389915588e+04
-1.227751636569539551e+05
5.923214862844883464e+04
5.623376452567365777e+04
8.066673361498026643e+05
1.800981722857373534e+05
6.470064629428127082e+05
3.451805425669915043e+06
-2.584423560554898344e+06
-1.345519410985139431e+06
-2.845884818865631241e+06
1.501454030738415942e+07
-2.114905822470178362e+06
4.751954602347968146e+06
-7.638804557264233939e+06
-1.018747682254067063e+07
7.043643431848902255e+06
8.747332656401215121e+06
-3.374755559717355645e+05
1.797803549885936826e+07
1.868454281580321863e+07
-1.989144313107097894e+07
-1.511946939567695200e-04
-1.487651139696454482e-02
-2.634749876208140364e-03
-4.819055398063619577e+01
-5.501684466651367700e+01
-2.887965677347270685e+03
-2.011559513504961842e+03
3.808549804452918011e+02
1.041078052093877704e+04
-7.574282453884361894e+04
-6.808441122198024823e+04
-5.888651384745154792e+04
3.909244042026817333e+05
-7.303455521903883891e+03
8.996410103417075879e+04
-5.631746335023841821e+05
2.233481220988708083e+06
-5.811477466619977349e+04
4.040362298211545567e+05
-8.123960298160745297e+05
4.259323836373569444e+06
1.926690984301317949e+06
-1.410004657847558381e+06
-1.521322270064951445e+05
-5.641597576201372780e+06
-1.428953787955966592e+07
-4.087133603534583934e+06
-6.437123431261202320e+06
-1.859779659057192970e+06
2.439327443764786236e+06
