# -0.15J_-0.85g_0.73304theta_1.0472phi_10Chi_0.01delta_500N
-5.776637916657975103e-01
5.528320475985669669e-01
5.947843559059922125e-01
-7.636394364061456497e-02
-4.302832014417971168e-02
-2.765581246468018159e-02
6.547512245673147747e-03
-5.867599694564659685e-02
3.733409393699173295e-02
1.206542985050001147e-02
8.003578093385148584e-01
-1.452133297481558838e+00
-9.909792254105141973e-01
-6.179098132981475366e+00
-5.841044130447916594e+00
-6.848087407962680118e+00
3.358389542093215940e+00
-1.020472534012609778e+01
7.126758673019742751e+00
1.823855222974799961e+00
1.028813257244015344e-01
4.684362536731062066e-01
-2.963267928847704291e-01
-3.045769432948870481e+00
1.063776365077720421e+01
7.178072380965149435e+00
8.493632245944361614e+00
-1.013057668466334382e+00
6.807220496175570013e+00
9.537486594576295440e-01
-2.430192703616654640e-02
5.491704922334204930e+00
-6.254053757197397978e+00
-1.912255606674773389e+02
2.395613909435273854e+02
1.283855856398982951e+02
2.254538656143665492e+02
-4.852748300247029647e+02
3.813186948378714760e+02
-2.062507921245026409e+03
8.424168898866275790e-02
1.096384695927661035e+01
5.591425929972150266e-01
1.560928372164318034e+02
2.457234848503882176e+02
2.397629823340123494e+02
-6.142072193827185629e+02
1.934727850216266916e+02
-1.135553900994572700e+02
-8.654022899969357923e+02
2.713508792971991782e-02
9.690413723594318185e+00
-1.086170503662127196e+00
4.148269325756137249e+01
2.474652546851732211e+02
2.943448616042591084e+02
-1.996717310286217071e+02
-7.047406929701203637e+01
8.714460272266384777e+01
-1.015511662549093103e+03
-6.817154291679543981e-03
2.888776679959879967e+00
-7.753124438817022401e+00
-4.804281869279440116e+02
3.855706411393476856e+02
2.151646194912509031e+02
8.285175774494094867e+02
-2.114219634210550339e+03
8.956597316735620780e+02
-1.125750405437221161e+04
5.588839146952549741e-02
5.642387204800535017e+00
8.968043671662394800e+00
1.881905499693013439e+02
-5.812173650157222937e+02
-4.471095532323900557e+02
2.163166297707400190e+03
1.461071650289371519e+03
-8.746758504713566253e+02
1.447688854418237497e+04
-3.603337940129491823e-02
-1.078998381677766627e+00
-9.531355406098199978e+00
-4.405267875225782745e+02
2.387885501344056252e+02
1.020209540832416337e+02
7.673195100031252878e+02
-1.465611163916870737e+03
1.256287117036545624e+03
-5.075600609409772915e+03
6.521214912379517427e-03
-4.433168229118671366e-01
2.334378651497217128e+00
-1.118253246767067139e+03
7.120535003104536145e+02
-1.015370405457942269e+02
-1.594246009534670748e+03
-7.332049190337097571e+03
3.513072330879162109e+03
-7.440150723496395221e+04
-5.772608359197102246e-01
-7.918221340801328001e-01
1.812757248377304675e-01
9.654603749238745147e-04
8.769239694920244466e-02
-2.766160953790912369e-02
-5.415516102707502999e-02
2.361039339494725234e-02
3.737549746542582346e-02
2.563078597369029561e-03
-4.895721497360331909e-01
-8.125795322715420044e-01
-9.807513161096570453e-02
-8.307012977671558218e+00
-1.816523060610108598e+00
-2.794745321732049259e+00
9.697910808917805880e+00
4.834135918159898182e+00
-9.451089828977005780e+00
-7.905714110184567378e-01
6.417995599180486010e-01
1.362729133494877232e+00
-9.372499437462463723e-01
-7.066469521504880724e+00
8.511495847224082922e+00
-9.530667154081301717e+00
-6.554379315429323505e+00
5.318867452478102997e+00
2.774386474876645359e+00
4.159883731314611421e-01
-6.085475025910187796e-02
3.838596314946083776e+00
-1.192406469676728520e+01
-2.682372597398795051e+02
2.007309977781661985e+02
-2.721286326294019773e+02
-1.397545600466316102e+02
-4.057493131681476939e+02
-9.202557954840331433e+01
-3.125474443447304566e+03
-6.324613251634726707e-02
5.292466234614167320e+00
2.220668362141577479e+00
1.951551478328331939e+02
1.687255808931300578e+02
-8.544504663982158021e+00
-6.961474353525014749e+02
-1.736368269797039261e+02
3.871548315210197870e+02
-3.106180399388081241e+02
2.721037421997744496e-02
-3.917650632584596337e+00
8.944764874997023441e+00
1.935890779597951621e+02
-1.599711273034947965e+02
2.947273998201274594e+02
3.608405104564226207e+01
2.110366401125307334e+02
8.681127578113677146e+01
1.789173114187614601e+03
5.188087963290771709e-02
-1.179479818269545355e+01
-2.850863134791175924e+00
-8.032674061581891465e+02
6.058802149691540961e+00
-4.986504000817972724e+02
1.258991169600912372e+03
-2.487417694376416421e+03
-1.191222728346459462e+03
-1.886046750399458324e+04
-2.200241141804971587e-02
7.232923780453492935e-01
-5.730298016276983653e+00
-1.938796925066482117e+02
-2.619225252922672667e+02
4.074803673806686533e+01
1.840581701305495017e+03
1.050417820398727144e+03
-3.382822419691011646e+02
9.090940307884595313e+03
-3.608957576352700425e-02
8.785639761823430760e+00
3.833667642451501489e+00
4.273493623974197249e+02
2.608516912702079935e+02
1.030987066966417132e+02
-1.641008730415386253e+03
8.555368392910405362e+01
1.255529853593406870e+03
9.281350326752702813e+02
-4.269640263966228977e-03
1.312451726630729620e+00
1.116214272431199417e+00
-1.262074226657405461e+03
2.514802266634305852e+03
-1.638175747886143881e+03
-1.008292357699204877e+04
-1.468796620027025347e+04
1.005371168835509593e+03
-1.259851043613194634e+05
-5.772592429160565697e-01
2.386091601278325647e-01
-7.764696521157904430e-01
7.552775649898893495e-02
-4.465169409806861445e-02
-2.767159663530074226e-02
4.757982964635284334e-02
3.503136912897473337e-02
3.735688786348993068e-02
-1.449463319098394896e-02
-3.113378919871920281e-01
-3.580295034057245362e-01
-1.100783374091732991e+00
-1.073360541303979154e+01
-5.663390963559440827e+00
9.635583910540695740e+00
-6.494511501746991655e+00
2.797720548748737102e+00
2.325770216454997374e+00
8.022250752655881931e-03
-7.447616094525952857e-01
3.600724962416190222e-01
-1.391495408503499620e+00
-3.215647004389544872e+00
6.088950397026976269e+00
2.343430463808980679e+00
-4.520546092425441920e+00
-1.087492183599235496e+01
-9.581975910848294475e+00
2.937502686987011558e+00
8.518784702139933773e-02
-2.470140694472771625e-01
-7.657168581619481884e+00
-1.961289413876850745e+02
1.534464737073043636e+02
1.436838690734641659e+02
-2.781936845920197499e+01
-7.630175364430691616e+02
-2.894636404997451109e+02
-2.024151917960715991e+03
-2.107526224402957865e-02
9.558088774136704657e+00
6.307850795161451529e+00
2.424489173288187374e+02
2.406948625602093728e+02
-2.312748398996836556e+02
-3.381073892479284950e+02
-5.882866309615391032e+01
-2.735570746684612118e+02
2.506494084365561434e+02
2.717187618044655459e-02
-5.776777178508742949e+00
-7.862203937015445732e+00
-2.350772506522617391e+02
-8.747267194197067397e+01
2.943032794277929725e+02
1.628619475910903986e+02
-1.396736787204938821e+02
8.711377544187705269e+01
-6.716219339486657418e+02
-4.502801949890479494e-02
-2.057939347804895180e-01
7.430164238695358137e+00
-3.129936337228463685e+02
-8.307570030523071125e+01
2.840470988157229044e+02
1.345661392076114907e+03
-1.945417223275636616e+03
2.953963352376691205e+02
-9.491684350869114496e+03
-3.387836574908072163e-02
-9.543329963609824773e+00
5.867591222926713534e+00
-2.804475095782101448e+02
-7.516145873236808939e+02
4.079928372060334141e+02
2.369847307649411050e+03
9.551602209723865826e+02
1.213805029623688370e+03
5.541354687826637019e+03
-3.607787475720640458e-02
-7.715948358104403049e+00
5.699608291977903640e+00
1.269179632578136818e+01
-5.005612342028063608e+02
1.023999957582948497e+02
8.786133233974966288e+02
1.380092090458122357e+03
1.256817235550362966e+03
4.083834037059978982e+03
-2.271994244733821586e-03
-6.474669886571228217e-01
1.990044204415971074e-01
-2.703668620335966352e+03
1.516427612314155112e+03
1.676639502512953186e+03
2.613877582992082580e+02
-1.822231475254891848e+04
-4.605980078689949551e+03
-9.872719818560658314e+04
