# -0.15J_-0.85g_0.73304theta_1.0472phi_10Chi_0.01delta_500N
-5.776716267813190031e-01
5.556118070843428791e-01
5.851781735600789514e-01
-7.290740309594249957e-02
4.582926684083589441e-02
2.689023802094570037e-02
-7.730510221903606066e-03
5.687523328780885734e-02
-3.641353149666896188e-02
1.372107905278081158e-02
8.042618980544207208e-01
-1.466325606951617733e+00
-9.725977793383580039e-01
-5.765029582444738843e+00
6.122470401112018124e+00
6.778038615683103174e+00
-3.624755883858802097e+00
9.882694744820135213e+00
-6.919995195547430811e+00
2.179670862981296864e+00
1.120858365019433284e-01
4.492265647489766534e-01
-3.117528478038485429e-01
-3.631512076659707322e+00
-1.028187469657319042e+01
-6.972025758728462641e+00
-8.388584990848764633e+00
7.773502239893713694e-01
-6.768198136579595570e+00
1.183124042368399964e+00
-2.884824253412465039e-02
4.910012242356343037e+00
-6.369511962497577784e+00
-2.097547623447278795e+02
-2.163788676243063378e+02
-1.152784538500981171e+02
-2.681892495957005167e+02
4.781224092265077275e+02
-3.822467547195772681e+02
-1.884406480684125427e+03
-8.438008667727754653e-02
-1.139677966835357381e+01
-1.517435697062767819e-01
-1.336575326835483963e+02
2.641771650874201782e+02
2.448841442859715869e+02
-6.033044926594388926e+02
1.515819485085098961e+02
-9.450980534050238191e+01
2.441545003386461588e+02
-2.780483941033077069e-02
-9.850718355595992293e+00
1.205551228199740699e+00
-2.893523601137306756e+01
2.500723881860020583e+02
2.939564278864826292e+02
-1.960593795622387745e+02
-7.237930095622594706e+01
8.642320980904338512e+01
6.123480671020295176e+02
5.632318402118839835e-03
-3.118102549969835824e+00
7.590789807363424124e+00
4.910461794340193364e+02
3.469707656974408110e+02
2.033303722871046944e+02
9.540466858773535250e+02
-2.007291522229598968e+03
8.553548176687154410e+02
1.139482879633550692e+04
-5.774377468829057503e-02
-5.699009381036416855e+00
-9.379329723748890402e+00
-2.303452459613515941e+02
-5.952096531442401783e+02
-4.621999022842350655e+02
2.126136465292977391e+03
1.581090206960037676e+03
-8.973748054299645673e+02
-1.055273049965529208e+04
3.701945634452202122e-02
1.209117959568865253e+00
9.715687422047198041e+00
4.564657093043221607e+02
2.193767335476015319e+02
1.027510560842854375e+02
8.143729135307264642e+02
-1.435490127219939495e+03
1.256196394167811377e+03
5.305766788414947769e+03
6.859225953052278633e-03
-4.454105441183935366e-01
2.463785753219533969e+00
-5.579631516777594697e+02
-1.235920474469994360e+03
-3.729232021141593236e+02
6.288183396426989930e+03
5.762930323392816717e+03
-2.664646919020866790e+03
-5.318391409771407052e+04
-5.772519578754585767e-01
-7.849060408030100744e-01
1.884925705786255068e-01
-3.200120011508236079e-03
-8.610494089435012655e-02
2.690842435508349409e-02
5.315870780737742829e-02
-2.167838365649386520e-02
-3.645238474965528663e-02
-1.465020833900796760e-03
-4.995014017514852189e-01
-8.281177856506709567e-01
-7.955135040081466602e-02
-8.067742464471200137e+00
2.300777703059913470e+00
2.650821395051298435e+00
-9.398887341226615177e+00
-5.055040161476423322e+00
9.314856810293953515e+00
-1.494693895720417276e-01
6.405847234594134187e-01
1.343655194993922830e+00
-9.514329951630826621e-01
-7.449762092415696202e+00
-7.980224319238254260e+00
9.368036962488096364e+00
6.553432270199969878e+00
-4.991653079379966051e+00
-2.614563853809621641e+00
2.740135595738561053e-02
-5.870599570494015179e-02
3.525132092760180136e+00
-1.220237383721923763e+01
-2.864388994845052139e+02
-1.779507429437615258e+02
2.699635345921543035e+02
9.396799539274395840e+01
3.921456363454590814e+02
1.090438581100556377e+02
-3.069749937034213872e+03
6.726258026663753387e-02
-5.563635022562900545e+00
-1.544481920308022449e+00
-1.722594684171318988e+02
1.875731934424962049e+02
-2.248592949432115518e+01
-6.907561250036737874e+02
-2.135573484125387722e+02
3.785970117697038972e+02
-8.523441404955052647e+00
-2.788177081696771240e-02
3.893375718876391556e+00
-9.143535877652810839e+00
-2.021885573905690592e+02
-1.502763202807925040e+02
2.943142287590567889e+02
3.118450351128405629e+01
2.067699527413760450e+02
8.625462398502172334e+01
-1.765911412044320514e+03
-5.291423342953051334e-02
1.200300697875013256e+01
3.045825424858236374e+00
8.165319893343043987e+02
-3.670421809731988816e+01
-5.035493406485619516e+02
1.388011882710623013e+03
-2.393577988860620280e+03
-1.190808168209632186e+03
2.053446514412361284e+04
2.396788421921882545e-02
-1.138328196707458106e+00
5.751842381681329108e+00
1.536370097648515980e+02
-2.745548937028338514e+02
6.003399194342981815e+01
1.777097584704635210e+03
1.194633700965509888e+03
-2.996066859174098340e+02
-7.508259906226033308e+03
3.707501678481084362e-02
-9.008829452890662282e+00
-3.812760359626368611e+00
-4.183587417513740547e+02
2.843301787704885442e+02
1.036073070918530448e+02
-1.646526637936041197e+03
2.941750063147025784e+01
1.254803191074289316e+03
-2.320205878182325705e+03
-2.849085529924904204e-03
9.519784516570929389e-01
8.089066387751618903e-01
-1.209436346264189751e+03
-2.983801806190183470e+03
1.871240106868774774e+03
1.267603677146072005e+04
1.517353937877963472e+04
-2.234086674281770229e+03
-1.034458653076500777e+05
-5.772603068704992291e-01
2.288867500065708549e-01
-7.740818607019535058e-01
7.622303871171343115e-02
4.024725073919446783e-02
2.690803998462566390e-02
-4.540621867407301782e-02
-3.515218463229613510e-02
-3.642665786162822134e-02
-1.224632211261540704e-02
-3.053265732058294546e-01
-3.727928010623825505e-01
-1.081252944959019358e+00
-1.023170424201386730e+01
6.198260834475881609e+00
-9.422267194568243909e+00
6.419295005363006901e+00
-2.583445069338300204e+00
-2.396308341676888443e+00
-3.224274328027248310e-02
-7.527464617463555108e-01
3.419775259033472348e-01
-1.406414872377181435e+00
-3.548646824643325370e+00
-5.820368323482495221e+00
-2.387130622188053941e+00
4.084739646475962438e+00
1.083260094259004980e+01
9.383645966207298628e+00
2.637822672051375328e+00
8.758705493228617633e-02
-8.354066670603940148e-01
-8.086984928447444432e+00
-2.148680588544144143e+02
-1.307732052960673172e+02
-1.546866223860725711e+02
-1.171022593665434641e+01
7.506207094820068733e+02
2.736548704099323004e+02
-2.209959692655768322e+03
1.721362744596261971e-02
-9.677547873217463348e+00
-5.906707446166747921e+00
-2.194790850843799888e+02
2.589764831644498031e+02
-2.224790128444167863e+02
-3.323770131854012675e+02
-1.053805414610987583e+02
-2.837726709129970004e+02
-8.081256738012958749e+02
-2.784676730406137821e-02
5.960850028943880830e+00
7.940569106776200314e+00
2.310952279111362486e+02
-9.977290579850576080e+01
2.939592397930948096e+02
1.639192376666613882e+02
-1.335051983193949070e+02
8.634223982466407676e+01
1.049031734760153086e+03
4.723416662982596326e-02
5.039041057119325595e-01
-7.790915907138478147e+00
3.215149204116497117e+02
-1.256387240972573096e+02
3.011573654004031368e+02
1.493190009225253561e+03
-1.850128240038687863e+03
3.329889996320982846e+02
1.243736940193757619e+04
3.377339590989049400e-02
9.682640942593904398e+00
-5.753470651143800296e+00
2.410781402266599116e+02
-7.667741770647771773e+02
4.041147975025859296e+02
2.307359688573855692e+03
1.071440743245590738e+03
1.195855815607705836e+03
-1.686314129873611137e+03
3.705864433624274368e-02
7.809540708957214861e+00
-5.904350876586610397e+00
-3.763057291428040685e+01
-5.044890993383197610e+02
1.028783127338288494e+02
8.350782293232396114e+02
1.406532516946757141e+03
1.256979929406074234e+03
-3.153673131849067431e+03
-3.927504887028104678e-03
-1.194915952029708794e+00
3.995290869224455976e-01
-2.306994967616948998e+03
-1.545976132090435840e+03
-1.405217724518023033e+03
1.536146862769032168e+03
1.548908386152961430e+04
4.842190748592046475e+03
-7.762979237222223310e+04
