# -0.1J_-0.9g_0.0theta_1.0472phi_30Chi_0.01delta_500N
-5.773653723788921832e-01
2.598029577681023050e-01
7.718854484250490255e-01
4.805796905547761455e-02
-3.799496464145266095e-02
2.127912898911703612e-02
-1.771076409563153908e-03
3.990718554677627483e-02
2.304133339605852690e-02
-5.321846968952658428e-03
8.541288666410053838e-04
-1.629325612367677444e-03
1.509550848823479948e-03
9.650226970790867862e-04
-2.406383301851303721e-03
7.243308801593974309e-04
-3.417358539188775231e-04
2.298330456618679295e-04
-6.711804665288060461e-05
2.083764498694561389e-04
-2.937841995300927568e-04
-2.268837528724733377e-04
-3.745213827260662808e-04
2.045844571489698342e-04
1.364507431606660350e-05
5.417576355620303730e-06
2.486288140295588058e-05
2.698776783631755602e-05
3.805559275460937424e-05
8.588161385211031014e-05
2.536940926990841061e-01
-8.762774093299147138e-01
-6.220735023511173578e-01
1.704562864509027997e-01
-1.868007647241837432e+01
1.348153738534322166e+01
-9.406337218843754400e+00
-4.762393375597238077e-01
-6.064798827956037641e+00
1.124551239865372088e+00
1.076643090205450515e-01
1.008899986456745168e+00
3.908535867675553277e-01
1.011315686167574279e+00
8.078535854059397670e-01
-3.056606176816901166e-01
1.120666941249313653e-01
1.368888814156561107e-01
-6.963761867830702001e-02
-2.724889307590662724e-01
2.777676724426290655e-01
8.726300190461937223e-02
2.397001080196978773e-01
-1.062487853391713977e-01
3.142803400137446357e-02
-1.628537523277783644e-02
4.926353975762028797e-02
-5.005970642227358311e-04
1.823643549709864226e-03
-4.332573674719377571e-02
-7.681810853854644794e-01
6.347785228705619121e-01
1.412268266641648840e+00
-8.621082974692845013e+00
3.617911459501247151e+00
-6.109218952076098219e+00
-6.146816565359964457e+00
-1.744951887499609100e+01
-1.343821480741100771e+01
2.672693010826202364e+00
-3.846628796667222461e-01
1.228204229377313661e+00
-5.028737030414790476e-01
-1.446468441194774524e-01
1.460001215931405305e+00
-4.407084318345634855e-01
2.009886513342290237e-01
-6.843626330792039469e-02
8.282952977172618539e-03
-2.085027172687626551e-01
2.375984828811885663e-01
1.382282113879463037e-01
2.661470966786725345e-01
-1.364123467553825519e-01
5.524727645008523265e-03
-1.041203904574792422e-02
3.953996599493060649e-03
-1.325294377054985449e-02
-1.725102314605229253e-02
-5.762432184759246762e-02
4.748812981831507241e-02
2.508820059667484781e-01
8.541360827816477652e+00
-4.476694206745643214e+02
-3.130319210489659199e+01
-1.227858151948803851e+02
-9.383558547154544840e+02
-1.060384512485786445e+03
-8.377251859345810772e+02
-5.335356080863299212e+03
5.324969686739789722e+03
-4.900787690186105465e+03
6.271650543430958351e+03
3.030590513399250085e+03
-7.292013630601478326e+03
1.608723052841395429e+03
-3.442335162587873128e+03
1.511922533494890558e+03
-7.410276373930364571e+02
1.136233747061708982e+03
-1.884511042442618418e+03
-1.494036084108165596e+03
-2.403215187572540799e+03
1.728918340321238702e+03
7.643767058582058382e+01
1.515565464228624535e+02
-1.353953138100380329e+02
-3.361810451938471829e+02
5.517721820995304682e+01
7.857406609989983508e+02
3.697530080596142521e-02
1.842489183033068301e+01
3.360990172448333091e+00
3.742029726289337077e+01
7.900439052829933644e+02
-5.769415873438319977e+02
-1.097802594803706455e+02
9.681665742371822034e+02
5.024950046178071261e+02
2.916328336620269965e+03
7.964715640287484348e+03
7.229243010709012196e+03
3.311830689664016973e+03
7.580750943301731240e+03
2.483837522322970926e+03
-1.429412933429698114e+03
2.217724107133770985e+02
1.071213717117092074e+03
-4.029255437096002765e+02
-2.297229246010734187e+03
2.481319578050750806e+03
8.053460606127081292e+02
1.856215862205072426e+03
-3.906250839861262989e+02
3.812938667325529423e+02
-5.204392424676616429e+02
4.181925621985489556e+02
-2.415021500250942097e+02
1.040769717071135716e+02
5.006084367165188809e+01
-2.073333857400790764e-02
-1.323900143926032236e+01
-5.924389812988620996e+00
1.204796169583922563e+02
-5.748464290998410888e+02
6.460938411560370014e+02
2.195272933825328323e+02
-5.567419204180371253e+02
-1.757511790820984743e+02
-3.593572047137551522e+02
-5.712072303697903408e+03
-7.836742277667813141e+03
-2.859937261333226616e+03
-1.241500449226337514e+04
-3.241452454843350097e+03
8.170416881100458340e+03
1.562925343597292340e+04
-1.767284239423174949e+04
2.079419129889461146e+03
2.370668346010154437e+03
7.097032399203148088e+04
1.864944192341894814e+04
1.002803408111539102e+04
8.886630602721881587e+04
7.811083974954065525e+03
-7.896390248182728828e+04
-2.359200556963852068e+04
-9.270685041751127574e+04
1.357697135928772150e+04
9.079494222708206507e+04
2.006566205323005118e-03
9.110964351953704465e+00
-6.211768878317022846e+00
9.307616228019750224e+02
-1.125767714807350330e+02
2.152352474590902318e+02
4.545425533571115011e+03
1.282052272434368206e+03
1.387913576259066076e+03
2.663849868086353581e+03
-4.782329892322894011e+04
1.033671793016869378e+04
-2.232068843886518607e+03
-2.835238985600786691e+04
1.640179122767113222e+04
-7.022132761903596111e+04
-1.342642173167891160e+05
1.310924720126464963e+05
-4.399017997363505856e+04
-1.043905871428226819e+05
2.185849649320026219e+04
-1.390310069352551363e+04
-1.050942296671726945e+04
2.193166601159852689e+03
2.163866689021096681e+04
1.566047138219169210e+04
1.081988167020843866e+04
-1.708749033460779538e+04
1.756905509145365068e+04
2.336721006695997858e+04
3.874516928130319199e-02
-2.508569867261435382e-01
1.712390674429412130e+01
-1.058887735045985437e+03
-9.410899687783676200e+02
5.441376691652733371e+02
-1.266313292390841298e+03
-6.738870292512780907e+03
-3.528025120932309619e+03
-4.295430587649036170e+04
-4.932495530471485949e+02
-6.801513051765944692e+04
2.893507711761142491e+04
-2.047218309373267402e+04
-5.672586369441150600e+04
-2.254404457777482821e+04
6.116740123282888817e+04
-2.911924640304954210e+03
2.725681300602159536e+04
-1.101212599618657114e+05
9.161258137348668242e+04
7.175529171869033598e+04
9.081160628938478476e+04
-6.083186587728156155e+04
2.299444354968423795e+04
-1.550971257779042207e+04
4.537533869586836227e+04
2.038329830266419594e+04
4.618979551035587974e+03
-3.255329279223346748e+04
-2.245373315991562591e-02
5.857137684779019970e+00
-1.321023186569542496e+01
8.305358274031168548e+02
4.905732792613010247e+02
-1.749841203879732916e+02
1.372597112749195730e+03
3.517332730486225500e+03
3.201015831104957215e+03
2.098358063183445847e+04
-8.408789458305003791e+03
2.225950717464970148e+04
-2.535411085461228868e+04
3.066574571041313447e+03
5.066706183283567225e+04
2.231883788811618069e+04
-3.355419627655141812e+04
-3.583022825697586813e+04
-4.514794531987109804e+04
2.737177906543252539e+04
-1.129392030121702555e+05
-9.357736380491200543e+04
-3.722850650150520323e+03
1.663624878072435386e+05
1.324971955181673984e+05
-5.920154592350730672e+04
5.481210882228530245e+05
-1.974599267980574805e+05
-4.429106457724387874e+05
-3.055710511481417343e+05
-5.146376126991812280e-03
1.068618061007519326e+00
-2.627536894951539637e+00
-5.234444276915305636e+03
-2.926727214428282423e+03
4.020846297389791175e+02
-2.312262411910628089e+03
-4.246648990063143719e+04
-2.078134837018990220e+04
-7.949746737825529417e+05
-1.130680228523846199e+04
-8.407323168268604204e+05
6.697088310163884889e+05
-1.093675873522792099e+05
-8.467009045240260893e+05
-4.776816731742172502e+06
-2.548692936129911803e+06
2.071989614904327318e+06
7.505036946432856843e+06
1.986442372050692560e+06
-3.334430667836928478e+04
-7.683935048611739650e+06
9.684572994036575779e+06
-1.720443060551363276e+06
-1.013198953576002643e+07
4.395232795816356316e+06
-7.454617058342270553e+06
-9.522741891616908833e+06
-5.719231822301876731e+06
-4.246974925689308904e+06
8.322152060641134453e-04
9.332069286651414886e-02
4.061151952823367495e-01
5.225294906341710885e+03
-7.867094529593325205e+03
5.660129143001440752e+03
4.736965311670193478e+04
-3.739600475813073786e+02
8.502760948117309454e+03
1.481911179172728225e+03
-1.009970570577969891e+06
2.242543382295350020e+05
7.549312230202814681e+04
-4.920562451997588505e+05
3.940783519699472818e+05
9.930692136238358216e+05
-7.094668432587707415e+06
3.105429143217839301e+06
-6.427102338165972382e+06
4.975654640024367720e+06
-3.039325686555275228e+06
4.169996139301842544e+06
6.162443726068301126e+06
5.365486583637930453e+06
-4.803022819480721839e+06
-1.190664284847619757e+07
1.134637424911335111e+06
6.330784714389368892e+06
-2.007387973570662783e+06
-3.569983990728837438e+06
-1.567864218369947535e-03
9.625590214711201575e-01
-1.208483772206506046e+00
-4.927449000492592859e+03
-6.998647165162660713e+03
7.669674955595110987e+03
-1.015518014937383123e+04
-6.756049007543586777e+04
-2.233630307805052871e+04
-8.446543066888229223e+05
2.241310342954212683e+05
-1.603887324610747397e+06
5.454082811429547146e+05
-3.077455368002734613e+05
-9.374134511185137089e+05
-4.139941177785435226e+06
3.902062790414237534e+05
3.923138000980550423e+05
9.590602623850084841e+06
4.496550799477099208e+05
1.381733482554942369e+06
-1.319798341758604906e+07
1.896318813700050861e+07
-7.142878571217071731e+05
-8.504270886779531837e+06
-1.875762901640110649e+06
-1.988855979485106189e+06
-1.059586218352997117e+07
-1.262193452002557181e+07
-9.875369163329889998e+06
1.434779759288770922e-03
3.943537458960786335e-01
4.689556881828763069e-01
6.077539053246123331e+03
-3.344579052553202928e+03
2.865823897800642044e+03
2.432685460865041478e+03
2.737367520526162480e+04
2.485454511278978316e+04
6.636637122613823740e+05
7.578515857666500960e+04
5.225211256896308623e+05
-1.204559766398123698e+06
2.003388602104025776e+05
8.842807893177530495e+05
2.314537391101545189e+06
4.213985254862255417e+06
-3.828097106064914726e+06
-9.273317086309919832e+05
-2.576575593909319490e+06
-1.191888702990970807e+06
-1.055711413517875783e+07
-1.377136747224728204e+07
-3.239766824166082777e+06
1.847201701138383150e+07
4.142534171604419593e+06
5.958239483244347386e+06
4.086433248470812570e+06
1.022426816976199299e+07
-2.328340864487979095e+06
-9.196900946379673019e-04
-9.790486989156482744e-01
-1.358992502345815478e-01
-2.936934372602298026e+03
7.425004459624043193e+03
-1.219755486900598225e+04
-2.819795274138071181e+04
2.021919564293054646e+04
2.955719834403750610e+03
1.051301216174742294e+05
4.914756939034683746e+05
3.045740492696337169e+05
-2.070541594225082663e+05
7.622311527362569468e+05
1.359692118969071889e+05
-3.703645872164889588e+05
2.044625995656957617e+06
-2.398658315113075543e+06
1.496928180777922738e+06
-9.717782504298734420e+04
-4.433957929814735427e+06
-2.713124648087505717e+06
-4.069326138274214696e+06
-1.043702789091386274e+07
2.470799825449396856e+06
6.990942739240868017e+06
1.733820137476790929e+06
6.270058803131662309e+06
2.588728023894726764e+06
-4.001498478959677275e+06
-2.322627047823941273e-03
7.757774938573696044e-01
-1.421674236553945647e+00
-7.158596457694266974e+03
-2.389217555494312364e+03
3.149628513363075399e+03
-1.603104065379670647e+04
-5.573310183531769144e+04
-5.006181332871776976e+04
-8.452029849258358590e+05
3.857562498075593030e+05
-9.237078263141704956e+05
8.837126071656739805e+05
-1.363430818310231552e+05
-2.060622463995651808e+06
-4.910617489951835945e+06
1.454639344889009604e+06
2.401076859589082655e+06
1.103068547319495492e+07
5.086501501355171786e+05
6.780014896844748408e+06
-4.433408092060960829e+06
7.735876363569465466e+06
-7.238902705364884809e+06
-6.325566365854864940e+06
1.324724459753375128e+07
-3.682906527947438508e+07
-1.457200660084428824e+07
8.746732144843978807e+06
4.556002317548696883e+06
7.059850727912467825e-04
-3.080149553335478352e-01
4.326418161882413238e-01
1.554106048535682248e+03
1.371423337742522335e+03
-7.869593185717656525e+03
6.888169469840308011e+04
-2.128674720572754813e+04
-2.158549470633919918e+04
-4.731459925454484299e+06
9.606782632195958868e+05
-4.098552747167675756e+06
2.236394262718919665e+06
3.680101329770229640e+05
-4.880892722555126995e+06
-6.918295500977748632e+07
-8.347029957315661944e+06
1.112138755303953215e+07
1.414250880730578303e+08
7.870329566124104895e+06
6.433791314812501892e+06
-2.186826505576974452e+08
5.658714666783688962e+07
-4.599263436361173540e+07
-3.270029700313843787e+07
1.218419761070945412e+08
-1.211807774115454257e+08
-2.208782125955771804e+08
1.563388913727660105e+07
-3.969707856829119846e+06
-3.091659415231247897e-04
8.946187807992811436e-02
-2.211980608154826555e-01
-3.377171436350321073e+03
-2.678933029020848267e+02
-1.517618382767000185e+04
1.293695689636555471e+05
6.104854723640700104e+04
3.285833693803296774e+04
-2.495752942443584558e+06
-7.030272168593367562e+06
3.011591976497045252e+05
4.210205487888772972e+06
-2.025566040370478760e+06
1.415811932717462536e+06
-8.899488754800736904e+06
-1.112070578520359844e+08
3.883627227324050665e+07
-3.099351033980196342e+07
1.363616782688836753e+08
-5.818055347349815816e+07
-1.173789785869964585e+07
2.434612394322597086e+08
7.296069065317402780e+07
-1.987152674999636412e+08
-2.195525867358888686e+08
-5.592645608092793077e+07
6.031558112542003393e+07
-3.907522799640042335e+07
-1.345240832700256109e+08
2.084543279451438397e-04
1.549554345658507304e-01
7.779241137760926905e-02
1.504413812954549940e+03
-9.882360050633840274e+02
1.726457735294487065e+04
-1.266687361409043078e+05
-5.125457656611473794e+03
3.460242529406655376e+04
2.023239780442324001e+06
3.086455608728175517e+06
3.597895870107183000e+05
-3.793484438900228124e+06
2.354172127467059996e+06
2.364108830265414901e+06
1.127562727081635222e+07
3.890359924087650329e+07
-4.212669958416420966e+07
-8.200651908279541880e+06
-2.384917560240653530e+07
4.927933949898110586e+05
-3.947469852935922332e+06
-6.394285811690903455e+07
-6.086352254941142350e+07
8.419333595201277733e+07
-1.359042127360799117e+06
1.209373512702148259e+08
5.898173216641920805e+07
2.848278474438562989e+07
-1.430667998736453429e+07
-6.083649441238902513e-05
-7.263902861153932744e-02
-1.177460205595885073e-02
-7.021570737260394708e+02
3.840949021973956405e+02
-2.014559302837815949e+03
4.264220303921057348e+04
2.619321478025766919e+04
4.397906104751145904e+04
7.407093167581673712e+06
-6.304869311344519258e+06
9.413350056024432182e+06
-7.494498077759719454e+05
-1.480499302945901407e+06
1.092353007046755776e+07
1.403724825061020851e+08
-3.219798931959089637e+07
-7.800916158814107999e+06
-3.761771747804777026e+08
1.426340773630116880e+07
-3.394403355219399929e+07
6.751484628181284666e+08
-1.261567792230196893e+08
1.066991763877256960e+08
-6.592492717883042246e+07
-3.570622311963789463e+08
3.028168618463258147e+08
6.898848767192783356e+08
-1.475407888820202053e+08
-7.153254239296983182e+07
2.112237749752294907e-04
-2.909778664512428503e-01
2.183775728199850719e-01
1.044854001456411879e+03
2.228081365740571982e+03
-2.398798353636034335e+03
1.025128186896674742e+05
-1.054761300392886187e+05
-2.660787413187294806e+04
1.891687492934031179e+06
4.933199318481965922e+06
5.679130974264198449e+05
-2.453317858267813921e+06
1.232415901051378314e+05
4.960835332114028279e+05
8.072023514222544618e+06
1.353057127620049119e+08
-2.324353841068577766e+07
1.363735189078947715e+07
-2.867593493212872148e+08
8.165618141706743836e+07
-1.892144474724917905e+06
-5.882011926121879816e+08
-7.833010624833071232e+07
3.470797490620929003e+08
4.524458890417302847e+08
1.697930870847268999e+08
-1.405354055121324658e+08
-8.478950220915718377e+07
3.691058573938714266e+08
-2.886534262609906322e-04
2.807161044667011995e-01
-2.475216998849159022e-01
-1.788732665400085125e+03
-2.432575238129915306e+03
-6.900345076637111197e+04
-2.288385151042023426e+04
8.795170823727647075e+04
1.098029989949340234e+05
1.642081713885076533e+04
-2.983535009502464905e+06
1.268560495103795780e+06
-1.195995798215501709e+06
4.373509104513347149e+06
6.731197293488099240e+06
6.536460987901880406e+06
-5.766163688974557817e+07
-2.525350124141424603e+05
-3.386453696352035552e+07
8.167334850736856461e+07
-1.499086718838742971e+08
-1.810531075541726127e+07
1.182424157506158352e+08
-5.301040911645771563e+07
-1.341037514215315729e+08
-5.975455488889329135e+07
9.447901523140417039e+07
1.353088540216305554e+08
-6.969898723881186545e+07
-1.407039604240611196e+08
-2.171996796828079795e-04
8.514807363066638490e-02
-1.490394074603442753e-01
-1.416735214528960114e+03
-8.051097059781809548e+02
-1.801276302797319659e+04
1.197697446082289207e+04
6.931995874514759635e+04
9.073477763608950772e+04
-7.627632786606784910e+06
4.076836047593920026e+06
-1.323964362541684322e+07
-1.031678008399238251e+07
2.653777329190133605e+06
-4.443525702937005088e+06
-2.153948896864035726e+08
-1.057161118264811859e+07
-3.968487469946921803e+06
6.698332109033212662e+08
-3.864875280765882228e+06
-1.789479211440692842e+07
-2.338209045011147022e+09
1.887011403464574218e+08
-1.883487385328105092e+08
7.337250598947674036e+08
3.796160522715852857e+08
-4.452024506164803505e+08
-1.441499405111704826e+09
9.096893750630167723e+08
3.760605151514442265e+07
-3.603292346441907407e-04
2.344608004383395006e-01
-2.788072186976431333e-01
-2.338858042458018190e+03
-1.821683460804490778e+03
-9.685047942030492777e+03
9.437859089590723670e+03
8.868117121328508074e+04
3.945646614660359319e+03
9.495160091546377167e+06
6.103028081083317287e+06
1.873084446474108100e+07
-1.376124130299750902e+07
4.046370367384571116e+06
7.742001028733071871e+06
5.707378967234261334e+07
2.393340213865067065e+08
-6.351072369170502573e+07
-1.279905526649124622e+08
-5.827271629761213064e+08
1.166199652196521014e+08
1.833095775960137248e+08
-2.209094806066951275e+09
-1.717031277894738019e+08
9.915142028983942270e+08
1.314376824304828405e+09
3.324294320485059023e+08
-2.900118811553651094e+08
-5.137507334780885279e+07
1.259976618054661512e+09
1.972372884886017231e-04
-1.078223688055831436e-01
1.440569716146891388e-01
1.650554760655288646e+03
4.036960762818960120e+02
-8.654483030114248686e+04
-9.223322345717418784e+02
-5.890407375536116888e+04
-1.627580465397829830e+05
-1.733688530862110900e+06
5.249352981231359765e+06
-7.061679395447163843e+05
-3.220513141464500688e+06
1.028336023560804501e+07
-7.158157367508564144e+06
-4.547616705145622790e+07
7.237619155158445239e+07
-6.026738133236435056e+07
1.059969480055074245e+08
-7.887446022526945174e+07
-5.236574017456778139e+07
-1.899458132413827479e+08
-1.740306586055104733e+08
-4.852541098386334777e+08
2.371033794944271445e+08
2.847822142455475926e+08
-9.331310244348788261e+07
9.631171973158408701e+07
2.060278482005425096e+08
-1.557911167401709594e+07
1.144119778964971425e-05
3.766160928354534559e-02
-1.054015220597919258e-02
8.917645786632874660e+01
-3.870520285664259177e+02
-8.199979791554200347e+03
-2.121119733764496050e+04
2.200478027988007307e+04
-1.290245630125932221e+05
-9.965705762073921040e+06
-4.547856496421937831e+06
-8.386330382135693915e+06
1.783731633445955068e+07
-2.376782846678023227e+06
-6.539363198280878365e+06
-3.711644838963474333e+07
-1.919842982872039676e+08
8.261138950796940923e+07
-5.085332681824915856e+07
3.419081327296463847e+08
-1.324514750097146928e+08
7.213094239141064882e+08
9.775271635175056458e+08
2.305315429429382086e+08
-1.595716672282392502e+09
-5.823463047459419966e+08
-5.055114926052860916e+07
6.343219845343793631e+08
-8.140172963667757511e+08
-3.685333272430416942e+08
4.602612312882939065e-06
-1.154709677861408962e-02
1.490459972672324510e-02
1.590941137139346324e+02
5.099224373593317523e+02
7.646352028783554852e+04
-1.509160352978989249e+04
-1.496334569904547607e+04
5.666736970850176294e+04
4.172279517421371303e+06
-1.170859985910169780e+07
-2.182425108820958063e+06
4.640740442461844534e+06
-6.971205838512846269e+06
1.290915859570482746e+07
1.186784888060709983e+08
-2.198344417212709188e+08
6.200483603601193754e+05
-3.515810720863177180e+08
4.522141452285471559e+08
-5.964772819130855799e+07
3.842508041700769663e+08
1.335212437041837692e+09
2.875322465840511918e+08
-6.395817605584881306e+08
-1.932780801975079060e+09
3.211390038080394268e+08
1.220751781342820168e+09
6.932410605095566809e+07
-1.006970606832356334e+09
2.382764084905786907e-05
5.335957632228497532e-02
-1.278423033176472046e-02
-1.109024786919628127e+02
-4.264043767200316779e+02
2.291767253938487192e+04
-1.146678914428317694e+04
4.364635762653010897e+04
-5.345012741260810290e+05
-7.263538345471815206e+06
1.042807024648269871e+06
-1.945564516946653370e+06
5.551929894236869179e+06
-1.698414522675935877e+06
-3.630771037067984790e+07
-1.194848645340547860e+08
-5.475671527530153841e+07
1.188438810560940355e+08
2.994272006439629793e+08
1.691511788038752675e+08
9.229259230083017051e+07
-4.476821549015351534e+08
3.296909335446947813e+08
-9.315145624208387733e+07
-3.614658540054292232e+07
3.182586682926057577e+08
-1.901759488183212042e+09
-6.070799157762092352e+08
6.570633538028477430e+08
9.124907189052602649e+07
2.193306970834386227e-05
-1.352065351026042819e-03
1.297250569240983569e-03
-3.689287037399980136e+02
2.146966523131044653e+02
9.472798444473020209e+04
1.780140632315890616e+04
2.190721141494908079e+04
1.639130472733046336e+05
-8.944300892561484128e+06
6.400453800163217820e+06
-9.266420713735492900e+06
3.621373728511603083e+06
-6.258107910774716176e+06
-1.491502455805121548e+07
-2.172823744724378586e+08
6.927957057315035164e+07
5.787503151113513857e+07
6.902781569906342030e+08
-1.565156925681054890e+08
1.441960647162595987e+08
-1.468489517677529573e+09
-3.673814758952124715e+08
9.216472792836961150e+07
7.159820748093478680e+08
1.271981272408926725e+09
-6.387032747340950966e+08
-2.550426435594131947e+09
4.304061722793347239e+08
8.398929583003743887e+08
3.225712937141658754e-05
7.183762752896691826e-03
1.387679964402109556e-02
2.832436010902880241e+01
-8.884207945853646038e+01
-8.048566555126946696e+03
-1.583134782201672533e+04
5.936135340968143282e+03
4.241010084496973432e+05
-5.736367057489721105e+06
-1.676888604256348684e+06
-1.227808768989329785e+07
1.025365669367000088e+07
-2.808941799116836861e+06
7.994380704943971708e+06
7.226792845823260024e+06
-3.263487719702604786e+07
2.995112130299602449e+07
-1.173043722581259161e+08
-9.592545446149638295e+07
-6.200628411292388290e+07
8.645949563063431978e+08
-9.987709482392397523e+07
2.083399815966782868e+08
-7.905263380447751284e+08
1.576125057886945605e+08
6.280960675233358145e+08
2.627569454434270561e+08
-1.784113710536064386e+09
8.754571329192142189e+07
8.225499164038998958e-05
-3.898492685336207852e-02
6.402237794456389075e-02
7.418833125473497603e+02
-2.208044197380908358e+01
-8.269893793740701221e+04
-2.189371673358499902e+04
-3.056724194970760436e+04
3.181845577597709489e+05
-4.864496449536926113e+06
-3.265106455645219423e+06
-1.082797441773816012e+07
-1.531801124783394858e+06
3.453868126069019549e+06
3.891952851128941868e+06
-1.658385532858662121e+07
-1.309853148202583939e+08
-9.295764745075065643e+06
-3.412227979581002891e+07
3.535554008363823295e+08
-1.340068156913608164e+08
-2.399930343566944823e+07
1.239457579008343935e+09
-4.347052436046444811e+06
-3.669878712934277058e+08
-9.283255436094359159e+08
7.280683856405098736e+07
6.090603143305267096e+08
-2.109065310136122629e+07
-1.583085810035537720e+09
-5.774344119796506192e-01
-7.983101182065807100e-01
-1.610180004021516675e-01
8.873162372917211410e-03
6.060772399690140394e-02
2.127229340082363238e-02
-3.370085309162538373e-02
-2.145713513585076337e-02
2.304444356732380031e-02
1.921957154267155219e-03
-5.036765920644304187e-03
2.129824380392186280e-03
6.760144907195360332e-04
9.360994942798245592e-04
-2.407549687442916107e-03
-6.672327026288214693e-05
7.987129664545166005e-04
2.287043660237027861e-04
-1.457281277914363393e-04
-1.639270894340812525e-04
-2.943063456301545262e-04
-2.126971810404912463e-04
3.812858689088430763e-04
2.055661260946230683e-04
-3.371746545785251225e-06
-2.070177546244975403e-05
2.587161148491900144e-05
8.576717218953387896e-05
4.435334873845694947e-05
1.595932375593983696e-05
-7.920468156102886681e-01
-1.822062012219738847e+00
8.858687361019802753e-02
-7.026283486554209645e+00
-1.277260815368704172e+01
-1.202698892741330639e+01
1.319943466823688460e+01
6.885094213378541106e+00
-8.602426208869932367e+00
-5.410937864367862948e-01
1.710608937027329413e+00
-8.306129150546727180e-01
-1.807627027539730480e-01
-6.213063583584360616e-01
8.604169797759763094e-01
1.236006990759833633e-02
-2.571696414749652382e-01
-1.277870878624351170e-01
1.774289465534298338e-02
5.873917139369887186e-02
6.692639460087762560e-02
5.810485435916894897e-02
-1.202023692510224007e-01
-6.516430703581037320e-02
4.598915740237246794e-03
1.240653254050766083e-02
-2.143880807780090131e-02
-3.136268674414621760e-02
-1.228882375266987514e-02
-5.990896510471019516e-03
1.644563784969914622e-01
-7.588258114947592226e-02
4.662575314548175198e-01
-1.452933281283069888e+01
-3.579928566160668346e+00
-8.641853762148679508e+00
-1.351541064391740576e+01
5.141121664822050796e+00
1.197125997227397676e+01
1.069661627523062375e+00
-2.051000699785165970e+00
6.630324428602994979e-01
1.318160341910999289e+00
-8.330800031326730526e-01
-1.430604330600103724e+00
-7.135242856189426275e-02
5.196492835841921565e-01
-8.823662703371436267e-02
-3.181381389214057442e-01
-1.236888548454553594e-01
-3.599707570291158509e-01
-2.253273566295202202e-01
2.945512831557327016e-01
1.617807937246142636e-01
2.831459157694351733e-02
1.409615383359505772e-02
-4.364387705695006725e-02
4.504668332217170307e-02
4.881012623873923206e-02
9.264813898509756396e-03
8.277600968251032712e-03
-6.737542049861925619e+00
1.439435092171540020e+01
-7.342913278363703284e+02
-1.277406574272013273e+02
-4.390210714446162683e+02
-1.372017216449265106e+03
-3.601333534108361505e+02
8.545813249905112343e+02
-6.260883117900873913e+03
2.379269274157182736e+03
-4.546555295426785051e+03
-7.314867754639807572e+03
5.217500211299626244e+03
5.799475710711865759e+03
-6.378744531256386381e+02
-2.728610778883331022e+03
1.958984415822664857e+02
2.169733786410874927e+03
1.310367805204233946e+03
3.094675806433698199e+03
1.733101981733914045e+03
-2.644437029746684857e+03
-1.216195221021319867e+03
-5.655820019980405959e+02
2.412258490723230508e+01
4.371774269436409668e+02
-1.612511654621557682e+02
-2.919527805624727534e+02
-8.447310546976397916e+01
-5.960594568695191942e-02
1.257265777132049678e+01
-3.628493573604894884e+00
1.338582551456903786e+02
5.034007297628122615e+02
3.934941697237518383e+02
-8.110516202541741677e+02
5.346928618408765033e+02
4.741004857824981968e+02
5.858382954169981531e+03
7.036100334626789845e+03
-6.505553587161741234e+03
2.882102780687800987e+03
-6.421840522340435200e+03
5.074670974015290994e+03
-2.146879062597228767e+03
-2.024815886291335573e+03
-1.856013126509360291e+03
-5.586650209022778881e+02
6.463610001529962119e+02
3.918985696425033325e+02
5.531449721099999124e+02
-1.338092858329939645e+03
-1.304548467080986939e+03
2.517627253531202030e+02
1.793898832289890208e+02
-1.092091529757723123e+02
-3.302429470131517633e+02
-6.731587271657522251e+02
3.309968756339629863e+02
-2.072896797615964015e-02
1.174528425767720385e+01
-8.524004458635930703e+00
4.383619825936967231e+02
3.904357951745932951e+02
6.459058542301748957e+02
3.772694780264189944e+02
4.654167559707669852e+02
-1.788766872252850533e+02
5.076228722803155506e+03
2.504717791879496872e+03
1.364782006141638931e+03
8.008490742724244228e+03
-1.254348275544430362e+04
-3.278046215119341014e+03
-1.783062801223566203e+04
-7.509254627140294360e+02
-1.786942154295502405e+04
-3.122939507918086292e+03
5.568739948154779995e+02
7.101564911319292150e+04
5.707793262991832250e+01
-2.126091692984410838e+04
8.873206380863452796e+04
-7.339316504763286503e+04
3.372759817602636758e+04
-1.823437310708512450e+04
3.089024181468490860e+04
1.009677593710195797e+05
-7.666397513809375232e+04
3.257568203369391041e-02
-1.315477455179237509e+01
-1.309359915192552570e+01
1.347939738580728999e+03
-8.190623168118838748e+02
3.683690109894142779e+02
7.294021740209835116e+03
3.159450675177379821e+02
-3.749871949947220401e+03
-1.122011767404644388e+03
-4.508902551055933145e+04
5.463022629336531099e+04
4.226592838959149958e+04
-4.677759934958019585e+03
-5.731939270001792465e+04
-1.118445204152304941e+05
-4.652517554139548156e+04
-6.805825818545681250e+04
1.437962414728621297e+04
6.113380036384821869e+04
6.847120470928035502e+04
3.869894349514022906e+04
-1.012073072270698030e+05
-5.429809225603588857e+04
-2.092802317315398977e+04
2.581933839627161888e+03
3.348635673162158491e+04
-1.714717870261425196e+04
-3.953068561855715234e+04
2.192579118491993358e+04
-2.108150376026029019e-02
6.624056728497323299e+00
-5.126727620621799986e+00
-3.534259317535162950e+02
-5.240971011405832769e+02
-4.554244993912670907e+02
-3.002242068737048726e+02
-3.990852488966971123e+03
5.629880612000935116e+02
-4.568334820282291912e+04
-4.265603077734297585e+03
-2.307629526793806872e+04
-1.479842339293079203e+04
3.529684550150739233e+04
1.415794648063343084e+04
-1.098357519278134278e+05
1.974530729534946295e+04
-1.136191196791883995e+05
-1.366907928942816216e+05
-5.248042561804340949e+04
-6.518204149420412432e+04
-2.017745027080127329e+04
3.892698591194916662e+04
2.873477207677963088e+04
9.095620525673935845e+03
3.017726911254571314e+04
-3.147710276362884906e+04
-1.368361593456722585e+04
3.067051176904254589e+03
1.151912736738817512e+04
-2.245603137740656910e-02
8.508893994783377934e+00
1.167739786281852865e+01
-8.406632135604960467e+02
4.738367196511298403e+02
-1.780377670475052980e+02
-3.732973487243377804e+03
-5.709736631742767941e+02
3.201745601406107653e+03
-3.232633292870591504e+03
2.235763075090514394e+04
-3.304542804040780902e+04
-6.520069218404772982e+03
3.445065250638174803e+03
5.067196517036448495e+04
1.786600574560419409e+04
3.606965309497893031e+04
-3.564948576131625305e+04
-3.387753705877576635e+02
-5.350148003325566970e+04
-1.131661938886053249e+05
4.371988255962573749e+04
8.252405724240417476e+04
1.656938067661375972e+05
-1.141931040904121764e+05
-9.642552852934043040e+04
5.439482523200367577e+05
-5.759183678594529629e+05
-3.377798832208467957e+03
-4.144327581582560015e+03
1.855586163068750124e-03
-5.256344481600699892e-01
-1.014077746097540533e+00
-6.210095463844235383e+03
-5.787742850219990032e+03
-5.053316169957938655e+03
1.313447000627124680e+03
-4.532111445665375504e+04
3.049249352869076574e+03
-9.635134659471348859e+05
-9.552989851372942212e+04
-4.596461121547665680e+05
1.049330060288052482e+04
4.860121206833163742e+05
8.463720899391648709e+04
-7.235785257335464470e+06
-2.371296154629299417e+06
-3.698244957113072742e+06
3.761584346693138126e+06
4.169910776792441029e+06
2.677186718968748115e+06
-8.924010797619337216e+06
4.837487910234858282e+06
-3.741330425744854379e+06
2.417089414448804222e+06
-1.226989087019737251e+07
2.367619904996308498e+06
5.944045001358726062e+06
2.379854539201644715e+06
-2.331760618033195846e+06
-4.873167974679410396e-03
1.706683236778847812e+00
2.001070311839892479e+00
2.360747608234834843e+03
-6.888262852372487941e+03
-2.443122806815608783e+03
4.450926163376172190e+04
-3.985798264884708260e+03
-2.222964641263883095e+04
-8.273628524746373296e+04
-8.413367880403123563e+05
8.906120610944086220e+05
4.555209403330329224e+05
1.358188246511639154e+05
-9.285915471229908289e+05
1.174738562698647380e+06
-4.633311095686635002e+06
1.526669958075626055e+05
-4.230265976011771709e+06
8.758871533769484609e+06
1.437417129675075179e+06
8.913089505307486281e+06
5.034783257025608793e+06
-4.145787694236849900e+06
1.126391912848540209e+07
1.140545117972020060e+06
-7.211692860190707259e+06
-7.884184151034398004e+06
3.886866101770805661e+06
-8.857434619459217414e+06
2.036176758570274522e-03
-8.109442867306545510e-01
-6.190796474778725855e-01
-4.333905164384169439e+03
6.456263365297163546e+03
-1.249157742386460086e+03
-5.329745228311536630e+04
-2.213771736249504465e+04
3.264461072127595253e+04
-4.571632524419256370e+05
8.879478342937368434e+05
-1.763962834312032908e+06
-4.216035695877025719e+05
3.422275469138695044e+05
1.233155920643053949e+06
-5.081677492750204168e+06
1.805186989887580043e+06
-3.415806500072950497e+06
5.107151166846199892e+06
-3.708830383162757847e+06
-1.615165927038668422e+06
-1.731625743468825147e+07
1.270675664024619572e+07
-2.334723171274405438e+06
-6.104458391298733652e+06
-2.035129765170797706e+07
5.631653768137722276e+06
1.607184977386136353e+07
-7.251081222294052131e+06
1.198581697432563407e+06
6.618209607481153169e-04
-1.998399173286777852e-01
-1.284603258167666517e+00
-7.213707378207835063e+03
-2.684596502879504442e+03
-7.860366334832314351e+03
-4.247067844603689446e+04
-1.519142200495047473e+04
6.834429841021833454e+03
7.688013493154686330e+03
4.612322200354192755e+05
-4.444249856040177401e+05
-1.031675330767081119e+06
1.753760351738011523e+05
3.647548999613411142e+05
8.976377996627083048e+05
3.280023757514083292e+06
1.673937777145721950e+06
3.207747807234331965e+06
-7.133560875287249684e+06
-4.363032882933687652e+05
-1.658584241563643701e+07
-9.791702167112903669e+06
2.472787025785005186e+06
7.038708035911465995e+05
1.614547622596344445e+06
-1.191640753116797656e+06
1.201580721041316167e+07
3.373332899285094813e+06
4.683047426078687422e+06
-8.845187058103830572e-04
5.954202867800032495e-01
-8.109948500251876746e-01
-5.141764226291086743e+03
-6.247157396873417383e+03
-1.233229390795428480e+04
-4.685923717040174779e+03
-3.509912458407451049e+04
3.416471175906704502e+03
-4.844717865567470435e+05
-1.367424621244569425e+05
-3.530288646001134766e+05
-1.714832170983582328e+05
7.756371387241731863e+05
1.551953195045266475e+05
-1.640121794499269221e+06
-1.259871381032426143e+06
-2.424214323029920924e+06
-4.961279708687675884e+05
1.148870702847643523e+06
-4.450630478862236254e+06
-2.754872125596736558e+06
4.330116343972918577e+06
-1.041101910050678067e+07
4.843013149662553333e+06
-5.951683506611292250e+06
1.329930229003197048e+06
2.178703926376848947e+06
-6.626271931840031408e+06
3.881427565952330362e+06
-2.324222698763023058e-03
8.432700148581129262e-01
1.383656009506358808e+00
5.650934596492444143e+03
-5.006285562078712246e+03
3.185133268231281363e+03
5.627663778207115683e+04
1.398257521888486735e+04
-5.006685912726867537e+04
9.102055478660319932e+04
-9.231581174789015204e+05
1.226135875667158747e+06
3.534191657620972837e+05
-1.521865714173803281e+05
-2.058794667047372321e+06
1.241296376271251356e+06
-4.943011849716878496e+06
2.277390537569878623e+06
-6.059447865902299993e+06
9.306528217669419944e+06
6.732283173259364441e+06
8.903648528959456831e+06
1.686208843939384387e+05
-7.222460589127378538e+06
1.364307280965706147e+07
4.077906256838485133e+05
-3.696152899569751322e+07
4.587663250704938546e+06
4.976326034825987183e+06
-1.711606091120392084e+07
-8.445199165905688081e-05
-1.669352658622882957e-02
7.848947193100237751e-02
-6.827546400008739056e+02
2.086967068055066648e+03
1.727838864039776672e+04
1.098344151589947287e+05
-1.053297780891344300e+05
-1.763823075020662873e+04
-7.167331316590432078e+06
1.134558064009085763e+06
-5.077649278598009609e+06
8.261659815484863939e+05
1.615163591273449128e+06
1.261190654814914800e+06
-1.092095461802137494e+08
-1.367086122622507624e+07
-3.765075096816606820e+07
1.294017450234068185e+08
2.252949645602605119e+07
4.821278786916209012e+07
-2.676998013895339072e+08
1.374503544490330853e+07
-3.891290157790461928e+07
2.055215453871420398e+07
-2.353927547979539335e+08
1.020003678736864328e+08
9.847678009886223078e+07
6.456053726976070553e+07
5.152315248585318029e+07
7.668580927035134132e-04
-2.644967268943935190e-01
-5.131891432676273235e-01
-2.665132921768738015e+03
1.969094893537785993e+03
7.828387013081621717e+02
4.488668182948546746e+04
2.028695374701012770e+04
-3.508757352370304579e+04
-2.325908637379383203e+06
-4.592069605684624985e+06
1.704845622878575698e+06
3.241951865770218428e+06
1.256390219936539885e+06
-4.896738735727230087e+06
-1.422247343500449508e+07
-7.127991646353782713e+07
-1.060704167246141098e+07
-1.569951117881834507e+07
1.485839077186438143e+08
3.408198675031103194e+07
2.846141975498994440e+07
1.949105463515047431e+08
-7.564280904012227058e+07
1.443115584134350121e+08
-1.632549080724163651e+08
-8.289705186187168956e+07
-1.581804869083364680e+07
1.082158396206994206e+08
-2.103367359050149322e+08
2.079488424044800571e-04
-1.450001350928787625e-01
9.939690451670481208e-02
1.268008461364694881e+02
1.808011706867777775e+03
1.745417014189930342e+04
6.778087725872165174e+04
-1.086347483679331053e+05
3.441183272417847911e+04
-3.658027737814103253e+06
1.208644199397908524e+05
-3.378270716358031146e+06
1.683974640688635875e+06
2.372231440675151069e+06
2.241633710483970121e+06
-3.779888206382506341e+07
-1.052344351281280816e+07
-4.154342809471281618e+07
2.106805625423048437e+07
6.360916090350394137e+06
2.310967688691846270e+05
-4.364144141593330353e+07
3.755993819700732827e+07
-6.139781304945746809e+07
-3.984903888495875895e+07
-7.453794375202848017e+07
1.137848300755005479e+08
3.121156275519924983e+07
-4.713894972928552330e+07
3.205100298769777641e+07
-1.517102905983553252e-04
1.485073284156709222e-02
3.365042650844824457e-01
2.081007480424776986e+03
5.759290586696021137e+02
3.113791175853443292e+03
-1.252301076706958156e+04
-1.330042428857983032e+05
2.827920091233622770e+02
3.716802889855373651e+06
-4.103823455656860489e+06
4.942639615913272835e+06
3.314194203809993342e+06
4.790609212564058835e+05
-5.993905964159154333e+06
1.278936078397569209e+08
-1.615766070435800403e+07
2.036172768795887008e+07
-2.999772037381007075e+08
3.344623270097019523e+07
-5.539385419055605680e+07
6.664499709611304998e+08
1.092688991266123578e+07
1.108302533184992336e+07
-5.932268287833458185e+07
3.571941358788185716e+08
-2.865616879134075642e+08
-1.031075180946216285e+08
-2.190801987234685719e+08
-2.985301781010264754e+08
-1.602534181851835153e-04
6.225456450254556601e-02
1.335325756906951544e-01
1.254378952646935204e+03
-5.863605150363629264e+02
-4.868539384041898757e+02
-5.819225615067115723e+04
-5.104827482207099092e+04
5.209380604175695044e+04
4.079241540397017729e+06
8.662280872976833954e+06
-3.517029847873955965e+06
-6.994231439121866599e+06
-1.165512638627696782e+06
9.217148096799878404e+06
2.348631378293370828e+07
1.479918094137977660e+08
6.347575824948749505e+06
3.282122388192651793e+07
-3.632536876894496083e+08
-6.867781772362951934e+07
-1.351212002907996476e+08
-5.981692807012619972e+08
1.302993546605565101e+08
-3.339872455473586917e+08
4.512191736843608022e+08
1.933774254178169370e+08
3.117303647488886863e+07
-3.803085307381399274e+08
6.221514870711336136e+08
-2.896825496431916741e-04
7.407068305246372608e-02
3.675288993864172515e-01
3.004455260390397598e+03
-3.330509848216159412e+02
-6.904553360748244449e+04
-6.478100195821573288e+04
-6.423065881748261017e+04
1.100419423557395639e+05
2.603592084582859185e+06
1.453283253546450520e+06
-1.572272370104636764e+06
-3.408759184704716899e+05
4.384624097232198343e+06
6.677379580840785988e+06
4.767785927648727596e+07
3.390106335423719138e+07
-5.228280414636413334e+05
-5.542449094580659270e+07
-6.862263115582765639e+07
-1.505483166636913419e+08
1.151420049371614009e+08
-4.000423889979122579e+07
-5.344975619991167635e+07
2.111466112703871354e+07
1.448040275117442608e+08
9.407890829807317257e+07
-8.573180704163545370e+07
-1.284671667240516096e+08
1.364502585296810269e+08
-2.037888274325585266e-04
6.476389955542624643e-02
2.252200211881230929e-01
1.698483388211093825e+03
-5.530580010071550987e+02
-6.302613532353336012e+01
-3.815920478750020993e+04
-1.983002497553471039e+04
-4.212628642334270990e+04
-8.823135998085614294e+06
8.749618962269319221e+06
-1.732882576957618818e+07
-1.637149301867027022e+07
2.707920141004776582e+06
8.909786471217328683e+06
-2.633756573634334207e+08
2.952667410036979243e+07
-4.336857671757845581e+07
6.610458491014894247e+08
-1.370663407754366696e+08
1.136629879686004817e+08
-2.391302758978612900e+09
-1.733976369202769697e+08
-3.824525500258223712e+07
5.898540370013879538e+08
-9.232625696973689795e+08
4.629883958297175765e+08
3.081442413715384007e+08
9.259452899409073591e+08
7.623850469749898911e+08
3.651680041024499583e-04
-1.359712439542955231e-01
-2.985509960126377371e-01
-2.580087558097566671e+03
1.261429213436110786e+03
2.052622722479046934e+04
9.737517971738464257e+04
3.924344404728960217e+04
-8.023607250341928739e+04
4.718757771453144960e+06
5.018842877401148900e+06
1.245998224774885550e+07
-9.815654218212261796e+06
-4.242189135644840077e+06
1.751131889858598297e+05
1.441819560743791051e+07
1.918127875265807807e+08
3.720787865742731839e+07
9.011262767029948533e+06
-5.929023933792995214e+08
-3.923731537679580599e+07
-1.788234949123127162e+08
-2.157429087753381729e+09
2.533838500363253057e+08
-2.569106900282281637e+08
1.456390896205783844e+09
2.617811683058857918e+08
-4.653208923728531599e+08
-6.515923754210975170e+08
1.565045995970521212e+09
1.984875496453475862e-04
-7.102694051557374710e-02
-1.669996475489767263e-01
-1.187937791048295139e+03
1.229876863740031922e+03
-8.642173073245363776e+04
5.197031197119619173e+04
2.887086519995733397e+04
-1.620955359776256373e+05
-3.635049408474737313e+06
-4.100373598765883129e+06
-2.341859931850293186e+06
2.450689539941175841e+06
1.025392732396514341e+07
-7.135882572214952670e+06
-3.877155084806441516e+07
-7.493939817444695532e+07
-6.074745334026041627e+07
1.214012559159648418e+07
1.298193853380152285e+08
-5.286869384142144024e+07
-4.051993062260104716e+07
2.543103097538376451e+08
-4.853205827352947593e+08
1.152675581911215782e+08
-3.412977876018702984e+08
-1.111931916251734197e+08
1.802166315345650613e+08
-1.490696665607481301e+08
-2.448650787012375146e+07
-2.994702004903071759e-06
-1.140282550951461161e-03
-3.037127417257741435e-02
-5.605105546390932432e+02
-2.466879322615101273e+02
7.142322090735049278e+04
2.001070562139815956e+04
8.805315047964440964e+03
1.100790725947082828e+05
2.524709304088713136e+06
1.099660545792459324e+07
-5.285254016643825918e+06
6.200497662915008841e+05
-4.895544901127130724e+06
1.343826214036184922e+07
2.440063365394030511e+07
1.458290793649486601e+08
-3.727831312189594656e+07
-6.036953378215492517e+07
-3.373645987893977165e+08
2.028326412107818201e+07
6.055407735100610256e+08
-2.771709900901495218e+08
1.205223277209187001e+08
-1.291914010671039343e+09
4.359195031317570806e+08
2.920679265466170311e+08
2.641035206119890809e+08
-9.973077292948852777e+08
3.480420292639648318e+08
-1.639395747466687388e-05
1.444789107335217940e-02
-2.214178990553545417e-02
2.277306226052901295e+01
-1.979641439759940340e+02
-3.210187260323588998e+04
-2.814354999740387029e+03
2.930299400177572534e+04
9.463732808790705167e+04
-1.197945804977874272e+07
1.260165858587917406e+06
-2.013001307345152274e+07
1.417554545821603388e+06
5.817051086808216758e+06
7.615570390862729400e+05
-2.332056614456591010e+08
-1.559038386531773210e+08
-7.396346710847744346e+07
3.614370141935294867e+08
4.355224185052596331e+08
1.434974784053474069e+08
-9.275862182002385855e+08
1.449757647779123068e+09
-3.379498504435141683e+08
3.795030417186253667e+08
-2.199215176100548267e+09
-1.099505774137829244e+08
5.477909408792437315e+08
7.396213524938380718e+08
-1.245417481222801447e+09
2.438022464060350629e-05
-1.586134524447385674e-02
5.137462954025717732e-02
4.320224874052076984e+02
1.333575992758678126e+02
1.764016564389606356e+04
-3.168580223790237869e+04
-3.117660762382919347e+04
-5.306056192477795994e+05
2.353043105022781529e+06
-6.999286937917967327e+06
5.256502018745824695e+06
-1.023446652200021432e+06
-1.286926317953383550e+06
-3.639413421143335849e+07
9.989682536074525118e+07
-8.205537645096740127e+07
1.117625537806276232e+08
-2.837067943100076914e+08
1.904017519979737401e+08
9.176789831845273077e+07
4.591613753426894546e+08
2.632930813285044432e+08
-1.115361821663884073e+08
2.846446770574657321e+08
-1.218160962115763426e+08
-1.901437643689533710e+09
3.715610897256598473e+08
3.344209138057686761e+07
-8.754353023023432493e+08
7.625196744785405867e-05
-3.256056837765315681e-02
-3.873827418343825379e-02
-1.517253501585006177e+02
3.194685351944738159e+02
-3.108440145565138664e+04
1.670426098380739859e+04
-1.382217401971756044e+04
5.560739903619551333e+05
5.914902439218359068e+06
-7.349205916280145757e+06
1.601024312054471858e+07
1.138202424793769233e+07
-2.060652280483529903e+06
5.142771595890218392e+06
9.319605089241570234e+07
-9.150528031741751358e+06
3.043817426878103614e+07
-8.473062043697893620e+07
1.243625315127597004e+07
-8.977318320274625719e+07
2.389651904599046707e+08
-5.326963734733793139e+08
1.854584800841507614e+08
2.934886882525888085e+08
5.901559956846547127e+08
4.091225058794344664e+08
-1.381413400668439627e+09
1.430358470702757835e+08
4.995552121063879132e+08
4.207086766814965194e-05
-2.139502852499952645e-02
-5.139777467780679704e-02
-2.995974151861594237e+02
6.559671592270511837e+02
-1.004373020443354908e+05
3.957471787576650240e+04
2.839814109615259440e+03
1.735193916673515196e+04
2.591053982411410660e+06
3.890113583292237949e+06
-6.377808033816935495e+06
3.603348084505115636e+06
6.495043020556394011e+06
5.569947360206338577e+06
6.536245784053492546e+07
1.135642503531930000e+08
-4.592427687273520976e+07
-2.069842374221405387e+08
-3.957206331574265361e+08
-1.340517517659141868e+08
9.118735700525195599e+08
-7.167939974176244736e+08
-1.438329194593815506e+08
-9.942323345669789314e+08
8.156054064788161516e+08
7.631629691249240935e+07
6.120138877142434567e+07
-2.032731030881940365e+09
7.793434733403189182e+08
2.329905625287712078e-05
-1.303528543677832767e-03
-1.355202349124436968e-02
-7.892092271479077681e+01
-2.753360522262589143e+02
6.946221064399566967e+04
-1.935898777315143161e+04
9.907042715767682239e+03
3.682307242582803883e+04
-1.830247030054812320e+06
-8.974278141915481538e+06
1.627476584341398673e+06
5.327070585471986793e+06
-3.716221921916272026e+06
-1.643581563560840487e+07
5.608247908049799502e+07
-2.043325731317411959e+08
3.214490197547112778e+07
-3.029486395422989726e+08
6.032212367154474258e+08
1.269218949204133898e+08
7.888278068110835552e+08
1.517069541866345167e+09
-1.885225198138172925e+07
3.138766837517663240e+08
-1.214795010373401165e+09
-8.580966552275094986e+08
3.115455602032114863e+08
6.235701658854777813e+08
-2.569779495229463577e+09
-5.772990625908774875e-01
5.386636251037902889e-01
-6.109175590520438126e-01
-5.693651521093189005e-02
-2.263001541008752629e-02
2.132926268382351678e-02
3.542294828971845333e-02
-1.843954940585325331e-02
2.305316764004149838e-02
3.403018641118050851e-03
4.185448086569896683e-03
-4.739388397274069955e-04
-2.165949499876764460e-03
9.789346221559802608e-04
-2.407077121196529897e-03
-6.592100945057960100e-04
-4.549604990670765318e-04
2.330641513404425956e-04
2.069602991560600422e-04
-4.437817157234339685e-05
-2.954536173738748876e-04
4.397132970203290097e-04
-8.961406235861899369e-06
2.029518676352166180e-04
-1.594576385181157289e-05
6.925852760185594019e-06
2.576330428902328672e-05
7.152450535630977915e-05
-3.523470711999558225e-05
5.807520410483320229e-05
5.385103900374160757e-01
-7.341525658938602428e-01
5.528494881465061406e-01
1.684958254439564485e+00
-9.493401072460137868e+00
-1.443618709949720635e+00
8.278722170879138531e+00
-1.635493924377034958e+01
1.466802356073996982e+01
1.680307768547811609e+00
2.352905068753779361e+00
5.682167183050267356e-01
-1.480191898341683965e+00
-3.885785938077426782e-01
-1.668353181849060896e+00
-4.677526327967280184e-01
-3.472087476336167544e-01
-7.151397813265548964e-03
2.569288584041918844e-01
-1.791194785800351297e-01
-3.459598178824823678e-01
3.870450591851996025e-01
3.347927677362249471e-02
1.702050975962297874e-01
-7.512704748631349877e-03
-2.554622708968003891e-02
-2.810456760946997146e-02
6.179939816148823095e-02
-3.061910762859997720e-02
2.682632598464378473e-02
6.037742071737987049e-01
-5.401426208024645570e-01
1.554779167628991265e+00
-1.780659088759195896e+01
5.134067421514664886e+00
1.474963528180821193e+01
9.715268600323460291e+00
2.357112805539205158e-01
1.464704827041122259e+00
4.286769869539685529e-01
1.705958740246095451e-01
-6.223542235241155129e-01
-6.702033484101145577e-02
9.610916147233253826e-01
-2.960807893133038729e-02
1.986229375234361064e-02
4.073200421001080263e-02
1.530365340020644893e-01
-8.324053775951882617e-02
1.199277850711660265e-01
1.221654324048500190e-01
-6.852197659437168908e-02
-3.136784517058983923e-02
-2.399655415462229741e-02
-4.730798511702514163e-03
2.356925822681566265e-02
4.119669901022031400e-02
-8.985185870905028349e-03
4.948028014463029881e-03
1.144181440209076847e-02
-5.576911783993028504e-02
1.821719024444553803e+00
1.751882591483489549e+01
-6.744383952351000744e+02
1.685999063184761440e+02
5.603760144891253958e+02
-5.492406242691198486e+02
-3.342332504186737197e+02
-1.693147245943947254e+01
-8.346111106461054078e+03
4.653230828134887815e+03
6.946621169505252510e+03
-3.193856849157219813e+02
-8.216576688597890097e+03
1.490794041835683629e+03
1.103657217757547187e+03
-1.143891036710087974e+03
-1.685976928173170336e+03
8.921235599590196443e+02
-1.315128270052842936e+03
-1.207728085055027805e+03
3.276868691174465766e+02
2.440489012717394530e+02
-5.239977694903373049e+02
-1.315723498145727319e+02
-4.924400856118254524e+02
-3.246255238741688345e+02
-2.355056683051519997e+02
5.364308976155843993e+02
3.884610483891586341e+01
2.264470276454592576e-02
9.446242966534876828e+00
4.933519171748632637e+00
-1.624837837786482737e+02
5.632172759244722329e+02
1.815635658829284296e+02
-8.360335512550537942e+02
1.358263569059157135e+03
-9.775327815035548156e+02
3.585756400303590908e+03
4.947428499806787840e+03
6.310847525789454266e+02
-8.700452968691635760e+03
-1.156162696276803445e+03
-7.557802564974856068e+03
-3.738023814643086098e+03
-2.755263003456711886e+02
7.957532825603698257e+02
2.024345929146258868e+03
-6.705335620954784872e+02
-2.883024649146098909e+03
3.473203466687826676e+03
3.525809025517802553e+01
1.681124330950746980e+03
-3.039527004093250184e+02
-2.828590343244904375e+02
-3.288767943808164205e+02
5.166809624566832326e+02
-4.430834357397513372e+02
-1.476766854247458838e+01
-2.078324645160270490e-02
1.482749623551627094e+00
1.444700645773845515e+01
-5.574215472745727311e+02
1.825196326094712447e+02
6.450786552971864012e+02
-5.866584535327467620e+02
8.784716076912873461e+01
-1.740991870948690519e+02
-4.751868175612817140e+03
3.111784914984420084e+03
6.148297558181826389e+03
-5.330162301782531358e+03
-1.248466012167880763e+04
-3.210444377914627239e+03
9.387739811199495307e+03
-1.500485552037299749e+04
-1.775879341277325511e+04
1.482708146447182344e+03
-2.943983093153309255e+03
7.086908912036073161e+04
-1.741173687463302122e+04
1.096282342910583247e+04
8.920177249756157107e+04
6.430253613876987220e+04
4.738082004097796016e+04
-1.852636428524396979e+04
4.812140954354321002e+04
-1.188128589754761197e+05
-2.654328770954689389e+04
-3.453345639021633551e-02
-7.982803836131561859e+00
9.599366567924834115e+00
5.289027624002102357e+02
-8.271716123591819496e+02
-5.736620508507013483e+02
5.084776013218698608e+03
-1.581651284945100087e+03
2.364508668109882819e+03
3.135275016001287895e+03
-4.317748811908227071e+04
-5.490901292935357560e+03
5.856545978240518161e+04
3.187699196272279733e+04
4.089172280812006647e+04
-1.550359322459045325e+04
-5.451817392130939697e+04
-6.216683049013994605e+04
1.288703416071511747e+05
-7.104290256552331266e+04
-9.073983042980727623e+04
9.206913083280085993e+04
-1.115426750024448665e+04
5.133280883522293880e+04
1.056963392518072033e+04
-2.717527872298317379e+04
-4.503510580696473335e+04
1.569735930729220127e+04
-9.430321118682797533e+03
-1.425439176812789265e+04
-1.765187560196686614e-02
-1.607842577647075899e+01
3.026781372964761768e-02
-3.444034510380085976e+02
-1.343936510393373737e+03
-8.521001456720355804e+01
1.597384638302137546e+03
-6.202171407983971221e+03
2.969215786326420584e+03
-4.759158786520248395e+04
-3.890645513938331135e+00
-7.527563056391169084e+03
4.540685792542974377e+04
-1.432022711728521244e+04
4.266623781032552506e+04
-1.020667120587551617e+05
1.165543933080999559e+05
1.155100771236974397e+05
-7.045948414694601524e+03
6.151478479434968904e+04
-2.685396092897644485e+04
7.128130363966280129e+04
-1.400066960369386288e+04
3.179098893904164288e+04
-2.286467394535206404e+04
-3.664500795918120730e+03
-1.320395557775107045e+04
1.978256996506975702e+04
-4.217073170361048687e+04
1.719713721964142906e+03
-2.246323085274600298e-02
-1.436685040290954696e+01
1.530624883191998409e+00
1.019067240999895674e+01
-9.653510009900455771e+02
-1.733375877543380454e+02
2.362954148726500080e+03
-2.950625293030788271e+03
3.203793694459517610e+03
-1.778420533802233331e+04
-1.397636545000123806e+04
1.091193309468719417e+04
3.199424653302729712e+04
2.782798733109430941e+03
5.071015754976368044e+04
-4.029103807886977302e+04
-2.592456124894352342e+03
-3.501578698682996037e+04
4.653234718559126486e+04
2.651125151167587683e+04
-1.131860349509890948e+05
5.051193962086411921e+04
-7.992992914814136748e+04
1.656083930342406093e+05
-2.274777351242173609e+04
1.374904385015231383e+05
5.564495777220906457e+05
-1.938611737395404489e+05
1.804941085136528418e+05
-5.003170025132353767e+05
3.297021359909984434e-03
1.669116657502243806e+00
-4.401482109139480126e-01
-8.200103075620232630e+03
-3.512203560881802787e+03
4.686222437799548970e+03
-2.972598527254496275e+03
-4.702783592056322959e+04
1.776405467941935785e+04
-9.523024275341029279e+05
9.253524514258746058e+04
-8.079316861357018934e+04
6.618473074518379290e+05
-3.725616819500937709e+05
7.645727751661692746e+05
-5.855337222451260313e+06
-3.208966828949274495e+05
1.818851433359829476e+06
7.482169440340751782e+06
6.363758319228284061e+06
-2.616171381225540303e+06
-4.151070510603399482e+06
6.213300314569531009e+06
5.568878259687111713e+06
1.026171999320329726e+07
6.567573461202947423e+06
5.059423342881359160e+06
2.319506143936796580e+06
8.090915448958494700e+06
6.504990050305455923e+06
4.045692227176974319e-03
2.281953027512659826e+00
-1.938489158315769012e-01
4.637676558622622906e+03
-4.894988492507728552e+03
-3.123911105683050209e+03
4.279971396685478976e+04
3.046436027311190173e+02
1.375364915282596303e+04
1.053303970809546445e+05
-8.524884958636071533e+05
2.366796763551096665e+05
8.413789762759556761e+05
3.352243283627163037e+05
5.316264238531052833e+05
3.203497824104553089e+06
-6.028992087567455135e+06
-3.320806168249525595e+06
-2.014820345628725598e+06
4.980312746372245252e+06
1.560895898379446240e+06
7.587148911799151450e+06
9.775884480929048732e+06
-1.255017985710806213e+06
-7.696788103290432133e+06
8.132313396918198094e+06
6.088733319191865623e+06
4.583187638214898296e+06
-1.016973311203766963e+06
8.602103136990351602e+06
-4.388249703838610323e-04
5.744337126880212363e-01
5.941161341430186704e-01
6.769627889889560720e+03
-7.422955369735321938e+02
-6.050343484932580395e+03
6.542442443692033521e+03
-7.885017582702356776e+03
-1.044495961584443285e+04
-8.524776858877645282e+04
2.311049300316079170e+05
-8.431667103005045792e+05
-9.471987650424546155e+04
-1.939788742107701546e+04
-3.012355739470901317e+05
-3.411008641107291449e+06
1.944021279597379733e+06
3.240757715330222622e+06
3.698074504571137484e+06
2.321383663060850464e+06
4.556862924809514661e+05
-1.006350565479474142e+07
1.229781161736983433e+07
3.514336212645300198e+06
8.376717238439748064e+06
-8.938204991436006501e+06
-4.452864790465146303e+06
7.420134347715929151e+06
-7.750171837452554610e+05
-8.802330177661628695e+05
-2.079426602963726362e-03
-1.429173626393336560e+00
8.782533200521076833e-02
-1.563181017372244526e+02
8.526611014646829062e+03
5.164338687962469521e+03
-5.752842952271761897e+04
4.479316228501455043e+04
-3.180615513439301503e+04
6.624586798852061620e+05
8.412755026073361514e+05
-1.167948122589864943e+05
-1.964553647900834447e+06
-3.610728482203067979e+05
-1.248108265824519796e+06
7.737532401768093696e+05
4.964971287455924787e+06
2.134841967245207634e+06
-2.789831086865377147e+06
-8.434826040577027947e+06
1.780245674623759929e+06
-1.711577806281979010e+07
-1.706932446688667312e+07
1.137773079523835797e+06
1.191663422114718519e+07
-1.187617038683981076e+07
-4.801008936056147330e+06
-5.026774585429683328e+06
1.595477023965130094e+06
-2.064170672169434279e+07
-9.297004165646696868e-04
3.835678913412124413e-01
9.292324483851980288e-01
8.044694573605728692e+03
-1.176914257235746618e+03
-1.228621274753722355e+04
3.170770247186415145e+04
1.421877823778522543e+04
2.712894946939940382e+03
3.728954447554542567e+05
-3.322840906651038677e+05
2.398689496580017294e+04
3.662874222655234043e+05
7.606388757226318121e+05
1.268113637818137213e+05
1.897644471973730717e+06
-6.780514488850628259e+05
-2.356594898052588571e+06
-7.428479433770467294e+05
-1.166253140386184677e+06
-4.420391311003530398e+06
4.592927642591619864e+06
-7.782064770063813739e+03
-1.041769679299487360e+07
-7.128133707189981826e+06
-1.665176514749728143e+06
1.303389137641223380e+06
-2.333872488214982674e+06
5.484297673618203029e+06
4.994781807319917716e+06
-2.325358474609289395e-03
-1.619120702271698242e+00
3.821618068206451835e-02
1.505964085053668214e+03
7.394805969934215682e+03
3.119435502114406063e+03
-4.021838073899075243e+04
4.184665089843104215e+04
-5.010306767587547802e+04
7.566573877479102230e+05
5.344690127537635854e+05
-3.072084840340216178e+05
-1.236062729410183616e+06
-1.256452851797907351e+05
-2.059617647326182574e+06
3.727272368987250607e+06
3.471591886287205387e+06
2.209435318129585125e+06
-5.056896345730386674e+06
-9.836456604986127466e+06
6.811376605314049870e+06
-4.361881620650045574e+06
-7.703764525861899368e+06
-7.286986263370802626e+06
-7.586816459260556847e+06
-1.044386564279179089e+07
-3.739009325046514720e+07
-3.442342469613439869e+06
-1.769108205725748837e+07
-5.710272622910483042e+05
-6.221462889619875465e-04
-4.702596016429221870e-01
2.759556453138065947e-03
1.052350819936056041e+03
3.670430817211931753e+03
-9.144641911141858145e+03
1.663601229218698791e+04
-9.860685267538204789e+04
3.931678480250766734e+04
-5.804963289422389120e+06
3.147147464112623129e+06
-3.389619743862028234e+06
6.676538060682113282e+05
-1.887637526284686988e+06
3.677516382130665705e+06
-9.385365838422094285e+07
2.362498755360495672e+07
3.018745597106154636e+07
1.477476658431387544e+08
2.607350541324381903e+07
-5.367336726671090722e+07
-2.072563387998278439e+08
-7.685539161775557324e+06
8.836018332778610289e+07
2.967152587756429315e+08
-1.230381390312558785e+07
1.391342598828677274e+07
-3.255428813830194250e+07
1.980228620726189613e+08
3.901572247166804224e+07
-4.549368136285569125e-04
-3.390725096446245979e-01
-6.087639739996356103e-02
-1.087773992815830752e+03
2.261464959534790466e+02
1.451166240922530596e+04
5.182337500715223723e+04
1.139393554671414313e+05
2.300564655475237942e+03
-2.917286424888509791e+05
-5.969399121629401110e+06
1.878156322386473650e+06
4.938433639500754885e+06
6.673736493034730665e+05
3.465976832914043684e+06
2.307343767848770320e+07
-8.681425187023164332e+07
-2.794624697526977211e+07
-1.251486863592879474e+07
1.297236089163632691e+08
2.395691406009373441e+07
5.076852423195043951e+07
2.555048605841746330e+08
3.185458484014671296e+06
-7.353769292316567898e+07
9.805513861706022918e+07
1.354205147381905913e+08
1.127948304935706109e+08
9.215858502051982284e+07
1.024101648773371279e+08
2.118049763265913575e-04
-7.911815900369321627e-03
-1.733580162211195153e-01
-1.609871051553967845e+03
-8.299281170656084896e+02
1.734320466117288379e+04
5.805470973086501181e+04
1.127538200150927878e+05
3.379981023293436010e+04
1.825084018207123270e+06
-3.269323977857589256e+06
3.222420203506203834e+06
2.097118582881241571e+06
2.314765667319017462e+06
2.175005597059153486e+06
3.017780100643387809e+07
-2.813416866278942674e+07
-4.217444201966693252e+07
-2.029873222753831372e+07
1.552435417304913327e+07
1.354226033839929383e+06
6.213738187071449310e+07
2.134230154468883574e+07
-6.346963848611978441e+07
-5.119860384522895515e+07
6.691640528616411984e+07
1.184772815121141970e+08
-4.749807523567537777e+06
3.043190239472990856e+07
5.304612543535963446e+07
2.063781648295101025e-04
2.729806104246377263e-01
9.107258518300756500e-02
8.968049358065351271e+02
-1.913474329077832863e+03
-1.524967313608424774e+03
-1.244039367927264539e+05
-8.459994385369371230e+03
-4.526678180181374773e+04
7.414265016418573447e+06
-1.937492308624078520e+06
3.587820696918004658e+06
-2.631177380304039456e+06
7.702716271904702298e+05
-5.011641579420497641e+06
1.471178122446564436e+08
-1.294909453952673636e+07
-1.992575123209054396e+07
-3.203608892022673488e+08
-4.268302147731715441e+07
8.686661042326478660e+07
5.534814970944656134e+08
-6.514356578430962563e+07
-1.252551429010733217e+08
-6.614319864802550077e+08
9.078734710595458746e+06
-7.870377488994718529e+06
1.557207916241832972e+08
-5.259848894305287600e+08
-2.107341269193017483e+08
-5.243620611749588484e-05
-1.865767155865989124e-01
-1.290469334384866662e-01
-1.277705378377160514e+03
6.356316208257569542e+02
2.901064708439036167e+03
6.883143120084248949e+04
6.040525102743751631e+04
-2.585155557265164316e+04
6.224458729114728980e+06
4.906843697210828774e+06
2.459973415987679735e+06
-8.239660642801493406e+06
1.154096940143625252e+06
-9.736201298158686608e+06
2.704992251300850138e+07
1.282455579868274033e+08
1.485808882895371877e+07
-4.331860441176158190e+07
-3.415962155900211334e+08
-1.199657380582990125e+07
-6.068257103708393127e+07
-7.107816673990490437e+08
-5.507824998506647348e+07
1.226236191642365186e+06
-1.172194454952475876e+08
-3.534578344714021683e+08
-3.339993983563371897e+08
-4.349850143486423492e+08
-1.606119576131757796e+08
-2.905561101675774543e-04
-3.560454416217065932e-01
-1.197058014771186091e-01
-1.213454171755170591e+03
2.775289825066836329e+03
-6.890745325245628192e+04
8.806725042499725532e+04
-2.413107276684876706e+04
1.100576004965696047e+05
-2.592534559687681030e+06
1.489561656120495638e+06
5.064231893763458938e+05
1.690169859213704942e+06
4.357709213998669758e+06
6.756513144642029889e+06
-5.325745145390176773e+07
2.359058973100051284e+07
5.979612920651789755e+05
8.686517921047537029e+07
-1.206677044297609292e+07
-1.499697798346283734e+08
-8.991817237053692341e+07
-7.780623631325042248e+07
-5.251461321107475460e+07
1.179784357217438966e+08
-9.007671987882602215e+07
9.052383108529040217e+07
-5.912205448901595175e+07
1.983312404589713812e+08
-4.912936789549403824e+06
4.222845167362593972e-04
3.986295753079141524e-01
5.545884013473231094e-02
3.491093495842076209e+02
-3.376215181172491612e+03
1.680013577866875494e+04
-9.035342901039069693e+04
6.810555859002895886e+04
-4.933788617826411064e+04
-4.132983806216811296e+06
7.421057158562417142e+06
-1.005601760198292695e+07
-1.686569435291167349e+07
-4.534655534065497108e+06
-4.362334995784258470e+06
-2.036047613490807116e+08
5.101947304871891439e+07
6.158796367983322591e+07
5.481354131124272346e+08
-6.255446514708240330e+07
-8.843272748784768581e+07
-2.054804247478570700e+09
-3.967604965442998707e+07
2.569436708256568313e+08
1.754292756916791439e+09
-3.949488940250501633e+08
-6.297181216941850632e+07
-5.060607784799336791e+08
1.430757768001643658e+09
5.097817251970814914e+07
-9.439158111236716449e-06
3.045381071637707007e-02
3.217891416970007634e-02
2.118786970924623461e+02
-5.691076513637953838e+01
-1.059273072282241992e+04
1.081228530280860286e+04
-1.249921158557097806e+04
7.735144460792285099e+04
6.098158336891781539e+06
9.676317792926441878e+06
1.208546581540103257e+07
-1.710025180603111163e+07
2.262673054664103256e+04
-7.717145403604629450e+06
-6.181980178645014763e+06
2.517338572475375831e+08
2.111287148592339456e+07
-6.730264041695286334e+07
-7.054739233737860918e+08
-7.682917129143570364e+07
-4.493308490197784454e+07
-2.500385717906082153e+09
-8.798534739275032282e+07
2.460662733703757226e+08
3.425384229816091657e+08
-5.438431363526760340e+08
-1.146194263740105152e+09
-9.642824981017142534e+08
2.724523446002396569e+07
1.954293933646461426e-04
1.775907561742056939e-01
2.165066638024927201e-02
-4.737027509329226405e+02
-1.619639158918340399e+03
-8.687468458320295031e+04
-5.029367037677830376e+04
2.973432006309518329e+04
-1.620055549893019197e+05
5.475264736333401874e+06
-1.185374738930278691e+06
3.471531272069978993e+06
1.149160579083002638e+06
1.026837195402504317e+07
-7.204392491058140062e+06
8.761511802850706875e+07
2.949895520768265240e+06
-6.283172423721070588e+07
-1.250167795125388801e+08
-5.400781156747401506e+07
-5.179782868042743951e+07
2.573260921222425103e+08
-8.737949900782336295e+07
-4.916638724092481136e+08
-3.770239833703343868e+08
7.431537837823772430e+07
-1.035028934107607305e+08
-5.504770627117571235e+07
-2.916485896479279175e+07
2.245113081772660613e+08
-1.389401995218532301e-05
-5.037538421216996437e-03
1.182451308205508499e-02
-1.151124154326333553e+02
3.090996459077933309e+02
-6.192779974790151027e+04
-1.016092196802985563e+04
-2.226408983713006455e+04
2.317627169045954724e+04
9.958973165005439892e+06
-7.634584117726501077e+06
8.360029854746961035e+06
1.215843102876139246e+07
7.059399593035627156e+06
-7.200158262996490113e+06
2.917999053152665496e+08
-7.621663115536151826e+07
-5.175439993260028213e+07
-6.529924455468850136e+08
1.037400366902924329e+07
1.172051198485780805e+08
1.762639291653370619e+09
2.538026953284551203e+08
-3.778189577963408828e+08
-2.365470120714101315e+09
2.144405223829128742e+08
-2.292515412452858686e+08
3.635662181824006438e+08
-1.683242955975447178e+09
-3.346427008490511179e+08
3.954197306513902882e-06
-3.223885600955671282e-02
-2.294229670530234869e-02
-4.942620274197597610e+02
2.777320079970587585e+02
-4.645696894851364050e+04
2.616800411760649513e+04
-3.259253232070022023e+03
-1.330878263811798242e+05
6.550434500159332529e+06
7.843656503939339891e+06
-8.386734766681947745e+06
-1.125509934084806032e+07
1.727171069311996922e+06
-1.045257745549876429e+07
-5.736392611672116444e+06
9.675469000126349926e+07
6.435689468597088009e+07
2.662481323949474026e+05
-1.233926746420237869e+08
-8.863021906096434593e+07
-3.705380077512097359e+08
3.444534329789919257e+08
6.721696221908216178e+07
1.583008063729515076e+08
-1.143691222365667820e+09
-1.584139939870335162e+08
4.016534398394380808e+08
2.509385696612033248e+08
-6.514330410794434547e+08
2.357468722134773150e-05
-3.790591288717643642e-02
-4.034476543982468827e-02
-3.435979762113038305e+02
3.122089551153597426e+02
1.796664076274485342e+04
4.386041419649679301e+04
-1.177489052810157773e+04
-5.428503592974083731e+05
4.883344631963267922e+06
5.967127890651048161e+06
-4.105005830972587224e+06
-4.553313831549506634e+06
-1.283978877779147588e+06
-3.684253070567905158e+07
1.430221110307167843e+07
1.333241700352108032e+08
1.164124630426790267e+08
-6.227014973884292878e+06
-3.502314463177813292e+08
8.839697072087708116e+07
-6.289015660645851493e+07
-5.434702264017288685e+08
-1.031646178653951287e+08
-2.313102095312671065e+08
-1.472432915757107735e+08
-1.927774691217994213e+09
-3.086119893737693429e+08
-8.147201849465184212e+08
2.020167405531394184e+08
6.466736516057379881e-05
6.333673804531415874e-02
6.784868332617073963e-03
-2.366141804257003969e+02
-5.125207664695794847e+02
-5.089707502679058234e+04
-1.638859620493662442e+04
2.016370539322673358e+04
1.655218268686862139e+05
1.638272187843552092e+06
4.095622179519860074e+06
7.298192390384079888e+06
-4.066344609330009203e+06
2.697391925479982980e+06
-2.914271935307328124e+06
-4.012905299291687459e+07
1.027363693114666045e+08
-7.814590905922446400e+06
1.803837680744915009e+08
-3.071442404995137453e+08
-6.373882729603594542e+07
-5.543032809039044380e+08
-1.119122920349531174e+09
-6.610329991242653131e+07
4.396787546572589874e+08
4.305198463071674705e+08
-2.966317106764560938e+08
-1.357145385717891932e+09
1.038103019748134017e+08
4.071752064648295641e+08
-3.080848710771769421e-05
-3.380353261362923495e-02
4.898220371238725529e-03
4.886660403430993824e+02
4.318254727410966893e+02
1.126848121921173006e+05
9.092944242851657691e+03
-4.023274331891188194e+04
-1.830063744395882532e+05
7.774425968783228658e+06
-1.128573624289654661e+06
-3.871637192325706710e+05
2.428216863317715470e+06
-5.152983577505125664e+06
-1.744546469844155759e+07
1.934176855953356624e+08
8.844567080319119990e+07
2.798866808944799751e+07
-5.081394565302948952e+08
-4.298721095772113800e+08
1.962186011362589598e+08
1.418985742685768843e+09
-9.875830251157387495e+08
-3.793465452137152851e+07
-1.668963961288747549e+09
3.194741708758220077e+08
-8.338921141789089441e+08
-5.288591112776280940e+07
-2.976144452083895683e+09
-2.105425609120759368e+08
5.535685877334105065e-05
2.363392420863760085e-02
-1.070380290674432036e-02
3.097764850222550592e+01
-2.927213920026107807e+00
2.639569835922835409e+04
1.347067160145743583e+04
1.597196944164911201e+03
4.892116732099726214e+05
6.719373759635498747e+06
8.677495474908387288e+06
-5.129347855286074337e+05
-2.032291659335836768e+07
-4.883683238779580221e+06
-1.437295751426025527e+06
4.389410263298786432e+07
1.110003390799083114e+08
5.284615085266132653e+07
-2.140854170616723299e+08
-1.973785044967698157e+08
-2.550456776608877815e+06
5.901442982601410896e+07
-6.408367835358849913e+07
2.203917071109548807e+08
-3.768485992248698473e+08
-6.198861380638039112e+08
1.441538836018271744e+08
2.254535972686527669e+08
-3.736808485538730025e+08
-1.605018615616253853e+09
