# -0.85J_-0.15g_0.94248theta_0.0phi_10Chi_0.01delta_500N
2.025259491385034138e-01
2.795201678597095379e-04
3.486220890826067126e-05
1.121581660751208694e-06
2.209655105806139341e-06
7.266088003213635664e-07
1.343389920734460563e-06
7.072695825876724899e-07
1.083591298709656565e-06
6.885247725359021018e-07
9.713628990211594307e-07
6.693816387625791983e-07
9.045331216463001738e-07
6.497711936420828576e-07
8.544707990920395406e-07
6.296996654499497610e-07
8.122774254584873883e-07
6.093269497137499450e-07
7.749186782937621190e-07
5.890174944180400134e-07
7.412774401029967801e-07
5.692924048137565925e-07
7.109098892679153819e-07
5.507086957538627809e-07
6.836152076349110227e-07
5.337392594953077823e-07
6.592771989362827558e-07
5.187277872026635443e-07
6.378047471346476608e-07
5.059051745457114835e-07
6.191089372050152706e-07
4.954213533091329423e-07
6.030909526700028445e-07
4.873876414537405592e-07
5.896290417901051683e-07
4.819359139918596303e-07
5.785586725699670548e-07
4.792859971842611487e-07
5.696414830367630732e-07
4.798055641180412494e-07
5.625198652517284218e-07
4.840586262892873744e-07
5.566620731554912795e-07
4.928595115906793328e-07
5.513244549346220831e-07
5.073510383181798337e-07
5.455839353412619241e-07
5.290986688842409658e-07
5.384904729184215901e-07
5.601485107624425640e-07
5.293278236523939676e-07
6.029103953553237507e-07
5.178761125552305276e-07
6.595179912636879578e-07
5.045136814711729507e-07
7.299283314114718300e-07
4.900544116208477118e-07
8.077407708238892470e-07
4.753870959801908884e-07
8.741908148045223319e-07
4.611309371972695908e-07
8.974866507909245807e-07
4.475044208700973861e-07
8.519982090762257861e-07
4.344199901445321551e-07
7.486643554353637153e-07
4.216113400665408619e-07
6.284951127253554468e-07
4.087101843565227228e-07
5.237992392898740083e-07
3.953729404753936915e-07
4.440233275769181902e-07
3.813962814458127329e-07
3.860584323416330381e-07
3.667493282152027188e-07
3.439916494050360127e-07
3.515426704811445528e-07
3.127779611474044198e-07
3.359834160718419186e-07
2.888521362096254757e-07
3.203241618362573699e-07
2.698621680868071512e-07
3.048210412241586041e-07
2.542958467430014857e-07
2.897044424177211006e-07
2.411863631200839071e-07
2.751622991895995491e-07
2.299120180524293675e-07
2.613340100271755294e-07
2.200677263536878924e-07
2.483109085216273896e-07
2.113838114634635381e-07
2.361421141398767324e-07
2.036780130043282589e-07
2.248420441149828135e-07
1.968246580070753397e-07
2.143981518072727744e-07
1.907360262264050079e-07
2.047780891597328256e-07
1.853508465917728722e-07
1.959357820740308566e-07
1.806270548544103436e-07
1.878163428023054674e-07
1.765370545592738307e-07
1.803599597416139450e-07
1.730643967733969859e-07
1.735049863217927331e-07
1.702012197690465744e-07
1.671904238778548643e-07
1.679460746224161590e-07
1.613579057319369002e-07
1.663019440575339564e-07
1.559531946201525610e-07
1.652743473805002656e-07
1.509271515596816560e-07
1.648694771670911739e-07
1.462361672227154917e-07
1.650923907709146678e-07
1.418421985408076511e-07
1.659453446586014404e-07
1.377127153564187146e-07
1.674263718632024379e-07
1.338207700818137780e-07
1.695281740725969476e-07
1.301451089934251219e-07
1.722373522726867878e-07
1.266701603082495899e-07
1.755339482073159315e-07
1.233858871013553314e-07
1.793912262303032496e-07
1.202875940545729641e-07
1.837756006952051193e-07
1.173758234547398003e-07
1.886466785691344653e-07
1.146560618936262716e-07
1.939569851650563270e-07
1.121384339239314062e-07
1.996520208585521584e-07
1.098376249436252161e-07
2.056699659884467060e-07
1.077721801082022369e-07
2.119413900587593542e-07
1.059634301934848033e-07
2.183890040981881111e-07
1.044337959089128381e-07
2.249275589118631539e-07
1.032042249988273866e-07
2.314638627730884694e-07
1.022908015266758010e-07
2.378972084770950558e-07
1.017010477700650787e-07
2.441201550593014364e-07
1.014301600016092836e-07
2.500198581391066584e-07
1.014584259005760315e-07
2.554800858133475580e-07
1.017507907516466364e-07
2.603840232487691180e-07
1.022591650058811407e-07
2.646179191434104781e-07
1.029272805253925828e-07
2.680755388384991063e-07
1.036970882804306061e-07
2.706632735713856927e-07
1.045152358189293324e-07
2.723056309928608504e-07
1.053382484774237941e-07
2.729507283475969232e-07
1.061355585270284423e-07
2.725753669633171191e-07
1.068902104602617889e-07
2.711893493705849639e-07
1.075977056581828459e-07
2.688387598790322791e-07
1.082634686483228014e-07
2.656082849305351258e-07
1.089002131840484084e-07
2.616231249807962176e-07
1.095253693055666575e-07
2.570505608369463817e-07
1.101591207018906745e-07
2.521015282931096351e-07
1.108231315089471426e-07
2.470313934364452998e-07
1.115398602209718906e-07
2.421374891620147116e-07
1.123322643351490279e-07
2.377487695673028867e-07
1.132236755128658839e-07
2.342013690471599712e-07
1.142376511821345547e-07
2.317953222522470424e-07
1.153976561280734148e-07
2.307348582746389673e-07
1.167264754449252430e-07
2.310669965860722333e-07
1.182452975828903314e-07
2.326434008607448713e-07
1.199724316941493623e-07
2.351278395104181475e-07
1.219216446121624938e-07
2.380533564949569151e-07
1.241001319249579186e-07
2.409107187034556897e-07
1.265061867953895547e-07
2.432381650417445501e-07
1.291267089227184265e-07
2.446869491728471839e-07
1.319348053599783127e-07
2.450511441777794122e-07
1.348878653688393023e-07
2.442642377781097263e-07
1.379266138699444611e-07
2.423734475121071494e-07
1.409757088676421629e-07
2.395045013763305075e-07
1.439463782052852429e-07
2.358269603714970025e-07
1.467413314919485697e-07
2.315258684002363577e-07
1.492617563780551484e-07
2.267818294259769593e-07
1.514155525393428560e-07
2.217583710287009591e-07
1.531255948773871939e-07
2.165961667879314180e-07
1.543367974914456761e-07
2.114112051707634986e-07
1.550204416711601673e-07
2.062956892851459323e-07
1.551753317393805599e-07
2.013204471248372633e-07
1.548258145521621963e-07
1.965379878538136729e-07
1.540173674296500806e-07
1.919856673755941213e-07
1.528108001863655325e-07
1.876886490771143606e-07
1.512761357511460358e-07
1.836625017235389164e-07
1.494870116669261155e-07
1.799153809017464668e-07
1.475161163043292032e-07
1.764498054004868679e-07
1.454318564949691111e-07
1.732640753295659511e-07
1.432962159966358275e-07
1.703533925953644331e-07
1.411636317828679160e-07
1.677107569731662914e-07
1.390806233860863875e-07
1.653276235223755075e-07
1.370859749760608664e-07
1.631944977502526319e-07
1.352112780665799477e-07
1.613013649041274874e-07
1.334816235767995653e-07
1.596380377893731564e-07
1.319163711990840801e-07
1.581944315133269754e-07
1.305299109386759921e-07
1.569607762416014374e-07
1.293323729278934743e-07
1.559277785333166999e-07
1.283302650074432690e-07
1.550867403892229162e-07
1.275270348356150940e-07
1.544296442232076534e-07
1.269235555595891726e-07
1.539492097782917649e-07
1.265185561726497995e-07
1.536389343236548781e-07
1.263090176940833131e-07
1.534931152381311142e-07
1.262905473603859172e-07
1.535068667292533498e-07
1.264577352271380768e-07
1.536761278329685110e-07
1.268045073974704897e-07
1.539976621946477925e-07
1.273244793494570210e-07
1.544690478598639249e-07
1.280113035176626318e-07
1.550886569479799147e-07
1.288590049092670955e-07
1.558556158295143959e-07
1.298622643013186367e-07
1.567697678949717253e-07
1.310167013098521846e-07
1.578316280670292713e-07
1.323190599171991027e-07
1.590423261709170282e-07
1.337672936915788037e-07
1.604035478531352202e-07
1.353606004595449622e-07
1.619174770464713937e-07
1.370993544086377205e-07
1.635867088627001126e-07
1.389849673937505542e-07
1.654141045856413671e-07
1.410196945337380684e-07
1.674026842932358171e-07
1.432064063321954254e-07
1.695555983396409259e-07
1.455483515392560648e-07
1.718760544905818233e-07
1.480489330118087771e-07
1.743672059066077570e-07
1.507115139085181823e-07
1.770320408511042172e-07
1.535392771900846042e-07
1.798732795440319690e-07
1.565350883592012024e-07
1.828932846991617931e-07
1.597014477916703332e-07
1.860939930553006103e-07
1.630404665150101196e-07
1.894768626901496594e-07
1.665538600730715393e-07
1.930428446023487201e-07
1.702429644343018496e-07
1.967923784601326236e-07
1.741087607709359742e-07
2.007254119101941835e-07
1.781519026421182681e-07
2.048414409262798764e-07
1.823727419073365858e-07
2.091395673533600661e-07
1.867713523968160149e-07
2.136185686390679588e-07
1.913475524384432754e-07
2.182769744702692261e-07
1.961009284948258684e-07
2.231131451783146140e-07
2.010308623103687779e-07
2.281253474300307933e-07
2.061365631215894532e-07
2.333118237399845907e-07
2.114171052444244894e-07
2.386708533443025642e-07
2.168714699245279296e-07
2.442008030810828947e-07
2.224985892352843427e-07
2.499001678358691635e-07
2.282973893592790609e-07
2.557676007668819741e-07
2.342668305121391830e-07
2.618019341431393064e-07
2.404059413900609618e-07
2.680021918550475445e-07
2.467138467556149498e-07
2.743675948551165484e-07
2.531897876316241318e-07
2.808975608164701163e-07
2.598331343269055412e-07
2.875916992605738758e-07
2.666433930437043957e-07
2.944498031670201466e-07
2.736202071310924247e-07
3.014718380270214189e-07
2.807633542558088978e-07
3.086579289997102261e-07
2.880727405802787650e-07
3.160083467524308724e-07
2.955483930135963248e-07
3.235234926046352946e-07
3.031904503818321773e-07
3.312038837107337570e-07
3.109991541846290095e-07
3.390501392444735972e-07
3.189748392947584998e-07
3.470629680963296743e-07
3.271179249774855174e-07
3.552431583217810048e-07
3.354289063266294391e-07
3.635915678668412977e-07
3.439083462313735041e-07
3.721091160220086532e-07
3.525568678527503591e-07
3.807967754189785703e-07
3.613751476341444464e-07
3.896555643503111336e-07
3.703639088133409188e-07
3.986865395658925713e-07
3.795239154290502593e-07
4.078907895558039468e-07
3.888559667552599256e-07
4.172694283594821790e-07
3.983608922400483247e-07
4.268235899914524376e-07
4.080395468216121523e-07
4.365544234048103650e-07
4.178928066925626254e-07
4.464630880074065294e-07
4.279215655023064152e-07
4.565507497340785220e-07
4.381267308654099785e-07
4.668185775596986393e-07
4.485092213329568102e-07
4.772677405155076852e-07
4.590699636465475729e-07
4.878994050638876523e-07
4.698098903483272854e-07
4.987147328827466719e-07
4.807299376638402353e-07
5.097148789168102933e-07
4.918310436830035901e-07
5.209009897831183292e-07
5.031141467620058359e-07
5.322742023465026338e-07
5.145801841386243783e-07
5.438356425821041215e-07
5.262300907789273989e-07
5.555864245730012839e-07
5.380647983298599110e-07
5.675276497125818148e-07
5.500852342895905530e-07
5.796604060171828914e-07
5.622923212763439596e-07
5.919857675802765895e-07
5.746869763971299764e-07
6.045047941187147574e-07
5.872701107443291097e-07
6.172185306216872219e-07
6.000426289549979064e-07
6.301280070629218045e-07
6.130054288736292455e-07
6.432342381567624432e-07
6.261594012066861383e-07
6.565382232233665461e-07
6.395054293275600045e-07
6.700409460411391465e-07
6.530443890235918951e-07
6.837433747541939179e-07
6.667771483553160507e-07
6.976464618268845517e-07
6.807045674783155322e-07
7.117511439657946108e-07
6.948274985354525247e-07
7.260583421493634593e-07
7.091467855612732583e-07
7.405689616012500419e-07
7.236632643325123037e-07
7.552838917677528905e-07
7.383777623294676589e-07
7.702040063645028159e-07
7.532910986140593443e-07
7.853301633968034508e-07
7.684040837502426112e-07
8.006632051604244966e-07
7.837175197434531321e-07
8.162039582716948977e-07
7.992321998975753239e-07
8.319532337175005496e-07
8.149489087960264076e-07
8.479118268487427694e-07
8.308684221546777134e-07
8.640805174306666642e-07
8.469915067373333924e-07
8.804600696782205212e-07
8.633189202759705114e-07
8.970512322407529932e-07
8.798514113365783523e-07
9.138547382919125168e-07
8.965897192197490364e-07
9.308713054799530539e-07
9.135345738599889186e-07
9.481016359995734973e-07
9.306866956740959838e-07
9.655464166069928455e-07
9.480467954777204312e-07
9.832063186150880212e-07
9.656155743501690044e-07
1.001081997934926227e-06
9.833937234813048453e-07
1.019174095085783756e-06
1.001381924074360945e-06
1.037483235212373056e-06
1.019580847188235739e-06
1.056010028100151574e-06
1.037991153627792067e-06
1.074755068170197003e-06
1.056613493767758606e-06
1.093718934553313341e-06
1.075448507468903247e-06
1.112902191025615520e-06
1.094496823895086691e-06
1.132305386087274673e-06
1.113759061387401606e-06
1.151929052945464391e-06
1.133235827350938513e-06
1.171773709532887457e-06
1.152927718048021443e-06
1.191839858538166325e-06
1.172835318521101467e-06
1.212127987411901950e-06
1.192959202440429895e-06
1.232638568374480041e-06
1.213299931931384889e-06
1.253372058476809253e-06
1.233858057459618664e-06
1.274328899543434243e-06
1.254634117704226380e-06
1.295509518291319337e-06
1.275628639375593395e-06
1.316914326257684284e-06
1.296842137119085931e-06
1.338543719912304100e-06
1.318275113376719998e-06
1.360398080600150109e-06
1.339928058223075660e-06
1.382477774627357229e-06
1.361801449275503071e-06
1.404783153269175701e-06
1.383895751509838597e-06
1.427314552806697803e-06
1.406211417223482227e-06
1.450072294559051457e-06
1.428748885799860581e-06
1.473056684904722374e-06
1.451508583684339624e-06
1.496268015336047289e-06
1.474490924219928644e-06
1.519706562513381286e-06
1.497696307545514545e-06
1.543372588214411356e-06
1.521125120496006820e-06
1.567266339548581297e-06
1.544777736474072627e-06
1.591388048817286604e-06
1.568654515409245425e-06
1.615737933696687889e-06
1.592755803589512378e-06
1.640316197211921061e-06
1.617081933618486249e-06
1.665123027814730862e-06
1.641633224346154743e-06
1.690158599432598561e-06
1.666409980743068373e-06
1.715423071559679628e-06
1.691412493858759821e-06
1.740916589220919390e-06
1.716641040779683675e-06
1.766639283163915105e-06
1.742095884522622836e-06
1.792591269793562918e-06
1.767777274014150297e-06
1.818772651354405846e-06
1.793685443987802732e-06
1.845183515879867705e-06
1.819820615077908033e-06
1.871823937362097191e-06
1.846182993589073970e-06
1.898693975757413880e-06
1.872772771663721995e-06
1.925793677118961634e-06
1.899590127091265963e-06
1.953123073590302064e-06
1.926635223448893880e-06
1.980682183558657407e-06
1.953908209943828556e-06
2.008471011715159975e-06
1.981409221501300024e-06
2.036489549114631508e-06
2.009138378765764843e-06
2.064737773263084641e-06
2.037095788055879099e-06
2.093215648249485655e-06
2.065281541428976666e-06
2.121923124737123211e-06
2.093695716689329480e-06
2.150860140187023031e-06
2.122338377377358022e-06
2.180026618815129538e-06
2.151209572866628883e-06
2.209422471775945983e-06
2.180309338361750303e-06
2.239047597243665379e-06
2.209637694923241062e-06
2.268901880445626613e-06
2.239194649546771684e-06
2.298985193840464949e-06
2.268980195245956397e-06
2.329297397212680722e-06
2.298994310992647479e-06
2.359838337692309558e-06
2.329236961951716272e-06
2.390607849963248432e-06
2.359708099370831327e-06
2.421605756302591457e-06
2.390407660811680608e-06
2.452831866720768942e-06
2.421335570076497742e-06
2.484285979028334250e-06
2.452491737456177019e-06
2.515967879314271860e-06
2.483876059831107592e-06
2.547877344264360434e-06
2.515488423732064667e-06
2.580014133032620711e-06
2.547328696256673074e-06
2.612377995434226864e-06
2.579396733565008387e-06
2.644968670069524616e-06
2.611692379218924463e-06
2.677785884071794986e-06
2.644215463746251593e-06
2.710829353187209122e-06
2.676965804735473197e-06
2.744098781890109483e-06
2.709943206944082503e-06
2.777593863565716116e-06
2.743147462459153745e-06
2.811314280503432980e-06
2.776578350747339547e-06
2.845259704154984623e-06
2.810235638760919028e-06
2.879429795177281978e-06
2.844119081147494358e-06
2.913824203559457825e-06
2.878228420295289236e-06
2.948442568798855673e-06
2.912563386467099101e-06
2.983284519935189328e-06
2.947123697931577853e-06
3.018349675786807910e-06
2.981909061147542055e-06
3.053637644979521655e-06
3.016919170769628693e-06
3.089148026130847251e-06
3.052153709889647471e-06
3.124880407997691000e-06
3.087612350153335409e-06
3.160834369444596511e-06
3.123294751824390843e-06
3.197009479851593612e-06
3.159200564010908620e-06
3.233405298979598881e-06
3.195329424735743976e-06
3.270021377229729702e-06
3.231680961075781268e-06
3.306857255787346031e-06
3.268254789407086484e-06
3.343912466632291019e-06
3.305050515344929267e-06
3.381186532831635348e-06
3.342067734103654175e-06
3.418678968553889164e-06
3.379306030463311823e-06
3.456389279224608813e-06
3.416764979010651611e-06
3.494316961689970757e-06
3.454444144265569769e-06
3.532461504295177182e-06
3.492343080760697843e-06
3.570822387050589650e-06
3.530461333267563032e-06
3.609399081762620677e-06
3.568798436928090055e-06
3.648191052163078628e-06
3.607353917348337628e-06
3.687197754032314030e-06
3.646127290725600414e-06
3.726418635314515996e-06
3.685118064127692729e-06
3.765853136274097806e-06
3.724325735457311326e-06
3.805500689577947614e-06
3.763749793754551091e-06
3.845360720551974402e-06
3.803389719190423547e-06
3.885432647125611226e-06
3.843244983370894677e-06
3.925715880115438269e-06
3.883315049294487529e-06
3.966209823278197791e-06
3.923599371674771383e-06
4.006913873447651352e-06
3.964097396976085363e-06
4.047827420656889682e-06
4.004808563578899593e-06
4.088949848326887294e-06
4.045732301935843756e-06
4.130280533325195091e-06
4.086868034674639378e-06
4.171818846070847093e-06
4.128215176764254662e-06
4.213564150784830618e-06
4.169773135652738768e-06
4.255515805440581443e-06
4.211541311426282747e-06
4.297673162078294013e-06
4.253519096921987571e-06
4.340035566776841451e-06
4.295705877828556878e-06
4.382602359825173525e-06
4.338101032899324903e-06
4.425372875889763199e-06
4.380703934021882589e-06
4.468346444067201454e-06
4.423513946418091714e-06
4.511522388077286914e-06
4.466530428684938983e-06
4.554900026310896765e-06
4.509752733069817498e-06
4.598478672018249987e-06
4.553180205426476815e-06
4.642257633355918536e-06
4.596812185471630722e-06
4.686236213565117606e-06
4.640648006871262278e-06
4.730413711104776209e-06
4.684686997422142125e-06
4.774789419646845451e-06
4.728928479014843639e-06
4.819362628370252006e-06
4.773371768033129134e-06
4.864132621912901834e-06
4.818016175227968106e-06
4.909098680592019717e-06
4.862861005950797404e-06
4.954260080489887619e-06
4.907905560295811751e-06
4.999616093517376400e-06
4.953149133195467561e-06
5.045165987611773742e-06
4.998591014528177241e-06
5.090909026754445639e-06
5.044230489230613910e-06
5.136844471153244093e-06
5.090066837478328463e-06
5.182971577354671216e-06
5.136099334730004506e-06
5.229289598239379789e-06
5.182327251918310966e-06
5.275797783319046459e-06
5.228749855486588793e-06
5.322495378636703057e-06
5.275366407563199127e-06
5.369381626999806189e-06
5.322176166075577988e-06
5.416455768046386275e-06
5.369178384820331637e-06
5.463717038394332867e-06
5.416372313574389321e-06
5.511164671648253076e-06
5.463757198293186112e-06
5.558797898565806823e-06
5.511332281098385168e-06
5.606615947147193325e-06
5.559096800455863068e-06
5.654618042738659368e-06
5.607049991322502321e-06
5.702803408087844443e-06
5.655191085081793984e-06
5.751171263500181991e-06
5.703519309899585580e-06
5.799720826904984064e-06
5.752033890597976521e-06
5.848451313913900151e-06
5.800734048867072108e-06
5.897361937991301247e-06
5.849619003434682355e-06
5.946451910452523951e-06
5.898687969983835371e-06
5.995720440679294660e-06
5.947940161385677544e-06
6.045166736053795683e-06
5.997374787738666599e-06
6.094790002182465737e-06
6.046991056559176038e-06
6.144589442893326719e-06
6.096788172721500641e-06
6.194564260356986593e-06
6.146765338695201874e-06
6.244713655194353181e-06
6.196921754544900367e-06
6.295036826522092733e-06
6.247256618066035812e-06
6.345532972039613427e-06
6.297769124867949887e-06
6.396201288129061849e-06
6.348458468483560925e-06
6.447040969955055190e-06
6.399323840359349444e-06
6.498051211443185249e-06
6.450364430126783931e-06
6.549231205523385389e-06
6.501579425476833751e-06
6.600580144023090047e-06
6.552968012430083721e-06
6.652097217912215288e-06
6.604529375286081543e-06
6.703781617213399577e-06
6.656262696750961948e-06
6.755632531272446149e-06
6.708167158073548799e-06
6.807649148605674120e-06
6.760241939043323058e-06
6.859830657175282124e-06
6.812486218090922399e-06
6.912176244336126688e-06
6.864899172472109989e-06
6.964685096952650898e-06
6.917479978112564167e-06
7.017356401425265239e-06
6.970227809921519502e-06
7.070189343797558251e-06
7.023141841791110339e-06
7.123183109876448996e-06
7.076221246561571301e-06
7.176336885106546666e-06
7.129465196216604588e-06
7.229649854896182030e-06
7.182872861964411384e-06
7.283121204418348763e-06
7.236443414221567741e-06
7.336750118941604493e-06
7.290176022736665128e-06
7.390535783615371665e-06
7.344069856665096667e-06
7.444477383754573641e-06
7.398124084618669543e-06
7.498574104785638050e-06
7.452337874721483769e-06
7.552825132284939374e-06
7.506710394670108798e-06
7.607229652145118106e-06
7.561240811878143243e-06
7.661786850519136760e-06
7.615928293444244468e-06
7.716495913925386501e-06
7.670772006281245209e-06
7.771356029338589869e-06
7.725771117072903222e-06
7.826366384136873927e-06
7.780924792498559835e-06
7.881526166263453606e-06
7.836232199246867807e-06
7.936834564221125990e-06
7.891692503834361110e-06
7.992290767160048335e-06
7.947304873041744657e-06
8.047893964861358156e-06
8.003068473789068751e-06
8.103643347838214084e-06
8.058982473133050766e-06
8.159538107411203826e-06
8.115046038376469455e-06
8.215577435661999603e-06
8.171258337219255296e-06
8.271760525540436667e-06
8.227618537643917429e-06
8.328086570968310412e-06
8.284125808091240311e-06
8.384554766713078682e-06
8.340779317473953134e-06
8.441164308621409079e-06
8.397578235239735526e-06
8.497914393517384240e-06
8.454521731361917125e-06
8.554804219394766460e-06
8.511608976455700668e-06
8.611832985239144484e-06
8.568839141891549207e-06
8.668999891268394306e-06
8.626211399635002014e-06
8.726304138895941658e-06
8.683724922491458634e-06
8.783744930809165069e-06
8.741378884079693858e-06
8.841321470818715484e-06
8.799172458848557825e-06
8.899032964204720648e-06
8.857104822158753664e-06
8.956878617534512092e-06
8.915175150383829232e-06
9.014857638777769091e-06
8.973382620796095332e-06
9.072969237261487011e-06
9.031726411755124420e-06
9.131212623812250039e-06
9.090205702706090425e-06
9.189587010737332190e-06
9.148819674200788714e-06
9.248091611860957087e-06
9.207567507946562413e-06
9.306725642480624948e-06
9.266448386823512422e-06
9.365488319616128410e-06
9.325461495034634003e-06
9.424378861739049170e-06
9.384606017960259251e-06
9.483396489076038134e-06
9.443881142389591856e-06
9.542540423435786912e-06
9.503286056396198343e-06
9.601809888345168038e-06
9.562819949463922906e-06
9.661204109124490455e-06
9.622482012511690230e-06
9.720722312756200942e-06
9.682271437882126444e-06
9.780363727952570517e-06
9.742187419436306540e-06
9.840127585357306910e-06
9.802229152597525643e-06
9.900013117390603438e-06
9.862395834275745367e-06
9.960019558213053712e-06
9.922686663039663476e-06
1.002014614402179468e-05
9.983100839008649422e-06
1.008039211286143193e-05
1.004363756406759086e-05
1.014075670457118653e-05
1.010429604170178152e-05
1.020123916106842408e-05
1.016507547710833146e-05
1.026183872621681399e-05
1.022597507730475665e-05
1.032255464577554652e-05
1.028699405127369292e-05
1.038338616763666626e-05
1.034813161056693543e-05
1.044433254232504528e-05
1.040938696665610766e-05
1.050539302207650119e-05
1.047075933330763003e-05
1.056656685970646607e-05
1.053224792664013174e-05
1.062785331119294909e-05
1.059385196471597762e-05
1.068925163465129462e-05
1.065557066745284805e-05
1.075076109031187810e-05
1.071740325683055565e-05
1.081238094050805620e-05
1.077934895667856190e-05
1.087411044974234380e-05
1.084140699295286551e-05
1.093594888467495022e-05
1.090357659356894038e-05
1.099789551411275937e-05
1.096585698855255151e-05
1.105994960913295246e-05
1.102824740999065930e-05
1.112211044294694405e-05
1.109074709203126368e-05
1.118437729091697713e-05
1.115335527092189157e-05
1.124674943084263365e-05
1.121607118517069582e-05
1.130922614255052508e-05
1.127889407530104940e-05
1.137180670826817941e-05
1.134182318413207257e-05
1.143449041245030803e-05
1.140485775663867420e-05
1.149727654184153522e-05
1.146799703996548213e-05
1.156016438536856072e-05
1.153124028361410178e-05
1.162315323446926761e-05
1.159458673919025989e-05
1.168624238274455787e-05
1.165803566066505659e-05
1.174943112617786776e-05
1.172158630431493787e-05
1.181271876304759476e-05
1.178523792865598614e-05
1.187610459398130941e-05
1.184898979460228151e-05
1.193958792201400232e-05
1.191284116535074262e-05
1.200316805245502891e-05
1.197679130642408807e-05
1.206684429311515485e-05
1.204083948580964318e-05
1.213061595404790439e-05
1.210498497383298295e-05
1.219448234772181978e-05
1.216922704316393925e-05
1.225844278905310422e-05
1.223356496895557179e-05
1.232249659534810323e-05
1.229799802876116231e-05
1.238664308625037525e-05
1.236252550259708303e-05
1.245088158393138418e-05
1.242714667287122410e-05
1.251521141283401272e-05
1.249186082449664164e-05
1.257963189999182942e-05
1.255666724487548284e-05
1.264414237475515313e-05
1.262156522383832984e-05
1.270874216889770801e-05
1.268655405379849699e-05
1.277343061680809025e-05
