# -0.2J_-0.8g_0.94248theta_1.0472phi_10Chi_0.01delta_500N
-5.777398884386149014e-01
4.672799873165779383e-01
-6.600372579771692783e-01
-1.187800332747218218e-01
-7.067510231503663400e-03
-3.310637771612547769e-02
-6.146684194733648132e-02
2.814604030787583311e-02
-5.141262438418321007e-02
1.196193370889941585e-02
7.855036523176478491e-01
-1.314545074839664540e+00
1.127047661827785818e+00
-5.923122893641519227e+00
-2.448025745202956571e+00
-5.027877534959020345e+00
-6.523432056988824002e+00
1.871219194270881792e+00
-5.039021735869944507e+00
1.653808292817392944e+00
-1.714226218539276758e-01
-4.098579297597464977e-01
-3.618060622066122112e-01
-4.290048757820933423e-01
-7.863847974277832442e+00
-5.244541303019008005e+00
3.472039252410227927e+00
4.876436266897615113e+00
5.267918372650171932e+00
-1.812752630915026142e+00
4.680441485439099103e-02
-3.976108482670443145e+00
-4.701832457921829800e+00
6.639276190976293890e+01
-1.520066812747918163e+02
-6.399233120992304436e+01
2.779301373315987007e+02
-1.242763289195834346e+02
2.058363597047100484e+02
-5.479834733327396634e+02
1.082340730924790106e-01
7.845859704811937618e+00
-1.106213742708163306e+00
1.392862996885777420e+02
8.893977289291410671e+01
1.252001760029045556e+02
5.740804557992247510e+02
3.005210911097037183e+02
8.842513301469870157e+01
1.149912545806708749e+03
3.277673291918702797e-02
7.136717371336103177e+00
4.249735888729741506e-01
6.913513934822097440e+01
1.132233987607869352e+02
1.579160655759782799e+02
1.875793047658117700e+02
1.595630029764883488e+02
-3.963601355537699078e+01
7.744430985015628721e+02
7.266984250882060903e-02
2.795324051445693847e+00
-7.756946154014752182e+00
-2.085486283714943738e+02
-3.386775338997346694e+02
-3.221026726502813062e+02
-3.263437264575497011e+03
-2.127546121982010845e+03
6.659722857921696004e+01
-1.037011637528895699e+04
-1.419717359862454099e-02
-3.620245012975299659e+00
-3.072817459436059551e+00
-4.991746735398510282e+01
-3.794203236195472755e+02
-2.490268158740151136e+02
-3.631193460307603686e+02
-2.452789405082860412e+03
2.212875825498304323e+02
-7.535321981660293204e+03
-5.171849179198490659e-02
-5.348859104378399509e-01
6.842052986853787822e+00
-1.808733883366447230e+02
1.706136989588945312e+02
4.567966030783769327e+01
-9.153994945237219554e+02
1.832570702332296833e+02
-5.744319958079921662e+02
3.383479229914768212e+02
7.946787730589191870e-03
-8.439577439381924506e-01
-2.511089274663012461e+00
1.219271108030916366e+03
5.401114377766166399e+02
7.159697056920338127e+02
1.061839207603644354e+04
6.546344041112432933e+03
1.143905289446312509e+03
2.465414090868865242e+04
-5.773930484316905920e-01
-8.055067807130822377e-01
-7.441964914716565904e-02
5.334025727525788796e-02
1.064204400113592797e-01
-3.308443064360374469e-02
5.281785311564896057e-02
4.435022875951274285e-02
-5.068424097770653919e-02
-4.131769803448047396e-02
-5.415501265363007466e-01
-9.115898536137062580e-01
1.766267255601425279e-01
-6.133282855329157179e+00
5.467516757996698784e-01
-2.031533343069805930e+00
4.190733551060340373e-02
-7.688274285930001284e+00
6.403020807234568679e+00
3.342568786067900977e+00
-5.945343906785489629e-01
-1.361632343071637274e+00
-7.658942682730787155e-01
2.564809565975040506e+00
-7.655974414894063607e+00
6.981414840050788051e+00
-5.407301139067628881e+00
-1.567134611604125149e+00
1.908335225117878453e+00
2.615100643798247582e+00
7.037350613779297381e-02
-3.188535770193589247e+00
-8.303506203971030786e+00
8.820363821367612900e+01
-1.522000241294158513e+02
1.404907868803254019e+02
1.122755426267742678e+02
-4.877643075885262647e+02
-7.361921708262789821e+01
-7.319586495822809411e+02
-9.475712112028546186e-02
4.244126605635043070e+00
-1.901094421947790103e+00
1.390643038047776940e+02
6.674362181684416839e+01
-7.039673617319214927e+00
2.054416484899691397e+02
4.882227956171508367e+02
-1.921099113059587182e+02
5.022509959410288047e+02
3.285883720115947287e-02
-3.208279873934952064e+00
-6.401026891495920523e+00
6.327365740187318011e+01
-1.167962117151070913e+02
1.583683178980872981e+02
5.110299773349340313e+01
-2.522652574164166310e+02
-6.397435752005576859e+01
-4.420339813463198197e+02
-5.013751865471450381e-02
3.522915649542689653e+00
3.157814975263740109e+00
-1.725101917363765267e+02
5.105174547688824305e+01
-6.745510800714124855e+01
-1.571464776081094215e+03
-1.883491202086610770e+02
2.258114651517962272e+02
-2.740182661148139687e+03
-5.336974429686130311e-02
7.141278660614533536e+00
-3.434737422217335023e+00
3.098275330283226481e+02
-4.001210074790575391e+02
3.904406008552126650e+02
1.402962246829291189e+03
-4.157761296632774247e+03
-5.965868505537824831e+02
-7.320782203863367613e+03
-5.340131618938183389e-02
6.497346994865488057e+00
-3.259172171933898188e+00
2.599956219391753507e+02
5.318736507458655183e+01
6.697304533480331656e+01
6.875969013462949988e+02
5.595414003583834983e+02
-5.866205948891364415e+02
4.778235135893896199e+02
-1.160983795241328324e-02
1.319105882519437500e+00
5.471917228017290080e-01
5.083413097022082638e+02
8.364229948079087080e+02
-3.867529375641250908e+02
2.915175389938847275e+03
8.027044173679785672e+03
-1.016620797247005953e+03
1.489852197886088652e+04
-5.772434803580563933e-01
3.380375627576800990e-01
7.350202223601105533e-01
6.562470211839521728e-02
-9.943730003113278315e-02
-3.312382258355690140e-02
8.331023076465018246e-03
-6.254690885969120540e-02
-5.730579436969731461e-02
2.946562359836943021e-02
-2.444661908361741576e-01
-2.884153308097180957e-01
1.002812634730612995e+00
-8.622166827385367327e+00
-1.124816163666294333e+00
7.055959059543175371e+00
4.434103184485128857e+00
2.984708885721600868e+00
-1.540970735790711865e+00
-1.402679340417387399e+00
7.662613786189134135e-01
-5.358345933531450944e-01
-1.389288418903392497e+00
8.910974252054362221e-01
-5.167524687897355307e+00
-1.730005489745823910e+00
4.677601159354416005e+00
-5.329848451871299631e+00
-7.310705198468695265e+00
1.856037773256455470e+00
-1.172844802603969783e-01
-4.620506640101934015e-01
-5.823325992051609390e+00
7.749407812797456074e+01
-1.331210198379198175e+02
-7.646316404055004057e+01
5.140534299516814372e+02
-4.383423224446936501e+02
-1.975420736750323272e+02
-1.231723148327857302e+02
-1.356833909193473804e-02
6.724884192257718496e+00
-4.624311883211611907e+00
1.580190627511467483e+02
7.744355171859308484e+01
-1.180681514967194516e+02
2.491969860775506049e+02
5.216627031040846418e+01
1.537123857088762122e+02
6.077530091601965978e+02
3.279138510394307565e-02
-3.935445576619982955e+00
5.975582417842460359e+00
-1.328222113331825938e+02
3.736542109623036900e+00
1.583869652170789095e+02
-2.462497890090303088e+02
1.026051456514369278e+02
-4.279069344544814868e+01
-2.728121389003407558e+02
-2.241106560579389506e-02
-6.271191501182383554e+00
-1.648606789606969159e+00
-5.244691710517791989e+02
-1.078077211626045369e+02
3.907651248837548223e+02
-4.206445068558531602e+03
5.300230074002946594e+02
-3.813773679707936139e+02
-6.114220745920898480e+03
7.308789804051087080e-02
2.703345521761394643e+00
6.487567078860288383e+00
1.514885345102186989e+02
-4.803896639763886611e+01
-1.433967226707121085e+02
1.838022633568795300e+03
-1.731405764188133617e+03
-6.093589184044675733e+01
-1.709558211047163240e+03
-4.871789703613343264e-02
-5.742414471747848914e+00
-3.594359944490146841e+00
-6.487048054087915716e+01
-2.508408318247643365e+02
5.060832220229213618e+01
3.197862920030716509e+02
-8.963177114344778147e+02
-6.635783103091303019e+02
-1.299429325963246583e+03
3.747347229124018634e-03
-2.355601131589085906e+00
8.815313350562060668e-01
5.552672754018727801e+02
8.382695004476188672e+01
-2.785605061439010228e+02
5.340126683102556854e+03
7.760380346113614678e+02
7.425643467537388460e+02
9.387801789764891510e+03
