# -0.55J_-0.45g_0.31416theta_1.0472phi_10Chi_0.01delta_500N
-9.886238920028309618e-01
1.499986022734464686e-01
-1.496920073485411874e-02
-4.922314911634059591e-03
-1.420427620789970966e-02
1.796948210924129846e-02
4.705636078391608004e-04
-1.616254543053217106e-03
-3.384876737713997299e-03
-1.889837676123994146e-03
1.502792539353651480e-01
-1.403859004410656641e-01
-4.554572029208979744e-01
-4.145062450106971608e-01
-3.535928762645338397e-01
3.409008585760480714e-01
-1.778911654756990091e+00
-2.411782243981884566e+00
2.045883538368317822e+00
-8.294107144708796397e+00
-1.075201088862753895e-02
-6.089838433588542488e-01
-1.813375015380400157e+01
-1.613449722916382711e+01
1.855158968280142773e+01
7.798743379167750733e-01
-7.769051777485420018e+01
-1.891405297793439217e+02
-1.246984464993100516e+01
-1.938072030819190275e+02
-5.023749222264977353e-03
8.191294518252311141e-01
2.121443844524370448e+01
5.389805811282025161e+01
-4.988777179723006583e+01
-1.542679649697588573e+01
-6.366333726002785198e+01
4.657237735763353612e+02
-1.267720856339584401e+01
-4.827298544928764557e+01
-3.547911296023518578e-03
-6.825487740996170061e-01
2.121654661964290511e+01
4.529352415179607760e+01
-6.232535060080346057e+01
-8.094514662383184955e+00
-4.506537494263604060e+01
4.713364621732382034e+02
8.572099149446603406e+01
-1.616630044370188557e+02
2.230162595096114170e-02
1.048770805811090889e-01
1.144992706820344486e+00
1.390518919505637463e+01
-1.332561957866441382e+01
-1.034117221308925139e+01
-6.758510227965390982e+01
1.198857416926997956e+02
-2.403692714512062878e+01
-1.532574339492044544e+02
-5.221932622213490242e-04
-9.385979416386051044e-01
-3.420901201096373256e+01
4.630585142035527468e+01
-3.328868641360123348e+01
-3.433132138814085010e+01
-7.469625736704145993e+02
3.595727145033100669e+02
-1.052349985970640347e+02
-1.407908757897159603e+03
3.131471162759585361e-04
3.414182374560985167e+00
2.299164945522248615e+02
4.467337593123792772e+02
-5.031246294617383796e+02
-1.102576780750705154e+02
-3.719680387812797449e+02
9.065167015752398584e+03
2.181089990027132899e+02
-1.242713568223446828e+03
2.335014460805994330e-03
-2.396123024241386901e+00
2.027020214667291320e+00
-1.796365904140355463e+00
-5.298244773035830946e+01
3.848983291844373156e+01
-5.501412934164233803e+01
-3.628775490327314657e+01
6.708085996743714077e+02
-7.229389727919731286e+02
-2.973625948962911863e-03
-1.029558676208074708e+01
-1.742937119109965352e+02
8.783491708137245269e+01
-1.540688937742803546e+02
-1.214600354888476659e+02
-3.714817976733653722e+03
1.729893724756443362e+03
1.174730837064708595e+02
-1.526408005434477309e+04
-2.196785669562342086e-02
-2.005460515331902449e-01
-2.455717571361685503e-01
-5.838276458199507246e-01
-6.481602795880274659e-01
-2.973256860951503655e-01
6.697405464105660178e-02
-7.434053754994561156e-04
-6.482654234937458571e-02
6.823837532742099699e-02
-1.022651532467037661e-01
-1.424781498781809264e+00
-3.298710132914054682e+00
-3.348363391122837651e+00
-3.325371994997154079e+00
2.156224089434187974e+00
-8.180202610760982651e+00
-5.392913488661693622e-02
7.555779349175226756e+00
1.095719588132299638e+00
-2.088021362170645601e-01
-5.201509069687272557e+00
-1.209690912356929573e+02
-1.071695453197736754e+02
1.167432777605690006e+02
3.240006777289764717e+00
-3.964403971657746411e+02
1.531801690629793278e+01
-2.635688786310400289e+01
5.914135415686732955e+01
5.435545517098123725e-01
8.556239523853463425e+00
1.429178390656332738e+02
3.764552182078031137e+02
-3.151166028352494664e+02
-9.162640054824723279e+01
-1.768836036250964980e+02
-8.212291761196981099e+01
-1.952796428484664091e+02
2.742742221374647329e+02
-6.322577194567421399e-01
-9.239462101327941213e+00
1.292070074490232798e+02
2.878997764847299550e+02
-4.273828450596930111e+02
-5.444744087517076281e+01
-1.978367254710040868e+02
-9.302076706331661171e+01
4.850568363830613521e+02
-5.883557031359376879e+02
-3.476414834520577535e-01
-2.054081080607686793e+00
-2.107309851489990393e+00
7.673400400218103812e+01
-1.035465978715662061e+02
-8.051792508653528557e+01
-3.456515963476055617e+02
-3.432567086974525239e+01
-8.883279804509362521e+01
-2.638790268469228408e+02
1.276297338386699898e-01
-8.851333066506986924e+00
-3.931619917664619379e+02
2.681931614917378397e+02
-1.090102920379149083e+02
-2.621764634728095871e+02
-6.233789609711992853e+03
-2.829339245993253940e+02
-1.201166779668971003e+03
-1.324553912824511144e+03
-2.238665117866163803e-03
2.382049658656070212e-01
-2.081124309792378568e+01
-8.161447547403778913e+01
9.018494577470494278e+01
2.277224572870434471e+01
2.627129258865890051e+02
1.128831502587911046e+02
-6.307939195031342905e+01
1.107747928238680686e+02
1.663513664844035178e-01
-1.519941531437258675e+01
3.630777780550273093e+01
-1.311048357059806335e+02
-2.961651636539849619e+02
3.593219213880579446e+02
2.812508443462256196e+02
-9.767458875204414426e+01
4.725380768208769950e+03
-3.015876313769605986e+03
1.972709260983873947e-01
-1.377681187244929362e+01
6.039477652987541489e+01
-2.283740909667624805e+02
-4.473860536777107200e+02
6.233127684074200658e+01
-4.789227761152580570e+03
-3.018539651846252241e+02
3.319464784782589959e+03
-1.232696992260745719e+04
-1.490824407466246615e-01
-9.009675217804427039e-01
1.724981768020652506e-01
9.862052129909494591e-02
2.130436349548466279e-01
-2.025655382887484868e-01
-1.224071268333378967e-02
-2.453243493107451923e-03
6.974947578312970520e-02
1.707605605504861762e-02
-9.339543974502689805e-01
-1.212338357715421999e+01
-1.096949606532266941e+01
3.437794103116635913e+00
-9.043629498529279331e+00
3.198364618415812899e+01
1.267798546636081936e+00
3.412664815536949892e-01
-1.067871942700979382e+01
-4.026626166549983843e+00
1.567300752585299717e-01
-1.326086700491650738e+01
-3.888583411338968858e+02
1.932891008131336719e+02
2.993482462899523000e+01
-1.024373579944368089e+02
6.418378968267047924e+01
-2.411964621621888583e+01
1.178160272743348145e+02
5.775257749736423563e+01
-5.075826336140999706e-02
-1.690324852902780339e+00
-1.781718254184975763e+02
1.050166516757196291e+02
2.390551203602971952e+01
-1.146195779278542091e+02
2.503795078162673704e+01
1.091106062462313560e+02
-1.058508605343278361e+02
-1.185290616715872432e+02
1.646410625149060669e-01
-1.103317374453194333e+01
5.177195796018847318e+01
-3.289500293666604591e+01
-6.141911620964221186e+01
1.799502099017377077e+02
-4.316414813506091264e+01
9.790603196566362953e+01
3.122512481878164294e+02
1.240083364302826396e+02
-2.165588562451935262e-01
3.171376691594840125e+01
-1.179208372266575253e+02
1.051506418759964703e+02
1.494681052697705184e+02
-5.293341117734212276e+02
8.438192636018780490e+01
3.766546795859267860e+01
-1.233251010973643588e+03
-7.962215657633639694e+02
-1.055469526751099535e-02
8.265729908665202519e-01
6.331163759134811642e+01
-3.482131244625025346e+01
-3.215787527196015105e+01
1.053404384638042330e+02
-1.024329728292081256e+02
4.903581212452338889e+01
5.389563928770148777e+02
1.301595410101758716e+02
1.697347825984025192e-03
-2.508885817125853790e-01
1.206234337844193938e+01
5.334118952922624857e+01
-4.805340010039024889e+01
-3.374067187195383610e+01
-6.731700660460111862e+01
1.004396734073687753e+03
-2.903315145747790780e+02
-5.659666842909985007e+02
-6.739729370641986406e-02
1.024934854698233266e+01
-1.043056598852830206e+02
-6.363016718871879362e+01
-3.106252955209764082e+02
1.358193803140025921e+03
-4.539199291348214160e+02
-4.913535916400260248e+02
1.139801345176477116e+04
7.383470793210606644e+03
1.303288856969129529e-02
-3.426309043399033971e+00
5.441628219948368894e+01
7.180460675266888870e+01
1.510416930717417472e+02
-8.321452840466456564e+02
-2.196149588638692762e+02
8.912533517288982239e+02
-6.332005651308309098e+03
-6.638021653991311723e+03
