# -0.7J_-0.29999999999999993g_0.0theta_3.14159phi_10Chi_0.01delta_500N
1.419481246421277487e-01
3.826778916694177136e-04
1.442327770236575417e-05
5.318968789682364227e-07
5.846903529677145318e-07
3.706839564978238005e-07
4.717943565958016949e-07
3.724843103195620010e-07
4.569565741497700861e-07
3.830095997388245555e-07
4.580539251295900580e-07
3.967203895862352116e-07
4.632816761884538142e-07
4.124899245466493872e-07
4.703554292011430345e-07
4.303431501867447375e-07
4.789255239805450598e-07
4.509883916291802326e-07
4.893191184820846928e-07
4.757946502908411842e-07
5.023835554353974948e-07
5.067693549398760865e-07
5.195772581531370492e-07
5.464057413049530793e-07
5.430414741249704180e-07
5.974787954535352653e-07
5.754850421939758269e-07
6.627349988126894977e-07
6.200792142618797029e-07
7.442560396443855027e-07
6.808105768716946734e-07
8.423639786581894509e-07
7.632977597643133866e-07
9.541662021352306238e-07
8.755532996065655126e-07
1.072211396086797503e-06
1.027601122495132431e-06
1.184254372055840552e-06
1.227266157753260934e-06
1.275426264840747202e-06
1.468006921586419308e-06
1.333163843440682045e-06
1.712384025345316990e-06
1.352643847256571044e-06
1.898318478975810336e-06
1.338648627419808886e-06
1.989879022923115697e-06
1.302367933320273587e-06
2.017222045296692097e-06
1.256231989659716305e-06
2.036014369825321797e-06
1.210533206796634550e-06
2.059863455992627386e-06
1.172556944397282266e-06
2.063059295915617241e-06
1.146896193069884493e-06
2.043970514153676145e-06
1.135869625933071201e-06
2.034676931178003593e-06
1.139753588846905962e-06
2.042202990201729952e-06
1.156889752618634515e-06
2.031387924149679583e-06
1.183669793947379459e-06
1.956583307704184804e-06
1.214454819342217494e-06
1.799036516133091278e-06
1.241717071959131716e-06
1.580546053051998536e-06
1.256890925222203841e-06
1.343627275400390658e-06
1.252258211162194303e-06
1.123453810026447408e-06
1.223411001766663708e-06
9.369286815011060077e-07
1.170972374026766286e-06
7.868171616152149839e-07
1.100390408628045304e-06
6.690871498320628565e-07
1.019884475677738039e-06
5.778464127118587813e-07
9.378307184901365528e-07
5.076133433076394357e-07
8.608830158745700893e-07
4.540162815875421216e-07
7.932730691730663254e-07
4.137501625342540286e-07
7.369912102489902903e-07
3.842467944164149296e-07
6.923327428060733987e-07
3.633229159556248869e-07
6.584334918162606223e-07
3.490266614769366780e-07
6.336398364300221520e-07
3.397057734321119341e-07
6.157225691700323471e-07
3.341198675102437775e-07
6.020393557382752396e-07
3.314553836922719400e-07
5.897795681158108435e-07
3.312516522111637938e-07
5.763834461248319937e-07
3.333055131606934135e-07
5.601024301506315414e-07
3.375937338327155324e-07
5.404959965078006294e-07
3.442248017412677479e-07
5.185868115439997233e-07
3.534171744218495823e-07
4.965456872146818316e-07
3.654979916184625908e-07
4.770687366232954845e-07
3.809178106847685353e-07
4.627701133917526259e-07
4.002774476144635196e-07
4.558120907369287369e-07
4.243644910953307608e-07
4.577853926725852266e-07
4.541823696052048542e-07
4.697384360842041944e-07
4.909051932313923806e-07
4.922639530936410092e-07
5.355239284259080464e-07
5.255652631977813289e-07
5.873166002727457165e-07
5.693413375328154023e-07
6.381573373857142598e-07
6.221050144837825722e-07
6.578391658363763810e-07
6.791860030349674677e-07
6.005213301535580608e-07
7.289651821760044879e-07
4.980199427650701847e-07
7.506307050159611268e-07
4.300821420581765902e-07
7.275473922359033237e-07
4.072663270827045985e-07
6.745710709741084845e-07
4.105922087401215488e-07
6.252368316596743924e-07
4.248501281463749004e-07
5.945310931227679081e-07
4.402601628350064078e-07
5.783582429480308009e-07
4.495396772519959880e-07
5.676775589986492979e-07
4.464608080724616652e-07
5.544286282315363717e-07
4.267660628487529647e-07
5.326311039782845701e-07
3.910155678223163437e-07
4.993137785734305409e-07
3.462980023419145659e-07
4.558744188001285017e-07
3.029432446851494926e-07
4.078794650467516543e-07
2.684823376192337988e-07
3.621220628676474841e-07
2.449988163845581758e-07
3.232758721529818543e-07
2.307641533737121143e-07
2.928722421859519831e-07
2.228887988265978936e-07
2.702810133747052778e-07
2.189001672600230526e-07
2.540154111740746117e-07
2.171454600324023232e-07
2.425314615557097238e-07
2.166399357211719664e-07
2.345392260625118579e-07
2.168225844762957402e-07
2.290554313665195575e-07
2.173762818233007391e-07
2.253605642172707889e-07
2.181202633226502002e-07
2.229364616636789644e-07
2.189500478154197158e-07
2.214111629723768317e-07
2.198041893823443178e-07
2.205168466383637461e-07
2.206457452293932021e-07
2.200596948709350274e-07
2.214517871346180049e-07
2.198987354063537010e-07
2.222073226723737237e-07
2.199310606277840193e-07
2.229019323141690841e-07
2.200814980011515715e-07
2.235281088753445565e-07
2.202952952655579709e-07
2.240805407893711584e-07
2.205328374037880683e-07
2.245557575311927920e-07
2.207657568661752513e-07
2.249518814944932620e-07
2.209740439771594172e-07
2.252684428746366835e-07
2.211439090901558300e-07
2.255062243205195963e-07
2.212663097844956049e-07
2.256670139624483853e-07
2.213355414049944506e-07
2.257531831031152751e-07
2.213480272772144249e-07
2.257670061320562824e-07
2.213020265492180625e-07
2.257105304812440894e-07
2.211973684960930659e-07
2.255859809557582811e-07
2.210351009450214632e-07
2.253960039083970165e-07
2.208171933892810926e-07
2.251437059637351180e-07
2.205463103237483617e-07
2.248326155789500026e-07
2.202256161209025839e-07
2.244665917226030855e-07
2.198586610217934411e-07
2.240497747532692309e-07
2.194493261656956718e-07
2.235865156519042335e-07
2.190017292739344926e-07
2.230813172570179826e-07
2.185201611400650793e-07
2.225387856124715175e-07
2.180090335688132140e-07
2.219635900490449380e-07
2.174728359698918617e-07
2.213604303870083640e-07
2.169160988559922726e-07
2.207340097497788239e-07
2.163433629138296842e-07
2.200890122242567342e-07
2.157591592621330739e-07
2.194301161563947314e-07
2.151679739983490498e-07
2.187618786526672528e-07
2.145742271305960981e-07
2.180888069501952068e-07
2.139822661578336333e-07
2.174153262826808180e-07
2.133963448836176413e-07
2.167457635676917131e-07
2.128206087753346038e-07
2.160843349987987373e-07
2.122590814878175217e-07
2.154351346537354291e-07
2.117156522899664527e-07
2.148021238681475889e-07
2.111940643061432230e-07
2.141891212166162639e-07
2.106979032047445300e-07
2.135997929535625805e-07
2.102305862625882393e-07
2.130376438495327601e-07
2.097953516358382616e-07
2.125060083022673995e-07
2.093952476591197725e-07
2.120080416750304845e-07
2.090331220368328660e-07
2.115467117658929800e-07
2.087116107303000921e-07
2.111247903404014836e-07
2.084331263698253628e-07
2.107448446612493351e-07
2.081998459927922480e-07
2.104092289236450870e-07
2.080136978744818027e-07
2.101200755175388370e-07
2.078763471986150014e-07
2.098792860282031280e-07
2.077891802771254103e-07
2.096885218784604127e-07
2.077532869761080094e-07
2.095491945113931590e-07
2.077694409597786644e-07
2.094624549987654322e-07
2.078380772939605073e-07
2.094291829659603044e-07
2.079592668871341885e-07
2.094499746968341247e-07
2.081326871458485165e-07
2.095251302949115012e-07
2.083575881459285630e-07
2.096546397490171742e-07
2.086327535013030464e-07
2.098381677624989529e-07
2.089564549996792041e-07
2.100750371809448808e-07
2.093263999734874184e-07
2.103642108639161248e-07
2.097396702583170354e-07
2.107042718229494008e-07
2.101926515260321428e-07
2.110934014608695100e-07
2.106809517600550382e-07
2.115293557332149911e-07
2.111993077429473278e-07
2.120094390564049898e-07
2.117414786819022100e-07
2.125304757849598719e-07
2.123001266903686936e-07
2.130887790818207644e-07
2.128666848154394006e-07
2.136801170166669275e-07
2.134312149819618109e-07
2.142996757266495201e-07
2.139822608262831349e-07
2.149420195069719393e-07
2.145067042795561184e-07
2.156010477370951492e-07
2.149896403574966735e-07
2.162699486412375712e-07
2.154142922413801697e-07
2.169411500748831901e-07
2.157619984097386516e-07
2.176062677274585359e-07
2.160123156399851071e-07
2.182560519374466391e-07
2.161432933458241063e-07
2.188803349795612897e-07
2.161319849398534787e-07
2.194679823094016848e-07
2.159552641598725804e-07
2.200068535805637295e-07
2.155910019291467746e-07
2.204837825889213163e-07
2.150196233625977959e-07
2.208845899846031684e-07
2.142259979375360530e-07
2.211941485304681437e-07
2.132015186584463067e-07
2.213965275756268739e-07
2.119461122182926395e-07
2.214752500556749958e-07
2.104698239172347181e-07
2.214136997009970754e-07
2.087935846339450373e-07
2.211957147835950887e-07
2.069488354824368194e-07
2.208063925454345757e-07
2.049758725658715645e-07
2.202331038803763336e-07
2.029210407512189168e-07
2.194666723373139211e-07
2.008331721695072517e-07
2.185026147164343474e-07
1.987598278608505912e-07
2.173422766805475993e-07
1.967439085991759812e-07
2.159936467326939629e-07
1.948210549374144385e-07
2.144716177648902894e-07
1.930180242736688768e-07
2.127975058353009339e-07
1.913519996214376611e-07
2.109977345451040388e-07
1.898306153860954388e-07
2.091017311164750164e-07
1.884524037323053836e-07
2.071392183349686646e-07
1.872073595819650462e-07
2.051371806233126832e-07
1.860773641703286935e-07
2.031168029472516370e-07
1.850362686067752904e-07
2.010906265807837612e-07
1.840495047501104456e-07
1.990600642402084102e-07
1.830731628918643824e-07
1.970133160172562053e-07
1.820525757226460688e-07
1.949236799060779258e-07
1.809206189230091026e-07
1.927483066106264204e-07
1.795962433279793598e-07
1.904276515979925495e-07
1.779842557738700126e-07
1.878862556032806789e-07
1.759780609980458674e-07
1.850360080179359682e-07
1.734677333932113151e-07
1.817835305868298761e-07
1.703557157934855282e-07
1.780432833822893906e-07
1.665804599242802584e-07
1.737566559377588626e-07
1.621435453089638865e-07
1.689140531922561569e-07
1.571296431704663933e-07
1.635725944187363636e-07
1.517062359417960296e-07
1.578596814333312756e-07
1.460968246776017787e-07
1.519563243328897435e-07
1.405357100474104876e-07
1.460637529462687901e-07
1.352232658635295767e-07
1.403660305197828309e-07
1.302985324112156666e-07
1.350026334126040953e-07
1.258340194906055096e-07
1.300578660600737762e-07
1.218466505051578700e-07
1.255650995436623415e-07
1.183152082820856729e-07
1.215191237827360665e-07
1.151969934692412149e-07
1.178901575775040518e-07
1.124403739294515123e-07
1.146356866154730727e-07
1.099928013425050684e-07
1.117088491790029362e-07
1.078052019922509155e-07
1.090636024550223292e-07
1.058339240701185211e-07
1.066574710165528913e-07
1.040412313652685482e-07
1.044527082937550779e-07
1.023950306769571763e-07
1.024165229408758827e-07
1.008682576908487071e-07
1.005208132056127222e-07
9.943816266571683514e-08
9.874168309126443830e-08
9.808561537020211757e-08
9.705889722635164110e-08
9.679449080701072362e-08
9.545535403233359394e-08
9.555114679780347838e-08
9.391661526821363079e-08
9.434399730045701572e-08
9.243050394430741465e-08
9.316317094797332733e-08
9.098677018585229548e-08
9.200024323974714153e-08
8.957681850221909271e-08
9.084803000379410897e-08
8.819348715130973787e-08
8.970043107456974089e-08
8.683087169301633800e-08
8.855231477745419204e-08
8.548418261351861440e-08
8.739943382699851009e-08
8.414962997864074435e-08
8.623836568017686160e-08
8.282432821006356181e-08
8.506647074381785314e-08
8.150621523248215629e-08
8.388186269415429861e-08
8.019398117914407413e-08
8.268338580468436403e-08
7.888700272966053562e-08
8.147059472343195245e-08
7.758527997505012787e-08
8.024373268619135084e-08
7.628937347989606411e-08
7.900370472385011918e-08
7.500033994936763854e-08
7.775204306716335085e-08
7.371966559177963820e-08
7.649086269208701894e-08
7.244919690606980568e-08
7.522280577984275226e-08
7.119106918693117588e-08
7.395097476893834576e-08
6.994763352227702545e-08
7.267885459915177110e-08
6.872138343003650650e-08
7.141022564734854087e-08
6.751488254476859300e-08
7.014906964080407585e-08
6.633069489224302831e-08
6.889947146695722173e-08
6.517131930202206543e-08
6.766552020014055566e-08
6.403912939404557688e-08
6.645121281194217750e-08
6.293632037084665271e-08
6.526036391440100791e-08
6.186486355485079599e-08
6.409652452037078880e-08
6.082646927875790647e-08
6.296291222881082766e-08
5.982255837728225599e-08
6.186235453375097127e-08
5.885424217965049657e-08
6.079724616905400278e-08
5.792231058064819282e-08
5.976952061704822012e-08
5.702722749823803559e-08
5.878063519372758032e-08
5.616913280886127576e-08
5.783156852402886332e-08
5.534784971152520055e-08
5.692282880143510998e-08
5.456289643796026164e-08
5.605447067532930815e-08
5.381350086393139427e-08
5.522611908199530645e-08
5.309861750753255154e-08
5.443699760781907917e-08
5.241694524626445769e-08
5.368595945005736952e-08
5.176694506718556341e-08
5.297151924435063029e-08
5.114685705231080143e-08
5.229188418424769732e-08
5.055471586762105269e-08
5.164498315671141988e-08
4.998836423970918016e-08
5.102849292500644285e-08
4.944546403254103985e-08
5.043986061091566620e-08
4.892350463487042022e-08
4.987632204340583890e-08
4.841980885858984938e-08
4.933491599710327743e-08
4.793153617620649682e-08
4.881249418091568858e-08
4.745568379467384362e-08
4.830572750541845659e-08
4.698908609829154190e-08
4.781110928123736710e-08
4.652841331380754283e-08
4.732495636527440988e-08
4.607017058960621725e-08
4.684340967742009137e-08
4.561069909288175246e-08
4.636243598099094799e-08
4.514618122064966163e-08
4.587783338905181338e-08
4.467265257847165593e-08
4.538524372352980006e-08
4.418602399344193718e-08
4.488017556841133420e-08
4.368211742478189575e-08
4.435804259548408643e-08
4.315672013163671271e-08
4.381422236293867148e-08
4.260566170244809480e-08
4.324414111609069806e-08
4.202491831806869462e-08
4.264338990742645100e-08
4.141074768167384001e-08
4.200787622340441858e-08
4.075985604136168037e-08
4.133401286035888840e-08
4.006959537095805352e-08
4.061894159483463679e-08
3.933818377714940719e-08
3.986078298664315304e-08
3.856493564467600591e-08
3.905889573684803827e-08
3.775048077251205201e-08
3.821412005186794917e-08
3.689694491699240084e-08
3.732897261904899424e-08
3.600806159413067082e-08
3.640775677430078156e-08
3.508918526132589697e-08
3.545655414685502005e-08
3.414718427855789579e-08
3.448307462038525650e-08
3.319020543222600776e-08
3.349635980079410317e-08
3.222732867429503677e-08
3.250636515243728417e-08
3.126809501384979566e-08
3.152339576059812590e-08
3.032203725482017459e-08
3.055762003712215134e-08
2.939823546163504247e-08
2.961854131659502955e-08
2.850485723935792550e-08
2.871450802930360910e-08
2.764883026640256930e-08
2.785243637045900500e-08
2.683566435631751013e-08
2.703763800690191965e-08
2.606936823204989530e-08
2.627378570717105412e-08
2.535248682164664559e-08
2.556299627957975203e-08
2.468621345286672300e-08
2.490599222342977734e-08
2.407057153570098786e-08
2.430232647064786126e-08
2.350462103968107424e-08
2.375061755947715559e-08
2.298667017470865835e-08
2.324878316205900769e-08
2.251447620014543016e-08
2.279425330078254446e-08
2.208542374435228290e-08
2.238415337227072515e-08
2.169667486476571201e-08
2.201545377006954950e-08
2.134528958628265204e-08
2.168508649094407768e-08
2.102831831358549723e-08
2.139003172748867766e-08
2.074286920676988818e-08
2.112737870916656852e-08
2.048615435895798984e-08
2.089436544310276610e-08
2.025551873251714152e-08
2.068840182125177414e-08
2.004845555598970817e-08
2.050708006267185059e-08
1.986261140500103385e-08
2.034817583565390415e-08
1.969578366110757764e-08
2.020964274954102205e-08
1.954591250440254840e-08
2.008960231327532952e-08
1.941106910465715400e-08
1.998633092718948202e-08
1.928944126497313450e-08
1.989824504334811801e-08
1.917931742512381561e-08
1.982388526824957633e-08
1.907906966540847380e-08
1.976189990792305493e-08
1.898713613233755262e-08
1.971102821813203660e-08
1.890200318108766389e-08
1.967008345977369587e-08
1.882218740359612296e-08
1.963793569467095300e-08
1.874621767601659908e-08
1.961349414822235530e-08
1.867261733767147264e-08
1.959568883518481786e-08
1.859988665365457880e-08
1.958345105111244848e-08
1.852648579715512001e-08
1.957569218530770453e-08
1.845081870760854395e-08
1.957128021937630583e-08
1.837121843123052133e-08
1.956901309970520336e-08
1.828593478743174977e-08
1.956758803300675103e-08
1.819312562369068421e-08
1.956556558716781329e-08
1.809085338277937276e-08
1.956132734634716699e-08
1.797708928829607902e-08
1.955302578809073801e-08
1.784972808935148432e-08
1.953852515143965207e-08
1.770661693307595794e-08
1.951533246301877792e-08
1.754560241233618394e-08
1.948051890280399805e-08
1.736459994403830188e-08
1.943063371331646416e-08
1.716168906027307637e-08
1.936161650670141046e-08
1.693523639728176376e-08
1.926872003798218037e-08
1.668404527521812074e-08
1.914646524057852707e-08
1.640752546740563588e-08
1.898866384419668451e-08
1.610587048546778544e-08
1.878856121485593164e-08
1.578022234156130217e-08
1.853916848804225115e-08
1.543279729851747383e-08
1.823385917958675526e-08
1.506694280682001827e-08
1.786728355032094344e-08
1.468709801048134044e-08
1.743658168887372914e-08
1.429863941381099005e-08
1.694274075163158810e-08
1.390760959549674023e-08
1.639176705568338742e-08
1.352034835556617511e-08
1.579521495732382242e-08
1.314306849739069776e-08
1.516965866080358171e-08
1.278143624470009966e-08
1.453498666712126291e-08
1.244022117248942065e-08
1.391185373198497701e-08
1.212306698413028545e-08
1.331899148948458454e-08
1.183240512989818989e-08
1.277112185030949357e-08
1.156950026886948272e-08
1.227791945687904817e-08
1.133459026301185990e-08
1.184403883798820429e-08
1.112708170681000647e-08
1.146989913413643733e-08
1.094575842963556189e-08
1.115282192433899062e-08
1.078897524749132109e-08
1.088818009320057781e-08
1.065482976744767064e-08
1.067035872221642925e-08
1.054129718917091240e-08
1.049346438965001428e-08
1.044633399757830497e-08
1.035178552624696537e-08
1.036795201172752537e-08
1.024005753921430632e-08
1.030426787658013973e-08
1.015358712887928910e-08
1.025353308764378819e-08
1.008828519072404028e-08
1.021414928354302098e-08
1.004064555469217116e-08
1.018467287411848296e-08
1.000769526165549991e-08
1.016381231316233840e-08
9.986932818298719554e-09
1.015042058917595950e-08
9.976264231113617195e-09
1.014348486605028184e-08
9.973942197778593509e-09
1.014211467584119851e-08
9.978511070449565753e-09
1.014552964889808304e-08
9.988758582167034979e-09
1.015304745837596245e-08
1.000367445108990250e-08
1.016407239207868930e-08
1.002241541206921240e-08
1.017808481456118039e-08
1.004427625805186544e-08
1.019463172133202651e-08
1.006866606336864089e-08
1.021331831478071740e-08
1.009508890585374605e-08
1.023380061016867370e-08
1.012312831026755662e-08
1.025577894737852319e-08
1.015243460985628722e-08
1.027899225946750788e-08
1.018271446035984166e-08
1.030321294951931929e-08
1.021372187696709996e-08
1.032824227156430595e-08
1.024525039396204359e-08
1.035390616015799494e-08
1.027712623747044845e-08
1.038005151053354706e-08
1.030920280483585833e-08
1.040654325789697185e-08
1.034135496066009782e-08
1.043326021569071136e-08
1.037347614508785912e-08
1.046009395580750938e-08
1.040547601303290625e-08
1.048694724715705180e-08
1.043727689458666538e-08
1.051372988404908811e-08
1.046881165382281320e-08
1.054035854475790638e-08
1.050002337343399835e-08
1.056675465377594215e-08
1.053086258515710849e-08
1.059284208326629528e-08
1.056128586102968290e-08
1.061854520135744270e-08
1.059125451128020286e-08
1.064378666019576027e-08
1.062073328713357181e-08
1.066848481332807566e-08
1.064968910233462255e-08
1.069255067470145776e-08
1.067808970099342426e-08
1.071588407348263361e-08
1.070590228980165582e-08
1.073836915939622514e-08
1.073309197147635288e-08
1.075986813311881887e-08
1.075961986603885885e-08
1.078021365997105417e-08
1.078544106186158082e-08
1.079919852886606066e-08
1.081050175090736170e-08
1.081656184238977654e-08
1.083473558899408815e-08
1.083197033747010329e-08
1.085805882626794677e-08
1.084499284200541258e-08
1.088036359690056475e-08
1.085506518885066036e-08
1.090150860819562061e-08
1.086144063471167515e-08
1.092130590889006628e-08
1.086312218488690593e-08
1.093950183315420035e-08
1.085876632796259058e-08
1.095574924144670525e-08
1.084654711479958532e-08
1.096956560306806959e-08
1.082396697214357378e-08
1.098027118530107676e-08
1.078759298979696836e-08
1.098689261369890658e-08
1.073269763308861295e-08
1.098801348163931996e-08
1.065279073604012425e-08
1.098153789642133901e-08
1.053905588099528444e-08
1.096431211935152647e-08
1.037979176384740539e-08
1.093151603601817633e-08
1.016014255468377913e-08
1.087569293511616516e-08
9.862752188459502793e-09
1.078525948136652450e-08
9.470421182213234578e-09
1.064243889162116949e-08
8.971951630680680147e-09
1.042111377581477680e-08
8.370998483124915467e-09
1.008672671599450345e-08
7.694011617074135787e-09
9.603247775381857193e-09
6.989753045044432833e-09
8.952882254366549656e-09
6.316055109199221479e-09
8.163070224949611143e-09
5.720266252037405179e-09
7.313897974339419683e-09
5.226307370464810971e-09
6.505047790039515936e-09
4.835084912900163439e-09
5.808831036459495927e-09
4.533727716972941642e-09
5.251499722939818410e-09
4.304965894517113763e-09
4.825086195726280748e-09
4.132469125663530817e-09
4.506750920212759060e-09
4.002742185089520265e-09
4.271706935168957866e-09
3.905294339172902687e-09
4.098722875772631126e-09
3.832198058649030532e-09
3.971348316907841193e-09
3.777533873517144622e-09
3.877414682765114981e-09
3.736895779508616675e-09
3.808098290620699938e-09
3.706998491484747648e-09
3.757037789987675798e-09
3.685380945745800017e-09
3.719637590695276744e-09
3.670187882411246567e-09
3.692556346104854048e-09
3.660010470903264152e-09
3.673343314994026139e-09
3.653770725309928975e-09
3.660182999441752963e-09
3.650637417483591470e-09
3.651716579802713645e-09
3.649964740787932236e-09
3.646916513916417326e-09
3.651247300419680577e-09
3.644997970278725932e-09
3.654086852309734328e-09
3.645355739680768213e-09
3.658167533927470456e-09
3.647518875867762804e-09
3.663237277841512454e-09
3.651117765005167369e-09
3.669093754899655620e-09
3.655859981967829737e-09
3.675573665244250765e-09
3.661512675465907132e-09
3.682544527790036136e-09
3.667888230142318918e-09
3.689898344603334860e-09
3.674835630523008384e-09
3.697547020863382872e-09
3.682231941327168661e-09
3.705417165106554405e-09
3.689976665073244819e-09
3.713449097991537598e-09
3.697987234247729850e-09
3.721593140132442882e-09
3.706195507885112522e-09
3.729808049313678490e-09
3.714545029997997548e-09
3.738059511635761968e-09
3.722988869515914379e-09
3.746318931824959300e-09
3.731487907371311314e-09
3.754562458272123622e-09
3.740009469137165534e-09
3.762770192219884802e-09
3.748526225517168328e-09
3.770925543607038428e-09
3.757015304359486745e-09
3.779014702986528168e-09
3.765457591614258433e-09
3.787026206801248082e-09
3.773837085561277624e-09
3.794950607761984311e-09
3.782140427083607642e-09
3.802780096357338537e-09
3.790356528536127902e-09
3.810508310655072891e-09
3.798476222710724234e-09
3.818130121539707834e-09
3.806491973639870603e-09
3.825641455079531352e-09
3.814397650815723806e-09
3.833039127767565964e-09
3.822188321660704433e-09
3.840320755933317380e-09
3.829860109433072040e-09
3.847484591777246773e-09
3.837410000229079282e-09
3.854529468483451038e-09
3.844835757880294532e-09
3.861454710129617373e-09
3.852135807897387580e-09
3.868260062688762469e-09
3.859309146576768582e-09
3.874945637740258537e-09
3.866355265999302190e-09
3.881511846103623979e-09
3.873274070596398400e-09
3.887959375547975403e-09
3.880065841731972583e-09
3.894289135684203865e-09
3.886731169571014538e-09
3.900502228055522681e-09
3.893270912489529775e-09
3.906599916286956824e-09
3.899686157567254435e-09
3.912583599849373364e-09
3.905978185785535656e-09
3.918454791125563979e-09
3.912148442387701566e-09
3.924215095433946485e-09
3.918198509844832658e-09
3.929866193390071508e-09
3.924130084324236907e-09
3.935409825685718361e-09
3.929944955861061956e-09
3.940847779114785356e-09
3.935644989498139561e-09
3.946181875472642619e-09
3.941232109997734080e-09
3.951413960270324658e-09
3.946708287741315038e-09
3.956545894909128797e-09
3.952075524287403843e-09
3.961579545379834950e-09
3.957335850045021606e-09
3.966516786744723384e-09
3.962491305080485868e-09
3.971359476293921888e-09
3.967543929727598736e-09
3.976109469046879640e-09
3.972495769135415582e-09
3.980768602709815629e-09
3.977348857772124688e-09
3.985338696403314690e-09
3.982105216984404530e-09
3.989821547453090896e-09
3.986766849774365503e-09
3.994218928099786507e-09
3.991335737163438487e-09
3.998532584175493747e-09
3.995813834951733495e-09
4.002764232414217570e-09
4.000203061409908141e-09
4.006915550464260373e-09
4.004505332121286420e-09
4.010988211585379852e-09
4.008722502187566561e-09
4.014983829203262969e-09
4.012856402073183269e-09
4.018903993004049122e-09
4.016908827144730410e-09
4.022750259193678722e-09
4.020881536565176874e-09
4.026524150014236552e-09
4.024776252496598465e-09
4.030227154046761086e-09
4.028594660086497159e-09
4.033860725951255832e-09
4.032338406535677747e-09
4.037426286540670709e-09
4.036009101663883859e-09
4.040925223359766349e-09
4.039608317823023410e-09
4.044358890748785499e-09
4.043137589322542776e-09
