# -0.3J_-0.7g_0.57596theta_0.0phi_10Chi_0.01delta_500N
-5.774664670102666042e-01
7.696410162383975351e-01
-2.235326393755776297e-01
-1.001955898001943013e-01
-3.459989621806847104e-02
-3.501278764253472342e-02
6.606980795931088543e-03
7.236784796959776223e-02
-4.323440483713116705e-02
-1.499813920836197065e-02
7.882467416215799272e-01
-1.558198586007716990e+00
2.605836009657415686e-01
-5.342163014620012973e+00
-3.000257914626183742e-01
-3.288075182129527985e+00
-3.321740324843285741e+00
8.428704850885811339e+00
-6.815865600305283323e+00
-1.933530680007980340e+00
-1.853491893255536649e-01
8.486998198931418047e-01
4.065515245714312886e-01
1.221272238008937361e+00
9.264777243859013467e+00
6.840613609365397529e+00
-5.381057706033132604e+00
-9.877694960755230014e-01
-3.283660497965894542e+00
-2.330802537652696960e-01
7.782256297608505791e-02
2.643752237205921674e+00
-3.228841196271334812e+00
1.271178585881677918e+02
-8.138562198119761604e+01
1.065651970110703672e+01
2.094339800686026365e+02
-3.113421604236275471e+02
2.238857852728286844e+02
-7.282213645774984343e+02
-8.051442714309046955e-02
-7.595873418088336493e+00
-6.792543765848217063e+00
-6.224843969042178315e+01
-2.047697364563697704e+02
-1.730877005789938607e+02
-1.423275893697694983e+02
-7.600732252695621582e+00
6.574449609731517796e+01
9.998261190277189598e+02
3.654984406711379863e-02
6.439436996540290892e+00
4.516208477795482956e+00
5.771299206219489975e+01
1.477051764799790021e+02
1.840821177926406165e+02
5.807772190061480444e+01
1.818860676576917257e+01
-5.023976690337661211e+01
-5.877500370963056184e+02
-9.643531336881601065e-03
-1.040641666448151703e+00
6.358578810451500196e+00
-2.529329724723215804e+02
2.440920972124164905e+02
8.578041940880954996e+01
-5.886032273677582225e+02
9.775022694097988278e+02
-4.813391853432753464e+02
3.736834658079791552e+03
-7.178830719408511862e-02
-7.395036393811781572e+00
4.376066643053251326e+00
-1.337868298056748699e+02
3.576224513874999502e+02
2.245934438754687505e+02
4.597499688863699134e+02
8.995754429951173279e+02
-6.582360010904199044e+02
-2.117794166592057991e+03
4.458634956813051220e-02
4.440552086147567579e+00
-6.249612021078902124e+00
2.380163694667326126e+02
-2.255106100156241951e+02
-6.047187691020499756e+01
3.183167965494815235e+02
-9.222156243957693960e+02
8.256403115417911067e+02
-1.985399828643766114e+03
-1.221012093283795584e-02
-9.513505057562915423e-01
1.817878856046787117e+00
1.009346366506706431e+03
-1.271399217375158344e+02
4.095153320666333343e+02
1.828696390824873561e+03
-4.725570821205993525e+03
2.439852791253770647e+03
-2.820009947264621223e+04
-5.774579091979807899e-01
-5.784079973002584918e-01
-5.547680351356322204e-01
2.013517843032684024e-02
1.040759554558998851e-01
-3.501128125642131300e-02
5.933526741664315457e-02
-4.187821521076637993e-02
-4.323635079925375324e-02
1.743065503711689612e-02
-2.336056629947079466e-01
-4.397959055583935406e-01
2.029782345538045374e-01
-7.625163125159692967e+00
2.539344176038355272e+00
-4.280039989679996992e+00
-6.066095905079972539e+00
-3.796811231398056652e+00
6.251499259399166064e+00
-1.473581065780681376e+00
7.753223623664996511e-01
9.063277371752107570e-01
1.524983382538074528e+00
-1.617950211047546549e+00
6.981830687413266290e+00
-6.267715937869675180e+00
6.839442269104969441e+00
-3.732473823680418690e+00
-4.261179945030049154e+00
1.521262603244246447e+00
3.081614518242057829e-02
3.864120846646570850e+00
-8.300528639077423776e+00
1.938472887825348892e+02
-1.007202711572822835e+02
1.446605984603910144e+02
1.334185062039121874e+02
-9.493884901531308174e+01
-1.689478301097510951e+02
-7.420859857329514853e+02
1.076576006227962512e-01
-2.524197490360559737e+00
-5.572214662465960089e+00
-4.292840270934994606e+01
-1.381202891005491153e+02
9.573575160299931497e+01
-3.580560053166768739e+02
-8.308860563786453213e+01
1.607293302099533321e+02
4.934572243076859763e+02
3.654855870617757657e-02
6.914029428275435540e-01
-7.834763318284186262e+00
9.913647126037668045e+01
-1.238740940544013256e+02
1.841460698812810790e+02
-1.334582496274652286e+01
-5.756906165429172262e+01
-5.016837910345470419e+01
-1.474168228996764469e+02
6.696397069728601825e-02
-9.490549013317011173e+00
-2.514006120053945192e+00
-4.977108301043293181e+02
9.466014558003875479e+00
-2.398511321504252862e+02
-1.053537326857662947e+03
7.307281820847427980e+02
8.108368194426781201e+02
6.012204449562476839e+03
2.750406388918105391e-02
1.482235543228949348e+00
-4.081669893954960493e+00
1.020220844284893502e+02
1.128844113180944078e+02
-3.692078605518223355e+01
7.005204841431731211e+02
4.320667419752430760e+02
-7.952051326285257460e+01
-8.673746241636454215e+02
4.458070847485143956e-02
-7.630903826121586242e+00
-7.210381905048449669e-01
-3.151083890574923885e+02
-9.282007230638822648e+01
-6.108200100833010993e+01
-9.668765126382182871e+02
1.906745391657177890e+02
8.256979511601973627e+02
2.910474815661161301e+03
9.362169947995893637e-03
-2.025722426332258408e+00
3.573191148331810729e-01
6.548458976645571283e+02
-7.624741057320801474e+02
5.613722082422663107e+02
-1.732627124218704694e+03
-4.465946323501397274e+03
-8.859063629652540612e+02
-2.430183617600829893e+04
-5.774650561378976699e-01
-1.912420073198468906e-01
7.782943394280247285e-01
8.006128316756551400e-02
-6.947401744584497107e-02
-3.501125168116765024e-02
-6.593974711048222748e-02
-3.048380864407770202e-02
-4.323550993721467228e-02
-2.333491637554175723e-03
-5.546459236433125550e-01
-9.491218011339597194e-01
1.200361582038488972e+00
-8.942567200747921774e+00
-8.573787342520640120e-01
7.567867056302701734e+00
5.889619634627556444e+00
-6.114419988361002867e-02
5.642732703656244686e-01
-2.313773138210525604e-01
-5.899635330269632494e-01
-9.107287028282176622e-02
1.015627529119222050e+00
1.778928452196448573e+00
5.664232376804871905e+00
-5.728588360115474121e-01
3.105085350580433889e+00
8.226753756275263285e+00
7.544974174225429486e+00
2.716003827541740856e-01
-1.086385267470588306e-01
7.646144799663608715e+00
-4.707741762598740998e+00
1.772829627973358129e+02
-3.329161065964159150e+01
-1.553627278113004024e+02
-1.490117181756323994e+01
-2.688627095939839933e+02
-5.512305718818884515e+01
-1.226021568383519252e+03
-2.714049181630055416e-02
-6.116839221304732455e+00
-1.789989057647309645e+00
-1.103496112873532695e+02
-1.547427920955358047e+02
7.739205655644865089e+01
-1.846914600361586167e+02
-2.329836059488421540e+02
-2.264826865797820972e+02
7.902654782444806187e+02
3.654846116570777820e-02
-7.130709322058369715e+00
3.318549912011420133e+00
-1.568593596149445943e+02
-2.390657939366967000e+01
1.841308750995581249e+02
-4.538019523295519519e+01
3.927198793691110978e+01
-5.004519343602507320e+01
7.882228668578251245e+02
-5.731896677608635388e-02
2.418576031312036356e+00
-5.395583867334118544e+00
-1.726207823951182263e+02
-8.469229420188928259e+01
1.546131862035952054e+02
-6.143991227669068849e+02
4.590662779996494010e+02
-3.281119369882933370e+02
6.341497902372082535e+03
4.428223426119712314e-02
4.367207343334727376e+00
7.834844098221694253e+00
1.964034654937266282e+02
4.397899437067717372e+02
-1.879086471584731157e+02
9.921891278116277135e+02
8.807890621560612772e+02
7.380304997229164883e+02
-3.614366160587130707e+03
4.458995248738260170e-02
3.191044062826837724e+00
6.970557046193802009e+00
7.727740594108291816e+01
3.184129569092850147e+02
-6.106377730618373789e+01
6.496988909153094482e+02
7.306421312380730342e+02
8.242354196910747532e+02
-9.855170460192646260e+02
3.079608127964692400e-03
-2.365251930130390923e-01
1.858861930666655671e-01
1.419794503442277346e+03
-7.766425324348502954e+02
-1.007407822308602135e+03
-1.870814440784721171e+02
-7.886492396381097933e+03
-1.660721507208737876e+03
-4.439082953780379466e+04
