# -0.95J_-0.05g_0.57596theta_0.0phi_10Chi_0.01delta_500N
-9.997827434789962053e-01
-2.100263691267873281e-02
-1.089096968366654993e-03
-1.730017366551640800e-04
-7.669374164076905344e-05
6.358932352696692911e-06
-1.225122689968948733e-05
7.569705704150244235e-06
1.183666079996307254e-05
-3.895696413734257065e-04
-2.084271689827535065e-02
-1.253335352888017458e-02
3.002050062153450161e-01
3.699854898564370331e-01
5.455338257095880550e-02
-6.707542960459034198e-01
-2.531309685530709341e+00
1.201068539197506890e+00
-6.131904127875121624e+00
3.489883082514374735e+01
-8.271268777955510378e-06
-1.948769758791796036e+00
1.314636963025175191e+02
3.542030714793553443e+02
-1.133148085830414402e+03
-1.296607911604613037e+04
-4.517744664693859704e+03
-9.663275940167402950e+03
-1.845825943771525272e+04
6.040064322742139921e+05
4.848257176662703585e-04
5.402978522954421381e-01
-4.795850361533508277e+01
5.598614631965491384e+01
-6.592535403184162313e+00
8.659174286479817965e+03
8.558170949570215953e+02
8.821887929887667997e+04
-4.398992260114769124e+03
-3.981628626465643756e+05
-1.177013009444531990e-04
-2.412701007523590513e-01
1.357880838919770667e+02
1.347058573458531100e+03
-4.618664769926231202e+03
-1.702664390368120803e+04
-4.359577120675383412e+03
3.131156686070932774e+05
-6.070680157199802488e+04
8.109320289324985351e+05
1.036105590396627530e-05
-2.075741179933645597e+00
2.366978956665612714e+03
1.366306830952514611e+04
-5.674219211671387166e+04
-6.386352813707025489e+05
4.228459730717587081e+04
-1.349062505563761515e+05
1.873738775255448709e+05
2.971652656041235849e+07
4.118924578803387533e-06
1.774582578099529329e+01
-1.298202497222166812e+03
-1.886835614016318004e+03
-1.503997950681614839e+03
2.141211187485207483e+04
1.758737421751499642e+05
5.092175319327788893e+05
4.039415837108449196e+05
-3.302173083714710549e+06
-9.943379997844993795e-08
-2.813914039462441785e+00
-2.366299107659673666e+02
-1.796294006469803207e+04
5.166389814492328151e+04
-2.884506160182390595e+05
1.223133739413261646e+05
-9.922336652539793402e+06
1.790650954119709320e+06
1.384782555716402829e+07
-1.198405535079526927e-05
6.172074201530026016e+01
-3.362501405321611855e+03
2.437762059760846569e+03
-1.751677785137347018e+04
-6.136118238483101595e+04
3.187841342969948309e+05
3.434640939503359608e+06
1.241329541159389773e+06
5.148674535856106319e+06
-4.474531141985514776e-07
1.006267788119745745e+02
-1.130483832581953175e+05
-6.249458778206747957e+05
2.636810288274520542e+06
3.118095910362751409e+07
-1.975907446698465152e+06
1.398004115301119909e+07
-1.085604676929171756e+07
-2.892301208852951050e+09
-4.400111738279473966e-04
4.510808090806255749e-02
-9.553261255188911782e-01
2.299922936750193325e-01
5.416069844187998417e-02
-4.116938389807231306e-03
1.986013801308273655e-03
-4.605708513923062550e-04
3.604430392761973165e-03
-2.648473817936976163e-05
9.394154450703583875e-03
-1.135651543647746120e+00
1.574976474540859250e+01
2.159141862824803226e+01
3.694050499129790222e+00
-3.222510159276481545e+01
1.179877520343628419e+02
1.201153141423134585e+01
1.681898877224894704e+03
-7.934546063802786264e+00
8.764785675693946843e-01
-1.743008628488140062e+02
8.129791857819542201e+03
1.944258859138125263e+04
-5.783835227884950291e+04
-6.216418938948741416e+05
-2.445758701504694473e+05
-4.281361854680530960e+05
-8.178582923094028374e+05
-2.020205813020908681e+04
-4.620305837240105129e-01
7.758501688023207521e+01
-4.006995592873852274e+03
1.373652401636184095e+03
2.575093234379668047e+03
4.169169693106219638e+05
1.215171277868102334e+05
2.104930386502185836e+06
3.650682544464400853e+05
1.654016824527987046e+04
1.001627492575525580e-01
-2.442395058521065110e+01
6.946831713182437852e+03
6.602227318358411139e+04
-2.249988732219518570e+05
-8.093879281455936143e+05
-8.950294364209959167e+04
6.745582248511848971e+06
-1.376273632212067954e+06
-7.183636242046203733e+03
-3.111640912497621800e-02
-1.048926949553779053e+02
1.177227700671660568e+05
7.217595316221909598e+05
-2.930339729498633184e+06
-3.062196355100614205e+07
2.098406840802995954e+06
1.110691427439828636e+06
7.105704641995271668e+06
-5.885457055367925204e+05
3.691553940550990065e-02
9.422093694154677905e+02
-5.756275899723896146e+04
-7.533681596666724363e+04
-2.177573060276937904e+05
-5.374216394825278549e+05
8.204138085801651701e+06
2.007560629625625908e+07
1.277448709610838071e+07
2.632862607141301851e+05
1.576347950080243289e-03
4.042108087005821204e+01
-9.906502577759137785e+04
-2.174396147976541426e+06
6.633282686950488016e+06
-1.322427439242636412e+07
9.900402320727521554e+06
-7.689955472291063070e+08
1.424348990556457341e+08
-4.846763197312750854e+06
7.634185906085533269e-02
1.985651063493580295e+03
-1.620431172824517416e+05
5.798268845125337066e+03
-3.272905710890289047e+05
-1.297020674846763955e+06
1.694676932277277485e+07
1.481688954704814255e+08
6.762534644580616057e+07
1.996399057411093498e+06
7.515154625162065037e-06
-7.938226482627150915e-01
1.481396318323612604e+03
3.830138476650555731e+03
-2.326267701341339853e+04
-7.070159384075902635e+05
1.342006732780652528e+05
-6.294414907014952041e+06
1.545294647251182934e+06
-4.405404709985874943e+05
-2.083951545225122895e-02
9.656209305690036659e-01
5.223247290666501591e-02
2.724456574542767628e-02
9.873999702470008868e-03
-3.570574919953151279e-05
2.766650511723933465e-03
-5.379507347136658671e-05
-4.497996269542674404e-04
-6.163610013191115575e-06
9.988682203596362941e-01
-9.271546566709517379e+01
5.090678387538800962e+02
1.978768684807781483e+03
6.505853309129341824e+02
-1.013277260513643796e+01
1.436812150390803424e+02
-3.150537431793781540e+00
-3.578918857063572290e+01
1.228691680496453026e-01
-2.804584691988872003e-02
-1.051703879121028876e+03
2.337337383288636920e+04
1.209893141992515739e+05
-4.720202114505507780e+04
6.107102316587468522e+03
-1.476310486140658613e+06
5.292106577259700134e+04
2.219271196846674429e+05
8.169592418397234724e+03
-3.122478349254549992e-02
-1.893686677616622092e+03
7.095511764166977082e+04
7.038324846717385808e+05
-1.642594717806250323e+06
1.753090247635809646e+05
-2.151089526590493973e+06
4.676610533923796902e+04
1.565347250832105055e+05
-5.369684820759249124e+04
8.040986850800150784e-03
4.820684246163729654e+02
1.267841508517593611e+05
2.192380072022399865e+06
-7.063648342762514949e+06
7.407508997316777240e+05
1.250177788563667797e+06
-1.976159343601962901e+05
-9.370040235129707435e+04
2.367375705220604141e+04
-4.319562610608326830e-05
-1.661850083964062819e+01
-3.939349308483048844e+03
-6.985041589616447163e+04
2.265105958870417962e+05
-3.733298061632274766e+04
-3.719520543584484403e+04
-5.181856751034058107e+04
-1.647692752907455724e+04
1.378968358802750940e+06
-1.396276947396546094e-03
-8.834567706120012076e+01
-7.933372395131271333e+05
-4.298052964680256322e+06
-2.556068591774693225e+06
3.116943485161121353e+05
2.394805711927347779e+08
-9.056976314119458199e+06
-1.529016585672687292e+08
3.343616070272351615e+06
-1.363326287724876203e-05
-4.936744982990886599e-01
-9.080599730903970794e+02
2.994913432900915359e+04
-1.490311540918339160e+05
9.594475705588509300e+03
-7.269602275752259884e+05
-1.110192647248466237e+05
2.224990594439436216e+06
5.730495331300117541e+05
9.239717216302903479e-05
2.872212511113719557e+01
3.820056857773672091e+05
2.028069237920123618e+06
1.194159769204339711e+06
-1.431920503174368059e+05
-1.010498553838802725e+08
3.883488259244827554e+06
5.220957143783934414e+07
-1.250879949332266115e+06
1.420293225502401784e-06
1.067269350227275510e-01
6.919680999243382757e+02
7.779690466059311802e+03
5.177852700084905337e+03
2.939618537577389507e+05
-1.738081095410491980e+05
6.463236278458919842e+05
-3.113850255728522898e+05
-3.514318349120730162e+07
