# -0.45J_-0.55g_0.99484theta_0.0phi_10Chi_0.01delta_500N
-5.779446227204374509e-01
6.200700827509734170e-01
4.937315083514897118e-01
8.980505103816871504e-02
-1.571769057965877736e-01
4.087778154775360134e-02
6.833720688065757221e-02
5.859482858321473503e-02
-8.351110203326912729e-02
-1.189423905471453762e-02
7.633618750253390317e-01
-1.162972019310161809e+00
-8.522542322736276210e-01
2.745049412067132266e+00
-1.919786127449708779e+00
6.129857510290869227e-01
4.459772189194818104e+00
4.546542466136243021e-01
-4.199626448133916057e+00
4.603442844892340347e-01
2.353358968548646124e-01
-1.010565467203665246e+00
9.721143697627905589e-02
-3.297933873974789876e+00
-3.922246117294034384e+00
4.408574003796126739e+00
-8.492261263526250659e-01
3.242657373527759290e+00
6.191449541019036218e-01
-4.564458242848167813e-01
-1.789239248688789807e-01
-4.316729018096712167e+00
9.603026735998585611e-03
1.694657081942773758e+01
-6.808952315966112678e+01
4.000907877030144988e+01
1.523863092029669133e+02
1.153130741698475248e+02
-5.523197086192344329e+01
1.613278688257906168e+01
-5.051060736845215671e-02
2.292208693767035843e+00
-3.834779964271642694e+00
6.492964752971684561e+01
1.388797397054178973e+01
-3.461000605505025618e+01
1.397139166846447544e+01
-1.210935392854458215e+01
-7.206452649187025372e+01
1.835518244523253486e+02
4.390814504186162093e-02
4.118550758738952489e+00
-1.951520892391430229e+00
2.669173529015764856e+01
4.258272102932806291e+01
-6.193034520631245954e+01
-3.258076579458003152e+01
-5.503974085256423621e+01
-1.755088846803245417e+01
6.968708888330580464e+01
7.482319879498430804e-02
3.143478301338524794e+00
8.617406471904356935e-02
-1.642301637486593968e+00
1.368652934687867173e+02
-7.099913410165385130e+01
-5.455210821119133016e+02
-3.944349387641060503e+02
8.138855685282408103e+01
5.459776568791314730e+02
-7.779656254951128336e-02
-1.478577529115787881e+00
-4.909377128830691106e+00
7.591977132910770365e+01
1.247049390986875750e+01
-5.315879873527602939e+01
-8.957834257108073572e+00
-2.280867740572719811e+02
-7.510737215057726246e+01
1.368740515644653897e+02
8.431701172031767777e-02
1.839386561454892322e+00
3.876806223445881550e+00
-9.521965120376403036e+01
3.741366563301132686e+01
1.984634366535661343e+01
-1.269134654170480729e+02
-1.268087401232815665e+02
2.126857340744156204e+02
-3.570647777599292567e+02
-2.481041316216405293e-02
-1.379832906992491504e+00
-2.266503097961886926e-01
1.502727962469010379e+02
1.099517669294570936e+02
-1.039560221931878061e+02
-7.132844047367601661e+02
-2.087710482387128934e+02
-2.649775607982548991e+02
2.431304329827188212e+03
-5.778194799724957198e-01
-7.376912690561293617e-01
2.901590480655506510e-01
9.116466566618229572e-02
1.564365701251186902e-01
4.083827960728780848e-02
-8.440117860948846695e-02
3.012393736711284353e-02
-8.347013088547422521e-02
-5.385450535738386946e-02
-1.778899244072421615e-01
-2.950629631502691974e-01
-5.093873001404818357e-01
4.224915863121387893e+00
-2.444036575335728934e+00
3.510492406122644571e+00
-7.291463917238878434e-01
-3.825719807809126571e+00
2.695531636589779900e+00
8.463558096921874885e-02
-7.788229991680031272e-01
-1.353934528346387722e+00
9.652675121971677763e-01
-2.771748287501189623e+00
-2.445199853144010671e+00
-2.733680799214535995e+00
3.457598503400924894e+00
-1.982904656538946764e+00
3.339623664707189299e+00
2.352497898267781551e+00
1.333228626564073871e-01
-2.961045260998953932e+00
-1.509051894053921927e+00
1.320510100509722129e+01
-6.686689304610013096e+01
1.001277845812879086e+01
8.987066182595113162e+01
-5.046009559821300172e+01
8.957694682326625468e+01
2.178229512723222783e+01
-1.297231730725179888e-01
7.762298902019839630e-01
-5.192695727442179887e+00
6.664062262789003910e+01
1.764582235389256226e+01
5.192936360868550594e+01
-1.546040847018880413e+02
4.891246554220374065e+01
-1.239828143698313312e+01
3.010353952851685335e+02
4.382619227450083171e-02
-3.682595479024566854e-01
4.540048895527169392e+00
-5.032419123894946722e+01
2.084978123332888789e+00
-6.178699473236964934e+01
6.176921199380149119e+01
2.370123534950288935e+00
-1.773621921346722630e+01
-1.596862766096866437e+02
2.988713244396603089e-02
-3.484828047528209627e+00
-2.365707697719493297e+00
9.853654814023401798e+01
-1.130774915325393337e+01
7.839307227337833694e+01
-4.605693096299273179e+02
-8.530453663684427923e+00
9.093545766383719808e+00
1.206110511815993050e+03
1.045132342814810433e-01
-3.924360236394936141e+00
1.774651948114007283e+00
-7.212849900038631290e+01
-8.582048347291225809e+01
-3.142416379715465169e+01
3.720280530426264818e+02
-2.769799578754387994e+02
1.069005974041771907e+02
-6.869977909726496819e+02
8.486528685943275918e-02
-4.299859460750038664e+00
-3.387293872531803030e-01
1.499881757953157191e+01
-1.004762553444238478e+02
1.964899786975099971e+01
1.816827206612533132e+02
-4.120194010019914543e+01
2.093437147816483730e+02
8.660788755617383572e+01
4.531761650308975542e-02
-7.158032040224762138e-01
1.757471561676445138e+00
2.756142773589950821e+02
1.599952748453253548e+02
1.520969170355092501e+02
-1.562920274013031076e+03
4.959287240573763142e+02
-9.175844146939128620e+01
3.940208356210956936e+03
-5.778826702129592485e-01
1.174825465804454211e-01
-7.839049500579663432e-01
-1.810139043784322888e-01
8.271006186147913291e-04
4.091826424231292947e-02
1.657799476638597766e-02
-9.025061588782591626e-02
-8.209057828199221862e-02
6.444158331408200713e-02
-5.855676385062769107e-01
-4.320904575929564451e-01
-1.432828340188391669e+00
3.030483268101671790e+00
-3.463601961773703497e+00
-4.122856713311660926e+00
-1.878543234547324747e+00
2.865807594330898933e+00
1.504081386805242060e+00
-2.114473493149348737e+00
5.433945268035427212e-01
-4.302660268313859282e-01
8.281066661920903904e-01
-1.754935824315181359e+00
-3.638504545150648362e+00
-1.672287218475223325e+00
-3.171809769468146190e+00
-3.153452821243988513e+00
-3.944318296768855259e+00
5.834929484652250364e-01
4.567713974260271398e-02
-4.954410426983755222e+00
-1.925517845998080402e+00
1.628634873735105870e+01
-6.424463825632933833e+01
-4.981696533737810029e+01
-2.241040452758970858e+01
8.569546485011059644e+01
-3.374694489329129965e+01
1.182878864413490163e+02
1.802221275139317402e-01
3.583991468321998664e-01
-3.200425290036100545e+00
6.889510748734913648e+01
1.446277521760490359e+01
-1.721851159282141452e+01
-1.627810665173967664e+01
1.665815101890599408e+02
8.277531490658299163e+01
2.198682074560978492e+02
4.386695115715886356e-02
-3.749220377898805800e+00
-2.589119347293234785e+00
2.331544288787661401e+01
-4.455077728188623354e+01
-6.189304255395202858e+01
-2.879238701710831450e+01
5.291896562290871486e+01
-1.789265319039433066e+01
8.574965447975905875e+01
-1.042886601165639304e-01
-2.287721834583492875e+00
4.583899323777596457e+00
-8.197972245475973807e+01
-2.231925740309264583e+01
-7.536189290416343667e+00
-1.450213577702868406e+02
-2.628474632604987278e+02
-9.310294973422763576e+01
8.996485149437567941e+01
-2.695896310535084855e-02
3.082623592983400940e+00
5.633092717492306223e-01
-8.277994431869429093e+01
8.966037990429663296e+01
8.257306100159833306e+01
1.138001787813140453e+02
-5.660767839707095845e+02
-3.351798692682108793e+01
-8.206579640978906127e+02
8.442981628975307351e-02
2.459473643933590914e+00
-3.541633168970058421e+00
8.121140638419304025e+01
6.226259443596919141e+01
1.929953402141707031e+01
-6.117333628783755728e+01
1.839564875462242526e+02
2.098705692546212163e+02
2.324562377258681636e+02
-2.270888718466891262e-02
6.206848293551173734e-01
2.840098635874450106e-01
2.719561080647544600e+02
2.640973422837280893e+01
-5.164023701033544711e+01
-5.591528277243379534e+02
9.865069519024171996e+02
3.740453668744907532e+02
2.895104165956619909e+03
