# -1.0J_0.0g_0.0theta_1.0472phi_30Chi_0.01delta_500N
1.000000000000000000e+00
7.966523106199607917e-10
3.846856160337712973e-10
2.144187932695668678e-11
1.847509541535951903e-11
9.318622479005718744e-14
1.524520964255414775e-14
9.749924936451278031e-15
8.534568614224954820e-15
7.207027222106341046e-15
3.903952535455773262e-15
2.817178680158809530e-15
2.138453385659627001e-15
9.117295721187086216e-16
5.979892335031625829e-16
3.325856053656884033e-16
2.508192578775716932e-16
2.159631077088803791e-16
2.059214823591926727e-16
1.916683865365841306e-16
1.249274148339921976e-16
9.992007221626409110e-17
9.992007221626409110e-17
9.992007221626409110e-17
9.992007221626409110e-17
9.992007221626409110e-17
9.992007221626409110e-17
9.992007221626409110e-17
9.992007221626409110e-17
9.992007221626409110e-17
