# -0.3J_-0.7g_0.15708theta_0.0phi_10Chi_0.01delta_500N
5.346350943070074524e-02
2.537267513215370109e-04
9.549480954523063971e-06
1.268402198767412414e-06
1.516123207137745914e-07
6.203022922578655937e-07
1.049792718501763331e-07
4.492339813706466838e-07
8.971297640794767355e-08
3.515166902869587987e-07
7.992741384241420986e-08
2.893948572943117775e-07
7.232177566148795331e-08
2.459133952988689481e-07
6.592848541314575185e-08
2.130789767294770734e-07
6.039429399350164175e-08
1.870190365231591136e-07
5.554674073786594228e-08
1.658551700638958044e-07
5.129037871439513764e-08
1.487166978896807983e-07
4.757242920485452640e-08
1.352510357092568370e-07
4.435292662979564117e-08
1.253622585878032161e-07
4.158035148937683403e-08
1.190270300911202846e-07
3.919741170998197631e-08
1.161013865896645529e-07
3.716248578678619158e-08
1.161713584858918377e-07
3.545679813468526593e-08
1.185511077195334237e-07
3.407861161983638556e-08
1.223469701451631837e-07
3.302841685039535367e-08
1.264299610052243325e-07
3.229138180763289220e-08
1.293527384587683797e-07
3.182590182155797620e-08
1.294778166428843592e-07
3.156546511929004986e-08
1.256191555952073136e-07
3.143175076535459201e-08
1.179236722599137596e-07
3.134684351957522667e-08
1.079181774906499831e-07
3.123390013779841833e-08
9.743013023234950321e-08
3.100638334912280684e-08
8.766218580860899546e-08
3.055939777167070544e-08
7.917383145128413319e-08
2.978744515787958299e-08
7.225058657172755577e-08
2.864725051399106901e-08
6.716182126805355724e-08
2.723890056934234525e-08
6.427125168873519908e-08
2.581842254000538329e-08
6.402261336082080483e-08
2.468940469586621639e-08
6.672768960106842024e-08
2.405882328287921635e-08
7.213732153960970338e-08
2.398021573919740049e-08
7.885280400636770431e-08
2.438681944284301640e-08
8.380568627133112475e-08
2.513425415922810571e-08
8.293507334546203808e-08
2.600516485074067145e-08
7.453161222919278613e-08
2.668708945449239366e-08
6.180136963782729764e-08
2.677557088399067186e-08
4.948161565889832601e-08
2.587696154138085497e-08
3.991878303584195626e-08
2.382834633484588285e-08
3.330920676850642540e-08
2.087690211551248446e-08
2.913753810060780165e-08
1.758783158815507239e-08
2.686056997249143377e-08
1.452745876459388449e-08
2.602833009451826502e-08
1.203025019672876988e-08
2.624627346008921214e-08
1.019142691695910226e-08
2.714912930048561819e-08
8.973046351796777968e-09
2.838497563771450715e-08
8.295085086666005517e-09
2.956757355188367159e-08
8.074965865546198906e-09
3.023076496138432616e-08
8.237407796375748382e-09
2.989411596483435530e-08
8.718593712721307958e-09
2.830021983692346241e-08
9.458793132054228865e-09
2.563784560248999374e-08
1.036512310767893769e-08
2.244332804982959488e-08
1.123681719346575914e-08
1.925365317992517044e-08
1.169061613592999808e-08
1.638377896432273936e-08
1.125874244473884665e-08
1.393787570659270944e-08
9.833038697138775841e-09
1.190684020040442749e-08
7.959799383900428612e-09
1.024159914376864042e-08
6.339262834678992091e-09
8.887065405845266610e-09
5.254069567988808549e-09
7.793412173926854901e-09
4.606621913610946525e-09
6.918522029370581682e-09
4.206102009305278965e-09
6.227922266931544686e-09
3.927159472820456169e-09
5.693999997403157026e-09
3.716346077452984547e-09
5.294833809541953926e-09
3.556609688826948134e-09
5.012870184426380206e-09
3.443473306911277360e-09
4.833731178661545151e-09
3.375175681976300447e-09
4.745090070489149844e-09
3.349739603999301558e-09
4.735559213472618496e-09
3.364574239442268882e-09
4.793898072809349425e-09
3.416743822559565637e-09
4.908837629246478339e-09
3.503279770046774099e-09
5.069461799954449379e-09
3.621420553886158894e-09
5.265770684632109516e-09
3.768809420883760425e-09
5.489080247486166178e-09
3.943668275826273359e-09
5.732126050301804412e-09
4.144909847848364533e-09
5.988955137324229359e-09
4.372112651111293711e-09
6.254750680552293466e-09
4.625292680646198670e-09
6.525693340133680682e-09
4.904476529679099887e-09
6.798909094364707347e-09
5.209204843720460507e-09
7.072511602954841045e-09
5.538212712770205871e-09
7.345716405640053906e-09
5.889514342685353517e-09
7.618973503280575236e-09
6.260854532923116555e-09
7.894035385111383369e-09
6.650182843514915953e-09
8.173868545172214509e-09
7.055859245456786836e-09
8.462356102437702220e-09
7.476623509638874759e-09
8.763813639107244889e-09
7.911519824256076294e-09
9.082423124508956964e-09
8.359869764448036944e-09
9.421724051700425733e-09
8.821261741431095348e-09
9.784276965255169162e-09
9.295513067154275473e-09
1.017155023037521583e-08
9.782604852074444489e-09
1.058400974200737359e-08
1.028261321067307599e-08
1.102134125727688021e-08
1.079565456537965275e-08
1.148271961660074820e-08
1.132184980714146762e-08
1.196705481856044715e-08
1.186130424412699913e-08
1.247317749844668609e-08
1.241409836550039384e-08
1.299995609596743315e-08
1.298028520638831523e-08
1.354635718549047687e-08
1.355989130433798536e-08
1.411146650075761265e-08
1.415291916196629181e-08
1.469448686470996420e-08
1.475934990630601707e-08
1.529472490754690040e-08
1.537914546333732369e-08
1.591157409767496606e-08
1.601225010617335482e-08
1.654449826006291680e-08
1.665859152256806887e-08
1.719301748085998472e-08
1.731808164137193415e-08
1.785669677875315292e-08
1.799061739479689422e-08
1.853513704274083670e-08
1.867608149102445751e-08
1.922796755712088085e-08
1.937434317840419243e-08
1.993483980968613746e-08
2.008525895890810639e-08
2.065542255832471610e-08
2.080867320915524459e-08
2.138939790940194984e-08
2.154441869289737431e-08
2.213645800130524889e-08
2.229231698307126288e-08
2.289630208822902536e-08
2.305217881288412648e-08
2.366863402445455010e-08
2.382380438538465756e-08
2.445316016844992732e-08
2.460698373920356307e-08
2.524958769169702277e-08
2.540149684048211643e-08
2.605762324137916731e-08
2.620711398186773539e-08
2.687697190648615714e-08
2.702359615438954026e-08
2.770733641883275113e-08
2.785069530450022602e-08
2.854841661325233245e-08
2.868815465414310850e-08
2.939990888968102208e-08
2.953570903738803475e-08
3.026150598856181063e-08
3.039308525217632985e-08
3.113289685235934009e-08
3.126000241480467754e-08
3.201376651884816194e-08
3.213617232849272361e-08
3.290379605976891704e-08
3.302129985820901863e-08
3.380266269626147287e-08
3.391508331767770139e-08
3.471003988327431100e-08
3.481721486001853350e-08
3.562559746515348799e-08
3.572738088003383554e-08
3.654900186800437351e-08
3.664526204928252660e-08
3.747991631074618812e-08
3.757053520230924025e-08
3.841800107117361492e-08
3.850287154167825730e-08
3.936291375160511218e-08
3.944193853256932208e-08
4.031430957514312231e-08
4.038739995922280629e-08
4.127184168023875252e-08
4.133891634793417210e-08
4.223516143642686614e-08
4.229614539232070704e-08
4.320391880275721288e-08
4.325874239840859157e-08
4.417776263282732504e-08
4.422636067330957752e-08
4.515634103375922967e-08
4.519865198953921740e-08
4.613930170303280707e-08
4.617526698587291712e-08
4.712629228122802948e-08
4.715585559531812050e-08
4.811696069388475866e-08
4.814006745779647715e-08
4.911095550057316292e-08
4.912755232680629932e-08
5.010792623405864628e-08
5.011796047623713405e-08
5.110752374352902199e-08
5.111094309812257159e-08
5.210940052305060925e-08
5.210615268889898891e-08
5.311321104411421536e-08
5.310324342966973503e-08
5.411861207180910256e-08
5.410187155915954123e-08
5.512526297830278130e-08
5.510169573331145327e-08
5.613282604612635827e-08
5.610237737289366147e-08
5.714096676201888840e-08
5.710358100990007653e-08
5.814935409938356729e-08
5.810497460519342206e-08
5.915766079396631016e-08
5.910622987142594455e-08
6.016556360087969409e-08
6.010702257001167937e-08
6.117274354845450374e-08
6.110703280584499359e-08
6.217888617744384737e-08
6.210594528781012171e-08
6.318368176112783131e-08
6.310344961328023622e-08
6.418682552835765054e-08
6.409924086753009325e-08
6.518801785592337522e-08
6.509301839388114501e-08
6.618696446304020632e-08
6.608448821350675905e-08
6.718337658476248384e-08
6.707336176482794352e-08
6.817697152606934955e-08
6.805935646146198314e-08
6.916747126623779570e-08
6.904219586652613640e-08
7.015460491248968278e-08
7.002160985691710810e-08
7.113810728813284434e-08
7.099733477169749712e-08
7.211771942965489235e-08
7.196911354592383897e-08
7.309318869329731286e-08
7.293669583133684966e-08
7.406426884671198801e-08
7.389983810300912061e-08
7.503072014940109605e-08
7.485830375128777901e-08
7.599230942344130511e-08
7.581186316883121272e-08
7.694881011873372550e-08
7.676029380687801157e-08
7.790000235513119920e-08
7.770338024363880306e-08
7.884567296832452306e-08
7.864091421763856612e-08
7.978561554071750118e-08
7.957269466323077707e-08
8.071963042224545307e-08
8.049852772948032830e-08
8.164752474504015970e-08
8.141822679161075512e-08
8.256911242837969910e-08
8.233161244628025352e-08
8.348421417527813288e-08
8.323851250000037079e-08
8.439265746837882581e-08
8.413876195007700980e-08
8.529427654424579148e-08
8.503220295340139416e-08
8.618891237745367395e-08
8.591868478208134430e-08
8.707641264726567012e-08
8.679806378029020298e-08
8.795663170023519867e-08
8.767020330717578238e-08
8.882943051342795454e-08
8.853497366799985451e-08
8.969467663975395245e-08
8.939225204868015967e-08
9.055224416227368613e-08
9.024192243175707516e-08
9.140201364758405229e-08
9.108387551889098727e-08
9.224387206198776456e-08
9.191800863130631360e-08
9.307771270067221408e-08
9.274422562262867607e-08
9.390343514042827566e-08
9.356243676887173232e-08
9.472094516576865304e-08
9.437255866944186767e-08
9.553015467683136303e-08
9.517451412843629484e-08
9.633098162395410323e-08
9.596823205016161934e-08
9.712334990970516413e-08
9.675364730902460245e-08
9.790718931658797589e-08
9.753070063590073260e-08
9.868243540623385112e-08
9.829933849217746148e-08
9.944902943659919394e-08
9.905951293935165538e-08
1.002069182614110159e-07
9.981118150857463644e-08
1.009560542404147162e-07
1.005543070740453739e-07
1.016963951379853627e-07
1.012888577138939912e-07
1.024279040219561312e-07
1.020148065805977957e-07
1.031505491662704501e-07
1.027321317588100272e-07
1.038643039450968998e-07
1.034408161327858352e-07
1.045691467291406402e-07
1.041408472477459603e-07
1.052650607807446013e-07
1.048322171726056228e-07
1.059520341424763009e-07
1.055149223600782558e-07
1.066300595356005169e-07
1.061889635124183620e-07
1.072991342471710001e-07
1.068543454388398746e-07
1.079592600191769030e-07
1.075110769250866628e-07
1.086104429406033598e-07
1.081591705909676649e-07
1.092526933332525569e-07
1.087986427612474542e-07
1.098860256399162592e-07
1.094295133262193092e-07
1.105104583145279323e-07
1.100518056120728956e-07
1.111260137073825784e-07
1.106655462488888267e-07
1.117327179487251465e-07
1.112707650405037379e-07
1.123306008413641594e-07
1.118674948386405022e-07
1.129196957390265189e-07
1.124557714131001664e-07
1.135000394426054329e-07
1.130356333296974493e-07
1.140716720750882452e-07
1.136071218299577242e-07
1.146346369784397033e-07
1.141702807337498535e-07
1.151889805887842420e-07
1.147251562917800864e-07
1.157347523343344764e-07
1.152717970070415632e-07
1.162720045120616171e-07
1.158102536372471530e-07
1.168007921894533063e-07
1.163405790353566549e-07
1.173211730683095686e-07
1.168628280432583734e-07
1.178332073983995680e-07
1.173770573876762343e-07
1.183369578536573130e-07
1.178833255735352716e-07
1.188324894185534713e-07
1.183816927857677311e-07
1.193198692910336786e-07
1.188722207939746029e-07
1.197991667606469616e-07
1.193549728509213612e-07
1.202704531122970934e-07
1.198300136093929330e-07
1.207338015103116953e-07
1.202974090235387642e-07
1.211892869010890474e-07
1.207572262676793254e-07
1.216369859055768382e-07
1.212095336533538725e-07
1.220769768130558956e-07
1.216544005384727218e-07
1.225093391755618861e-07
1.220918972633562307e-07
1.229341539943739380e-07
1.225220950599131193e-07
1.233515035284987450e-07
1.229450659872674748e-07
1.237614711948786240e-07
1.233608828571913182e-07
1.241641414784961460e-07
1.237696191700809040e-07
1.245595998418333292e-07
1.241713490413561481e-07
1.249479326319036315e-07
1.245661471460100926e-07
1.253292269877172808e-07
1.249540886516575420e-07
1.257035707509297277e-07
1.253352491737967681e-07
1.260710523788260569e-07
1.257097047059795320e-07
1.264317608548550911e-07
1.260775316520627630e-07
1.267857856074807492e-07
1.264388065178867660e-07
1.271332164259158470e-07
1.267936061163596594e-07
1.274741433797728696e-07
1.271420074535319465e-07
1.278086567429638053e-07
1.274840876709185482e-07
1.281368469154239244e-07
1.278199240032926599e-07
1.284588043520487597e-07
1.281495937376625430e-07
1.287746194887866696e-07
1.284731741989792733e-07
1.290843826751777202e-07
1.287907427376992269e-07
1.293881841097658343e-07
1.291023764904654029e-07
1.296861137691536150e-07
1.294081525984646821e-07
1.299782613527581153e-07
1.297081480740103177e-07
1.302647162213206408e-07
1.300024397923883696e-07
1.305455673370866618e-07
1.302911044416020484e-07
1.308209032104877894e-07
1.305742185148497452e-07
1.310908118485493960e-07
1.308518582747236754e-07
1.313553807072357735e-07
1.311240997293527725e-07
1.316146966362751490e-07
1.313910186120973752e-07
1.318688458405889535e-07
1.316526903701354860e-07
1.321179138398969273e-07
1.319091901365244474e-07
1.323619854143578533e-07
1.321605927030665593e-07
1.326011445891288884e-07
1.324069725215105955e-07
1.328354745773653279e-07
1.326484036768159760e-07
1.330650577617936418e-07
1.328849598713383181e-07
1.332899756540785637e-07
1.331167144212847088e-07
1.335103088756401232e-07
1.333437402307973298e-07
1.337261371251425367e-07
1.335661097751933745e-07
1.339375391551545586e-07
1.337838951185267679e-07
1.341445927536662956e-07
1.339971678663782821e-07
1.343473748388224835e-07
1.342059991856135595e-07
1.345459611072005792e-07
1.344104597681002973e-07
1.347404263344341089e-07
1.346106198427368303e-07
1.349308442718087126e-07
1.348065491617022450e-07
1.351172876284565588e-07
1.349983169877542204e-07
1.352998280628342923e-07
1.351859920893618182e-07
1.354785361779885711e-07
1.353696427374023982e-07
1.356534815081179142e-07
1.355493366909982481e-07
1.358247325278515511e-07
1.357251412059061272e-07
1.359923566413896650e-07
1.358971230936475776e-07
1.361564201854223479e-07
1.360653487186258887e-07
1.363169884320635904e-07
1.362298835120700314e-07
1.364741255854730230e-07
1.363907927703519083e-07
1.366278948007700560e-07
1.365481409547312454e-07
1.367783581721038970e-07
1.367019919115220084e-07
1.369255767556526128e-07
1.368524090533613169e-07
1.370696105662576294e-07
1.369994552289747680e-07
1.372105186005009330e-07
1.371431927143044272e-07
1.373483588347586409e-07
1.372836832190299503e-07
1.374831882433996105e-07
1.374209878559106228e-07
1.376150628178425425e-07
1.375551671608056186e-07
1.377440375668310546e-07
1.376862810681677489e-07
1.378701665493324147e-07
1.378143889139956369e-07
1.379935028661438152e-07
1.379395494284965326e-07
1.381140987050257031e-07
1.380618207234915156e-07
1.382320053315382064e-07
1.381812603026011193e-07
1.383472731312386750e-07
1.382979250350631187e-07
1.384599516040802254e-07
1.384118711612316271e-07
1.385700894002091524e-07
1.385231542789183726e-07
1.386777343317967888e-07
1.386318293525916077e-07
1.387829333939719127e-07
1.387379506799299551e-07
1.388857327867818238e-07
1.388415719193365521e-07
1.389861779309759552e-07
1.389427460494375087e-07
1.390843134877775550e-07
1.390415253863267569e-07
1.391801833771969352e-07
1.391379615689078020e-07
1.392738308112265607e-07
1.392321055481160485e-07
1.393652982967639752e-07
1.393240075872939034e-07
1.394546276637422939e-07
1.394137172592669245e-07
1.395418600779338486e-07
1.395012834262102440e-07
1.396270360725388512e-07
1.395867542420229346e-07
1.397101955617054431e-07
1.396701771488517331e-07
1.397913778497221200e-07
1.397515988680022708e-07
1.398706216548244663e-07
1.398310653899690992e-07
1.399479651396585101e-07
1.399086219773990873e-07
1.400234459113307770e-07
1.399843131528641305e-07
1.400971010446671008e-07
1.400581826967136573e-07
1.401689670947907180e-07
1.401302736385133500e-07
1.402390801266611661e-07
1.402006282599813575e-07
1.403074757086289709e-07
1.402692880864409127e-07
1.403741889412456730e-07
1.403362938774002142e-07
1.404392544708533328e-07
1.404016856360118518e-07
1.405027064934832114e-07
1.404655025892436069e-07
1.405645787745407900e-07
1.405277832043756364e-07
1.406249046563911089e-07
1.405885651684111399e-07
1.406837170716831510e-07
1.406478853994105343e-07
1.407410485500917749e-07
1.407057800393483982e-07
1.407969312273587585e-07
1.407622844536271429e-07
1.408513968583929319e-07
1.408174332309506455e-07
1.409044768204228333e-07
1.408712601891356095e-07
1.409562021149653466e-07
1.409237983621110652e-07
1.410066033859847903e-07
1.409750800188379358e-07
1.410557109079392710e-07
1.410251366529776966e-07
1.411035546093680366e-07
1.410739989896209938e-07
1.411501640568310165e-07
1.411216969855141723e-07
1.411955684716324288e-07
1.411682598387333449e-07
1.412397967222434880e-07
1.412137159903249633e-07
1.412828773334242353e-07
1.412580931270918144e-07
1.413248384783865247e-07
1.413014181867804628e-07
1.413657079850612998e-07
1.413437173695382443e-07
1.414055133280045052e-07
1.413850161453239045e-07
1.414442816331295129e-07
1.414253392490582555e-07
1.414820396706597022e-07
1.414647107023993816e-07
1.415188138609109152e-07
1.415031538210975055e-07
1.415546302550991993e-07
1.415406912150591514e-07
1.415895145428988555e-07
1.415773448087334541e-07
1.416234920541932027e-07
1.416131358448370397e-07
1.416565877351944689e-07
1.416480848944477465e-07
1.416888261613993188e-07
1.416822118817032321e-07
1.417202315249934744e-07
1.417155360747049253e-07
1.417508281843563451e-07
1.417480761210713335e-07
1.417806394398128630e-07
1.417798500410219395e-07
1.418096881954818936e-07
1.418108752547332425e-07
1.418379966213911668e-07
1.418411685906364513e-07
1.418655868252867147e-07
1.418707463015885082e-07
1.418924805108943594e-07
1.418996240776205171e-07
1.419186989398403933e-07
1.419278170673868410e-07
1.419442629677983400e-07
1.419553398856978723e-07
1.419691929957455695e-07
1.419822067991780076e-07
1.419935089752856563e-07
1.420084313942269067e-07
1.420172304149991414e-07
1.420340266464053601e-07
1.420403763515845902e-07
1.420590053992956261e-07
1.420629653545479260e-07
1.420833797918972839e-07
1.420850155204540670e-07
1.421071614976453742e-07
1.421065444687269136e-07
1.421303618892332954e-07
1.421275693296704497e-07
1.421529919526571447e-07
1.421481067450122996e-07
1.421750622838837019e-07
1.421681728624321334e-07
1.421965831377190427e-07
1.421877833318460511e-07
1.422175644157726503e-07
1.422069533098194652e-07
1.422380157078442129e-07
1.422256974446632916e-07
1.422579462893653460e-07
1.422440298738385612e-07
1.422773651571715936e-07
1.422619642365612760e-07
1.422962810335741421e-07
1.422795136688512630e-07
1.423147023902761927e-07
1.422966907954692151e-07
1.423326374696118890e-07
1.423135077305075757e-07
1.423500942871682543e-07
1.423299760964891199e-07
1.423670806648513466e-07
1.423461070065699720e-07
1.423836042432308635e-07
1.423619111838609777e-07
1.423996724925747051e-07
1.423773988340001206e-07
1.424152927322178915e-07
1.423925794055604651e-07
1.424304721432842824e-07
1.424074622542824615e-07
1.424452177925251552e-07
1.424220559594092492e-07
1.424595366397504896e-07
1.424363685783374243e-07
1.424734355564718185e-07
1.424504078371686951e-07
1.424869213395943305e-07
1.424641809823913423e-07
1.425000007258336619e-07
1.424776948372234475e-07
1.425126804049467628e-07
1.424909557527212259e-07
1.425249670400581999e-07
1.425039696673339646e-07
1.425368672752508158e-07
1.425167421013877746e-07
1.425483886303544201e-07
1.425292781551365406e-07
1.425595380768928228e-07
1.425415825290697748e-07
1.425703209669184518e-07
1.425536595558363088e-07
1.425807438329964389e-07
1.425655131568115151e-07
1.425908132502722354e-07
1.425771469417181219e-07
1.426005358285718922e-07
1.425885641398197688e-07
1.426099182144763108e-07
1.425997676654800062e-07
1.426189670995577124e-07
1.426107601099881102e-07
1.426276892255319804e-07
1.426215437605213710e-07
1.426360913854928669e-07
1.426321206363331458e-07
1.426441804269215009e-07
1.426424924650860175e-07
1.426519632606828307e-07
1.426526607379966040e-07
1.426594468588152388e-07
1.426626266988431616e-07
1.426666382608971063e-07
1.426723913748871847e-07
1.426735445571351116e-07
1.426819555986725662e-07
1.426801729151595621e-07
1.426913200089588158e-07
1.426865305697836862e-07
1.427004850735763388e-07
1.426926248119392128e-07
1.427094511182547255e-07
1.426984629972558883e-07
1.427182183322859343e-07
1.427040525432049110e-07
1.427267867885152222e-07
1.427094009242742848e-07
1.427351564560127842e-07
1.427145156608676574e-07
1.427433272375961478e-07
1.427194043359139229e-07
1.427512989439864572e-07
1.427240745652122530e-07
1.427590713759258026e-07
1.427285340086408056e-07
1.427666442718458040e-07
1.427327903559384026e-07
1.427740173693149551e-07
1.427368513249155702e-07
1.427811904113796967e-07
1.427407246514160074e-07
1.427881631462880198e-07
1.427444180839991243e-07
1.427949353713296140e-07
1.427479393717783174e-07
1.428015069167549739e-07
1.427512962613474041e-07
1.428078776881622776e-07
1.427544964876110414e-07
1.428140476661598967e-07
1.427575477553027315e-07
1.428200169067904165e-07
1.427604577435874928e-07
1.428257855929167886e-07
1.427632340889404921e-07
1.428313540114922293e-07
1.427658843749487414e-07
1.428367225782305830e-07
1.427684161149930856e-07
1.428418918409873335e-07
1.427708367695196279e-07
1.428468625105151326e-07
1.427731536955679217e-07
1.428516354488251435e-07
1.427753741668025320e-07
1.428562116840150938e-07
1.427775053535777977e-07
1.428605924304309097e-07
1.427795543127744684e-07
1.428647790744263182e-07
1.427815279707395341e-07
1.428687732039848078e-07
1.427834331272144468e-07
1.428725765902777879e-07
1.427852764318762253e-07
1.428761912199473444e-07
1.427870643770513569e-07
1.428796192720479118e-07
1.427888032968963464e-07
1.428828631413357611e-07
1.427904993453887556e-07
1.428859254398200239e-07
1.427921584975209645e-07
1.428888089758808942e-07
1.427937865306079800e-07
1.428915167845823177e-07
1.427953890272303729e-07
1.428940521107199504e-07
1.427969713555396498e-07
1.428964184055585732e-07
1.427985386625592550e-07
1.428986193361681156e-07
1.428000958835171531e-07
1.429006587718340972e-07
1.428016477092924997e-07
1.429025407914308374e-07
1.428031985988577087e-07
1.429042696703218270e-07
1.428047527663663610e-07
1.429058498684090983e-07
1.428063141783923278e-07
1.429072860464021612e-07
1.428078865412921440e-07
1.429085830328683149e-07
1.428094733074244279e-07
1.429097458365043826e-07
1.428110776708488854e-07
1.429107796236678385e-07
1.428127025588937269e-07
1.429116897216865893e-07
1.428143506246706487e-07
1.429124815988820199e-07
1.428160242592872482e-07
1.429131608529235340e-07
1.428177255810942584e-07
1.429137332123620813e-07
1.428194564366802289e-07
1.429142045137765996e-07
1.428212184066374915e-07
1.429145806885485215e-07
1.428230127964162154e-07
1.429148677612207278e-07
1.428248406419349689e-07
1.429150718243059141e-07
1.428267027235497479e-07
1.429151990288833869e-07
1.428285995385050501e-07
1.429152555749248089e-07
1.428305313466248175e-07
1.429152476897772065e-07
1.428324981307807734e-07
1.429151816236105119e-07
1.428344996363843805e-07
1.429150636186339771e-07
1.428365353555175995e-07
1.429148999144018025e-07
1.428386045381226707e-07
1.429146967150117603e-07
1.428407062082121539e-07
1.429144601848234952e-07
1.428428391477778436e-07
1.429141964331258256e-07
1.428450019260724602e-07
1.429139114928211327e-07
1.428471929034959685e-07
1.429136113098555810e-07
1.428494102327822720e-07
1.429133017294852459e-07
1.428516518699508453e-07
1.429129884863500792e-07
1.428539155818133782e-07
1.429126771782313462e-07
1.428561989741483421e-07
1.429123732678171066e-07
1.428584994685786576e-07
1.429120822512306695e-07
1.428608143330585808e-07
1.429118096598976652e-07
1.428631406977359309e-07
1.429115606307613697e-07
1.428654755688883758e-07
1.429113391362384341e-07
1.428678158155982805e-07
1.429111496666319623e-07
1.428701581867132979e-07
1.429109964873551106e-07
1.428724993640024241e-07
1.429108836784103140e-07
1.428748359113396333e-07
1.429108150631483367e-07
1.428771643581063946e-07
1.429107942481625173e-07
1.428794814666049234e-07
1.429108245942489593e-07
1.428817832726644078e-07
1.429109095389386250e-07
1.428840662925543790e-07
1.429110515461656282e-07
1.428863268760888155e-07
1.429112534706062310e-07
1.428885611694782950e-07
1.429115173847713315e-07
1.428907654935908212e-07
1.429118451694499169e-07
1.428929361965124781e-07
1.429122385302863722e-07
1.428950696323759475e-07
1.429126988506712916e-07
1.428971622502933831e-07
1.429132272533927717e-07
1.428992105312354357e-07
1.429138245678866504e-07
1.429012109982464446e-07
1.429144912904714860e-07
1.429031604298971635e-07
1.429152276987612948e-07
1.429050564915230676e-07
1.429160337036869358e-07
1.429068959358759170e-07
1.429169089582789117e-07
1.429086746822469305e-07
1.429178528545872392e-07
1.429103896644269462e-07
1.429188644575399810e-07
1.429120379298854532e-07
1.429199425945980310e-07
1.429136167201450974e-07
1.429210858115624140e-07
