# 0.0J_-1.0g_0.10472theta_3.14159phi_10Chi_0.01delta_500N
2.358777557428849882e-14
2.017715222747091401e-15
1.553762902768251853e-15
1.613243713105210815e-15
1.559132419073648639e-15
1.616432048896723341e-15
1.560927721860589898e-15
1.617079156545345375e-15
1.561816653272695386e-15
1.617703173005104343e-15
1.562426794723192667e-15
1.618300280436865486e-15
1.562931112570129867e-15
1.618862552833220146e-15
1.563398045739365879e-15
1.619379441099912507e-15
1.563859993165232928e-15
1.619836256249484078e-15
1.564334771279161081e-15
1.620210876084776824e-15
1.564833433419172643e-15
1.620465774403921961e-15
1.565363522853287231e-15
1.620523013540641643e-15
1.565930563943916490e-15
1.620131512564184764e-15
1.566538793679768927e-15
1.616089114024130702e-15
1.567191533602503177e-15
1.613633296520584567e-15
1.567891376439429437e-15
1.613535314155742955e-15
1.568640268959019678e-15
1.602295822111413219e-15
1.569439531402361585e-15
1.570174935529185577e-15
1.570289834377633467e-15
1.589470476871889308e-15
1.571191144371721581e-15
1.607449120733935557e-15
1.572142643903421278e-15
1.613687491041451264e-15
1.573142629474861882e-15
1.615997312687219097e-15
1.574188388739606108e-15
1.616754854379136299e-15
1.575276057116864409e-15
1.616743032304385929e-15
1.576400453125910892e-15
1.616263840912667356e-15
1.577554890808652117e-15
1.615448211151334580e-15
1.578730966635261859e-15
1.614355788036287203e-15
1.579918317164670760e-15
1.613011406038504713e-15
1.581104342393398467e-15
1.611419272906103025e-15
1.582273888110052429e-15
1.609567786293628589e-15
1.583408878616898291e-15
1.607428982508403692e-15
1.584487888813796978e-15
1.604952493203816890e-15
1.585485641776345399e-15
1.602049290752434266e-15
1.586372414338764896e-15
1.598548859984546925e-15
1.587113321397812084e-15
1.594072025076670887e-15
1.587667491639174745e-15
1.587585666490632966e-15
1.587987091529925838e-15
1.575642626137052297e-15
1.588015930191879430e-15
1.548760737320901764e-15
1.587688210079128168e-15
1.556281863243460360e-15
1.586926654593326568e-15
1.563753899274915843e-15
1.585640437292334325e-15
1.561325989522148890e-15
1.583722716654514984e-15
1.555037711006135818e-15
1.581047772140509312e-15
1.546476353044811699e-15
1.577467748550420936e-15
1.535995238897290962e-15
1.572809068591858812e-15
1.523600422417541622e-15
1.566868659861314114e-15
1.509011253606381376e-15
1.559410273561660032e-15
1.491948843482276314e-15
1.550161360376544097e-15
1.472025853177875805e-15
1.538811222539382923e-15
1.448763734001001751e-15
1.525011477471353339e-15
1.421569556768722021e-15
1.512170189484469185e-15
1.389694209095731444e-15
1.501604243285879021e-15
1.352195032187743284e-15
1.464992684765852157e-15
1.323002251003681131e-15
1.437429388644673935e-15
1.276639617587649589e-15
1.405482598391129660e-15
1.231468539079064588e-15
1.368914525215626220e-15
1.173639886205452726e-15
1.356157380912976938e-15
1.104296080648947483e-15
1.325764262184589047e-15
1.131857842656035316e-15
1.256905857164992371e-15
1.129927958201025557e-15
1.196698385539349126e-15
1.155756345984524380e-15
1.171488628973815104e-15
1.158196424735710119e-15
1.116382908487991168e-15
1.159870385643230458e-15
1.064635132376792123e-15
1.118522681314692107e-15
9.899365469857258967e-16
1.019273892214301385e-15
9.551819014658297060e-16
1.073404870192017382e-15
9.241834003789584651e-16
1.131133748996650198e-15
9.540870034856192189e-16
1.150119452440646836e-15
1.015697308559120716e-15
9.339069907107092179e-16
9.162125339311909857e-16
9.700817654352209270e-16
1.014811179391794357e-15
9.388992191334132948e-16
1.202403936634914281e-15
1.023499868214948376e-15
9.458125290086022304e-16
1.009427275889735915e-15
9.278346986616523844e-16
1.018374793123948689e-15
9.790777731520404091e-16
9.772442189584988062e-16
9.419299007219356442e-16
9.949555233332713260e-16
9.176857169236989578e-16
9.631719595908778729e-16
8.650486957491109568e-16
9.370013471008340101e-16
9.529464274938485472e-16
9.515734571022495942e-16
9.569137656162022437e-16
9.343504611320248683e-16
9.622928622283097771e-16
8.858694180324239604e-16
9.299038969352665791e-16
9.034615737100033761e-16
9.143466392040444455e-16
9.039524201860701838e-16
9.208934775412479849e-16
8.595303997109969745e-16
9.456558838593162214e-16
8.282314216902189873e-16
9.225759374700923472e-16
8.263981986812108429e-16
1.001246097310781814e-15
8.597910276468492449e-16
9.778985848068667670e-16
8.697204607109067315e-16
9.380565666039752288e-16
9.032096967616492600e-16
9.729205544764556370e-16
8.171909550960373051e-16
1.029315479910041611e-15
8.463655464660910884e-16
9.685056126096676747e-16
8.364237700354405651e-16
9.994708430135507116e-16
8.728952311088170856e-16
9.936445771298203881e-16
7.862281206304138550e-16
1.016154480873708553e-15
8.580375265392681815e-16
1.005407375549292113e-15
8.290659279727239347e-16
1.041296819153332906e-15
8.705946885955467108e-16
1.015814772895687859e-15
8.272564646312232071e-16
1.041107846796246402e-15
8.681675147914383093e-16
9.944358580323848695e-16
9.521653768529813072e-16
1.023791603809553007e-15
1.054229936377238320e-15
9.872244331476113043e-16
1.081526052880128567e-15
9.977369646255680309e-16
9.904980498395200325e-16
1.019983829213311579e-15
1.102465410718836467e-15
1.015000557662654662e-15
1.050162355749760679e-15
1.024615243693753568e-15
1.001614663414081005e-15
9.490693335450284755e-16
9.841518548083364700e-16
1.009409833604487110e-15
9.277490730563815331e-16
9.525234541174586216e-16
8.632380498563657419e-16
9.751400767223108354e-16
8.830459192880020199e-16
9.768341336842724883e-16
8.588745530307833442e-16
9.409533468178015936e-16
8.522379135596848422e-16
9.474675393223355872e-16
8.316695142071793596e-16
1.005276686003562262e-15
8.011181232557052118e-16
9.743903846209842568e-16
7.833101737894412410e-16
1.041899390137158004e-15
7.694527920862471881e-16
1.099153095240701931e-15
8.252966799340561845e-16
1.136889423288557910e-15
7.680330006413079542e-16
1.119886304852199430e-15
7.854939247546413355e-16
1.173274365640700437e-15
7.731468965384829002e-16
1.076425422747488401e-15
7.942282020207559739e-16
1.227586277297512989e-15
8.163306968531862870e-16
1.164039991316045288e-15
8.014260401983852171e-16
1.123897781298896149e-15
8.336871918250096448e-16
1.128340976433187831e-15
8.215732955678901729e-16
1.097716193190582949e-15
9.172907900845702451e-16
1.030688342061611746e-15
8.145958209186586259e-16
9.763110918644635626e-16
8.594035365015214723e-16
1.003498038713065527e-15
8.506209449327908580e-16
9.645495817380934275e-16
8.205107435074121166e-16
9.687287856814615234e-16
8.109832763890776742e-16
9.189214374916310617e-16
8.227767210495134948e-16
9.291117660730329617e-16
8.651733849100570348e-16
9.657336137835435059e-16
8.354374960065737754e-16
9.868253424804553342e-16
8.587491093845084992e-16
9.794641321327197631e-16
9.176915653645695456e-16
1.003874276894217243e-15
8.761404691903506259e-16
9.708987882278349023e-16
8.579335752784113648e-16
9.610236873057801882e-16
9.185431762597759119e-16
9.305613081507306111e-16
9.012128956276827938e-16
9.029663316825022877e-16
8.945093789176431264e-16
9.167230695439303957e-16
8.995483672401832291e-16
9.586122783204898838e-16
8.944600019090121750e-16
9.375250012657949518e-16
9.052044731496922140e-16
9.832006617278157731e-16
9.746640986878056115e-16
9.095495405412674855e-16
9.281478923157568908e-16
9.652199102702897293e-16
9.261019129385895567e-16
1.011248317277801077e-15
9.585234188141133084e-16
9.785482889950829193e-16
9.405867151236596322e-16
9.613455454524538793e-16
9.798390619433297845e-16
9.278417717987627882e-16
9.831789336995526688e-16
9.906825042322286007e-16
9.400042089667585863e-16
9.279753564045948385e-16
1.019728306755837743e-15
9.947661593674626232e-16
1.011852849344070385e-15
9.374007504540263995e-16
9.714523441083250881e-16
9.433271833571297182e-16
9.142974529884695274e-16
9.652369729285927000e-16
9.815436175147798121e-16
9.254319768179981643e-16
9.180316883328357019e-16
9.212654369974328026e-16
9.953549342586827467e-16
8.972896375928153018e-16
9.640142239163657246e-16
9.905159121461074496e-16
9.158555271895237467e-16
9.034794833024598168e-16
1.061936163532769357e-15
9.680364138419298099e-16
9.341207942173714273e-16
9.285518696248086125e-16
9.031987999653358571e-16
9.375696671150140157e-16
8.999228281348130562e-16
9.375783863571590989e-16
9.175841889226337760e-16
9.333888761077251614e-16
9.532996141594939486e-16
9.798240520941516480e-16
9.523455042460272614e-16
9.929947905772451362e-16
9.026495126415830529e-16
1.010387605582620591e-15
9.206494792225248979e-16
9.664901868259633397e-16
8.858733611212602889e-16
9.431147206733813259e-16
8.772970726955827885e-16
9.234044706963744192e-16
8.616752944278018038e-16
1.004984345290126889e-15
9.170346879824637578e-16
9.351230097128336745e-16
8.968347286977075518e-16
9.915473491410689128e-16
9.160282889109906640e-16
9.812923344060991553e-16
8.965738074448797220e-16
1.022237932115841501e-15
9.265528309535623633e-16
9.827732295349148291e-16
9.129613854983286557e-16
1.010892503684588529e-15
9.076697773076595948e-16
1.027836217297994459e-15
9.043338729406183939e-16
9.889018990913340091e-16
8.930849240457471186e-16
9.499619151879906897e-16
8.727027610145004240e-16
9.983772422948955410e-16
8.973739246280847311e-16
1.000042070670684806e-15
8.616370684521043003e-16
1.026367031698364965e-15
9.232527624660218475e-16
1.003683038089735469e-15
8.762633240644893167e-16
1.029074473244528065e-15
9.361808245847288367e-16
1.018452084501109012e-15
8.831440725451772215e-16
1.014533859614046287e-15
8.513907078947305025e-16
9.901327504310784415e-16
8.427146396436155137e-16
1.026721427235541665e-15
8.870492927740884561e-16
1.035532859664017005e-15
8.675357135306687374e-16
1.035674278530354050e-15
8.783215602574766627e-16
1.015454586940071387e-15
8.455729132457574667e-16
1.034171286234725449e-15
9.085739206793482509e-16
1.056169836663478675e-15
8.805282651509046034e-16
1.090149950626974601e-15
9.130246538339964732e-16
1.053982614312014429e-15
9.478007766394764030e-16
1.096242713267406399e-15
8.652918335088310909e-16
1.052366066902005468e-15
8.587246939274442240e-16
1.057753427732318407e-15
9.953213906280400883e-16
1.111270413761147329e-15
8.705571759557637623e-16
1.172685391799314586e-15
9.245684840821337427e-16
1.046280406878666171e-15
9.565448130987255872e-16
1.064283394184129079e-15
8.989635426950814276e-16
1.105573549853134894e-15
9.211077357312244658e-16
1.058052541020098363e-15
8.798345373715026563e-16
1.082218916509846108e-15
9.086052902215031164e-16
1.076713529550000856e-15
8.901315821467311669e-16
1.070203705844748781e-15
9.372040925343170041e-16
1.075690451453639167e-15
9.115773811108571557e-16
1.075834948305030451e-15
8.758621277253698778e-16
1.073662457911059372e-15
9.400763173207236243e-16
1.102817821227675866e-15
8.632912269643726631e-16
1.130406733275162689e-15
8.819239136830411180e-16
1.089308452168324840e-15
8.962099274946681243e-16
1.110542261376138349e-15
8.851853427796179042e-16
1.075963362348808911e-15
9.171192477782814704e-16
1.077372372357569939e-15
9.346627981525979785e-16
1.086810462685001016e-15
9.052251707848826806e-16
1.081073636685089891e-15
8.631185242528294869e-16
1.058068603918017225e-15
8.509216748766588604e-16
1.155088759339263149e-15
8.559342787600725759e-16
1.088165622383084196e-15
8.573407621687984299e-16
1.117738468199416676e-15
8.527846143045076679e-16
1.067623196692970442e-15
8.565168016390158558e-16
1.062963075749302547e-15
8.282935124806575782e-16
1.066573774818648574e-15
8.680415866244608437e-16
1.048974852618997969e-15
8.456448371263482303e-16
1.070916909642414696e-15
8.270516505014969202e-16
1.092263029436153158e-15
8.876344561114510531e-16
1.053002100616224779e-15
8.452807395260226538e-16
1.124251069492274607e-15
8.161199853166658653e-16
1.080925560102481320e-15
8.214134539934907332e-16
1.116034278615505065e-15
8.365642991711028699e-16
1.061913357894816521e-15
8.580756635296193051e-16
1.013525487554619100e-15
8.030966906586471642e-16
1.105163677088162271e-15
8.223203053894156275e-16
1.020038130569254697e-15
8.473829235531572560e-16
1.042194134639787893e-15
8.064849576585164089e-16
1.021305605937503428e-15
8.690592648794069313e-16
1.122155633475373728e-15
9.061992911047030058e-16
1.036916936061293481e-15
8.358678640028929325e-16
1.014634113780175439e-15
8.940056044080428282e-16
9.642263872096614704e-16
8.231117112817144423e-16
1.026395351251559107e-15
7.890752787620645006e-16
9.885358174921986090e-16
8.690066805458097053e-16
1.004283644070554966e-15
8.254742289819140706e-16
9.992782688849759301e-16
8.831533378229225327e-16
1.016811937619028161e-15
8.726996113899129934e-16
9.597474391832995357e-16
8.374145733805148068e-16
1.021349394888897255e-15
8.614046505359915478e-16
1.045244234017726994e-15
8.212062272940562993e-16
1.073306193615595827e-15
9.012761728617621673e-16
9.821572307618811469e-16
8.667476900425540709e-16
1.072862086365978392e-15
8.240902069760296215e-16
1.006826534043350417e-15
8.340051440932311160e-16
1.040715394353604533e-15
8.762856591994745819e-16
1.025037157757412912e-15
8.524245936891170131e-16
1.059792933784701867e-15
7.708828243499387760e-16
1.047524142694263855e-15
8.734927283515048645e-16
1.063991285889298601e-15
8.769380914816602021e-16
1.012464295870230630e-15
9.035671591919472196e-16
1.038963515265257815e-15
8.482720917761899400e-16
1.015782345066514861e-15
8.948521512087559294e-16
1.062574800510550138e-15
8.246177757680690788e-16
1.057306981965453423e-15
8.170682448769062457e-16
1.050478215415315534e-15
8.926635226610851511e-16
1.104369277688510707e-15
8.787798896141218580e-16
1.073298483781417355e-15
9.676616633807349263e-16
1.066140486782416736e-15
9.955051145251698011e-16
1.075059968069804256e-15
1.024059081357181237e-15
1.090625485523748577e-15
1.021448740188096282e-15
1.002757477587348210e-15
1.061653158706790763e-15
1.022403392880527359e-15
1.132409161432813533e-15
1.069143094611376835e-15
1.112957295300546478e-15
1.026410710418792961e-15
9.857931846394536961e-16
1.036352859973219992e-15
8.824161076702477795e-16
1.016615460853664813e-15
1.044586774809429811e-15
1.038383834019510012e-15
1.090066827620197316e-15
1.029759249221033511e-15
1.092544816589967812e-15
9.987222286979716441e-16
1.052123966048275350e-15
1.069272151011461208e-15
1.017791474704996638e-15
1.068352577768790375e-15
9.671965936450464350e-16
1.008783773869394400e-15
9.592089259768465151e-16
9.937774645678452438e-16
9.449589882187255113e-16
1.000427446901578828e-15
1.000049638524543569e-15
1.018761233487843759e-15
9.244133366638499973e-16
9.608399629579178366e-16
8.609336079660940388e-16
1.007835612783745995e-15
9.222183996612760619e-16
9.893388994361553768e-16
8.844637118050662986e-16
9.661299073749637711e-16
8.579042495250589173e-16
9.732290343171641854e-16
8.513548681873155055e-16
9.968275596114377989e-16
8.767366660598844551e-16
9.918656151270120128e-16
8.712872632855399030e-16
9.667398901578355136e-16
9.127546147397966447e-16
9.578635218729160320e-16
8.100614471486253079e-16
9.281949111080493166e-16
9.125137263485561703e-16
9.388402995607745071e-16
8.679796326591099140e-16
8.931049362769014939e-16
8.540046803186037800e-16
9.017047091448155934e-16
8.663862685235428283e-16
9.971033542187353899e-16
8.649956259254305295e-16
1.050452505286388934e-15
9.008426723460953799e-16
1.133393184403104532e-15
8.476429099265180729e-16
1.192031880818399626e-15
8.434365228338183149e-16
1.203109085107003368e-15
8.597904842342033423e-16
1.025140776276505911e-15
9.159111234015762328e-16
9.880439833728525534e-16
8.355556904933826993e-16
1.161143002293872639e-15
8.481527501440843443e-16
1.197923486269108491e-15
8.787602976135470123e-16
1.080276935276349446e-15
8.610669456312500119e-16
1.068751919318459589e-15
9.100064753251469820e-16
1.101026059585040019e-15
8.706289320237283877e-16
9.877993625804483449e-16
9.066497327091176576e-16
1.007983634089222218e-15
8.626065875419254444e-16
9.650181945520790390e-16
9.339700912592295267e-16
9.223857554239213874e-16
8.976490678196210695e-16
8.660512432441844725e-16
8.723076638614230482e-16
9.578250893291178998e-16
8.860784317392469777e-16
9.210763400466096874e-16
9.315795942499058075e-16
9.797139447591727742e-16
9.047999766374841718e-16
9.222682455711639077e-16
9.019064184885542893e-16
9.545012511703993993e-16
9.536848529016872447e-16
9.169478621753263780e-16
9.554586879915139751e-16
9.090706561342852267e-16
9.678768376471044534e-16
8.807413532561537880e-16
9.317041703815370851e-16
9.425158971200817567e-16
9.255171914204728537e-16
9.582571045896760153e-16
9.557172944791291180e-16
9.138591983473858744e-16
9.198938060557749014e-16
9.613088293468644366e-16
9.774517324680967106e-16
9.262553523235606446e-16
9.678374513186187012e-16
1.000095117416572745e-15
1.033926023031363045e-15
9.483314253991605702e-16
9.686284288492274712e-16
9.029162804526832612e-16
1.003086292760044815e-15
9.603182439577655641e-16
9.687123128534255564e-16
1.024133039553449688e-15
1.025744122983568605e-15
8.854219850771379119e-16
9.770688285172329158e-16
9.727746716062531102e-16
9.091244846168343335e-16
1.003477513805459428e-15
8.663280735245851359e-16
9.692455195883596988e-16
1.000587725929901317e-15
9.543229771423651266e-16
9.900742835247941655e-16
9.184523635446359721e-16
1.066742419465279128e-15
9.333183386103635846e-16
8.549067993647787354e-16
9.542487579642478985e-16
9.682549474862367460e-16
8.657282008433075887e-16
9.148464680845600421e-16
9.657184641896192870e-16
9.552945562016544190e-16
9.841901140249417934e-16
9.554545733145810640e-16
9.460564967654906975e-16
9.683506194399114533e-16
9.497004829204566914e-16
9.431723208443530068e-16
9.218687411643099439e-16
9.039014495434549261e-16
9.454826613070141789e-16
8.948718295393308203e-16
9.555986013127133006e-16
8.843405261520326390e-16
9.820200286022823691e-16
9.320846530511872731e-16
9.868587314641298417e-16
8.801142466499599158e-16
9.274744540281123682e-16
8.874009602316121335e-16
1.016156463320688065e-15
9.457032549770786304e-16
9.762860708007597396e-16
8.667693125777830725e-16
1.015357461673970591e-15
8.547086378799306837e-16
9.967704483883943865e-16
8.509542396554227744e-16
9.742464114450279711e-16
9.297318614180266658e-16
1.078382285348581822e-15
8.586881407641294214e-16
9.553753633254946218e-16
8.320457061341949875e-16
9.962410824825898351e-16
8.986573267593574098e-16
1.063898163435139706e-15
8.948746293467476755e-16
9.973651694101165923e-16
8.751989104050004997e-16
1.067890402247043083e-15
8.508208241458298308e-16
1.069007378895409812e-15
9.146864106565921382e-16
9.841580127114675414e-16
8.777930392000866169e-16
9.941083464502126983e-16
9.382583484435084941e-16
1.055622367153136037e-15
8.810474667804249956e-16
1.044613374580034329e-15
8.721730996486588698e-16
1.009716568123994492e-15
8.461833289349137967e-16
1.080509222212045675e-15
8.570619621884549744e-16
1.026958741726878306e-15
8.842064438041468939e-16
1.093157936411784894e-15
9.464890957057730341e-16
1.019276102311867304e-15
8.613613336895723816e-16
1.054457468686916807e-15
9.329606786052771108e-16
1.052115784872834631e-15
8.983786314883277637e-16
1.046513843710880799e-15
8.257104988590897697e-16
1.058659029147668437e-15
8.654810033102987240e-16
1.055454695370358525e-15
9.008262717901314519e-16
1.072551743979858020e-15
9.373392913667891725e-16
1.056016192595235672e-15
9.131577175222319231e-16
1.079775646252488423e-15
9.255896912992984571e-16
1.088874903431307477e-15
9.367113585365700748e-16
1.071656555066763244e-15
9.598978759790726895e-16
1.122920403483431908e-15
9.014717968857914250e-16
1.082169344885444292e-15
9.055290949285168852e-16
1.076216563287555923e-15
9.223640013511082360e-16
1.049123153154494425e-15
8.928024697686978783e-16
1.141917333098193927e-15
8.987629951751149800e-16
1.061855426393520913e-15
8.840034188622733889e-16
1.094165815392430052e-15
8.802858442631054161e-16
1.123317367366836887e-15
9.167098204015961625e-16
1.102297131832394025e-15
9.034548396872147125e-16
1.098305344867585696e-15
8.791136325679439364e-16
1.090571938215957275e-15
8.809809261647575645e-16
1.075039337071748253e-15
8.982441452979506154e-16
1.071533991762712603e-15
9.790646810333367127e-16
1.069706018394335068e-15
9.342611587534823357e-16
1.118887191675617316e-15
8.833465424009581957e-16
1.064397242735021191e-15
9.193666181069931707e-16
1.085761783789077793e-15
8.649643396600458805e-16
1.058813604648372039e-15
8.817588147084229783e-16
1.040746377531151389e-15
8.630843674179600604e-16
1.069325254209851111e-15
8.424022952639602769e-16
1.122056030895664250e-15
8.381676650681477179e-16
1.096466842820672178e-15
9.090097439637065609e-16
1.085267159035797503e-15
8.177942801335645452e-16
1.128591328190090611e-15
8.528895019602629774e-16
1.078512083315324296e-15
8.136277407176523860e-16
1.054406725775013938e-15
9.183619388649524596e-16
1.103544322258927255e-15
8.274807747682975956e-16
1.084852288370262722e-15
7.829119261963908704e-16
1.041044913837811415e-15
8.126384684945638875e-16
1.068995440381915419e-15
8.715457055096962604e-16
1.118811974818315640e-15
8.441441403901947532e-16
1.071582448783696098e-15
9.049266659191269887e-16
1.027761434587758940e-15
8.245944468252006333e-16
1.016082344041352274e-15
8.678350008294482227e-16
1.083025867730448678e-15
8.134000042161734699e-16
1.076309436809481092e-15
8.424718292880314644e-16
1.021133144256985240e-15
9.043271573827012776e-16
1.057451741301134297e-15
8.446388381443445130e-16
1.069729766350454309e-15
8.175233702488241874e-16
1.088215502940904203e-15
8.409184975369065022e-16
1.000830776895781449e-15
8.618065822268669888e-16
1.032008102158777946e-15
8.129441349740027904e-16
9.873841253993692442e-16
8.042267891166441496e-16
9.781061697733913543e-16
7.975183956493826878e-16
1.028555607080643215e-15
8.425755383428201660e-16
1.009323115933442377e-15
7.926821098987092827e-16
1.023936663981707616e-15
8.248090345922392398e-16
9.948206051365622268e-16
8.421892777332809768e-16
1.119558827916683634e-15
8.452314412559014361e-16
1.022936389265308469e-15
8.559284514920424144e-16
1.005731149724321183e-15
8.903448425269331939e-16
1.099834081027584041e-15
8.021050213381114647e-16
1.081416637256449000e-15
9.086903083629810176e-16
1.070280686983552076e-15
8.853670310203555597e-16
1.041807500283953360e-15
8.499604414304442700e-16
1.087855375893018880e-15
8.299976564734218811e-16
1.089458208020401564e-15
8.232225022617984569e-16
1.103371386488577735e-15
8.439176084167989108e-16
1.091048394826032448e-15
8.381681481829812846e-16
1.006293190519557840e-15
8.713269734982848912e-16
1.112947563172741482e-15
8.538604744478407023e-16
1.106519581529264805e-15
8.134526332941136874e-16
1.103406427413685768e-15
9.144451112114442178e-16
1.087930905529314766e-15
8.623283619929680853e-16
1.107806238898409621e-15
9.106074546481517507e-16
1.054759967925314960e-15
9.462420431367466278e-16
1.073242817535538329e-15
1.030444220103486191e-15
1.063101030420417770e-15
1.052063581366215902e-15
1.015384204735661168e-15
1.072206652857340120e-15
1.067276902427521654e-15
1.113102454011700892e-15
1.008236484149385912e-15
1.083612482733189273e-15
1.044441670255663668e-15
1.052863634713441395e-15
1.110804181389582489e-15
1.024181827924825929e-15
1.042240297212378057e-15
9.253237738938700135e-16
1.079409057834696222e-15
1.112628890271733295e-15
1.042719585375607824e-15
1.074665359859785313e-15
1.030074535020819582e-15
1.114830269437749215e-15
1.035043282117867842e-15
1.030345669977262129e-15
1.030383747109034922e-15
1.043386334113284695e-15
9.950726772522145759e-16
9.890791758686025563e-16
9.955704614981332785e-16
1.004209102595156708e-15
9.582383695511040901e-16
9.781116351342676104e-16
1.026065982422517549e-15
9.443906726192592281e-16
9.878798751307353677e-16
8.919600914321525049e-16
1.009068197746114520e-15
8.434832275076587175e-16
9.784930829898647619e-16
8.693881228782665500e-16
1.046436877450588583e-15
8.749503503512558825e-16
9.741856117558426201e-16
8.597318530963898204e-16
9.884246200570969166e-16
8.113979468419204055e-16
9.957703306972675936e-16
8.666142253439623103e-16
9.563545796811315884e-16
8.572906129686123302e-16
9.612581777104524081e-16
8.616210862134473294e-16
9.655601973894429380e-16
8.296275314995286201e-16
9.390345399055212524e-16
8.717304617166917709e-16
9.177735815280820163e-16
8.655443338091166128e-16
1.006633314981233733e-15
8.939670618625320988e-16
9.982608078650347606e-16
9.034757543286720878e-16
1.065397251113529251e-15
8.316058936381382099e-16
1.118565882055759985e-15
8.539040184293789211e-16
1.146279908501291856e-15
8.184474543387128735e-16
1.157620633976474026e-15
8.578158971479634776e-16
1.093947546141554310e-15
8.017054677271570265e-16
1.053920157543829454e-15
8.988515016876080915e-16
1.150443661135337436e-15
8.568004339777549506e-16
1.202130974123890185e-15
8.457403254298089448e-16
1.152395740679691360e-15
8.769251169394472975e-16
1.095183811917395735e-15
9.398279163709867192e-16
1.040571679225781298e-15
8.695077855050611016e-16
9.924456623460567292e-16
8.871366349342766152e-16
1.049073223643805041e-15
9.772476735144730325e-16
9.660987095053423000e-16
9.147281058064573565e-16
9.487211885078289167e-16
9.006989110962397893e-16
9.285231547326518570e-16
9.423546156978545350e-16
9.268419211621375977e-16
9.482034662497677518e-16
