# -0.2J_-0.8g_0.15708theta_1.0472phi_10Chi_0.01delta_500N
-5.767481418074489330e-01
5.188174866243945305e-01
-6.157005548492267000e-01
-1.363493743006321812e-01
-4.987337157113085062e-02
-5.322973007198037593e-02
8.530591454504973803e-02
4.191864870113829605e-02
-5.122967435311238243e-02
-2.476257220284702742e-02
4.404096200548927031e-01
-6.186145238088380793e-01
3.466630217137874337e-01
1.756087397522876348e+00
-4.094067176660790786e+00
1.146413046289288751e+00
2.611731937724794950e+00
6.503456884503913571e+00
-5.869551327982871491e+00
-1.987512711740421878e+00
6.684464573627547646e-01
-6.079355342376958626e-01
1.632576370838365820e+00
-7.058068003975362714e+00
1.705217752198307846e+00
-6.014177942328557513e+00
4.460779231833266856e+00
8.408521795653128850e-01
-1.173578779217813617e+00
-6.941738048287982021e-01
-1.409697780855541649e-01
5.696125371871346710e-01
7.062350865498356889e+00
-1.124127640716519636e+02
2.425169874665459346e+01
-9.644430917488040222e+01
-2.996029563406033702e+01
7.010693350142766178e+01
-4.738719033783060475e+00
2.756929625168308462e+02
-3.285097681407428416e-02
-3.511794054768624829e+00
-2.862913705968410660e+00
4.588950928004885554e+01
-9.329965813021421184e+01
3.921332085893693176e+01
1.244152638489325682e+02
1.874162765988490378e+02
-1.501273413545395385e+02
2.650726315859989199e+02
5.148506929511916658e-02
-4.969110146852808718e-01
-6.004653087326869532e+00
9.591930219912556765e+01
-3.093166531941570341e+01
1.114429985075385190e+02
5.267898595248782101e+01
9.980779809716640472e+00
-2.565356338866039465e+01
-1.556251312717240012e+02
8.400043567788444132e-02
4.065798047534510573e+00
-3.708208675193862103e+00
-7.132156093000816099e+01
1.604995861324862574e+02
-8.459817500154639447e+01
-6.403997663042438262e+02
-3.466851381740980287e+02
4.511484350965673684e+02
-1.273379157759201462e+03
3.218897937598154402e-02
5.917668149445836079e+00
3.493784673231201121e-01
2.128612147615607242e+01
2.126296098684254616e+02
-2.403713417179538681e+01
-3.194731099056108974e+02
-8.561534246431535848e+02
4.267117866357992852e+02
-2.028966447816996151e+03
5.046132084374212873e-02
5.789028891696160528e+00
-5.705902845150367941e-01
-1.581341280579479935e+01
1.695964614884513253e+02
-2.475477612332108279e+01
-4.189192751511475876e+02
-4.857567496125004141e+02
5.628060256464641498e+02
-1.288665103035891889e+03
-1.599853617736667760e-02
-1.128978744322189254e+00
4.472739556775991443e-01
5.544437319991902768e+02
1.670848426243179574e+02
4.113595651696357436e+02
-1.629215884214729897e+02
-2.592434710671866469e+03
9.594676057233010624e+02
-1.410779153862426574e+04
-5.776776910607052118e-01
2.743858498954703240e-01
7.563342202267872016e-01
1.111228359004985816e-01
-9.322040847560485177e-02
-5.291584397427823855e-02
-6.486907769723625206e-03
-9.457984348200550173e-02
-5.099238577968089742e-02
1.565433143786907483e-02
3.591850140207661357e-01
-9.648816156655382059e-01
-8.058794721374694658e-01
4.406145204206601274e-01
-7.812331701392179362e+00
-5.750874189374474810e+00
-3.466157514839035780e+00
-9.619528291770975681e-01
1.917412038693180110e+00
-8.288261123104527783e-01
-7.147577112410491429e-01
5.450758208402249894e-01
1.281348681243500209e+00
-3.342065515239661000e+00
3.821874404336005338e-01
1.996677111219393508e+00
-3.012705731107867102e+00
6.927313136997669929e+00
5.686338632278236993e+00
-1.624811453815309115e+00
9.868344732725627122e-02
-4.684024328787586566e-01
2.920038166451541350e+00
-6.759773471959648816e+01
-1.987567569850616067e+01
1.421637503177794493e+01
-1.226132469113670851e+02
1.791070693806643135e+02
1.321567339025954482e+02
1.241493886849138448e+02
-1.056123111892020988e-01
-7.655948799407074290e+00
-1.818065823100252665e+00
1.805651431174021271e+00
-1.383019524597511349e+02
-1.030734999465200588e+02
1.530625637791101923e+01
9.496204238613924531e+01
7.017802757200614394e+01
5.422733455728335912e+02
5.113633188613690705e-02
5.423160214086842679e+00
2.551479839513840275e+00
-2.111614218839755708e+01
9.861112574270173070e+01
1.111317278336832572e+02
-1.706773015893802636e+01
-5.242224518229281216e+01
-2.551340572080503932e+01
-3.193638574618499320e+02
-1.428760653632402816e-02
-3.412315842640015973e+00
1.605072138991001429e+00
-1.163694429380291666e+02
-5.867617875078643408e+00
2.061591650885978311e+01
-4.989100978458255327e+02
2.398411581243721002e+02
1.436623069450368746e+02
-1.213025707758660928e+03
-8.855374782555022750e-02
6.001470327489383250e-01
-7.146767219411754191e+00
1.872722705408361605e+02
1.663875454134783922e+02
8.494590557219467541e+01
2.677515494943664294e+02
-9.987009935885841969e+02
-6.058936195335287493e+02
-2.403705202713737890e+03
5.024293058235779902e-02
-2.398610255240587463e+00
5.316735317978720232e+00
-1.386224673552166280e+02
-9.721306582893436143e+01
-2.417726217244106124e+01
-2.068170808348276637e+02
6.065165616399167448e+02
5.623089113258048428e+02
8.760816378861295561e+02
2.202226959082110094e-02
-1.070010480305163769e+00
2.066810016446363640e+00
2.308228886917525529e+02
2.322565773139142493e+02
4.768231436137993029e+01
-1.541035487491162712e+02
-2.106896338211342027e+03
-1.042794692931662667e+03
-1.485258988144495925e+04
-5.782326645858607561e-01
-7.916556044245272039e-01
-1.414422051645458367e-01
2.502251210350677976e-02
1.426266763598563192e-01
-5.299200862463818856e-02
-7.896315856505664588e-02
5.275417439647782369e-02
-5.109555590394901370e-02
9.349057636992742434e-03
-7.981440488289145430e-01
-1.783480894398769889e+00
7.068430331815325762e-02
-2.114167727230431559e+00
-4.801790634236790645e+00
4.608642906079154500e+00
6.045200782235065518e+00
-2.475167433624608115e+00
3.950459609879985567e+00
-6.315834841128764587e-01
4.728239511086316377e-02
-3.310398624930089295e-01
4.608854968715090927e-01
-6.352341058890707437e+00
-2.172185807793464818e+00
4.008624335272194195e+00
-4.537258601219805065e+00
-2.586570019070066451e+00
-4.504843848488008007e+00
-1.279179001546487393e-01
4.204744140483462206e-02
-3.528346269158063819e+00
5.903108520875606224e+00
-1.283819917690286445e+02
-3.660548850059279147e+01
8.222466563363212799e+01
-1.711241097314823492e+02
4.522323143135638901e+01
-1.273678933541828968e+02
4.309246205673898089e+02
1.381078807066477010e-01
-4.673569205750009559e+00
1.247404121436747282e+00
-1.495307677690489001e+01
-7.742124231539386869e+01
6.368979351825993263e+01
1.505523767817784915e+02
4.731702241624206096e+01
7.941480121253881919e+01
5.487616578789532014e+02
5.124693716209789696e-02
-4.924231386023059542e+00
3.444872021289793640e+00
-7.492114487842810888e+01
-6.743351354988614332e+01
1.113668772401340448e+02
-3.663916276017184970e+01
4.256509546003926658e+01
-2.617139681209710744e+01
4.677646332617865710e+02
-6.978961094993733905e-02
4.936940463022957637e+00
5.425628963217775436e+00
-2.379640291862858987e+02
1.170362954537166615e+02
6.450977692076125436e+01
-1.078698589948478229e+03
7.104897276047111632e+01
-5.956959641958086422e+02
-1.013137093434358462e+03
5.646967701171117654e-02
-3.203254886581396566e+00
1.210136546924416301e+00
6.500199321620249293e+01
4.601189939319034750e+01
-6.103558107107522801e+01
9.748377566047341247e+01
-4.197043124008727659e+02
1.822299367891849329e+02
-2.149713599163837443e+03
5.031438428956685333e-02
-3.391247208725010065e+00
-4.736123879790069324e+00
1.541907890990497094e+02
-7.176701991107947265e+01
-2.498468080283727843e+01
6.261772142532319094e+02
-1.223020019815552359e+02
5.641613717860326460e+02
4.989723381538004219e+02
-6.033969747329425044e-03
2.801791404616008618e-01
1.265177873909633766e+00
4.706123041716331272e+02
4.985820341941853258e+02
-4.912435628843145423e+02
-5.563945083475599631e+02
-2.491609027793039331e+03
1.158024749214342108e+02
-2.259079528746311189e+04
