# -0.05J_-0.95g_0.41888theta_0.41888phi_10Chi_0.01delta_500N
-5.773517214303929279e-01
7.550065383972911492e-01
3.105291153031047857e-01
-3.426013864177207980e-03
-1.476096108174805577e-02
-4.732580566310004219e-03
8.845808720484215834e-03
5.038497112363649055e-03
-6.036792607093973209e-03
-6.549833619411895983e-05
7.789166028650595930e-01
-1.517459024651650390e+00
-4.364872226347675244e-01
-1.715553088831822137e+01
-3.642119188358932291e+01
-5.586427211867964360e+01
4.736956545283928932e+01
2.499386233096249654e+01
-5.359442566939941344e+01
-7.857114943307819122e-01
2.064711928617985748e-01
-9.416884068815657427e-01
2.980217245575267904e-01
4.999295304079058866e+01
-5.361535590668692919e+01
3.556209575723105587e+01
1.890205306491839465e+01
5.360822778720699233e+01
2.498448699765492975e+01
5.004968220736141227e-01
3.671561294292026347e-03
4.227004790586349969e+01
-5.230913473429247063e+01
-1.021110567647823518e+04
6.486967769579725427e+03
-1.171442748078283876e+04
1.875596095564914140e+04
-7.846885122704920832e+03
-1.164867754670058821e+04
-2.614361592854999762e+05
-1.421564315289610900e-02
-4.566187914370350143e+01
-3.826201355151684247e+00
-2.788458882465257375e+03
-7.681877585769769212e+03
-2.199413853470519462e+04
-1.371917861971232014e+03
4.978801106977714880e+03
-1.018954701028635645e+04
4.995954461865460034e+05
8.123689099508444797e-03
4.413190919202048690e+01
5.824899073452201748e+01
2.754379218221583869e+04
2.552098658581426662e+03
9.980118729028083908e+04
-9.314804888270495576e+04
9.334035407876725003e+03
5.959654666887936764e+04
-1.481513190995839890e+06
-4.694527257080687022e-03
-2.719712394722816029e+01
1.995143068930467933e+01
-6.386458204095758902e+02
1.490444611201702173e+04
6.888290212326822802e+04
8.648813579653421766e+04
-9.909983652313656421e+03
-1.859667160622152551e+02
-3.744008404245961457e+06
4.781826841949250208e-03
5.032515845145294264e+01
-2.656940951944023510e+01
-4.650968947527463570e+03
7.827819001385132651e+03
4.688268505757122284e+02
1.213235905842345528e+04
-1.018585665420735131e+04
-3.085239817038784622e+03
-2.541438144963708473e+05
-5.732913767261358685e-03
-2.656500780419309393e+01
-5.025129479618453132e+01
-1.535973624871617358e+04
-3.688141748313947573e+03
-4.973996275911874545e+04
3.567162706434925349e+04
-3.130002204271369465e+03
-4.777183122422074666e+04
6.323341512921784306e+05
-2.154366670147832660e-05
-1.304492931932113020e-01
-5.398854765476873707e-01
4.047461543790823634e+04
5.875552402007657802e+05
3.807934314283809625e+06
1.338632167769075371e+06
-2.712823357770855655e+05
7.985263081919514807e+05
-3.196866824453526139e+08
-5.773516317604816539e-01
-6.464293890766327211e-01
4.985903658958179552e-01
-1.107035837953672386e-02
1.034749876576836897e-02
1.002698331098897042e-02
-3.243729080195550713e-04
5.038493023265562878e-03
-6.036793484646464820e-03
3.910173661705076660e-04
-2.106489674167873194e-01
-3.841222113155953188e-01
-2.873558767868130692e-01
-5.037712677929721394e+01
-3.081241251409130655e+01
-3.569995333096434109e+01
-4.720388933694710687e+01
3.392917234062230847e+01
4.843440509985956055e+01
-2.752731222024740632e+00
-7.777972379339653797e-01
-1.090820078458256681e+00
1.431358443620794008e+00
5.560169058994598146e+01
-2.039377242032425386e+01
-5.901145549879813501e+01
-1.262233732652391804e+00
-4.844942622974463831e+01
3.392193290352928159e+01
-2.063247119889062287e+00
-1.414687432002814660e-02
1.055884311759965932e+01
-6.397037141354511647e+01
-9.915497201404165025e+03
2.617783814155033724e+03
-2.549780196874167814e+03
1.670526938828777202e+04
8.235084875270596967e+03
-2.999770722107130496e+03
-3.292424494809114258e+05
3.928166335598592615e-03
-3.400059256086951365e+01
-3.553744344685126322e+01
-6.657631788742620301e+03
-7.977432111075852845e+03
-2.404492267422037548e+04
-1.053574691010004972e+04
4.306253421056494517e+03
1.518287430260951805e+04
4.194751084418478422e+05
-8.127418765054421693e-03
3.306865143597906354e+01
-3.358452945931834677e+01
1.722998052768748676e+04
6.592483176855298552e+03
1.002971802103012451e+05
-6.910323239961502259e+04
-1.324616212215058840e+04
-2.996216714311930264e+04
-1.571433969189247815e+06
-4.688053495371089820e-03
6.463629295477964831e+01
8.888179702259833448e+00
3.400295036789223559e+03
2.521776282081272802e+04
9.291776241441570164e+04
8.599208845351431228e+04
-3.128607891292723252e+03
-5.153465610288579046e+04
-3.525531926085181534e+06
4.781810314762239764e-03
-2.152791152565189936e+00
5.686759613690245629e+01
9.104508890916600649e+03
1.140702090942416618e+02
1.027029233782273150e+04
-6.470691836751638220e+03
-1.018582800096290703e+04
-3.085503569153553144e+03
6.330160482043583033e+04
-5.732915046792121279e-03
5.680140455093916785e+01
2.119679434217125458e+00
4.485997448149483716e+03
1.514616546273768290e+04
5.577002885260531912e+04
2.525672351392742348e+04
-3.130147434497136146e+03
-4.777123013084646664e+04
-1.645363698453094810e+06
3.193409622808401232e-04
-3.085852413237933689e+00
-1.440616875854607570e-01
-1.505273652929280652e+05
5.171485765982671292e+05
3.027894366938491352e+06
1.629650978533819318e+06
1.290806342815616663e+05
-1.579396009176977444e+06
-3.132605544988730550e+08
-5.773517423271263826e-01
-1.085772458420551645e-01
-8.091193744649203268e-01
1.449637397693181312e-02
4.413465251284044016e-03
-5.294403226439746771e-03
-8.521432097872129463e-03
5.038496918408581771e-03
-6.036789047021591352e-03
-3.261254213873068558e-04
-5.682676480340640435e-01
-8.216391513429688320e-01
-1.343419855725177525e+00
-3.862366528645566888e+01
-6.238754728200860455e+01
3.612090502774949385e+01
1.754560507217939502e+01
-5.892298600368146566e+01
5.160038664420049770e+00
4.531841987505005886e-01
5.713259002262517372e-01
-3.475573633386008776e-02
9.938411686639870846e-01
2.402656667312372818e+01
-3.214724701095633463e+01
5.738128502334515879e+00
-7.308315615609318172e+01
-5.158799918651555849e+00
-5.890639303637500035e+01
-2.489170178958006741e+00
1.047533264047229191e-02
1.631549119215865318e+01
-3.067702040957493281e+01
-6.712491036947722023e+03
4.808361440035771011e+03
-5.355894602867237154e+03
2.566683719538270452e+04
-3.882160683279944351e+02
1.464853796254784538e+04
-2.277401893790511531e+05
1.028746649945117171e-02
-6.729397068288679407e+01
-2.978076807774814228e+01
-4.467069011100506032e+03
-1.118046051633040952e+04
-1.508280723450866026e+04
-7.729596647642397329e+03
-9.285021113234693985e+03
-4.993316845607979303e+03
3.999000233191070147e+05
3.726801823106261966e-06
-4.092980990887667758e+01
2.191329698369362688e+01
1.888779951051098396e+04
-4.359663122648807985e+03
7.922661332301174116e+04
-8.069314278594328789e+04
3.912133463509414014e+03
-2.963443551371861395e+04
-1.703536100875640055e+06
9.382582919615144873e-03
9.138526162158177257e+00
-6.511030152669110294e+01
-7.550841886488329692e+03
2.355893791608637184e+04
8.132689618329535006e+04
1.070559061766668310e+05
1.303842078383558328e+04
5.172048546513277688e+04
-3.719294662015218288e+06
4.781814357921594823e-03
-4.817237989213243310e+01
-3.029816379651952829e+01
-4.453528302065071330e+03
-7.941849888848534647e+03
-1.073890741374177378e+04
-5.661503684162415084e+03
-1.018587759891860696e+04
-3.085263994428193200e+03
1.901574360554203449e+05
-5.732925579797377470e-03
-3.023638054098034189e+01
4.813165485482834782e+01
1.087394503399668065e+04
-1.145801883786551480e+04
-6.029516882046735191e+03
-6.092905504592884972e+04
-3.130081882240259802e+03
-4.777263176412534813e+04
1.021486453070158372e+06
-2.977173506895064827e-04
-1.263668936559316780e+00
2.216630705691685410e+00
5.994903284741964853e+03
3.862849078115732409e+05
3.160883484752355609e+06
8.069957455940648215e+05
1.416791705922375259e+05
7.793080539934544358e+05
-3.079887792091553211e+08
