# -0.2J_-0.8g_0.62832theta_0phi_10Chi_0.01delta_500N
2.906904257107459713e-02
2.889799692506689007e-04
1.309945190668354832e-05
7.467797022654211076e-07
1.162513320477053957e-06
4.069072416676572360e-07
2.746051491737796890e-07
3.277238289080223784e-07
1.223399427122117424e-07
2.609249329666624084e-07
7.916274099446148220e-08
2.077424509962902900e-07
6.195438981659915439e-08
1.669560362988184019e-07
5.336037174768457050e-08
1.360895119870634507e-07
4.794978073986790569e-08
1.127516293232564993e-07
4.372666290421462267e-08
9.505075213477888560e-08
4.001072361048476372e-08
8.159233000986232187e-08
3.661056582012978428e-08
7.135324911223717970e-08
3.353619848762081406e-08
6.356177946149423081e-08
3.091289050866880660e-08
5.762908562302735191e-08
2.894943603459789456e-08
5.311882543886581031e-08
2.789203541854708729e-08
4.971831630671673518e-08
2.792341734187554898e-08
4.720191207213924822e-08
2.903481198019734036e-08
4.539928396244870635e-08
3.096470150922269538e-08
4.416989730915807372e-08
3.323922405144016794e-08
4.338209331602803645e-08
3.527420647046917904e-08
4.290134989481538960e-08
3.651829695278398325e-08
4.258942149877699569e-08
3.663021198223083615e-08
4.231110315913896582e-08
3.562648248064453695e-08
4.194403842033932628e-08
3.387133991885816966e-08
4.138759971232910011e-08
3.186310395591296633e-08
4.056776883735931007e-08
2.996895672296864136e-08
3.943667409468256675e-08
2.829901881436761789e-08
3.796862630640942457e-08
2.675104370132864876e-08
3.615731764065447071e-08
2.513420267712568537e-08
3.401793373327460505e-08
2.328826931815541798e-08
3.159323354426572053e-08
2.116092292052776102e-08
2.895797272836057207e-08
1.882794124379407105e-08
2.621546750590761338e-08
1.645535837140217506e-08
2.348412798415351058e-08
1.422804281210072807e-08
2.087740933928062225e-08
1.228571754645314392e-08
1.848410902287529300e-08
1.069437269957205748e-08
1.635564310224800698e-08
9.453300071924906071e-09
1.450384321195027502e-08
8.520743369053163166e-09
1.290875924893817820e-08
7.840193223169694343e-09
1.153229772693897885e-08
7.357122688035468911e-09
1.033218582321255160e-08
7.024166156188049411e-09
9.271750443980192367e-09
6.799718021077524794e-09
8.324155785395069802e-09
6.647999796878848338e-09
7.472346614303597537e-09
6.542338748185410154e-09
6.707024444940941493e-09
6.466631745266291204e-09
6.024341621739665137e-09
6.413177312124328219e-09
5.424025340920338786e-09
6.379266723682400366e-09
4.908007333912180680e-09
6.364440882838548221e-09
4.479343884314962724e-09
6.368827977774330681e-09
4.141028783155956318e-09
6.392450889249457072e-09
3.894322312212711449e-09
6.435374254610812670e-09
3.736872567169291384e-09
6.498464984962566036e-09
3.661956533583865147e-09
6.584265343442208695e-09
3.659956973793049717e-09
6.697243771889076171e-09
3.721278553132280430e-09
6.842809565663056290e-09
3.838919086260858765e-09
7.025150721250753939e-09
4.009988637886699807e-09
7.244855391104807325e-09
4.236716190238092371e-09
7.497526253836424703e-09
4.527796731849242630e-09
7.773767183238075828e-09
4.900663515060411021e-09
8.059911555676872521e-09
5.384453835257826174e-09
8.338817217147535879e-09
6.020757275970198238e-09
8.590854161507488159e-09
6.852243611252077299e-09
8.795909116893285277e-09
7.883114754044887914e-09
8.937337557882207488e-09
9.018386105534322111e-09
9.008215931231001095e-09
9.939468180936384547e-09
9.017911390289065011e-09
9.012375273341901571e-09
8.990247794032076519e-09
5.991396221029144126e-09
8.933129828522730712e-09
4.714545484181502786e-09
8.754362136850068900e-09
4.243909302407582651e-09
8.194862818288590319e-09
3.973456873941704177e-09
7.056426305805241904e-09
3.741915967960893783e-09
5.624859991899665885e-09
3.502940673321404566e-09
4.386041468299378717e-09
3.244576967639705390e-09
3.497910204580506885e-09
2.968680509314745513e-09
2.883188741033700748e-09
2.683772622308886306e-09
2.442966100706453902e-09
2.401048678730925865e-09
2.113712460150227923e-09
2.131534546637331087e-09
1.859598614729073123e-09
1.884199244222917183e-09
1.659953157118952111e-09
1.665069681451854116e-09
1.501878807966817001e-09
1.477202372700890529e-09
1.376526165781645126e-09
1.321192162460081020e-09
1.277304521147397735e-09
1.195868705205216942e-09
1.199122294404562596e-09
1.098943777648744710e-09
1.138030754498391887e-09
1.027510760609029485e-09
1.090955546622125408e-09
9.783959212422146328e-10
1.055469581815143698e-09
9.483990669869058477e-10
1.029623586844149289e-09
9.344383701098046164e-10
1.011830671587712488e-09
9.336438845557110893e-10
1.000789094439636023e-09
9.434489648361745274e-10
9.954279941785037792e-10
9.616862059420945752e-10
9.948665474680475370e-10
9.866110330586820935e-10
9.983813070324110360e-10
1.016830460514227038e-09
1.005378910241746223e-09
1.051164442783135039e-09
1.015372824211176425e-09
1.088490625874676935e-09
1.027963807086525384e-09
1.127583742586409171e-09
1.042823561404287218e-09
1.166961022542031555e-09
1.059681257950619535e-09
1.204734577076438866e-09
1.078312851854998691e-09
1.238504328107766517e-09
1.098532653836634646e-09
1.265385065400278850e-09
1.120186515201712874e-09
1.282352553128255017e-09
1.143146819732165976e-09
1.287155044590979537e-09
1.167308530699401103e-09
1.279768054466608027e-09
1.192586051869969674e-09
1.263586927764930637e-09
1.218909988660291910e-09
1.244928123864473528e-09
1.246224015296458700e-09
1.230525303593505267e-09
1.274482097017128369e-09
1.224860501416733330e-09
1.303646744635494403e-09
1.229289363318149873e-09
1.333688023681928602e-09
1.242909066273451247e-09
1.364582623211728642e-09
1.263896435525369176e-09
1.396312677330387334e-09
1.290428182755189540e-09
1.428864450502433369e-09
1.321051666258517434e-09
1.462226889358752866e-09
1.354722366515079665e-09
1.496390250563187074e-09
1.390719193102627962e-09
1.531344836736813698e-09
1.428546311876269068e-09
1.567079915643735594e-09
1.467856464219909131e-09
1.603582823232275977e-09
1.508398801795537290e-09
1.640838274530881638e-09
1.549985354755780951e-09
1.678827901941642328e-09
1.592469881685948012e-09
1.717529995821846995e-09
1.635734515626274415e-09
1.756919441538732497e-09
1.679681230253125367e-09
1.796967824973884439e-09
1.724226290497969105e-09
1.837643675531365531e-09
1.769296569984468964e-09
1.878912813221698070e-09
1.814827051363525265e-09
1.920738763941212028e-09
1.860759098785523308e-09
1.963083212848273021e-09
1.907039214153734243e-09
2.005906469628015168e-09
1.953618151261699778e-09
2.049167907919229509e-09
2.000450239743430378e-09
2.092826401517458894e-09
2.047492870406541170e-09
2.136840695584039691e-09
2.094706087160802069e-09
2.181169736260876355e-09
2.142052256123277643e-09
2.225772964556533307e-09
2.189495793223795403e-09
2.270610539377547629e-09
2.237002941023037848e-09
2.315643529494789397e-09
2.284541580186983412e-09
2.360834056743184680e-09
2.332081079275153549e-09
2.406145402280553690e-09
2.379592169277722018e-09
2.451542080246333720e-09
2.427046842828547615e-09
2.496989884242009615e-09
2.474418271194700028e-09
2.542455911159414093e-09
2.521680736359939923e-09
2.587908569687954023e-09
2.568809577550701388e-09
2.633317563836172151e-09
2.615781140060658343e-09
2.678653887234580745e-09
2.662572742499533061e-09
2.723889789321457834e-09
2.709162642704520732e-09
2.768998746298556459e-09
2.755529997805791648e-09
2.813955426945299527e-09
2.801654853734819348e-09
2.858735656504860091e-09
2.847518113674939051e-09
2.903316397326980688e-09
2.893101518167573276e-09
2.947675656107775662e-09
2.938387623812697924e-09
2.991792513867319874e-09
2.983359797385838634e-09
3.035647069726503415e-09
3.028002168851988532e-09
3.079220373686561014e-09
3.072299661261396217e-09
3.122494441441827473e-09
3.116237967291578070e-09
3.165452207509869737e-09
3.159803450248016097e-09
3.208077497064188333e-09
3.202983203192797454e-09
3.250354875594430551e-09
3.245765044192989983e-09
3.292270101572110807e-09
3.288137482090857531e-09
3.333809413625152687e-09
3.330089701907324154e-09
3.374959948777089649e-09
3.371611550943039852e-09
3.415709615543847706e-09
3.412693524566926298e-09
3.456047072650476365e-09
3.453326755995279249e-09
3.495961709018210604e-09
3.493502999805763628e-09
3.535443613637363890e-09
3.533214601115061656e-09
3.574483604200686355e-09
3.572454507504097929e-09
3.613073130594035103e-09
3.611216244642789484e-09
3.651204313897784167e-09
3.649493902357730251e-09
3.688870265946489983e-09
3.687282120413811208e-09
3.726063677999819902e-09
3.724576074596152190e-09
3.762778867306664190e-09
3.761371462558349382e-09
3.799010402586683750e-09
3.797664489813499143e-09
3.834753422435726529e-09
3.833451855643824784e-09
3.870003618532806660e-09
3.868730738710733267e-09
3.904757219140189687e-09
3.903498783029854179e-09
3.939010973121767645e-09
3.937754084041747525e-09
3.972762132936788150e-09
3.971495174339264565e-09
4.006008439761596604e-09
4.004721009334110045e-09
4.038748105910335914e-09
4.037430953438906697e-09
4.070979800138052180e-09
4.069624766259934505e-09
4.102702632539065052e-09
4.101302588052990185e-09
4.133916134414337079e-09
4.132464926349665043e-09
4.164620247867241467e-09
4.163112641802981886e-09
4.194815307825374626e-09
4.193246935038958000e-09
4.224502026949142200e-09
4.222869332336673593e-09
4.253681476326615922e-09
4.251981677258840983e-09
4.282355087111213916e-09
4.280586104073833910e-09
4.310524610443469912e-09
4.308685036836752737e-09
4.338192119473811617e-09
4.336281173079101954e-09
4.365359990387090402e-09
4.363377470735105465e-09
4.392030888639921321e-09
4.389977135568619183e-09
4.418207754367259166e-09
4.416083608786286643e-09
4.443893788564555613e-09
4.441700554225495662e-09
4.469092440165005196e-09
4.466831847427991633e-09
4.493807391633246168e-09
4.491481563184172009e-09
4.518042546116664780e-09
4.515653963969241963e-09
4.541802015731811395e-09
4.539353489042198967e-09
4.565090107371259175e-09
4.562584743224404826e-09
4.587911320060771944e-09
4.585352486057532522e-09
4.610270312727161932e-09
4.607661842492253534e-09
4.632171901616734357e-09
4.629517422165881071e-09
4.653621057055199456e-09
4.650924595431358766e-09
4.674622886780922819e-09
4.671888639114880167e-09
4.695182625701431708e-09
4.692414934166574270e-09
4.715305624941946579e-09
4.712508919292213025e-09
4.734997342359288706e-09
4.732176216806767891e-09
4.754263332356615879e-09
4.751422447892636283e-09
4.773109236958895498e-09
4.770253325972621266e-09
4.791540777592114811e-09
4.788674625746949050e-09
4.809563744926328523e-09
4.806692325447046030e-09
4.827183988934265526e-09
4.824312024851146869e-09
4.844407414496557186e-09
4.841539570007221866e-09
4.861239971292149306e-09
4.858381505449636679e-09
4.877687647775858170e-09
4.874843190377586892e-09
4.893756462994075159e-09
4.890930834034249555e-09
4.909452460270237876e-09
4.906650290028196992e-09
4.924781699954662386e-09
4.922007886623584763e-09
4.939750254388026581e-09
4.937009471011510379e-09
4.954364201717397699e-09
4.951661054254230179e-09
4.968629618451240372e-09
4.965968638071165882e-09
4.982552577134541968e-09
4.979938211045349249e-09
4.996139138186139711e-09
4.993575743244091193e-09
5.009395347574245556e-09
5.006887181995754086e-09
5.022327230615084712e-09
5.019878447913392817e-09
5.034940788060189075e-09
5.032555430595036873e-09
5.047241992802120656e-09
5.044923985876824535e-09
5.059236784683775929e-09
5.056989929608003891e-09
5.070931067465657976e-09
5.068759037558548343e-09
5.082330705596177918e-09
5.080237038300680136e-09
5.093441532508838935e-09
5.091429614496118077e-09
5.104269313411322853e-09
5.102342397192108032e-09
5.114819776023031188e-09
5.112980972328490508e-09
5.125098596992191362e-09
5.123350866242558168e-09
5.135111398402193211e-09
5.133457530919032539e-09
5.144863748865682585e-09
5.143306370205832994e-09
5.154361156833527150e-09
5.152902727274677099e-09
5.163609071859857613e-09
5.162251880245072661e-09
5.172612882056858621e-09
5.171359042629851269e-09
5.181377911553325813e-09
5.180229361903661934e-09
5.189909420823553654e-09
5.188867916275411597e-09
5.198212603035324765e-09
5.197279715992772802e-09
5.206292584429260738e-09
5.205469700569881248e-09
5.214154423201770141e-09
5.213442738753949131e-09
5.221803106927225339e-09
5.221203631465400046e-09
5.229243553641518637e-09
5.228757101036811704e-09
5.236480609957535570e-09
5.236107800935881396e-09
5.243519050309230937e-09
5.243260304963109772e-09
5.250363577057320973e-09
5.250219116577527705e-09
5.257018818937798583e-09
5.256988666015697357e-09
5.263489334060659924e-09
5.263573309287624108e-09
5.269779615032827506e-09
5.269977327782973907e-09
5.275894051043401194e-09
5.276204929621688821e-09
5.281836974794732132e-09
5.282260247933715231e-09
5.287612644407719449e-09
5.288147342496777599e-09
5.293225244836763914e-09
5.293870200957383910e-09
5.298678894114195740e-09
5.299432735298139109e-09
5.303977659425670343e-09
5.304838790214726411e-09
5.309125463426562485e-09
5.310092136701374770e-09
5.314126192875085749e-09
5.315196472634012938e-09
5.318983711355854028e-09
5.320155418061719191e-09
5.323701701595723481e-09
5.324972529174359150e-09
5.328283828239242286e-09
5.329651291506241563e-09
5.332733682976412879e-09
5.334195123136263379e-09
5.337054773505591272e-09
5.338607372765988677e-09
5.341250541188477660e-09
5.342891323654137389e-09
5.345324354345873809e-09
5.347050190476371945e-09
5.349279509733281451e-09
5.351087124794479004e-09
5.353119231391937659e-09
5.355005212030744598e-09
5.356846673408337348e-09
5.358807475199407238e-09
5.360464918522309160e-09
5.362496873677452638e-09
5.363976979667592206e-09
5.366076306790069431e-09
5.367385800275235991e-09
5.369548783790280405e-09
5.370694255496327209e-09
5.372916725247655272e-09
5.373905152204390228e-09
5.376183036827631073e-09
5.377021229864250156e-09
5.379350380231699986e-09
5.380045162384883503e-09
5.382421361506292555e-09
5.382979557018704650e-09
5.385398530547042561e-09
5.385826956772932999e-09
5.388284383314245534e-09
5.388589841042490361e-09
5.391081362191919661e-09
5.391270625188332408e-09
5.393791856051313404e-09
5.393871663404882671e-09
5.396418203748139929e-09
5.396395257018503661e-09
5.398962693159404693e-09
5.398843619797434570e-09
5.401427562643781235e-09
5.401218933377990221e-09
5.403815001769227368e-09
5.403523311869831880e-09
5.406127152625125239e-09
5.405758811463344984e-09
5.408366110669885032e-09
5.407927432600146184e-09
5.410533926203309914e-09
5.410031119081556350e-09
5.412632605510365966e-09
5.412071761379082433e-09
5.414664113695547985e-09
5.414051194776165321e-09
5.416630362734725372e-09
5.415971203275314520e-09
5.418533228100911619e-09
5.417833518816501888e-09
5.420374544548797222e-09
5.419639823039300353e-09
5.422156105565457915e-09
5.421391747938455986e-09
5.423879664256758932e-09
5.423090877038936109e-09
5.425546936352837183e-09
5.424738746712986946e-09
5.427159597714006119e-09
5.426336847025273155e-09
5.428719286836006226e-09
5.427886622873018915e-09
5.430227604620344939e-09
5.429389474931915428e-09
5.431686117711086990e-09
5.430846765488147900e-09
5.433096354925028259e-09
5.432259807958822027e-09
5.434459810104388590e-09
5.433629875675947123e-09
5.435777943387968364e-09
5.434958203864435064e-09
5.437052179888137624e-09
5.436245989318279763e-09
5.438283911639198805e-09
5.437494391011771674e-09
5.439474497812250198e-09
5.438704531739126933e-09
5.440625264312104979e-09
5.439877498622081776e-09
5.441737505491306219e-09
5.441014345214604804e-09
5.442812484224847757e-09
5.442116090962319565e-09
5.443851430731107653e-09
5.443183723710014072e-09
5.444855546173557179e-09
5.444218200930488738e-09
5.445826000312465375e-09
5.445220448928244496e-09
5.446763932547259940e-09
5.446191365447192005e-09
5.447670453135252135e-09
5.447131821369360517e-09
5.448546642495281403e-09
5.448042659301007977e-09
5.449393552252477568e-09
5.448924696779877369e-09
5.450212205188381017e-09
5.449778726600533460e-09
5.451003595723515736e-09
5.450605517706251279e-09
5.451768690451693388e-09
5.451405815646636415e-09
5.452508427386503063e-09
5.452180344589118991e-09
5.453223718194153819e-09
5.452929807278730353e-09
5.453915446691952445e-09
5.453654887028537851e-09
5.454584483048125090e-09
5.454356246991151838e-09
5.455231652650752487e-09
5.455034532365966970e-09
5.455857750387142367e-09
5.455690371785744390e-09
5.456463557374139684e-09
5.456324375664492986e-09
5.457049864280124160e-09
5.456937138822672651e-09
5.457617363870212903e-09
5.457529242083234311e-09
5.458166754905309432e-09
5.458101250331950875e-09
5.458698718959429810e-09
5.458653715938102710e-09
5.459213942515653096e-09
5.459187177975845092e-09
5.459713010333381008e-09
5.459702162677120196e-09
5.460196533128385366e-09
5.460199183625645009e-09
5.460665088723500845e-09
5.460678744409931020e-09
5.461119238918570726e-09
5.461140930294957541e-09
5.461559525845634352e-09
5.461587056864271715e-09
5.461986469062969665e-09
5.462017174585466349e-09
5.462400565386986948e-09
5.462431744901008756e-09
5.462802312575997124e-09
5.462831223655894600e-09
5.463192149700613448e-09
5.463216056786564523e-09
5.463570500338232227e-09
5.463586683698154374e-09
5.463937777682047696e-09
5.463943536170392514e-09
5.464294375473586653e-09
5.464287037228646341e-09
5.464640668207324817e-09
5.464617604368271493e-09
5.464977012339875164e-09
5.464935648162692696e-09
5.465303746310047886e-09
5.465241571884354042e-09
5.465621191495896704e-09
5.465535773027398845e-09
5.465929675671369009e-09
5.465818652330174439e-09
5.466229475396300465e-09
5.466090590917554265e-09
5.466520851304136801e-09
5.466351952934117631e-09
5.466804059611886519e-09
5.466603114337356409e-09
5.467079343847233636e-09
5.466844444669679861e-09
5.467346931777159825e-09
5.467076376371956995e-09
5.467607038564052869e-09
5.467299261640267249e-09
5.467859866187520645e-09
5.467513400020140319e-09
5.468105604781335855e-09
5.467719129392994049e-09
5.468344432622740581e-09
5.467916786201677457e-09
5.468576516449086881e-09
5.468106702243702424e-09
5.468802013450289899e-09
5.468289202850040975e-09
5.469021070611040604e-09
5.468464606166444289e-09
5.469233825074472438e-09
5.468633225784590902e-09
5.469440406277287355e-09
5.468795367177378331e-09
5.469640935108203778e-09
5.468951329482822434e-09
5.469835525298979081e-09
5.469101404618732622e-09
5.470024283993260044e-09
5.469245878617378524e-09
5.470207311425682269e-09
5.469385028983457746e-09
5.470384702614479412e-09
5.469519123702868799e-09
5.470556547453991752e-09
5.469648427935860389e-09
5.470722931698366746e-09
5.469773195905599080e-09
5.470883936614737088e-09
5.469893672942145813e-09
5.471039640610404087e-09
5.470010099931158147e-09
5.471190118215709092e-09
5.470122705011241882e-09
5.471335442583065233e-09
5.470231709636830082e-09
5.471475684372795595e-09
5.470337328368241329e-09
5.471610913334621485e-09
5.470439765710641276e-09
5.471741202720990295e-09
5.470539217255139123e-09
5.471866605814660117e-09
5.470635871092499671e-09
5.471987204124375658e-09
5.470729906258500376e-09
5.472103060759839568e-09
5.470821492541556432e-09
5.472214243943547934e-09
5.470910792414053500e-09
5.472320824161586517e-09
5.470997957714723967e-09
5.472422869753600860e-09
5.471083132876742447e-09
5.472520454010073773e-09
5.471166453136320582e-09
5.472613650698828352e-09
5.471248046873001997e-09
5.472702534545443733e-09
5.471328031217426723e-09
5.472787184085550025e-09
5.471406515262230436e-09
5.472867678320793524e-09
5.471483602408482062e-09
5.472944101683176049e-09
5.471559383679582057e-09
5.473016537675941027e-09
5.471633946544793038e-09
5.473085074740095560e-09
5.471707366588070212e-09
5.473149804708068240e-09
5.471779711761407547e-09
5.473210820611501846e-09
5.471851044925737257e-09
5.473268220791591573e-09
5.471921417324239855e-09
5.473322103243498973e-09
5.471990875838103648e-09
5.473372571934459225e-09
5.472059458600706427e-09
5.473419731364880005e-09
5.472127197227567837e-09
5.473463692963740505e-09
5.472194116062436290e-09
5.473504564467455887e-09
5.472260231636439398e-09
5.473542461907531742e-09
5.472325556222418689e-09
5.473577503045646820e-09
5.472390094432266727e-09
5.473609806196055543e-09
5.472453846083709301e-09
5.473639491295625540e-09
5.472516803445437469e-09
5.473666683169518579e-09
5.472578955412962615e-09
5.473691506262591044e-09
5.472640285019314008e-09
5.473714087343938700e-09
5.472700770474558325e-09
5.473734554434111270e-09
5.472760385378974027e-09
5.473753037927924912e-09
5.472819101423662879e-09
5.473769665493748933e-09
5.472876883671176848e-09
5.473784568687009991e-09
5.472933695878492342e-09
5.473797877038206534e-09
5.472989502328705728e-09
5.473809722113554966e-09
5.473044263588704380e-09
5.473820234080730959e-09
5.473097928915025792e-09
5.473829541469502412e-09
5.473150450628463297e-09
5.473837773218053511e-09
5.473201781628814320e-09
5.473845055142949289e-09
5.473251872627467408e-09
5.473851512924481731e-09
5.473300675210453689e-09
5.473857269749406869e-09
5.473348137477269440e-09
5.473862447341788009e-09
5.473394209882143508e-09
5.473867161468453627e-09
5.473438844554544831e-09
5.473871529318868703e-09
5.473481843854535438e-09
5.473875662533488599e-09
5.473523438319177635e-09
5.473879668422980266e-09
5.473563451247427790e-09
5.473883652474755697e-09
5.473601837550105810e-09
5.473887715107562701e-09
5.473638554842556516e-09
5.473891952309569548e-09
5.473673562983655274e-09
5.473896495709616832e-09
5.473706825912000884e-09
5.473901386953952969e-09
5.473738307564144878e-09
5.473906707737568998e-09
5.473767978546204335e-09
5.473912534742058194e-09
5.473795810257560062e-09
5.473918940822555730e-09
5.473821778727391410e-09
5.473926034107362678e-09
5.473845865950606050e-09
5.473933831794551628e-09
5.473868054458584605e-09
5.473942388320910125e-09
5.473888352515404024e-09
5.473951750851922663e-09
5.473906734910835932e-09
5.473961991458106379e-09
5.473923198513271311e-09
5.473973101815183774e-09
5.473937745961101159e-09
5.473985108554780606e-09
5.473950384608478109e-09
5.473998038420246613e-09
5.473961126832872109e-09
5.474011915750624376e-09
5.473969989611927829e-09
5.474026753857245937e-09
5.473976994950395742e-09
5.474042573163244461e-09
5.473982176907138131e-09
5.474059360626847041e-09
5.473985571969174533e-09
5.474077108286824921e-09
5.473987204788854594e-09
5.474095828130152623e-09
5.473987140477495916e-09
5.474115471047301642e-09
5.473985419907224150e-09
5.474136017304209215e-09
5.473982074266238262e-09
5.474157427021386279e-09
5.473977154531735532e-09
5.474179666881030083e-09
5.473970719063693762e-09
5.474202697055644830e-09
5.473962840887160949e-09
5.474226482641230359e-09
5.473953625035805775e-09
5.474250965980598886e-09
5.473943119598230583e-09
5.474276086558797539e-09
5.473931441673742627e-09
5.474301784794439411e-09
5.473918635760364968e-09
5.474327997320031016e-09
5.473904777844296685e-09
5.474354657331474294e-09
5.473889985342643688e-09
5.474381693480613220e-09
5.473874316934054286e-09
5.474409034440270725e-09
5.473857864289930645e-09
5.474436603501917224e-09
5.473840719708982240e-09
5.474464323081086013e-09
5.473822978446511862e-09
5.474492113238795366e-09
5.473804736930041455e-09
5.474519892240242043e-09
5.473786091482193228e-09
5.474547578207736450e-09
5.473767139203739697e-09
5.474575087761603536e-09
5.473747978341330137e-09
5.474602338278233665e-09
5.473728707209763581e-09
5.474629244037991008e-09
5.473709421317394741e-09
5.474655823896963035e-09
5.473690218114484077e-09
5.474681692551225849e-09
5.473671190889306330e-09
5.474707071491114635e-09
5.473652435173859515e-09
5.474731778050767336e-09
5.473634039171591907e-09
5.474755735648700212e-09
5.473616092885649469e-09
5.474778867619823068e-09
5.473598680821407422e-09
5.474801099904002065e-09
5.473581887084002201e-09
5.474822362153863843e-09
5.473565790482213016e-09
5.474842586479874841e-09
5.473550467765429694e-09
5.474861708479715468e-09
5.473535990000379909e-09
5.474879666776205421e-09
5.473522425624169277e-09
5.474896405412838603e-09
5.473509838094607826e-09
5.474911871151627241e-09
5.473498287195534919e-09
5.474926016458527420e-09
5.473487827263450723e-09
5.474938797909605143e-09
5.473478508205058380e-09
5.474950175772415935e-09
5.473470376154399445e-09
5.474960116772526125e-09
5.473463469586703951e-09
5.474968592951424567e-09
5.473457824634744718e-09
5.474975579713543431e-09
5.473453469960305158e-09
5.474981061150416963e-09
5.473450430965636179e-09
5.474985022707064439e-09
5.473448727484249988e-09
5.474987456303145576e-09
5.473448372276209897e-09
5.474988364044857429e-09
5.473449373899075712e-09
5.474987748148456741e-09
5.473451732990288529e-09
5.474985618304704358e-09
5.473455453063368309e-09
5.474981989543798748e-09
5.473460521219577392e-09
5.474976885269601042e-09
5.473466926773013638e-09
5.474970327737462695e-09
5.473474649793642792e-09
5.474962352685698086e-09
5.473483668787168363e-09
5.474952996249741903e-09
5.473493951559579463e-09
5.474942297178892276e-09
5.473505466152521516e-09
5.474930309499472360e-09
5.473518175464554324e-09
5.474917080491440173e-09
5.473532038504439883e-09
5.474902668064638374e-09
5.473546997685652312e-09
5.474887133510032711e-09
5.473563008566119875e-09
5.474870543217496488e-09
5.473580014677230608e-09
5.474852966047134808e-09
5.473597954164827054e-09
5.474834475913464633e-09
5.473616758829009217e-09
5.474815149398916000e-09
