# -0.5J_-0.5g_0.31416theta_1.0472phi_30Chi_0.01delta_500N
-3.557362294529782532e-02
-1.617769888529329847e-01
-5.943467853377486926e-02
-2.149081227557122498e-01
1.702134532287531976e-01
-6.914347178839003183e-01
-4.961760148732641817e-01
-3.698173341102428680e-01
-7.482236055840214145e-04
5.005634736781997517e-03
-4.890480264679102421e-03
1.590473788384082904e-02
1.470558675822414285e-01
-1.284613634234406387e-01
-9.056587595110508759e-02
-1.062305109692159803e-03
1.018905844787941712e-03
4.865434115775871607e-03
-1.077874812692045971e-03
1.703517097242670609e-03
-9.755508762283502354e-04
1.503825371488942339e-02
3.005884076777441509e-03
-4.003421073727103695e-04
1.734511457076007984e-02
-7.203846979315505286e-03
-3.307679281443076658e-02
-1.717342211020427348e-02
-1.488774533577638670e-03
-3.661516270997157950e-03
-9.321810564952964784e-02
-9.436250957464135780e+00
1.706388799987937910e+00
3.189845082388498843e-01
1.769229057960432616e+00
3.461145875742439593e-01
1.878961990790498415e+00
8.905326507286427384e-01
-3.333199051700464488e-01
-5.777071028865318203e-01
-3.056799105624819490e-01
4.366296498497286294e-01
-4.241483149781197226e-01
3.178690448853522255e-01
5.886928083663391931e-01
6.880346026922939950e-02
-7.689280425287916589e-03
1.354085735776422716e-01
-2.296367994137614443e-02
6.774183255874439979e-02
7.833989865619768109e-03
-5.287845653821858505e-02
-3.854176175633905466e-02
5.988221071052798883e-02
-2.378129671847068957e-02
2.070682684923148137e-02
1.922687547710561218e-01
1.045338511282133676e-01
1.548606072985768758e-02
-1.219540802631344928e-02
-4.119189311544153159e-02
2.176903839399174867e+00
-2.931815741820472887e+00
7.829587170560478038e-01
1.093308628649380720e+00
-8.518794871329740559e+00
8.384293420685070330e+00
2.332138017645968286e+00
-6.223766893895410490e-01
-4.796821328679388152e+00
5.808343425483217942e-02
3.938794440078798420e+00
-1.507980787963623115e+00
9.022969795025369555e-01
3.928485343809623220e+00
1.140970321326624515e-01
-4.320169086521458146e-02
1.154569619011266868e+00
1.646330967484846142e-01
5.620953975794584778e-01
2.052512475619835877e-03
-2.626931003686450716e-01
-3.149818653392004175e-01
1.003483249704100778e-02
5.795507232946109366e-02
1.365238327318312739e-01
1.250113221859219248e+00
6.749977347567347463e-01
6.732171216861286556e-02
-1.366550285017218147e-01
-1.081538108565157363e-01
5.686400003099674472e-02
9.839303136378618753e-01
-1.991879478066854725e+00
-2.694324982842918881e-01
1.566871475373540212e+00
-9.502120232214673834e+00
6.364294549831366055e-02
3.743219747838336664e-01
2.542889002460214876e+00
-3.830146201258641941e-02
-7.510242453496210890e-01
-6.543943426357765603e+00
4.270060701196607411e+00
2.260196585215749820e+01
-2.962470677799357577e-01
1.948387840230897172e+00
-1.699174927375769917e+00
-6.717512525995534590e-03
-9.789411040142735887e-01
1.757804253172928766e-01
-1.670976828354946875e+00
-6.979082898531042689e-01
9.226829650851586795e-02
1.041409922664427584e-01
3.850545362560144347e-01
7.321874097972731477e+00
3.890849713684255029e+00
2.618545390638427617e-01
1.057768746456086761e+00
1.461783907807313043e-01
1.897849411620150528e+00
1.329985599414057695e+00
5.020720099130947522e-01
-4.302355079207871746e+00
1.403761607505487596e+01
-5.671301284304661294e+00
-2.894334385921098374e+00
-7.000210370314182917e+00
-7.537570057861264772e+00
-5.552105699837013297e+00
3.289343988486088932e+01
2.809752668855545110e+01
-2.451961600750684056e+01
1.398506954129114987e+01
-2.240777768140892690e+01
3.376678479011902656e+00
2.248369335943636216e+01
-2.248677798640000347e+01
1.242479669114593221e+01
2.886679877130433614e+00
7.400604047086741133e+00
5.375059132486473601e+00
1.825623493672009658e+02
3.292886166061987474e+00
-2.509597197544592362e+01
-7.827798256597258142e-01
1.231335139052529826e+01
-1.148437050784997737e+01
-5.685520186226757922e+00
6.406935748917854667e-01
1.403408071030023685e-01
9.385834137985625603e+00
2.395992836028942641e+00
-1.385965107657548501e+01
7.882535210220592603e+01
-3.499309359734294844e+01
-1.730753611577714324e+01
5.727918356371591857e-02
-5.187326405801660201e+01
-1.161186306106232280e+01
2.002629143581390849e+02
1.396301823982430506e+02
-1.179857899858770054e+02
4.232353352310146732e+01
3.654371472039391833e+00
3.793602046485550261e+01
6.192948885215270138e+01
1.113043980735589855e+01
3.266039619352093837e+01
-1.964367793537182827e+00
6.405610551048467549e+00
-1.747362671177164728e+01
-5.350837880625840626e+01
2.924174585350519706e+01
4.448528566776099424e+00
2.901159096606120613e+01
2.660970450034816182e+01
6.743117558849698767e+00
-8.795309847021172800e+00
-4.455246868287060513e-01
1.265415667698064128e+00
7.927051325992048092e+00
-1.289069788237249625e+01
-6.495719099498424853e+00
3.907142192982444584e+01
-1.299092462881744154e+02
-1.522301656577596951e+01
8.386848933857153909e-01
-6.237083886975170088e+01
-9.359052488255818147e+00
2.562488703070165457e+02
-2.538657331828810015e+02
1.805626796048713345e+02
-7.582910455902973013e+01
2.254924374090017380e+01
-9.714400730580796051e+01
7.893062427669434555e+01
1.045352791093894318e+01
7.483227558285886971e+01
-3.001969143138910390e+00
1.469708958416634914e+01
-2.157215919818794347e+01
2.593302539016927089e+00
-2.776301030929115043e+01
1.040904354241142471e+01
-1.034075250988478700e+02
-9.585615510214681478e+01
-6.554460071111049224e+00
-4.346133040853582230e+01
3.878625169862765509e-01
-5.529364483548760978e-01
-1.905817998969667748e+00
3.485334440815723411e+00
-4.251007983715514998e-02
-2.806457507354966019e+00
3.687119527446048295e+01
3.268293791647559488e+01
-9.520411986862090670e-01
1.347827374708159631e+01
8.373745220592666572e-01
-6.040636439225806242e+01
4.653021328414029512e+01
-1.524323907670636800e+02
2.909579013917348220e+02
-2.132252688976191024e+01
8.831521113911679777e+01
-5.324250063330638483e+01
-6.540184416895042929e+00
-5.760955541879106079e+01
-1.481070269020525565e+01
1.948742833369805112e+02
3.005075541638464998e+01
-3.632150545394620167e+01
1.254039801148499862e+02
-6.059770054133835515e+01
-4.141606743758201219e+02
-4.173092735490916994e+02
-4.343738875974827351e+01
-6.137091951736444173e+01
-7.756970635330483720e-03
-1.252444016602558274e-01
-4.514702734228133729e-01
2.308590024204131286e-01
-1.156460256594723290e+01
1.680879539549628765e+00
-3.917052945258899133e+00
-2.103693187407459586e+00
-8.484909241244899647e+01
-1.610939798378809940e+01
-2.963522207653850415e+01
7.814577748429158532e+01
6.405186675197428237e+00
8.318203946455911435e+00
2.161070892488952400e-01
-4.893692297403358111e+02
-6.853380446795101477e+01
-3.795251387930827036e+01
-4.452817911958047148e+02
-1.407017939273777927e+02
6.282887037927367828e+02
-3.127704886023078945e+00
9.938173136313328371e+01
2.334389671487077976e+03
-1.813450262062153229e+02
-1.875639702231086119e+02
-5.690998203114049403e+01
-2.678647567147993414e+02
3.935512060840242157e+02
2.382125341309911448e+02
4.173837685054309623e-04
-3.495366936780866518e-01
-3.581703099760820130e+00
2.096286844408223882e+00
-9.778848403408167300e+00
7.036392400189697582e+01
-8.322737934492239731e+01
-2.287545654503633941e+01
-7.976537885235739367e+00
-3.659152611898630312e+02
-4.401227887284574081e+01
1.137778148090707191e+03
-1.187348444494467827e+02
7.344169840941080452e+01
-3.207353271970035848e+02
-2.736361678591945079e+01
2.438647784195246686e+02
-1.623076900428827230e+03
-6.964450085375369781e+01
-2.147671557001545807e+03
7.027658893703987530e+01
8.959192766387619536e-03
-4.396938861586769463e+02
-3.217144288131813141e+02
-2.243171475243068755e+02
-2.930393665036557422e+02
-8.933013062897899204e+01
-1.410153560294167789e+02
-2.311419432906176041e+02
2.450718704796029670e+03
5.974357996945746895e-03
3.653183580401522246e-01
4.286222777051539555e-03
-3.040583991486507931e-01
2.936702161011161216e+00
-1.165861006485348561e+01
8.473959493673108412e+00
4.104294690462053197e+00
4.248009443200890245e-01
4.182993858389011876e+01
3.775578491047919272e+01
-1.379642566798954704e+02
-2.457013803546385233e+01
2.451511151301946612e+01
1.306545191699547193e+00
7.922683811640845875e+01
-3.761559213528751400e+01
1.681849926613378159e+02
-9.656552935451446729e+01
3.056341421678962433e+02
3.627964191237645082e+02
9.734861805426977810e+01
3.050067252181848332e+01
-3.468439674035314511e+02
1.820673958009392095e+02
5.000503858240304567e+01
3.776500835087522034e+01
1.761663498842212903e+02
-4.096017126161113993e+02
-4.055568065713322312e+02
1.687951201443212146e-02
3.620499099670107523e-01
3.927402123719371918e+00
-2.044929515123659058e+00
3.309569804434923412e+01
-2.017232793705392453e+02
2.360645908814674669e+02
6.809120251310906724e+01
5.170279494386385721e+01
9.556456181790432538e+02
1.321913737518712537e+02
-3.143499215025307876e+03
2.243670746960227120e+02
-1.666810269010375407e+02
8.494396123144612147e+02
3.260313318425720013e+02
-7.647963788262893559e+02
5.288229759811175427e+03
4.473372426461849045e+02
7.854903470296825617e+03
-5.111334331172069483e+02
5.069351998765666849e+02
7.072268346294792991e+02
-3.269173838216144077e+02
8.536218861393020916e+02
-5.067290973671782126e+02
-6.165081201071590300e+01
3.531392992914857132e+02
1.751697436932031451e+02
-2.591809220792771384e+02
-2.905586127245252115e-01
5.921023246561775144e-01
2.763303270410123247e+00
1.184010104446757339e+01
-1.508620112638702437e+01
8.466462158119595927e+01
1.866438558733369462e+02
-1.327946881838218189e+02
-3.921631990401025725e+00
8.008062381250530848e+01
-1.700882312560333531e+01
-2.443998878556819818e+02
2.528939568343193969e+03
-9.179144212756726802e+02
7.446860817852438004e+02
-9.178868450762003306e+01
9.198360625596393447e+02
9.349952353998180570e+02
1.211340384879508889e+02
9.546745186547310595e+02
7.212129373470278324e+02
-9.722189632744139089e+03
-5.185943575644254224e+02
-5.403418487066181797e+01
-1.120727225399870986e+04
3.475958053470201776e+03
4.204197195269602162e+03
-6.479244142472422936e+03
-5.392258101304996671e+02
-1.027622832978702263e+03
2.601865220778159515e-01
-5.025099724317287908e-01
-2.234305308441426607e+00
-1.034902611727044075e+01
1.334327610403277120e+01
-7.582463885065590148e+01
-1.292468702553306343e+02
2.930756700429874329e+01
-9.567169930578836023e-01
-2.669236040694562817e+01
2.001437544948235470e+01
8.970100893008815035e+01
-1.636933546332152901e+03
1.761362324211395389e+03
-1.405556413923276295e+03
1.159756297553380762e+02
-1.050726725737589504e+03
-6.103528359457542365e+02
-1.195556798666449509e+02
-6.330362743701364252e+02
-1.884311325372057127e+02
4.655496532780727648e+03
-1.256142476456521884e+01
6.086641951054150468e+02
1.176521406336247492e+04
-3.669166874881538661e+03
1.035053972728533608e+03
1.358898791581870682e+04
1.366570491759413017e+03
1.505437396325816508e+03
-9.562109168434818063e-02
3.396345793310907024e-01
2.379331773285497498e+00
1.345972945384268549e+01
3.128537125061542312e+01
-1.271664150458917817e+02
-2.099291157755583015e+02
-3.485489839968747106e+02
1.968177993972861373e+01
-3.208343409687826693e+02
2.864095401281867126e+01
1.096194981634336045e+03
-2.549817649044233804e+03
3.695047571696034993e+03
-1.046969687735166190e+04
4.932950348271201051e+02
-3.147610053408678596e+03
-4.548481060009911744e+03
-3.383582897986422040e+02
-6.286089353725911678e+03
2.435686876846899196e+01
4.122609531937805514e+03
-1.798104020883473368e+03
1.146453869340190977e+03
1.263259996222354675e+04
-2.371143029549181847e+03
2.340200323692303209e+04
3.517034764623844239e+04
3.136453818936743573e+03
-5.881550409559892614e+03
-4.987148458002758824e-04
-4.462480931379435994e-02
-1.071436986246905171e-01
2.622139638181641974e-01
2.462726659439380228e+01
1.731912566163031464e+00
-2.569208574558381386e+01
-1.163215454273017180e+01
3.146208104089460562e+02
5.915458272881947011e+01
2.537948500969733914e+02
-3.653345535671682001e+02
-2.787238635659796273e+02
2.025836218604950716e+02
-4.638593624003391938e+02
4.399503257451497120e+03
3.239615170193254556e+01
2.185312787577622203e+03
2.041528486596038647e+03
4.202618908247719446e+03
-4.092063418421337701e+03
1.329181564178968301e+03
-3.132354423039170683e+02
-1.202633325908541883e+04
3.092251043961033702e+03
-4.001284448750068918e+02
1.478686104182653480e+03
8.699737301180910436e+03
-2.052943531254723712e+04
1.143861584102423876e+04
4.490606288012797057e-03
5.857970605953201348e-03
5.599885848746954942e-02
-1.577786058883047460e+00
-7.783738178257284979e+00
5.700575450603548688e+01
1.308025528291502155e+02
8.267068806994633690e+01
3.275089209014912228e+01
-2.033229910391271460e+02
-1.736712898517567183e+01
7.400099737626655951e+02
1.688098236418637725e+03
-1.648972805907558040e+03
3.593321535061675149e+03
5.224655613010562405e+01
3.171621926081415950e+03
-5.694616750811106613e+03
-7.113805662590645795e+01
-8.574908667695965050e+03
3.892468962633442970e+02
-7.050455339731986896e+03
-1.466377311103635975e+03
-2.238751887760963200e+03
-1.353183013295211276e+04
2.765859296105920748e+03
-7.574108852777487300e+03
-1.962434701168785978e+04
-3.767075592195546051e+03
-2.988918363519314153e+04
-1.481241226691521135e-03
-1.082756687632953768e-01
-1.142801769534282919e+00
1.213162841918901558e+00
-1.639157761916830580e+01
5.836933530048568741e+01
-6.902455252313858125e+01
-4.589700881269238408e+01
4.881265691306568755e+01
1.498102817650923498e+03
1.646391977610004176e+02
-5.647171591104967774e+03
9.996195140443127229e+02
-6.225286849830893061e+02
4.411599246495028638e+03
2.006139276490318707e+03
-5.382905463819975921e+03
3.882970738544347842e+04
3.126363054414861836e+03
5.880755134091747459e+04
-3.174217009613089431e+03
-4.187110844071818974e+03
7.331535180306012990e+03
-1.462627978618336101e+03
-6.593985370815512397e+03
1.811062759725104343e+03
-1.139902873987211569e+04
-2.456925658151865719e+04
-1.080072256962368192e+04
1.712689250431613473e+05
8.427547848733920027e-04
4.034918693233642550e-02
-1.392268771873861333e-01
-1.869753422162237153e-02
2.227693546001713898e+01
1.070294659675236204e+01
-7.546925895780785432e+00
-3.126297418500359360e+00
2.489096920241577209e+02
8.236767153512526818e+01
6.371526421444519883e+01
-4.334695751414941469e+02
4.716132180957246334e+01
-9.089928005283388757e+01
2.650123351423658846e+02
2.317927512125652811e+03
-8.317513596032471312e+00
2.794248229058194738e+03
2.734893822505134722e+03
4.716226919984689630e+03
-4.245330432627683876e+03
-5.281489752028051754e+01
-8.953720543155718303e+01
-7.770555280994743953e+03
-2.267218965355375531e+02
-2.606148031587434275e+02
-3.109336299353720392e+02
1.155218070482092799e+03
-6.244573855690022356e+03
1.615360361037584153e+04
-1.282908017716620410e-03
-5.232619441753496442e-02
-5.397694083349448002e-01
8.880984728981941023e-01
-7.867138008913915570e+00
2.470656848479834267e+01
-8.611993706450515162e+01
-5.343805365537529184e+01
9.893110309143020231e+01
2.016721345468089567e+03
3.015352388658814675e+02
-7.936340430605203437e+03
6.797616756615593658e+02
-4.055992141612929345e+02
4.935153298985082074e+03
3.303685563062711481e+03
-7.631223912395486877e+03
5.282506821372050035e+04
4.340716335209903264e+03
8.393047060352510016e+04
-4.377621914915322122e+03
-1.361516540912837399e+03
7.927581790270126476e+03
-3.969763165017181564e+03
-4.527825117591275557e+03
-3.643183920517209117e+03
-1.494617965700912282e+04
-2.898115031446906505e+04
-1.867040025215818605e+04
2.623467910164332716e+05
5.895001881646238194e-03
-3.153628867337248537e-02
-5.846269077751491128e-02
-4.100268152957500800e-01
-4.885059618120922664e+01
-1.521257205614007191e+01
3.425201191540521606e+00
-3.815972027371354613e+01
-7.639454202024859342e+02
-1.310901492869081508e+01
4.495280507563988692e+01
3.737905717011103661e+02
6.031294272303811113e+02
4.612319628746075750e+02
-2.256499188095402815e+02
-6.900010291253862306e+03
-6.496912353882740945e+02
-1.861266147043963656e+03
-7.406721391125312039e+03
-3.876819976772271275e+03
1.942345157427063168e+04
-7.642309619838270009e+03
1.170940443930427591e+03
3.016892108830218785e+04
-7.282422288172242588e+03
1.611306914750536407e+03
1.896413093468843954e+03
-1.328126519393629133e+04
1.772910812401026124e+04
-2.515990977003313674e+04
-7.833133735387237673e-02
1.805555941071972648e-01
9.601038949154170332e-01
5.444813476722084822e+00
-1.004069429803312552e+01
-1.949404378413679417e+00
-4.655511711382347073e+01
3.784581365387824121e+02
-6.315731190687484542e+01
4.160808154324243446e+01
5.070428633936067087e+01
-2.914146335697638506e+02
-6.862647501283326164e+03
-2.715447063371615968e+03
3.260437521907749101e+02
-3.793515821181541128e+02
-2.805798347344849844e+03
-2.652646238003874259e+03
-1.201839437132563717e+03
-2.071147648716454569e+03
-6.260731788457543189e+03
9.356805521407561901e+04
6.688027941634841227e+03
1.588629067008521361e+03
6.920817551785823889e+04
-1.966835801076394637e+04
-2.821556005737110536e+04
5.125353749531739595e+04
7.057392773662724721e+03
-4.514986839256557687e+03
-4.675191804712697935e-03
2.105857768065353547e-02
1.955430747140514125e-01
4.020490640549381767e-01
-1.072632825653125366e+01
-1.316262754469485685e+01
9.286746911431102092e+00
2.604257661497591414e+01
-1.436583296891093084e+02
1.708982045129694711e+02
-2.292307700952498806e+01
-9.628905649717808046e+01
-8.058585702992753852e+01
-7.499299120937929501e+02
2.096814662177570426e+03
-1.023347649184359170e+03
-6.706526532198843142e+02
6.058532084733452393e+03
-7.589866363728845045e+02
6.737453531891435887e+03
1.346190228732844162e+03
3.033123671316199761e+03
8.059990078079295017e+03
6.435594103965469003e+03
-3.728036717419020533e+03
8.399731175253424226e+03
-1.521246916259329555e+04
-2.315999848492314777e+04
-4.105317769822519040e+03
6.948957218752148037e+04
-8.504873753655902314e-05
-4.761732755333823730e-02
-2.919613480493662983e-02
4.042987935060880084e-02
-1.947588506530872223e+02
-5.560098963813977946e+01
-6.827333671608214694e+00
-3.608099073863820649e+01
-1.665066493711036401e+03
2.144704657614329051e+02
-9.572861793879516199e+02
9.169580255368819621e+01
-1.299576370568570951e+02
6.478850318282221679e+02
-5.432662029108707884e+02
-1.389189374100206260e+04
-2.891632470536850633e+03
1.396525214622514341e+03
-1.017191579623248072e+04
-2.214869349226495160e+03
1.809607438717947662e+04
2.298417412546695687e+03
5.334084170321686543e+03
9.209422918328046217e+04
-8.174174276676631052e+02
-6.830487167904098897e+03
-4.454304214410182681e+02
-1.117563918672975160e+04
3.594254074654114811e+04
-7.797844082295470798e+03
-8.668824350424167435e-02
1.939166899825849055e-01
9.737662053580053989e-01
5.668780925411768479e+00
-1.359917315012734162e-01
7.923607024061995574e+00
-4.071446442246169539e+01
3.833556298383692820e+02
7.077675582412776123e+01
1.660186646041076983e+02
1.097412884248173128e+02
-5.086613473714173210e+02
-6.833683796114318284e+03
1.607169129646233841e+03
-3.486546620028734651e+03
1.083346661185628818e+03
-5.253844164445426941e+03
-4.742107341699507742e+03
-4.425238550173039584e+02
-7.509377311576750799e+03
-7.084407980196829158e+03
8.173792781898420071e+04
3.805346144762461336e+03
-3.353450672886733628e+03
1.322320125383315026e+05
-3.604109988541763596e+04
-9.564612777219012060e+03
1.377987434653475357e+05
1.439956188092010234e+04
-4.564844784492444887e+04
2.862724803959850253e-02
-6.872057639900849835e-02
-4.122511354582135690e-01
-1.951999018776755745e+00
2.251673520093186553e+01
1.078123136809588800e+01
1.127809112428910687e+01
-1.294158710834918793e+02
1.081116294854191437e+02
6.363162204479476713e+01
1.638078073995343118e+02
2.192998017973634717e+02
1.812298356182408725e+03
-6.904667674070385885e+01
-6.226431750519525394e+02
6.194431576076613055e+02
4.670640185942276048e+02
9.618642925987351191e+02
1.037517016477965228e+02
-1.940821796243521476e+03
2.932545344438658503e+03
-2.222668684997461605e+04
9.566374486362673224e+02
-6.775192035736646176e+03
-3.112037149350497930e+04
2.211983642649336252e+04
1.428794896533680549e+04
-2.173958550237651798e+04
-1.821015872939359269e+03
-7.093238297669673557e+03
4.658867437010099505e-02
-1.398464564151373768e-01
-8.933662997087011837e-01
-5.163009926005049266e+00
-6.284036718499026009e+00
4.147418620713746407e+01
1.065606110751771070e+02
-2.496176298954642050e+02
1.044946655452832545e+02
1.736630247547371368e+02
1.885173656316407289e+02
-4.594420335563242475e+02
-3.724009169596727588e+03
1.181507462402905367e+04
-2.987509250174624322e+04
3.369876590465950358e+03
-1.540666890536333631e+04
-1.286729771370469098e+04
-8.506473237614924301e+02
-1.952972714442918368e+04
-1.572785230684474982e+03
3.102904725090031570e+04
-1.117061480874056542e+04
6.210540634177361426e+03
1.442305255263598810e+05
-3.351188313580554677e+04
1.881359831824852154e+05
3.543948770796698518e+05
3.196980076860709960e+04
-1.069255787916755071e+05
7.918272602342043068e-03
-3.552396712975126880e-02
-2.861681184931113564e-01
-1.634553118559260776e+00
-1.329962476602201882e+01
3.188031236924294376e+01
7.224216992662827863e+01
-1.217684945632960449e+02
2.281960314672241736e+02
3.303853128619958284e+02
3.703852790617455639e+02
-7.855994080168952678e+02
-1.118533157198411209e+04
1.603576896897724146e+04
-3.313947583426672645e+04
7.956143750274148260e+03
-1.929188063263613003e+04
-2.838760658317930938e+04
-1.114214838265048911e+03
-4.791887196808686713e+04
-1.822377576562530521e+04
1.554423116976732272e+05
-7.773765059765872138e+03
-3.949486465327169753e+03
3.328029338547024527e+05
-8.830790218745125458e+04
1.770812302505147818e+05
6.190364823614732595e+05
2.560263567581771349e+04
-3.354331123682399630e+05
1.294409532758836233e-03
-1.409856182178676094e-02
-5.010019488185502717e-02
-1.377888523451232250e-01
1.037598452507533464e+00
3.771416791289786019e+00
3.676606880992574933e+00
-1.782810544251271878e+01
-1.545221090795404564e+02
1.795325378476006222e+02
-5.731233289265928761e+02
-2.298513806418048375e+02
-9.087130167164419845e+02
1.488376653732588920e+03
-2.638577644110649999e+03
-1.281368391756680830e+04
-2.499818831857233818e+03
-1.105994168944327248e+04
1.716033326552319977e+03
-2.430788564868252797e+04
6.358491548487764703e+03
1.482483173020242793e+04
-2.130335506766243725e+03
1.637562560473720259e+04
3.107045809795846799e+04
-4.439066803306715883e+03
1.831419052873425608e+04
3.267676403365425722e+04
1.959212535146870941e+05
-2.103657398066678725e+05
1.923623527773747404e-03
1.949442942212091870e-02
2.127914888620529021e-01
-6.487925555636325781e-01
2.783874834676173471e+00
-6.102316246320676818e+00
3.925659930404842868e+01
-1.812863524333682719e+01
-1.502478900754568087e+02
-1.820494811010850754e+03
-1.462936860133361279e+02
8.550116355825057326e+02
-2.109368456954397971e+03
3.219366627342616539e+03
6.669336575647308564e+03
9.915116093343927787e+03
-1.950892626315922098e+04
1.463054119705280464e+05
1.518804471059372918e+04
3.019005479640319245e+05
-2.969334863922431396e+04
8.314493934272702973e+03
4.135823476037283399e+04
-3.077844297002057647e+04
-3.808844575604353395e+03
-3.411844540180367767e+04
-1.521715171551474195e+05
-2.697996878046328202e+05
-2.138239246824630245e+05
2.916437615572085138e+06
-1.895702032620683319e-01
-5.866628792889749117e-02
-3.464243856239755393e-01
-8.130205726259064347e-01
-5.348844174306656429e-02
2.261151706477259327e-01
2.583206380070791064e-01
-2.491852975812276494e-01
-1.697954668994457921e-03
1.462188849372586270e-03
4.634297052621843410e-03
-5.023864719309544501e-03
-9.898112296281995348e-02
-4.667087191215275183e-02
1.242439774466002483e-02
-1.305956731779293238e-03
5.235220025373975988e-03
8.155986560687141732e-04
5.886995134169928758e-04
-6.425419907179176970e-04
2.587058504265310217e-03
-2.105112344932913437e-02
-1.621789865917870610e-03
1.940917819949932778e-04
6.000751624788028954e-03
-1.970873376644006504e-03
1.211250805489151811e-03
3.386682350877458399e-03
1.399549280990441730e-04
4.736084823440868006e-04
-8.386599577468055455e-02
-9.355248992572452460e-01
-3.059813596584271878e+00
1.044058011593341995e+00
-2.228911688164519234e+00
1.589683455502988521e-02
-9.787804773357947630e-01
6.346255886477286667e-01
-8.226701060294729473e+00
7.165377572228869285e-01
3.275890757225828231e+00
7.332461780698169840e-02
2.077867466072078895e-01
4.567542382115504646e-02
-1.062237483228006818e-01
1.394869379936592546e+00
2.852559358951312629e-01
-2.004610952238963795e-01
1.188011301596739733e+00
6.115142492276703229e-02
8.567108415439090852e-01
9.288707372000183649e-02
8.362043648855269073e-02
5.253545431719274655e-02
3.475002633824378351e-02
8.489026066174984453e-02
-1.268413611493779056e-02
-3.670502333298376885e-02
1.493510679575889288e-01
2.510037984465649658e-02
-3.865273702253367305e-01
-2.339090528577488559e+00
-1.238153846420303772e+01
3.546525777148039182e+00
9.707223731451453119e-01
1.236031378718110751e+00
-3.006806623853635507e+00
3.470924020920135078e+00
4.679681030949634390e+00
-4.101870784853140633e-02
-1.872672036714575050e+00
-4.603079856295218542e-01
1.343640940838398690e+00
8.895454542336461712e-01
-2.992096727594241168e-01
-7.553665416411033950e-01
-2.524520384684555419e-01
3.016250095590340685e-02
-6.734492905046411959e-01
-8.332550561763342467e-02
-5.309197350755930911e-01
3.012685288530773109e-01
-5.085023302695092229e-03
-2.076319337421907510e-02
-1.110351778028519643e-01
6.790210803597127032e-02
-4.438744248446179624e-02
-6.494081684505112473e-02
-8.757622741917425735e-02
-1.802157493450937814e-02
-8.093966357163289160e-01
9.537115488852592193e-01
4.346584424900656884e+00
-1.227059273119917471e+01
4.350138365448209810e-02
-3.277489143724781506e+00
-5.573501578060978012e+00
2.144094066568299795e+01
-6.819888744231417110e-01
-2.796431819500789229e-01
3.511266676458089930e-02
5.299244905981875808e-01
7.349538564405639463e+00
5.071848142043208441e+00
-1.847204200588576484e+00
3.050315900069567876e-01
-5.659156561651991213e-01
-2.863395616512685871e-02
9.258868717092794132e-02
1.410839630504084896e-01
-1.169369663781375801e-01
1.992408001883908097e+00
1.759300950674251018e-01
-2.214411520003408546e-02
-6.922010213644603782e-01
1.566972123522000770e-01
-2.337187902095222425e-01
-4.423491236401027593e-01
-4.426950563463688711e-03
-6.176029869951773360e-02
-3.520882954158446182e-02
-1.218607772733699468e+00
3.356620130703151239e-01
5.469376338374332125e-01
-1.361609847001075302e+01
-1.171018240514504205e+00
1.016656154833222914e+00
-5.970825940372375129e+00
-4.712404146783388370e+01
3.690352034201678233e+00
-1.626576611040621145e+01
4.296272127720743850e-01
7.064040401833969973e+00
9.633156494880241283e+00
2.362489272335769552e+00
-6.347687580723852108e+01
-1.583694288100208958e+01
8.944436390658989211e+00
-4.041564318986780080e+01
-1.318431407083250839e+01
-2.127244563455518858e+02
-2.236478245810241017e+00
-1.732006908075009832e+01
2.816073799367408537e+00
-2.101789338370266691e+01
-3.043785390226329568e+01
-1.074913426493397051e+00
2.878819700948620941e+00
-1.669444027090790073e+01
-3.435264420444328337e+00
-1.581722951890973394e-01
-9.785752368093118825e-02
-1.104253920258759347e+00
4.664019303389104643e+00
7.178528865910457357e-01
7.435641716804135548e+00
1.229576929424652931e+01
-3.783231473492892860e+01
1.789814030713695381e+00
-7.104131227669290283e+00
4.116133292813467293e+00
6.063504896489238405e+00
5.240889825355940701e+01
6.543767998473038006e+01
1.418042026778271492e+01
-5.675871490167888389e+00
-8.585109200349734238e+00
-2.765069544714375027e+01
-1.160300767509183473e+01
3.030451329959824136e+01
6.205910028126656641e+01
1.029704278988459123e+02
6.543341688211580909e+00
-3.089774438959875269e+01
-1.125953015181103467e+02
-1.350707325128489629e+02
1.474224116231263482e+00
1.634807218977980270e+01
4.848893425611804808e+00
7.289809212318969500e+00
2.072118795793684576e-01
-6.475588058564812899e-01
-3.285306461028049796e+00
-6.876923303106959651e+00
1.198554316276589038e+00
-1.092212843112628562e+01
-2.920056472811196002e+01
7.649137368452515773e+01
-3.251542567246660798e-01
-8.136407959549506685e+00
-9.388433958130711909e-01
-1.239369499293084598e+00
-1.190886568994773569e+02
-1.518650265926459042e+02
-3.048940842890446490e+01
-1.479250395126354789e+01
2.134662231223403595e+01
-2.056366142438245248e+01
-1.026197037947670054e+01
3.011245006990079176e+01
2.144621319918574898e+01
-1.281907251640936920e+02
-2.215346106180318841e+01
-2.781548576546300566e+01
1.161361828429946819e+01
-2.655900055725676339e+02
2.979570828349418932e+01
-1.174910116388948822e+01
-1.109835252784542270e+01
2.589315125730212230e+01
2.589743062363171755e-01
-5.616202400653954596e-01
-3.347859310897568275e+00
-2.097991111434503964e+01
3.882812222630900312e+00
-3.027508619979866467e+01
-6.890891750539448424e+01
2.000542475665481561e+02
2.556340898176534537e+00
3.717461468820801418e+00
-2.965628895925138120e-01
-1.666921629804714655e+01
-3.507770390685944335e+02
-4.936991802427329503e+02
-4.927706198374137614e+01
-2.600852415135005202e+01
-2.573324643852353688e+01
3.509119029813836832e+00
-1.856685050785541335e+01
3.731215833551854710e-01
2.036401227234316380e+01
-1.444811621952636038e+01
3.828354156244106576e+00
-5.493617355941671221e+00
-5.136849314514542897e+01
6.862505429157610592e+01
-3.274098138187801510e+01
8.636377932140345592e+01
1.487772313708589778e+01
-1.381513329560657866e+01
-3.818969978163101048e-04
-7.574338450730951244e+00
3.298655912793734046e+00
-3.794622305071522761e-01
-1.004943685895127317e+02
-1.178822067920956940e+01
-1.050871378243852305e+01
-8.726147119136710373e+00
-6.440557512497119887e+02
4.142304297595772056e+01
-8.226282996640757972e+01
2.926911015039492625e+01
2.545126866794718623e+01
7.734893993749997776e+01
9.191413576807773822e+00
-2.656573224833398854e+03
-5.477371153847144569e+02
2.535134697101255767e+02
-2.051762311245809997e+03
4.350048803812612164e+01
8.848904163921425834e+02
-2.614536090023178971e+01
-1.481436765764781072e+01
-8.437552893568775971e+02
1.227298250334895613e+02
1.487190604933368263e+02
6.119514308890457244e+01
1.580000255182580737e+01
-1.432475054719814622e+01
-1.294240352261444293e+01
8.850626777426130526e-04
9.135215526782272111e-01
-2.584880163013056342e-01
1.156368366774007499e-02
1.088648243261745741e+01
1.220264207236674281e+01
-1.240214441304372706e+01
-4.909692108800358668e+00
6.960224354053089257e+01
-1.368042984003341189e+02
9.765539859131868283e+00
3.734532171091061059e+01
-5.546647074449983172e+00
2.090087477884526734e+01
-6.325683739913160508e+01
2.409964666711881875e+02
3.295703125344192017e+02
-7.594213841914427121e+02
1.722340489724398367e+02
6.817610165820669863e+02
1.468321236431087584e+02
1.052870578494399751e+02
-1.066476488935801399e+03
-2.906487495402574268e+02
-1.022657339914582735e+03
-3.541672586126806436e+03
2.670830639265294053e+02
-1.171837012891668905e+02
2.608818793083444234e+02
-6.749540333914027315e+02
-3.047300069985786446e-03
-3.552219350898552008e+00
1.551182895823033370e+00
-2.053007484287580273e-02
-1.627047855568218182e+01
9.316795452349602158e-01
-4.530117750869232296e+00
-2.367250216396184381e+00
-1.761522924142545321e+02
7.743334788137252289e+00
2.628062855753278768e+02
2.514015240362179426e+01
1.204978661801989936e+01
2.172024476135315041e+01
7.291541189433145220e+00
-2.017890150229023618e+02
-6.529678795044186757e+01
2.987997142194088696e+01
-1.331888177128466168e+03
1.874031789174444498e+02
2.709060944362287955e+03
1.737669098004645321e+02
2.219353879463824910e+02
-5.150857116832326028e+02
1.935382807572823083e+02
5.521972938423257347e+02
-4.157988398797118634e+01
1.516687383317933495e+02
-2.048655450244879830e+03
-3.408864500414715053e+02
-2.445725576481536274e-03
1.823102831955067948e-01
-5.848078047926180689e-01
5.080618148658191391e-01
3.616306191939375747e+00
-3.165170035730479281e+00
-4.940263624316723501e+00
1.966489010910929736e+01
2.887553018496275570e+01
-5.805066798365364988e+00
-6.450238529043305746e+00
-5.527951872731495087e+01
-1.312356882149741466e+02
-1.936849540873682258e+02
-2.752998293130778862e+01
1.327744897824642862e+02
7.065506725861524728e+01
9.905843712898978026e+01
1.803731972022977459e+02
1.578395358611936388e+02
-2.586248126028903584e+02
5.952195121952238424e+02
-5.824395394699084818e+02
1.586542795125292571e+02
-2.164894151267789937e+02
5.641947004118367204e+02
1.669108111485685129e+02
-5.175123405315911640e+01
-2.913105719100957458e+01
7.509683162583995681e+02
9.012613956822805583e-02
-1.334609926623244180e-01
-1.237281409660444975e+00
-6.722183368568523498e+00
-6.982231618987575494e+00
4.550059448449611210e+01
1.159667913080281352e+02
-3.706750826163859642e+02
-2.510606024716757290e+01
-8.234266754128936938e+00
-9.300573766962790145e+00
1.092677587665020980e+02
2.603611884202823148e+03
3.749387172977195405e+03
5.307004205090156574e+02
-2.994652369624396293e+00
-1.819725423823027199e+01
1.745433079435324331e+01
-2.096028504350604038e+01
-1.063620883880763017e+02
1.141699345110107970e+03
-1.109467591213361993e+04
-9.396728443489130314e+02
-1.389939047030991048e+02
6.289135062923055557e+03
-2.745117106188914477e+03
-4.632384510527223028e+03
7.011266865584730112e+02
5.667699817434008480e+01
-1.389143541661475183e+02
4.290120634226218810e-02
-3.605187258928306462e-03
-8.110062702918483524e-01
-4.911840241391083772e+00
-8.790964870445739265e+00
5.815730937161174552e+01
1.501052769160801574e+02
-4.975560978413077464e+02
-2.842819090257854242e+01
-2.109296281414203023e+01
-2.143682428325880807e+01
1.504073468411266958e+02
3.383616940747006083e+03
5.131883223589780755e+03
5.357676506130852658e+02
-1.759345671418133605e+01
3.093356069207814016e+02
3.152977995947810896e+01
4.720692883741238433e+01
-1.852349060019170395e+02
1.546142071972839176e+03
-1.663670635139551086e+04
-1.510853007001065862e+03
-1.408629339202118729e+02
1.112125919527413134e+04
-5.198806344156198065e+03
-5.926388716494750042e+03
3.516944476703737905e+02
-1.418572310455308525e+02
-4.505678407724125805e+02
7.939287867443269725e-03
-9.123070268519500869e-02
-1.504764218135004605e-01
-1.069694279977108975e+00
1.848844931431666172e+00
-3.879073402196605791e+00
-1.343123287793483200e+01
1.004265205096739066e+01
2.897438171274269436e+01
-4.300583976074545944e+01
2.833859124019669107e+00
1.507129916183613005e+01
-4.087480812947599134e+02
-4.274154037315771006e+02
-4.731748826760516522e+02
2.206340532656656137e+02
6.270402662842681138e+02
-3.122293378425815149e+02
2.255214162138245797e+02
1.258981251292669157e+02
-7.852523481260224116e+02
4.560995117615152594e+03
-4.932408904500350388e+01
1.761249360713478325e+02
-2.163975758962555574e+03
-6.878298151504887983e+02
4.607243646635628465e+03
-1.458568175278838453e+03
-7.004940342657913561e+02
-1.559287955157776196e+03
7.477566024512431091e-04
-2.824600918468744393e+00
1.215603491969490690e+00
-3.638848545551531810e-01
1.139857480606523694e+02
1.519097118132090429e+01
2.208700954989580367e+01
-4.169486966497297331e+00
1.752761372050710179e+03
-8.594738507539064187e+01
1.479629910425916250e+03
-1.123667606114012898e+02
5.733881808109339318e+01
-2.477516154181373906e+02
3.795468912096302461e+01
2.385736983898469043e+04
4.592775605888939026e+03
-1.432768945044113252e+03
8.178830858483222073e+03
3.617436042405714147e+02
-6.027077700703705887e+03
7.103147210589004601e+01
1.565052475843534125e+02
9.239478728121628592e+03
-3.082769868576808676e+03
-3.821759069899052065e+03
-1.314087067446448827e+03
1.212972297940267708e+04
-9.835071842179736996e+04
-6.759384320161918367e+03
-5.056258311293425171e-03
-6.096398865542433931e-01
3.613396694757374794e-01
4.866503210015882819e-01
2.596135607534478495e+01
8.548646072932363893e+00
-1.330395988206273827e+01
-1.004967064946437105e+01
3.862281341416403393e+02
-2.287088159511058052e+02
2.989452177985060075e+02
6.466469107271585415e+01
-3.063094598441791305e+01
1.757831906183899946e+02
-3.227701849891433312e+02
4.979175335812336925e+03
2.354767097580665450e+03
-2.443602597668384988e+03
2.039676338827723612e+03
1.474321007511074185e+03
-1.049207569659754654e+03
-6.886670775759060916e+02
-3.572488342670907514e+03
1.498969732349934930e+03
-7.896168330720157655e+02
-8.717104435223349356e+03
1.261787208876350633e+03
8.551273812891606667e+02
-1.997465014331109705e+04
-1.108027885746060929e+04
-1.205635038084484391e-03
4.198358201834190839e-01
-1.169468277722695154e-01
1.058627566043459922e-01
-1.551217726679485764e+01
-2.669235056486526503e+01
2.506024419221795441e+01
5.982469556429511393e+00
-1.779355430588847753e+02
4.663819993363852632e+02
-1.800342903675582988e+02
-3.515803274744286000e+02
2.175550177107438543e+01
-3.139726650855668311e+01
3.832825728321104179e+02
-2.095066397439845332e+03
-2.081350933965527474e+03
6.401783218827473320e+03
-6.803612706661652965e+02
-2.681763970041714856e+03
-1.124706304070181432e+03
-6.055703171544936367e+02
5.850789172181354843e+03
7.649156081601709047e+02
4.858362899765755174e+03
1.735691224235194022e+04
-2.345815290413719140e+03
-9.012117432243497888e+02
6.905661483256496467e+03
3.338091516022478027e+04
-7.387151408023252342e-04
-2.490095251745111593e+00
1.098507902858476326e+00
-1.779887750366861698e-01
9.748151092411455920e+01
1.319855409205502461e+01
1.606428891141317195e+01
1.052499246808085820e+00
1.360694159921659320e+03
-8.034484485520682995e+01
3.727054199258818699e+02
-1.764212818744434230e+02
-6.397415014103551556e+01
-3.637125949233738424e+02
-5.514511197478434212e+01
1.535539868781671976e+04
3.321458486543977870e+03
-1.345042202811295965e+03
1.692518479949549874e+04
-4.144315976709345506e+01
-1.307260473253262535e+04
1.105960177488795807e+03
-1.193053347269644519e+03
9.393406464454485103e+03
-4.689767374714138896e+03
-6.651603406956189247e+03
8.445214564247852422e+02
8.211474999407044379e+03
-4.495203690296533023e+04
1.561815730136459479e+03
4.429925572170493740e-04
-1.040341305416651319e-01
1.114344696584919081e-01
-1.342928739973468788e-01
6.874911908354685686e+00
2.646646484984266579e+01
-3.133543223768769792e+01
-7.175865538344105232e+00
-7.689345835243848626e+01
-3.657798531242732452e+02
2.011149019818090267e+02
9.684287723386736957e+01
-1.610265234876674185e+02
-2.001991508692894399e+02
-2.766083932054251591e+02
-4.814443283288063071e+02
1.097727579635553866e+03
-3.008257076928468905e+03
-1.593019125381842969e+03
3.902092832078040828e+03
4.512299230555594477e+03
3.466906143450629315e+03
-5.599210483547663898e+03
-1.980735267056413932e+03
-4.576069288612634409e+03
-8.875213552129136588e+03
2.454638784067278721e+03
-1.185977903927348279e+03
-1.371097654937699190e+03
-8.828276150175224757e+03
-2.532254763444289833e-03
-8.961286972014296248e-01
4.569454855078277089e-01
1.168576563419924247e-01
1.216479654011076121e+02
6.938096451464676306e+01
-7.352026732449364488e+01
-1.027245368332783404e-01
-2.355546102654348942e+03
-1.356247187007189723e+02
3.068140049341111080e+03
6.311264408386151672e+02
1.166596287671409755e+03
2.590802414113581563e+03
3.569006765707059685e+02
-2.246736963215617288e+04
-4.328742585799251174e+03
2.824505306722855380e+02
-3.397372403717812267e+04
5.650441124477028097e+03
9.428424328352914017e+04
-1.367205253289577013e+04
3.738102424908519424e+03
-3.048513024356605456e+04
2.232091060875942276e+04
8.364009419846344827e+03
-9.919939482520059755e+03
-1.259789059803969940e+04
3.421720186956706311e+04
-9.891886990022398095e+03
2.100307260881138435e-02
-5.308704673608919539e-02
-2.884393020675198316e-01
-1.802805784541820833e+00
-2.800007341693269147e+00
8.541300906676978855e+01
8.463002560709378486e+01
-6.314565790336165918e+01
-1.978149886200497747e+02
-9.972075801142491969e+01
3.590579989684406996e+02
-3.085409488275344643e+02
-9.410382563365028545e+03
-1.873298068056847478e+04
-2.864491345014032504e+03
-1.695390733947318267e+03
-1.764484772559304247e+03
-1.391053869340111987e+03
-3.368468180327929076e+03
3.214903857398305718e+03
-9.756614187929390027e+03
1.931765377652608440e+05
1.551595014974917831e+04
-1.030675360986966780e+03
-1.476797322606166417e+05
6.517154436193157017e+04
8.947479669857159024e+04
-1.115979533176561517e+03
6.393131591463502446e+03
4.974980666894163733e+03
1.209185571125673221e-03
-1.451820121884969950e-01
1.588922424131363614e-02
-1.212095741981773916e-01
1.758867960292606725e+01
-3.489334012044592725e+01
7.825798525169000186e+01
1.637625962991617712e+01
-2.502941892861769020e+02
1.294342164595292161e+03
4.103568532834216853e+02
1.080846899564845245e+02
-8.404858251175051009e+02
-2.045643877090337583e+03
7.506516530542636474e+02
-1.647223260677066719e+03
-5.656803682064132772e+03
1.087483457325830204e+04
-3.578657187342593261e+03
-1.090064168980452268e+04
6.140677614819497649e+03
1.737263424546328679e+04
3.569662738461661502e+04
9.762784286816087160e+02
-8.679309469916063335e+02
5.823192435730375291e+04
3.324944608743456229e+03
2.469714866196630283e+03
-4.027372772383156189e+03
3.275984199913781413e+04
-1.761292122991587423e-04
-2.472515109131868949e-02
2.946063828057610395e-04
3.305092099444397954e-03
-2.276395203512185716e+00
-3.454871544915609860e+01
4.330706525304823629e+01
7.441430886467158778e+00
1.111657497191597940e+03
2.079765494347160768e+02
-3.908346313620085084e+02
-3.736808143193691194e+02
-1.202816078409976797e+02
-4.743832640595850307e+02
9.738383478644047742e+00
1.581796766649689380e+04
2.863728001654731997e+03
8.260093603225622019e+02
1.407680787789575515e+04
-2.458402719864062419e+03
-3.483602973023147206e+04
1.086005123206806502e+02
-9.109975231506974751e+02
1.754574596105497403e+04
-3.104206245542135093e+03
3.317552768328196635e+03
9.300044198762175256e+02
1.347872547134532215e+04
-7.270683281778517994e+04
3.531064786653391820e+03
-4.340143966550403382e-03
-1.241204423137080431e-01
1.118381100451998900e-01
4.849940949492145825e-01
2.165391980708541553e+01
-1.080963990819226979e+02
1.086551110740054504e+01
-1.729090971868339821e+00
-1.997309420955238011e+02
7.817188849350807232e+02
1.197831578927011407e+02
-4.758804109004578464e+01
7.584859750454018467e+03
1.551898870735794662e+04
1.944119814407988542e+03
-2.567339632872956827e+03
4.364282075053835541e+01
6.485492173677265782e+03
-1.583632457505854973e+03
-6.330900830757286712e+03
1.775357025577079185e+04
-1.499889959125878813e+05
-4.080013445773638978e+03
1.002196448537781862e+03
1.364497955245836638e+05
-1.335712062414820321e+04
-6.437794428675621020e+04
-2.255060224936439681e+03
6.905135473761771209e+03
1.152168916001676280e+03
1.013036024116171227e-03
-2.597895846252397112e-01
2.900377297185478473e-02
-1.886290707211670248e-01
3.527884014196718709e+01
-1.409561394900701146e+02
2.638105785600150170e+02
6.283434959223444594e+01
-6.741383237000727604e+02
2.549705496485804360e+03
7.844194360624301225e+02
-1.422426763190236443e+03
-3.009946954268247737e+03
-7.165494186755560804e+03
9.524691496457754738e+02
-7.544184619251445838e+03
-9.534232471443427130e+03
2.103032425445838089e+04
-9.463894322702504724e+03
-1.324125336059415167e+04
1.267714638376914991e+04
6.717722240378755669e+04
3.923574920161352929e+04
4.833750735109872949e+03
-1.557349485487666243e+04
1.681114243798400857e+05
1.795869309660545332e+04
-7.875557263817163403e+02
2.470739355228911882e+04
6.310343598264412140e+04
-2.732435679600002038e-05
2.298479364830508659e-02
-1.394827941089775295e-03
1.356379777099757725e-02
-1.170979445526439067e+00
6.899112643359518238e+00
-1.889634694709236129e+01
-2.640950483509154623e+01
-1.289041510990252526e+01
-1.359556153102762153e+02
-1.162978946320862583e+01
1.221329854903684833e+02
-3.087162725697204678e+03
-4.547823085502025606e+03
-3.260277826909031319e+03
-4.558825425281271464e+02
2.429452860341844371e+03
-2.171395939914752944e+03
3.935192177845827928e+02
1.516281063078357931e+02
-7.239661202922550729e+03
6.677382064296810131e+04
4.271289752579349624e+03
1.117082699172896810e+03
-4.168467618289581151e+04
1.132322549983015051e+04
5.931022412069656275e+04
-6.258128747298173948e+03
3.646035750414723680e+03
-2.018673924173381238e+04
-2.608770447265460618e-03
1.074202823886475228e-01
5.228269018623285871e-03
3.059737219715009671e-01
-5.061637645691503096e+00
-6.594675217812791423e+00
-1.192952467700506070e+01
1.919256808962552086e+01
-7.039012490519090726e+00
5.706633066799817300e+01
4.721628976192532718e+02
-4.453766244285583298e+01
1.160074748992039076e+03
1.342502020317940151e+03
8.583611860909070401e+02
9.719451449606223832e+03
6.006351634261038726e+02
4.839060439592121270e+02
5.374338818537482609e+01
-7.599208207270849016e+02
-7.620200766445996123e+03
4.257968575996757863e+03
2.222576672754157698e+03
8.777970213803659135e+03
-1.541390139465617540e+04
4.890769383208856198e+03
2.487054338877506325e+03
3.091088555053164600e+04
-1.247075987168575957e+05
-3.305807719691021703e+03
2.985502923593430941e-05
-7.759016237118724346e-01
3.448898461111788993e-01
-5.240754672810424286e-02
5.225962984523018662e+01
7.787360603939101011e+00
1.075228390345724350e+01
4.486963135889919130e+00
-1.954124400572844706e+02
-1.992227126813178018e+02
-3.810086897080843301e+03
5.639009458654862783e+01
-2.541721646038436973e+02
-1.534154385651614803e+02
-3.241553243930833901e+02
-6.740058767588097544e+04
-1.149776909575683749e+04
-1.510357371899121745e+03
2.960000800704399080e+04
-3.195669641481635608e+03
-3.458196717929437000e+03
8.460178499639778238e+03
-5.938664153611300208e+03
-2.966303788899902429e+04
3.438215510829441428e+03
1.041814054205783941e+04
1.619709661358116136e+04
-1.015792704384344688e+05
9.525971549660264282e+05
6.125206271351789474e+04
-4.068396432051313944e-04
-8.778840917427023494e-02
3.437668500731938526e-02
3.407389520189950394e-02
6.980866558722733650e+00
-1.496374544685358687e+00
-1.238576076224563494e+01
-1.092333750062629782e+01
-4.327258700356205168e+01
3.043251175931357579e+02
-4.151779934134988252e+02
-1.006008245017100421e+03
1.417085827458588767e+02
-1.222478315489246938e+02
1.106668566481584548e+03
-2.919430548371534769e+03
-4.897980439650983499e+03
2.097562514759730766e+04
9.882345928168480896e+03
3.509891333514853613e+03
-1.540878620353025690e+04
9.074491344535201279e+03
1.285026459099038402e+04
5.474159066347985572e+03
-1.069074847315525949e+04
2.641233496378169730e+04
-5.294127821561732162e+03
-3.947140249962722919e+03
4.827758442829521664e+04
3.192948528667720384e+05
-9.883857008929057830e-01
2.896696752646531897e-02
8.710763624526800253e-02
1.698145712395064399e-01
1.155821825500406684e-04
-1.684695421710998356e-02
-2.084084676984364337e-02
3.015040553683568866e-02
1.431420616747504501e-03
3.828000955726008989e-03
7.172725844479296408e-04
2.007408950539188181e-03
5.126231500683750726e-03
4.453673103906744327e-03
-9.008396412665932787e-04
-1.392920101141210823e-03
5.894770538634443169e-03
7.206513919168654929e-04
7.480292693563762776e-05
3.781064593983962923e-04
-2.439149671257873010e-04
4.402513888823219711e-04
1.462091803954439478e-03
-1.492754897107878814e-04
-2.558919829859363729e-03
5.092770370514964565e-04
-2.993284867109506728e-03
2.895405025178678787e-03
2.548075286279395603e-04
-2.607825908292683812e-05
3.826937120922087321e-02
-1.796408832154126056e+00
3.273301527669316702e-01
1.061219687220544272e-01
-8.506413213334061751e+00
-1.952668282938263555e+00
3.006944050185154094e-01
-1.526222213138082873e-02
3.373127024671584540e+00
1.164836799556114411e+00
2.560593600118368673e+00
7.120688347145950337e-01
-2.512853468516763888e-02
6.272463009367840181e-02
-3.221224995302329058e-02
-1.045320883603616302e+00
3.449876742324115009e-01
-1.296647118212253535e-01
4.446007506249781693e-01
1.899823314386263340e-01
-1.478614210029624010e-01
-4.515140598614741929e-02
1.894219104415772181e-01
3.564758135757974122e-02
-1.372873303713726678e-01
1.363133093392254400e-02
-1.760153219115326573e-01
2.033097246515525869e-01
-1.852214430208627138e-01
9.207506513392202732e-03
8.979309596169207652e-02
3.899447817749435719e-01
-5.199125189399749214e-01
1.577036908962678174e-01
2.461655931585573054e+00
-1.632298314225248737e+00
2.470475091061211437e+00
7.581289771362542673e-01
-8.529815748008007237e-02
1.223032439484956235e+01
-1.241994068372898052e+00
4.942401991697860097e+00
-6.044545943478147887e-01
5.245283169488850206e-01
-3.514374430360830415e-01
-4.948032916131066550e-01
4.026642032772164370e+00
-1.238914160578299173e+00
-3.339751385863223843e-01
1.657950699088584834e+00
-1.788689777726430730e-01
-3.820145019021592425e-01
1.793018987665741859e+00
-1.195727832806480345e-01
-1.217257684288546082e+00
2.673701447269843934e-01
-1.644284262251199946e+00
1.684540697418396960e+00
2.309817947992862663e-01
1.926286243598153980e-01
1.662265229153023494e-01
6.154024750749939598e-02
1.866781387583739127e-01
-3.068234689032188212e-01
2.734753349504975839e-01
8.861926525891937745e-01
-2.227426132090961630e+00
-1.068491407002375715e-01
-3.607368805295015357e-01
-8.058435962759505244e+00
1.069926637132519120e+00
-2.907307362586792898e+00
-2.333574268529139850e+00
2.657355301562259520e+00
-9.979415180461334023e-01
-3.451313420729746007e+00
1.821880811600173544e+01
5.644736556422435214e+00
9.142336228688624500e-02
-1.786376184272711498e+00
3.845361903276689475e-02
-1.367155004143881136e+00
2.567950875759050788e+00
-4.869027878057364256e-01
-7.421687032775397874e+00
1.264731321486153526e+00
-9.828685667616952060e+00
9.741097737294794001e+00
1.076026341637188244e+00
-4.090297491507623451e-01
-3.404370427780028293e-03
-8.651221361034830082e+00
2.173069467632211094e+00
6.647877480080175427e-01
-8.999317085378231695e+01
-1.599542766148502615e+01
-2.099103188138555343e+00
-3.479290605230868305e+00
-5.199603877680390696e+01
-9.562015886671405340e+00
-2.079057384066358907e+02
-1.077706668641374854e+01
1.607792938043966502e-01
-2.723767040236424908e+00
4.737474371538421991e+00
6.911823569891488717e+01
-2.422372244893686410e+00
-1.060058368772640414e+01
-4.797208798130854035e+01
6.512454764943094609e+00
1.564997612078429334e+01
-4.515792500169230728e+00
2.443023034537907279e+01
-5.825821172064815201e+00
-9.670985425830901150e+00
3.065167728877991049e+00
-1.575632754483137177e+01
1.299749628687835745e+01
1.994274371495403386e+01
2.513109241971574370e+00
2.131528154777036395e-03
1.835133593552535025e+00
8.249384386077110998e-01
-2.261379484507795856e-02
1.570778941666964457e+01
1.430222716647953440e+01
-5.427336300017596926e+00
-3.121137327577220955e+00
7.524875428798634580e+00
-4.133865746692492138e+01
3.988412049245623336e+01
1.907593616238380818e+01
2.723956373179183643e+01
-2.614381562587988839e+01
3.817464998698681455e+01
-1.450490682388069663e+00
-1.267012398784582103e+02
-1.096518361667181409e+02
1.246084645749337838e+01
5.845057521009120904e+01
-2.205202693014986437e+01
-3.879607064176748565e+01
1.834881923477093721e+02
-4.424195915139157442e+00
-5.380159562341921742e+01
5.656492177088416895e+00
-8.503804465186027528e+01
7.985641151952469841e+01
4.014797220230875041e+00
1.332228972872708184e+01
-1.234394606178034100e-02
9.216785012890782447e-02
1.199636573672295814e+00
-1.682468595620642660e+00
-1.894323061346554926e+00
6.217410546334352972e+00
-1.950124631600643355e+01
-1.532567530016992308e+00
-4.366134540592505608e+00
-6.184512129144537340e+01
-1.365159368415642005e+00
1.832927510471256483e+01
-4.584208954323966623e+01
3.920894477354247698e+01
-6.122497754396779612e+01
-2.731360162095994681e+01
1.902423106963619830e+02
-2.689436917286269946e+01
-2.263751398961708716e+01
3.668392568240198415e+01
-3.063341725356710299e+01
1.350780299633504633e+01
2.941622639803085804e+02
-9.255752461154704847e+00
1.157218564663976679e+02
-4.474575001185433365e+01
1.663561528295800258e+02
-1.512585944683774812e+02
-1.411898702752062107e+01
2.952536068365400723e+01
-3.501820337520271387e-02
5.017931046362519160e-02
-3.727641682020562119e-01
1.540799482577125123e-01
2.276586178504813152e+00
-1.459361395571863840e+00
3.454260622455539220e+00
3.912645214321277098e+00
3.324241763062512511e+00
1.211055978688087897e+01
9.272332642146158932e+00
-3.741459335142239162e+00
-2.476765800810682538e+00
-1.428644751172754823e+01
4.402509354774760908e+01
-4.118294977426145143e-01
2.501616999891420434e+01
6.665283783392922601e+00
-7.220047771965467653e+00
-4.226013605126076378e+00
2.540708203403318155e+00
4.377221866750318924e+01
-6.773587514638410312e+01
-2.764174530486446457e+00
1.256321021589632991e+01
-1.781772725407351210e+00
-2.143893626750278258e+02
6.394921343374663536e+01
5.668354593370529670e+01
-3.522939535879777984e-02
1.272838909196102181e-03
2.597144076897257126e+00
7.052607404072859243e-01
-5.679345077182247348e-01
-7.057686121255370892e+01
-4.576965472663813372e+00
-1.478964815700760660e+01
-8.118576193062255086e+00
-2.355428879946461223e+02
-1.023398146106540310e+02
-7.249601894055404046e+02
-3.579816881461903222e+01
-1.982789737205336067e+01
2.986275675385561357e+01
-5.671070099481791260e+01
-1.081196249685723842e+03
6.813264121188036881e+01
-4.366784973321085772e+02
1.282689579467605199e+03
3.509981931914661004e+02
2.552942218391769131e+02
4.939066922394110293e+01
-2.695869078076412961e+02
2.719808147239963318e+02
4.376850111126478282e+01
1.411842745105396943e+02
-6.474192125445150658e+00
5.299687059323346716e+01
-1.550847825714327655e+03
-1.030976507333634657e+02
2.966283109870826527e-03
8.755385894909341049e-01
1.108995420659307207e+01
-6.887845036464784521e+00
-1.072500954246773652e+01
9.386592854014365628e+01
-1.285576700292359362e+02
-3.171667792605269653e+01
-4.555401009370176979e+01
-9.996006462683001246e+02
8.109295530408297736e+01
1.248214848697762420e+02
-7.382900334980293167e+01
7.508486541326603003e+01
-3.374430034495445057e+02
-2.964350189345410058e+02
1.442849362821871182e+03
-3.957510018930885508e+03
-5.957596200246058515e+02
3.124421789139851171e+03
-3.869434003839822367e+02
7.148538078851604638e+00
-1.578095578740761994e+03
2.433832158114262540e+02
4.723730632078834333e+02
1.284643621123095954e+03
5.135253845863987721e+01
-1.013115218256221794e+02
3.140211478382581731e+02
5.748640111617592652e+01
-1.271232638836925811e-03
-2.698204190950742376e+00
1.114521642154480130e+00
-1.226445945328119125e+00
2.017215497432763129e+02
4.367993972808721992e+01
-1.835989372393716401e+00
1.262967616406701588e+01
6.125589335728346896e+02
-5.287804166421597785e+01
2.068050565448822908e+03
8.891495367575177511e+01
2.672202498835666162e+01
-5.458574589832782209e+01
4.791476554973939272e+01
3.487942098053458267e+03
4.494041603241952885e+02
3.871650957643152680e+01
-5.073136154969435665e+03
1.991446348851145274e+02
-5.449009844103337628e+02
-8.157162815521679988e+01
-3.739024581480592246e+02
1.999703086861375425e+02
-7.619470869283020420e+01
1.319484838273701541e+02
-1.230159172176502977e+02
-4.841683852725716442e+00
2.736830869994063278e+02
4.026387740677252225e+01
1.160371714586818639e-03
6.509524489819829007e-01
5.190155098012279034e+00
-3.519292584473807661e+00
-1.327753430875351803e+01
1.024170789259017411e+01
-2.691773514608784978e+01
-4.806363832805879532e+00
-5.241992863623235621e+01
-2.809384181945322325e+02
-8.017751880917165863e+01
-4.077521741780104207e+02
-1.678875484785223904e+01
2.735015212374644022e+01
-6.152695449528452087e+01
-2.992259554638107488e+02
6.246699205195840250e+02
-1.747122575566482681e+02
2.030093435941181497e+02
1.968042257101989435e+03
1.274066667274099558e+02
4.154312370302920385e+02
-4.315219058676434543e+03
1.922314339727957417e+02
3.344325088401720336e+02
9.070595366117557887e+02
-3.102127465812086484e+02
-1.127357158334700387e+02
-3.855251703092920934e+01
3.330863420794471494e+03
-3.270784059121838172e-03
3.190437163594828096e-02
7.151386245504891548e-01
2.352949531301346209e+00
1.285406799576828574e+00
1.732928697589869671e+01
3.037818225524703308e+01
-2.113837976187858914e+01
9.850471448053255585e+00
1.881587765585547700e+01
2.441828039348311918e+01
-2.638381324067199074e+01
4.422759273628241772e+02
-2.026229361611602542e+02
4.463783403368127551e+02
1.579007354418043576e+02
-1.137287979382781032e+03
-1.516403761738292815e+02
1.338086193981766030e+02
2.026989594408976529e+02
1.753316210329404896e+02
-1.949341066561707521e+03
-4.550464365183637483e+02
-1.620339783905809838e+01
-3.641944798883527710e+03
9.512294409607218313e+02
-2.180061420454120253e+03
1.306453509038042512e+03
3.656436712546298509e+02
1.589281973375866528e+02
-5.390098785696299973e-03
-4.883195657700204612e-02
-5.010702001814941742e-01
-2.495700103072079123e+00
2.456906077003869968e-02
-1.355931446807267093e+01
-2.373698752578906834e+01
2.934870599406884217e+00
-1.983142050985950178e+01
-2.802601916053176367e+01
-6.036320992363146587e+01
6.423058862426541893e+00
-2.306351519949250815e+02
2.635604412308027236e+02
-4.540752301748812556e+02
-3.808405236709011774e+02
7.030232516062280865e+02
4.989385982245338624e+01
3.243713950450527932e+02
-9.817826109264815670e+01
1.250209885376071028e+01
5.658065383798575567e+02
9.549893530343103976e+01
9.185364114208287845e+01
2.130152527600034773e+03
-4.880626014760069893e+02
2.339550271081388019e+03
-1.086401259064392377e+02
7.525106083225483644e+02
-3.618807504336929242e+02
-2.223618149200249500e-03
-1.572036262490618952e-01
-1.354269573815625627e+00
-5.753754499023007618e+00
3.462763756483688393e+00
-3.984079568147848249e+01
-8.347519102433287230e+01
-1.463535664555573135e+01
-3.091116506259794150e+01
-2.029234017827290018e+02
-5.941847573757392809e+01
1.798983601698893153e+02
-7.900172285863042134e+02
8.322727566283045917e+02
-2.310552874118846375e+03
-7.636997324922697317e+02
3.442388687029918401e+03
-1.085384339808961386e+03
-1.423707461022417817e+02
-1.939636243276468974e+02
-2.719526819768526593e+02
1.849391021736612856e+03
3.897415195692521479e+02
3.304405263406865743e+02
7.184812135521092387e+03
-8.440729531963033878e+02
1.256643068737540307e+04
-5.206401643037792383e+03
-3.983753035258790760e+02
-7.412548863921630982e+03
8.871920554353429200e-04
1.013009630981072107e+00
9.613422797170665390e-01
3.149068398095489218e+00
-6.032413638660575117e+01
-1.835945566253160521e+01
3.685554528639522687e+01
2.613268267087080599e+00
9.780131896906679003e+02
3.832125342741081795e+02
3.676817993075864251e+03
-2.908864498551830735e+01
2.088727286910639975e+02
-4.471110226539658470e+02
8.352610113027257057e+02
2.548557685787415539e+04
6.226907139262480086e+02
5.554290676817578969e+03
-3.640856798122947657e+04
-2.177416346524814344e+03
-4.894600635557064379e+03
-7.085698057342938228e+02
2.552568334013963977e+03
-9.899905684725969195e+02
-5.007790669950547453e+03
-3.913329714874974343e+03
-4.640966955559193593e+03
1.373404788920217652e+04
-1.093252174123562727e+05
9.360610784867007169e+03
-4.697991758325093144e-03
-4.377402411101565805e-01
-4.937985841880274229e+00
-1.854598181609571839e+01
-8.145228084039247918e+00
-5.387309480095485981e+01
-1.910858054975238076e+02
6.697078241296361512e+01
1.463123008700435079e+01
-1.164516342796992603e+03
4.289112097738305920e+02
4.168736264204709983e+02
-1.412282313294973392e+03
1.035545951541603017e+03
-2.694324100977045873e+03
9.121201119034992644e+02
1.225289800124736030e+04
-9.672479881879038658e+03
-6.590636855395997372e+03
6.351260013807507676e+03
-1.507701861601909286e+03
3.340600307271181464e+03
-9.712175836071255617e+03
1.405395549772736331e+03
1.172579418878596152e+04
4.268463081033190065e+03
1.270418065321913127e+04
-1.278237779746727574e+04
-1.265270458262302782e+04
-4.337755760068861127e+04
-8.877482562711134324e-04
2.262199404315572704e-01
2.910147557184564082e+00
-8.442708062712039663e+00
1.553342535863226459e+01
-1.399936787232325628e+02
8.849111686375113095e+01
6.091536981767872305e+01
1.734639859943473539e+02
2.532870073026079353e+03
6.507725449965212761e+01
-2.312742393008998533e+03
-7.128181974618343020e+01
-4.087971057120916463e+00
1.851690721414345489e+03
2.847333353346799868e+03
-6.674107306791685005e+03
3.571663057344799745e+04
3.276749094627963132e+03
-1.102627127607071088e+04
2.271430669112912710e+03
8.681904307145002804e+02
8.585227857238338402e+03
-2.947767234329348412e+03
-4.158304386125633755e+03
-1.334841502556621163e+04
-4.723021905498048909e+03
-4.500606926886734982e+03
-1.060370024675207060e+04
1.563520038321169850e+05
2.719515392252350866e-04
-3.966977510621186309e-01
5.602240104574908175e-01
-3.043425514570306106e-02
4.717421560615552067e+01
4.857968559734985980e+00
2.713754419706393151e+01
-1.244236834351669074e+01
-1.235590745608408042e+03
3.333134231179560629e+02
-5.093155144643180392e+03
-4.851612707471956014e+02
1.283186530428677372e+02
2.629758869908276324e+02
2.932686614245505652e+01
-3.304595723155699670e+04
-5.710673763067999971e+03
1.985394388796644307e+03
5.266998980510346155e+04
-1.812558447538091059e+03
5.907593962956110772e+03
7.530776334272658801e+01
1.675967194551936700e+03
-3.112185805812332092e+03
2.891290189728724727e+03
1.060744660801131886e+03
2.387184357155029829e+03
-1.473615669447131950e+04
1.631984785457944381e+05
3.010482026116571069e+04
-2.267693977045435430e-04
-3.054911799020627594e-01
-3.349602846291733549e+00
3.852321085191022565e+00
-1.252343522250039953e+01
1.028173387526463500e+02
-1.132313150632238319e+02
-4.323685524786684198e+01
-1.195238941223633731e+02
-2.017582055179038662e+03
1.212614933994103978e+02
6.454298560368429207e+02
-1.089703216744007790e+02
1.501696582646354159e+02
-1.373450398349492616e+03
-1.704662152057532012e+03
7.280273710704750556e+03
-2.232075257329868691e+04
-3.408596563420652728e+03
2.501936576638053884e+04
-2.105860334269270425e+03
5.916803130473398369e+02
-2.014558735035642167e+04
2.937993171958476978e+03
5.718434092726590279e+03
1.441044913336357240e+04
3.325396028221963206e+03
-5.505655286481360235e+03
2.850342552249564505e+03
-7.284269890870572999e+04
1.485784696244463860e-04
1.150552914159494039e-01
3.502658568715500409e-01
-1.801875095295183971e-01
-7.704551278130808534e+00
-2.186905398405004064e+01
2.577536681552671993e+01
-9.909534119633321703e-03
-1.154188835891116014e+02
5.528397499480097110e+01
-1.279373963551672517e+02
-4.663010318660911366e+02
1.811531825327373326e+02
4.907606532978028469e+01
1.536248584408696161e+02
-3.859390833469477457e+03
-5.177914598154399073e+02
1.653288605891645602e+03
4.694744230924099611e+03
7.241594886384947358e+02
4.546067436865183481e+03
-1.084755071832737258e+03
-7.280936877238459601e+03
4.972591771932193296e+03
-1.444890433545730275e+03
2.929919055658623165e+03
-1.768189541728379027e+03
-6.486335568361179867e+03
4.317984483679593541e+04
1.512371116978230020e+04
-7.650212535020271560e-04
2.123643183785939303e-02
2.296229139722156254e-01
2.488963232673878645e-01
2.369382555963603032e+00
-2.109112747744186223e+01
-4.306620531116033490e+00
6.034500265509843331e+01
-3.962227004215890958e+01
-2.013856297609532362e+02
-1.385113996375285161e+01
-4.316915665502020261e+02
-1.234873007796651336e+03
-2.117723103172392598e+02
-8.365758466140651990e+02
-7.185949468789295906e+02
2.457353499748788636e+03
-1.552698011342561585e+03
-4.241678837023774804e+02
2.830944355575169993e+03
-7.855204175539869311e+02
1.737840788829058511e+04
-9.757293613836245640e+03
1.153407920951997085e+03
1.997282393405186303e+04
-1.210011749671040434e+03
6.446450062143356263e+03
1.396689396491792195e+03
1.405048498266285151e+02
-2.101442057475535421e+03
-4.033954242826085813e-05
-1.576506895566783251e-01
-1.638593828998007096e+00
-1.264420066653417773e+00
-1.681576107982655088e+01
1.199263560704601446e+02
-1.523628468523217521e+02
-1.161063646544371153e+01
3.081451290393928275e+02
3.944991397673954907e+03
-3.971621289822570589e+02
4.844398886992358712e+03
-3.630724794578885621e+02
-2.480295317362144658e+02
3.021589363964802487e+03
4.103802772674298467e+03
-2.064799681392473940e+04
3.480539861437623040e+04
5.505033082003064919e+03
-5.337692550266566104e+04
-2.894944961073082595e+03
-8.889113288326583643e+03
1.585775335815242724e+05
-1.080663071359957030e+04
-1.396723226393584082e+04
-5.455446047694788285e+04
2.223896736396843153e+03
4.523727899426182375e+03
-2.109528300975163347e+03
7.739249090236840129e+04
2.611570851982747049e-06
-3.625739438904977685e-02
1.163974930429263199e-01
3.893488940454452041e-01
5.749128168206995682e+00
-3.908544528574600108e+00
2.954291985342591076e+00
-4.164743103892465825e+00
-1.101252009248551502e+02
-4.373727948434491850e+02
9.194674778039782836e+01
-2.340442788220247792e+02
-6.160534202192962283e+01
1.226954491741316957e+02
-6.209867577037412048e+02
-8.979169180041308209e+02
2.308165175685648592e+03
-4.828954084070001045e+03
-2.737535780058909495e+03
4.892254761970655636e+03
1.720674112866833184e+03
1.529186340471972699e+03
-1.294434322935318050e+04
7.935862041775651960e+03
2.942187889874475331e+03
4.847797068808407857e+03
2.350141969927597984e+03
-1.857729235658208381e+03
-7.182112966999237869e+03
-2.167682566832620432e+04
3.165813965429186967e-04
7.744951470845497232e-02
6.835173739524521563e-01
3.924522977471268437e+00
8.574746367441228756e+00
-4.860687728836953880e+01
-9.248760816395784445e+01
5.783183426477641831e+01
-4.209317979785901542e+01
-4.844733312418043170e+02
-6.343213309867618932e+01
2.379124349459299026e+02
-2.980483211832830420e+03
1.768407911634024231e+03
-6.762420415305808092e+03
-4.504681580265598313e+03
1.160247826852189610e+04
-9.138516067288828708e+03
2.023716210518706021e+03
2.731906762556403919e+03
-1.324387047545378209e+03
2.273398703745827152e+04
-1.309742601368962642e+04
2.699386611263495979e+03
5.947649699730034627e+04
-2.503771287688001848e+03
6.402061832997135207e+04
-2.515879018758014718e+04
3.459675229569072690e+04
-9.122789463510768837e+04
-1.178819977799696413e-04
1.722925550924140486e-02
-2.000931500628993359e-02
-3.684475157023257008e-01
-1.496112661376099551e+00
-7.536752703861261393e-01
3.194339536438421590e+01
-1.952764182007156180e+01
-1.378181767230721846e+02
-1.843849437005116215e+03
1.433538811019066372e+02
-9.054021617789960601e+02
6.146261241877394923e+02
-1.516708580377089106e+02
-7.435637368728525871e+02
-3.107138431169541036e+03
8.638189016067226476e+03
-2.347277983986523031e+04
-1.612118902571877697e+03
2.315914157405126389e+04
1.576539407100573953e+03
-1.042646690537367249e+03
-6.290208576361416635e+04
5.802866914660547081e+03
-1.356338373409629639e+03
3.117649235349013179e+04
-6.294301392973968177e+03
-3.057238071641455463e+03
2.185834290994059484e+04
-1.067152112138688099e+05
-2.067567108456658828e-04
1.770154183145974669e-01
1.632888596899024769e+00
8.914818807818399193e+00
1.969964741717428680e+01
-1.092431809562751397e+02
-1.952849901894116158e+02
-3.613578379434555643e+01
1.885915400195881730e+01
2.825505682478412837e+02
-1.319272132154841017e+02
1.178759971749377883e+03
-5.566438698166802169e+03
4.805901714612295109e+03
-1.716282387619915608e+04
-4.277830414807463058e+03
1.593692996995153408e+04
-2.009950751074235086e+03
8.345699536328154409e+02
-1.226632902646154980e+04
-3.164009409570331627e+03
3.457805146228084050e+04
1.830314589633550349e+04
2.782297127358857324e+03
1.129281512536472728e+05
-2.503291687020900281e+04
1.714059872044880758e+05
-4.862046445805180701e+04
1.387992977221183173e+04
-1.115125403923458798e+05
6.273163681988836501e-04
-1.587742587076824696e-01
-1.287782326987017001e+00
-6.882056567126694446e+00
-1.544962324895534422e+01
9.540589027983978099e+01
1.521210838480226073e+02
1.129043305260632479e+02
-7.804279182584095054e+01
-5.890506020540337673e+00
-1.250178783783971426e+01
-7.528618752304752206e+02
2.353175597235141595e+03
-2.047391399392228777e+03
9.769338546467790366e+03
1.007843348750997211e+04
-1.383704256507090395e+04
-4.225618415974871027e+02
-1.296699589259170898e+04
-1.712903168470644005e+03
-2.383839054294122434e+03
-3.292572028080436667e+03
-3.972055496680937722e+03
-2.436138487388802787e+03
-3.988706941909841407e+04
-4.396148573526791665e+02
-1.007863200588582986e+05
1.257082809647926479e+05
-1.269186922699220595e+05
6.989891858405741004e+03
5.206851967211827527e-04
2.032622701136862775e-01
-7.426486205863876144e-02
-7.602050154434092377e-01
-1.828551530279867166e+01
3.824612508073593098e+00
2.323524139988935389e+01
5.939910872228154659e+01
1.169189281255834430e+03
-1.753323967007730744e+02
6.498299709596733464e+02
6.050137363363254508e+02
6.379191605610859597e+02
1.780384947524901520e+02
9.100514074252992032e+02
-9.293904200420479174e+04
-1.104681466584131886e+04
-1.999448628987942357e+04
1.874659020358590351e+05
-2.215230202244340035e+03
2.767199486760765285e+04
-5.470211333377406845e+03
-5.880524568115705733e+03
-1.345013225233995399e+04
3.113539179079927999e+04
3.523112227155583241e+04
1.772857116919292093e+04
-1.481062257107275364e+05
1.830778592598664341e+06
-3.900701924700771542e+03
-3.892457498704714127e-04
-6.994719545232322422e-02
-9.762766348844846842e-01
1.708376442657140171e+00
-5.206651358081335168e+00
3.659977056952319430e+01
-9.206748945548787333e+01
-2.783056767151347533e+00
9.989011230906641003e+01
3.150131668777751770e+02
1.807562614730244093e+02
-6.119153222489091604e+03
-4.604914224611227525e+01
-1.321452156593969676e+02
6.256776374295335700e+03
-1.290810983259622617e+03
-2.004053330183117578e+04
1.085932691123656405e+05
3.105514045319274373e+04
4.789326037339340837e+04
3.644024051030832652e+03
4.888605661252753634e+03
1.662728031487787121e+03
-1.729320589032014323e+04
-2.546461617037483302e+04
-4.472121088298530231e+04
-7.460787816672385088e+04
-5.773758819006858539e+04
9.426426907297877187e+04
1.600649666337797418e+06
