# -0.15J_-0.85g_0.73304theta_0.0phi_10Chi_0.01delta_500N
-5.773638204249245121e-01
-4.762797931434818999e-01
6.618287131510236510e-01
3.309755615995625677e-02
-3.065384814437246974e-02
1.456100924237420900e-02
2.161791292971027359e-02
-2.089089297584223806e-02
-1.858449455513212084e-02
3.750665276443187601e-03
1.560640101100615740e-01
-1.344104664062800436e-01
-8.932888325852497147e-01
2.267285241622887781e+01
7.472409350166300257e+00
1.751813548716782876e+01
-9.552229073817006366e+00
-1.043791376453148878e+01
8.842508032303198817e+00
-9.044134827013194933e-01
-7.898234734126599044e-01
-7.699709472612592531e-01
1.420172343431456596e+00
-8.805143550940544017e+00
1.100986176092844460e+01
-8.865993404132314737e+00
-2.182083807780046314e+01
9.096744614845842847e+00
1.748098930580892230e+01
-2.832390160061532214e+00
-4.395047158857141867e-02
8.783343067062704401e-01
-1.855585798563378219e+01
8.857078028735962789e+02
-5.210485576580985025e+02
7.589895085105878252e+02
2.377449296797752595e+03
1.403780216606164231e+03
-7.906422546368773965e+02
1.635574251249544659e+03
-1.183502099458042835e-03
1.459071437344884892e+01
1.310434851826545533e+01
-9.455551046999174787e+02
-8.386719948422354491e+02
-7.008845391508629064e+02
1.979535970365121102e+03
-1.487439291559502408e+03
-1.452670892003167410e+03
-1.949063927971633166e+04
-1.385215559058286874e-02
-5.299589516039634240e+00
-1.816962740769530882e+01
9.863452941639659457e+02
7.320960215860829123e+01
1.128641148578355796e+03
8.237510291045663280e+01
1.338994075866756020e+03
3.474185086238178997e+02
9.027371471912843845e+03
2.977948139309775748e-03
-1.646059822118738936e+01
-2.576333423376242493e+00
2.430006655386419467e+01
2.468859345956357629e+03
1.243387421298544950e+02
-1.411621446188076334e+04
-1.323736174572313757e+03
4.212283260388581766e+03
5.180347640129716456e+04
2.769434284157161127e-02
-1.498891579553978204e+01
1.417230747976734939e+01
2.376410153051780981e+03
1.555735904949204951e+03
1.949056004441727055e+03
-2.183764606022546559e+03
1.682617702824296430e+04
4.442106201624064852e+03
1.887383600490506506e+05
1.761810574514799388e-02
-1.806391952367679821e+01
5.257686558430394896e+00
4.104010623877140915e+02
1.774383055322746941e+03
3.714153924126388802e+02
-6.590996834801809200e+03
2.300859005482206157e+03
5.065612006797872709e+03
4.947638842680835660e+04
1.817316993014305576e-03
-2.323781216972999886e+00
2.870856019453139063e-01
1.154718879678594749e+04
-1.772762517731139815e+04
9.349858985136690535e+03
1.178299509323518141e+05
-6.240390474559275162e+02
-4.747622255309748289e+04
-2.412496655047266278e+06
-5.773643901133571621e-01
-3.350203965964325126e-01
-7.433844016404915767e-01
-4.309574371973483309e-02
-1.333637034418458725e-02
1.456092706730809788e-02
-2.890119960877387401e-02
-8.278008275293366122e-03
-1.858447693741479070e-02
-1.145098536073579047e-04
-7.620388107476171458e-01
-1.152128794151880520e+00
-1.357548439179717903e+00
1.450266439964464915e+01
1.352218338282924037e+01
-1.643718054736171652e+01
1.840310265588988514e+01
5.681897418036207625e+00
1.071770415722695624e+01
-6.107964090153557291e-02
2.597562319103706163e-01
-3.057089410316323752e-01
4.024526900498043291e-01
-2.755384645063359894e+00
1.918003550144482716e+01
-1.073823168333647082e+01
-5.702356640472439508e+00
-1.885955492507712350e+01
-1.639834933739130207e+01
5.482028073229180398e-01
2.300014875445543713e-02
8.330886902644422776e+00
-1.028801357599711253e+01
6.664817961787108516e+02
-8.189586082112891745e+02
2.275318976516768998e+02
1.959279114991765027e+03
2.214383302591839310e+03
1.653328278417864112e+03
-2.334026562765959625e+03
-3.747043396740543098e-02
2.285857210215677782e+01
5.651764414788932989e+00
-6.476919217930586683e+02
-1.057891758079173769e+03
1.007859019130683350e+03
1.169542019304361929e+03
-1.906666934179512964e+03
4.143755316248261522e+01
-2.070128271639303057e+04
-1.385213035200298128e-02
1.838513947464162612e+01
4.495189322977625856e+00
-4.299352233197655551e+02
-8.908713641878540557e+02
1.128740587714633193e+03
1.122239900155275564e+03
-7.428302684983268591e+02
3.471900442566476386e+02
-1.143778950912963955e+04
-2.547249117385505177e-02
-1.091837245389411182e+00
2.386167194121961899e+01
-1.194722240484507438e+03
3.088906726204306324e+03
-1.754315007143558432e+03
-1.656625561393828320e+04
-6.736099877381000169e+02
-5.950152124632151754e+03
1.043057149679382273e+05
-1.126712616494550054e-02
1.144990788482421884e+01
-1.197613354208884262e+00
1.755645436231025315e+03
3.328181970154737996e+02
-8.650022066400609901e+02
-2.801607432296463230e+03
1.438551288301793466e+04
1.410075832597466842e+03
1.598607677632935520e+05
1.761813001112872562e-02
4.478658294455564182e+00
-1.827272037187729481e+01
1.331508348795382517e+03
-1.242506076608775174e+03
3.714288564360139731e+02
5.289531566842478242e+03
4.537766488999427565e+03
5.067014617208389609e+03
-6.353760135677008293e+03
-2.633167429209676974e-03
-8.948223188868307254e-01
2.773543583624038078e+00
1.070504575029540774e+03
-1.052754984258482000e+04
2.172716273094971257e+03
6.982617822318155959e+04
-5.976448912332352484e+04
2.100412633930993979e+04
-2.663201044764487073e+06
-5.773640766128699253e-01
8.113001613724054595e-01
8.155638342760500314e-02
9.998248134026374578e-03
4.399015864486791744e-02
1.456105028583268637e-02
7.283192199218706600e-03
2.916882931240670496e-02
-1.858451122554725943e-02
-3.621218984509940418e-03
6.059752896406638278e-01
-1.045332762663250481e+00
-2.440496700553907439e-01
1.334850664017307231e+01
3.421721155751888510e+00
-1.080932170824389749e+00
-9.533558803184577712e+00
2.183280597295839698e+01
-1.956021905025358976e+01
-3.408317773146049667e+00
5.300667387190972635e-01
-1.419208982320671053e+00
5.092499058635396869e-01
-1.285584380066068633e+01
2.033417199900150507e+01
1.960423111881301494e+01
1.044833547108927441e+01
9.078701200850918696e+00
-1.082650320180603476e+00
-3.953308641226886411e-01
2.095029437204022280e-02
1.176476184257696112e+01
-2.087605230198845518e+01
1.034082808155527118e+03
-8.598509663108073937e+02
-9.864986343216830846e+02
1.466751742498673821e+03
1.446114635049930939e+03
-8.628205894952111521e+02
-1.117554686423765133e+03
3.865394208030681344e-02
1.227053946245096583e+01
2.217895926027114939e+00
-6.067656671221751594e+02
-6.903224808500841618e+02
-3.069600086797463518e+02
1.936842543924175516e+03
-2.399038316725714139e+03
1.411195152781098841e+03
-1.643777350662601748e+04
-1.385217517722692367e-02
-1.308554413322259613e+01
1.367441584567907853e+01
-5.564657057321883258e+02
8.176952671997624975e+02
1.128658205949976946e+03
-1.204735163709906601e+03
-5.964495966910392326e+02
3.473751931294871156e+02
2.159650584863025415e+03
2.249456454950397172e-02
1.411971725112548270e+01
-2.667019992759562363e+00
-1.122168319440609594e+03
1.722949615447165343e+03
1.629648200473143561e+03
-1.590155356655243668e+04
-3.102701110311219054e+03
1.739762840936679595e+03
4.998535675521372468e+04
-1.642720428707904537e-02
-1.508024184809225154e+01
-1.640937177912800493e+01
3.124847357713913425e+03
4.068655318024116809e+02
-1.083960850087700692e+03
-3.637791469925438719e+02
1.506937157409536667e+04
-5.853172615144690099e+03
1.282455242204034294e+05
1.761812543611681464e-02
1.358527969120452994e+01
1.301500998100279460e+01
-1.741717264563792241e+03
-5.315655499273162832e+02
3.715011250803713665e+02
1.298418871311366274e+03
-6.836834515934439878e+03
5.065505802019797557e+03
-4.259698482087771117e+04
8.041073761493094853e-04
5.341300723962064678e-01
2.922247725917921368e-01
4.105197120074365102e+01
-2.339228232304286939e+04
-1.167628555242945367e+04
1.462708430722954799e+05
-7.259970890719912131e+04
2.694436258248655940e+04
-2.673930944619746879e+06
