# -0.2J_-0.8g_0.89012theta_1.0472phi_10Chi_0.01delta_500N
-5.777535108197284774e-01
6.381962195988314379e-01
-4.887761011899526831e-01
1.036086627818680467e-01
5.462307701797584902e-02
3.286738266366082128e-02
-4.432811311798069698e-02
5.493371613600991910e-02
-5.188619265137543041e-02
6.300565228012796302e-03
8.012511985621693089e-01
-1.397808730909438690e+00
8.049132329636272676e-01
5.029780212580014620e+00
1.749133646795292929e+00
2.900081932221279857e+00
-6.837608553386511190e+00
3.289801129139569902e+00
-6.356502682879651367e+00
1.375516594393051628e+00
-1.087332863193705562e-01
8.114145697151776693e-01
1.976366290746456589e-01
1.309810597361210638e+00
-8.328528845814268777e+00
-6.471914703559617621e+00
-3.282004724806279583e+00
-4.403069661174098037e+00
-2.902885881356427777e+00
6.416658735762917898e-01
-1.705372602556549239e-02
4.389143623107235825e+00
5.652448847096070317e+00
9.466839537814462346e+01
-1.413348984102044597e+02
-9.149294467935673936e+01
-6.808333368733735824e+01
1.725822270096807927e+02
-1.790258105146699279e+02
8.239337815737575283e+02
1.193203298485141367e-01
7.107430189283195254e+00
-8.514191413606909953e-02
-1.129108791780384990e+02
-1.046506579799650325e+02
-1.066758621715628550e+02
5.313193214443110719e+02
-2.602022805505763614e+01
1.143581551569307635e+02
9.389989113414931126e+02
-3.442185805631402251e-02
-6.791611401373504719e+00
-2.464696458321780970e+00
1.446803988253911477e+01
1.301932029546008209e+02
1.562888501124570553e+02
-1.581501078017770112e+02
-4.545012053282840014e+01
4.686537749937441077e+01
-7.367685741540052504e+02
2.723955616167392582e-02
2.729283053034394224e-01
-6.924982204909245098e+00
-1.326916867992587470e+02
4.148696787439447462e+02
3.047018185616408346e+02
-1.424134535653993680e+03
-1.409835384662880188e+03
4.101229917703516321e+02
-9.034501570662716404e+03
-7.357236742835124299e-02
-5.683105712674686671e+00
3.888729482495003165e+00
-1.797546966260490109e+01
-1.581940328909310267e+02
-1.432013677970807919e+02
1.507065677036594252e+03
5.419079878404368600e+01
-1.276091841442735841e+02
5.114408473375294307e+03
5.241829961140740540e-02
2.415194832971958583e+00
-6.615151364557989133e+00
-2.435515750986492662e+02
1.021802856924451248e+02
5.586813543310741892e+01
6.630476974767524325e+02
-5.235661410569445025e+02
6.020907356595814690e+02
-7.006589011750857026e+02
3.300948920320224706e-03
-7.147654190631980153e-01
-2.265072319682796209e+00
-3.186426229319425261e+02
-7.999968540798516869e+02
-4.761952013729686541e+02
5.873554308135984684e+03
2.796376493881846272e+03
-2.261012759066726687e+02
2.213067142437537404e+04
-5.771878609618412703e-01
-7.427518900356830933e-01
-3.084288688055312755e-01
-4.521976705199165156e-03
-1.171485678752430121e-01
3.284838809408838212e-02
6.991022841864157067e-02
1.091570636740401418e-02
-5.206295879599757287e-02
-3.295919150744519577e-02
-3.066208577502811949e-01
-4.952652633970657248e-01
2.893408711134878297e-01
7.307631824202583282e+00
-8.572966247228832465e-03
4.158894201634280030e+00
-1.249029216238243034e+00
-6.497199619871800280e+00
5.678112671622058905e+00
1.870354577789741901e+00
7.485905450577658993e-01
1.329052460561271909e+00
1.101676078897914302e+00
3.060892303413563553e+00
-6.052683417287428647e+00
5.747556877983998724e+00
6.528442499857488812e+00
1.181399095502828622e+00
-4.070551472427895057e+00
-2.848272596229473042e+00
-9.493287146545460742e-02
1.797977107326427681e+00
8.610330052356601982e+00
1.140965294982850082e+02
-1.246742794472171312e+02
1.383058654411329371e+02
1.569427706148427433e+02
4.122728696161578341e+02
-1.056717670669332776e+01
8.448448114402443707e+02
-7.456367650226830568e-02
4.150078870023625299e+00
-2.682561165366236899e+00
-1.297036332007358226e+02
-8.503509242108616206e+01
-2.601690555089475154e+01
2.962333954231962139e+02
1.971770780221466168e+02
-2.131392594949653017e+02
3.208519120389709087e+02
-3.450681140091409194e-02
1.269491725001599791e+00
7.120960458001253102e+00
1.052990661551006610e+02
-7.762634986024914951e+01
1.563846059526043746e+02
3.882096554103075903e+01
1.646807554160704683e+02
4.700601398300866407e+01
4.251341127168175262e+02
-7.746522615660808575e-02
8.458905107243428034e+00
9.309324247931589635e-01
-3.114518634935025716e+02
1.286520455750142276e+02
-2.744170070710111986e+02
-3.812910205866127740e+02
-2.145174401706812660e+03
-2.927001049178786047e+02
-6.089484940475360418e+03
1.300378939391145898e-02
2.234337932134418558e+00
-4.294007985870605282e+00
-3.001139706235393305e+02
1.455924556412809068e+01
-1.832327388264610306e+02
8.390039869048076753e+02
-9.361168815969498382e+02
-3.158987790750862814e+02
2.389206658217107133e+02
5.257442594351050685e-02
-6.937028741967164791e+00
1.215517196993825211e+00
2.083756223995823689e+02
1.606103105160986217e+02
5.496613121014389947e+01
-7.648076327767457769e+02
-3.144791870189260408e+02
6.038926805028880835e+02
-8.029792802218211136e+02
-4.553962086819389292e-03
1.180821039247957671e+00
-5.129468229797841117e-01
2.359990353080792715e+02
-1.355009321659139914e+03
7.091372549087337802e+02
4.953886682356046549e+03
8.929956766567291197e+03
-1.294893247642917913e+03
2.398639204751924262e+04
-5.774420936054490694e-01
1.038959852610907564e-01
7.973240605298458350e-01
-9.925370614468795316e-02
6.239623915446834701e-02
3.288904606615809800e-02
-2.569848630808536233e-02
-6.556399112948819996e-02
-5.210068659646487771e-02
2.669577331535458870e-02
-4.951786757731493904e-01
-4.999010034147409187e-01
1.331158787102479035e+00
7.695591564580351651e+00
2.840435236279516218e+00
-7.047102563941069597e+00
4.445484421547477361e+00
3.221909128408572354e+00
6.790145402478940939e-01
-1.452957457359001836e+00
-6.394982938691112784e-01
2.864071107622994106e-01
1.096066744860892950e+00
2.119418038310218189e-01
-5.666787358739779457e+00
7.252049051669730018e-01
-3.204432193146097951e+00
6.838192849279537633e+00
6.982034540857362970e+00
-1.494963123736642308e+00
1.119329572664031908e-01
5.270170672962755098e-01
4.883701295934699260e+00
8.982835431115903191e+01
-1.158882367839467520e+02
-4.670950096351378278e+01
-1.588661719322683439e+02
4.842643320134150713e+02
1.904149404924515636e+02
3.208013389670307447e+02
-4.492393698368395832e-02
7.875064375293537644e+00
-3.951119257600730794e+00
-1.382541948814758541e+02
-1.091347343357656570e+02
1.325498540692677523e+02
2.198286086355265923e+02
-1.230036732292051198e+02
9.812343431263344939e+01
5.465830675487339931e+02
-3.442687267606871215e-02
5.524199374765299098e+00
-4.654538119576489663e+00
-1.197905990190380692e+02
-5.240216868166530162e+01
1.562060326462174089e+02
1.191933835400481172e+02
-1.211128441957662147e+02
4.728480148570812958e+01
2.476086561441553613e+02
5.013364449637050524e-02
-2.442134957561881148e+00
4.101323426810832729e+00
2.629577758621766392e+01
1.153581218568124456e+02
-3.162573941692683022e+01
-3.122645909470419383e+02
-8.322469111978475667e+02
-1.173458799903173286e+02
-3.380488532706442584e+03
6.047222774564538217e-02
5.353225632267400336e+00
6.647967029918729231e+00
-3.093439458016203503e+02
-3.142191198537358332e+02
3.282886461575076851e+02
2.009379572341652874e+03
-1.093309218850964953e+03
4.393904013157099371e+02
4.331746750948155750e+03
5.252323270044705755e-02
4.529605866701036376e+00
5.409510620030436812e+00
3.539469948666690868e+01
-2.622995649551684210e+02
5.469034540457096938e+01
9.536242186719769620e+01
8.363408913004465148e+02
6.079650528151630624e+02
1.404650625569198382e+03
1.858594090473841831e-03
-1.268891287112230204e+00
3.223818081587954687e-01
3.849338948098588276e+02
-5.721377643041493002e+02
-1.944943770485053562e+02
3.892029566208956908e+02
4.561225689083261386e+03
1.412680012483273458e+03
1.091599977914658848e+04
