# -0.75J_-0.25g_0.68068theta_0.0phi_10Chi_0.01delta_500N
-1.573277308685804565e-01
5.972721365349407951e-02
-1.038025622427444783e-01
8.524958789283971772e-01
-1.946908329386305980e-01
1.289140613279809722e-01
3.654283971366072414e-01
-1.238271777948273256e-01
-4.299309656006700120e-02
1.683240823568756539e-01
1.795377011692808611e-01
-2.358080544866650641e+00
2.902765142738361170e+00
6.788689654152729736e-01
-8.435348893061669351e-01
-9.828972574013934427e-01
-6.461188515294439272e-01
1.667105368868053938e+00
-1.292111726171113195e-01
1.835048930192142214e+00
2.223203883610797016e-01
-2.306154202555368293e+00
3.126630537878983596e+00
-2.152089073366653116e-01
-2.871021425258526646e-02
1.887047389989010338e+00
8.846690310764592224e-01
-3.498909821051856106e+00
4.059955918576768075e-01
-2.530591101533818055e+00
9.259456902594764838e-01
1.018734221767969128e+00
-9.669036525045308084e-01
-1.311946384206147265e+01
2.915279356632856977e+00
-3.815407981420322892e-01
5.066712430186066207e+00
-1.677999851634065109e+01
-9.327614428251262524e+00
2.543855202992893538e+01
-7.137498361504082678e-02
-5.958377273284057862e-01
6.375652806801896944e-01
-1.890713655916598901e+00
-1.332318064674073987e+00
-9.867138302547802109e-01
6.648408646303820113e+00
-1.385543315711633205e+01
-1.276865936493267206e+01
2.075696491265689403e+01
6.490117617030362329e-02
-1.281086333425107970e-01
-5.147402190161145530e-01
3.646643595988791731e+00
-1.903497681508278250e+00
-9.467365844841404865e+00
-1.100926469356953952e+01
2.946200005523452248e+01
4.975525009769141249e+00
-8.960557877646499136e+00
2.123710852376437808e-01
-1.948846711135300003e-01
-3.903142044931243726e-01
1.851476766855173395e+01
-2.935485165674220909e+00
-1.275183192789073061e+01
-4.999662516164240600e+01
1.199805712138754785e+02
4.808042536102730935e+01
-9.664800638013278444e+01
-1.941444526014630134e-01
4.692738979837480784e-01
1.338934381574354404e+00
-2.819135999500454304e+01
1.128473754905974857e+01
4.055547659000935568e+01
8.828691347175907822e+01
-2.322920343683478848e+02
-4.241435138195562615e+01
8.522390411303133817e+01
-4.791912547289671476e-02
-2.788726851607385426e-01
-1.865491006173479738e-01
-8.048520484859492896e+00
-9.939791924475835927e+00
-1.711997609080827587e+01
1.614874601020796163e+01
-2.573650783858941793e+01
-9.544435837050427551e+01
1.039666791678897937e+02
8.391178727609903409e-02
1.945596860059736866e+00
2.330305097527929803e+00
1.337643508274762993e+01
1.546875470841660594e+01
1.090609360618837087e+02
4.415219461072366158e+01
-1.883726991679409366e+02
1.122242533216307265e+02
-4.368666777719955689e+02
-1.021098840811473840e+00
-5.707127199543236828e-02
4.455228643700714225e-02
-1.464423525226605238e-01
2.041365111016343881e-02
-1.575230101643158463e-03
-4.339655971518741051e-02
1.634600733128585212e-02
-7.176124135275140786e-03
-1.252836177974149708e-02
-7.913386877299184718e-02
-4.528214376650243067e-01
-3.106144766968668147e-01
6.082377067555388983e-02
3.773955555651855587e-01
-3.056420830782122788e+00
1.089945767153755352e+00
-1.084346755704014509e+00
3.067861099051043539e+00
-7.719285423662600176e-02
-1.267343093895556549e-02
3.602813549111203995e-01
4.642433864166498059e-01
3.024466164467451423e-02
2.018058059431167006e+00
3.420181567647753162e+00
-7.296452577224493696e-02
9.252562197780225262e-01
3.466270617827861944e+00
2.060513669451606411e+00
-1.474655071935441486e-01
5.805397021728901652e-02
-1.204916078890463059e-02
-2.102367556200165910e-01
-1.041054103647324203e+00
8.377655484384440854e-01
-1.775066736889864272e-01
1.993404368216896982e-01
-2.045802340626062144e+00
-1.226453964385867845e+00
6.567805446454878619e-03
-4.777325470608305702e-01
-1.073424359903794700e+00
-7.088867555918242358e-01
-1.217989942379408497e+01
-1.201663806843023607e+01
1.281844554865019470e+00
-1.019110653919075293e+00
-2.446048214581406199e+01
-6.845124753854966215e+00
7.647885257549084589e-03
-3.566193860536719829e+00
-3.499562476745721629e+00
5.017304054961259085e-01
-1.143112161575353980e+01
-6.288326799408699941e+01
1.239436838073971181e+01
-1.337407075768888731e+01
-3.356214007395328736e+01
2.103609610859360401e+01
-5.128081765132914104e-03
5.211002346946659314e-01
4.160311906578317842e-01
1.573088935831112201e+00
4.926059458534832736e+00
-4.357219088841237514e-02
-7.618606970607696205e+00
8.839331816929147934e-01
-9.332712452200086162e+00
1.318573245255577753e+01
2.697690330001089459e-02
-6.353430841293463693e-01
3.157494314478036246e-02
9.493294647441272716e-01
1.932292732512008016e+01
1.946221022983033322e+01
-2.862230570914446659e+00
-1.004082985062665756e+01
9.597089023590949353e+01
-5.703098868441339953e+00
-2.204057651210772958e-03
2.331473751701129693e+00
-2.512344025686743088e+00
-3.250537010716476161e+00
-1.065769439579346027e+02
-7.440357972521809415e+01
-1.447466051476910209e+01
3.941788635977637512e+01
-5.393600488402001929e+02
-4.485085980439758657e+01
-6.047265332091059965e-03
-2.424187885367858411e-02
-1.298843730934097884e+00
-1.303375546319993417e+00
-2.458035455782816214e+01
6.156876682870474582e+01
-2.022248317919444816e+01
9.747690144267220802e+00
2.190120448822647958e+01
-1.598330728327746044e+02
-2.735542390102691304e-02
2.057699618607957137e-01
1.645170609569577835e-01
3.725054467289577453e-01
4.183603901422500715e-01
-1.742794811138628497e-01
-6.787141700168251024e-01
-3.269516569240484838e-01
-1.026671252965504350e-01
-2.586673522311510806e-02
7.715759821299178478e-02
-3.148039027955609193e+00
-1.909921990854769547e+00
4.177542297519898362e-01
2.508452784730173413e+00
8.057997263789541675e-02
5.825477031650196924e-01
4.688000995211633048e-01
-1.086966709049396407e+00
-4.654975695516346268e-01
-3.547439456309571526e-02
2.560166602850654449e+00
2.892089458872896035e+00
-1.269386141589055605e-01
2.759625640514025147e+00
-8.383842962498188056e-01
3.134978932744977520e+00
1.375808337572722806e+00
-1.341162157629941509e+00
-9.307187486450129166e-01
6.561998910557516329e-02
1.298334166565815462e-01
-5.043987598924053462e-01
-1.928624259634540650e+00
-5.768560848140272590e+00
1.243787504711022729e+00
8.219138203271759702e-01
-1.853163618155259984e+00
-4.364418423716196482e-01
9.705190404762521483e-01
3.373201395013362882e-03
2.361853895850165141e+00
-4.597944944393387523e+00
-7.745653172152649368e+00
-7.083700547669555192e+01
1.322939799007740724e+01
-1.461660185899876119e+01
-6.034679990141351702e+00
-2.854764985640089181e-01
-3.527244439710071333e+01
-6.471919238608885017e-02
1.967269102457468999e-01
1.261276462347470595e+00
3.322116459934671528e+00
1.665936379414097246e+01
-4.462488184907217992e+00
-3.606308247036628334e+00
2.929179870607810710e+00
1.772964520889074524e+00
9.174847190820926812e+00
-6.000017616845246815e-01
4.718524284744862185e-01
-1.643947738645898493e+00
1.973643918374738959e+01
4.116004976454162545e+01
-1.381691411727403285e+01
-6.877597233439402657e+01
-4.045447684124915178e+00
2.727505931987968779e+01
3.029170544866022752e+01
-3.842049100795624228e-01
1.374836294829931416e-01
-6.354363338677659900e-01
1.038107715849460533e+01
4.915695331336191742e+01
-9.342002194353620226e+00
-3.131099833003059985e+01
-4.077393329654419318e+01
1.814355523649877355e+01
7.345559296150294415e+01
-1.269583364556680916e-01
-4.474010115733119131e-01
6.798798894820209382e-01
5.819062401498465320e+00
-2.623139550142008147e+01
6.912154514912289827e-01
-3.899201170257182980e+01
1.216719433415081042e+01
-1.961945053741270328e+01
-6.074407014549178996e+01
-1.382794375892281158e-01
-4.148757949869504302e-01
7.163207094210779502e-01
-3.204785725143726172e-01
-6.172041635409031102e+01
2.158474872626528551e+01
5.810687800480351051e+00
-8.613424130915346311e+00
-2.170175190949614930e+01
-1.571020084681606193e+02
