# -0.6J_-0.3999999999999999g_0.31416theta_3.14159phi_10Chi_0.01delta_500N
9.020937612414799134e-02
7.015768672102072698e-04
2.616590954867377148e-05
9.503889397611099696e-07
5.040259402408882660e-07
4.639937420316631332e-07
4.109881296394705332e-07
4.514001774168838737e-07
4.069085470470612619e-07
4.765736655417878351e-07
4.157133374085582322e-07
5.120933935190680382e-07
4.288941848818454270e-07
5.512613348432956751e-07
4.447997767155607753e-07
5.930835598626646827e-07
4.631360839282801710e-07
6.384199518156499029e-07
4.842832439498962620e-07
6.889831815440586498e-07
5.093607864000065402e-07
7.470374279570179865e-07
5.404032062985358404e-07
8.151685115726958748e-07
5.801374123111904164e-07
8.958940080054316428e-07
6.312504985719993354e-07
9.911289231913507969e-07
6.961140532229185734e-07
1.101484266586510869e-06
7.772286142780625800e-07
1.225362520002368031e-06
8.776496702797291845e-07
1.357878535685536070e-06
1.001047783562200158e-06
1.489894161943745490e-06
1.151532823670504570e-06
1.608065859693925852e-06
1.333713084192393647e-06
1.697497115711451841e-06
1.553339388398281206e-06
1.747792458682500376e-06
1.818123127959884780e-06
1.759470844573741111e-06
2.137903480661358478e-06
1.744661449134957358e-06
2.523709538560867263e-06
1.720642194702698585e-06
2.985681947861342199e-06
1.701987378835117021e-06
3.529725291505443837e-06
1.696572434294417792e-06
4.152564305321600054e-06
1.705484137193660287e-06
4.835208869630942749e-06
1.724509848627800180e-06
5.536416353047571461e-06
1.745804747031633547e-06
6.190556414223660044e-06
1.759971239421159231e-06
6.715835810470394901e-06
1.758527409035495957e-06
7.034909410771080579e-06
1.736389491683852797e-06
7.100323707751224351e-06
1.693393410836386994e-06
6.911008339323090824e-06
1.634028197340392100e-06
6.511007740771194403e-06
1.565544295447228887e-06
5.972633193747020189e-06
1.495508851322751466e-06
5.373570716945277511e-06
1.429943733002626643e-06
4.778326344759794813e-06
1.372554398569806433e-06
4.229869748442039281e-06
1.324897463701326784e-06
3.750683440442411241e-06
1.287038011660111887e-06
3.348491374717958728e-06
1.258277476826365467e-06
3.022392669794022708e-06
1.237754441643434224e-06
2.767399603690917053e-06
1.224793259735632988e-06
2.577158966062022384e-06
1.219044035751897239e-06
2.445309371410542806e-06
1.220479188612671742e-06
2.365967531304326173e-06
1.229323798408062528e-06
2.333780349269445600e-06
1.245971983607394753e-06
2.343941977680892763e-06
1.270906998888912750e-06
2.392394058147022474e-06
1.304627947864372156e-06
2.476145092625292412e-06
1.347595536757699271e-06
2.593454708310843573e-06
1.400243106187267379e-06
2.743650070045078269e-06
1.463007794766967278e-06
2.926435032679631360e-06
1.536360414130879290e-06
3.140613857384715401e-06
1.620820089357367577e-06
3.382099687340489894e-06
1.716933958057336686e-06
3.641071678925489934e-06
1.825214567570187554e-06
3.898331647555597431e-06
1.946003762730271967e-06
4.121542886450553110e-06
2.079221779264733213e-06
4.264029572555815691e-06
2.223960504849048137e-06
4.272822851063280111e-06
2.377892384179986069e-06
4.114038441444961569e-06
2.536502493400001806e-06
3.806764663922355302e-06
2.692256481569404388e-06
3.426936630049845200e-06
2.834157766040964854e-06
3.063456468164745403e-06
2.948622462703904264e-06
2.772866663509066423e-06
3.022527947363611463e-06
2.571820541810089566e-06
3.048069397301914239e-06
2.452935774294048986e-06
3.027113487387219102e-06
2.400143067288160349e-06
2.971902451359778065e-06
2.396919200603154435e-06
2.901052144340516240e-06
2.429583147373262388e-06
2.833298999178459586e-06
2.488069680954713356e-06
2.782607913326446981e-06
2.565527450105194384e-06
2.756245519565732060e-06
2.657503392559946366e-06
2.755079744013786198e-06
2.761156413792656497e-06
2.774646833172769767e-06
2.874654424942845115e-06
2.806061981270913490e-06
2.996758859251457181e-06
2.836711503903566250e-06
3.126551988619386662e-06
2.851533435027639940e-06
3.263261811992922743e-06
2.836375563588482959e-06
3.406150542828936139e-06
2.784133912955077862e-06
3.554440168586589193e-06
2.700524858713342757e-06
3.707253265944649939e-06
2.603017118189834006e-06
3.863561459271439973e-06
2.511769398452298215e-06
4.022149277964018281e-06
2.440600948355648834e-06
4.181599306238685136e-06
2.394607607631026498e-06
4.340290246626729162e-06
2.372802340009801425e-06
4.496402059442064596e-06
2.371517154598920317e-06
4.647930587162542336e-06
2.386570357872417770e-06
4.792716804726303910e-06
2.414206809316557529e-06
4.928495523690101750e-06
2.451373352722972951e-06
5.052966408986386658e-06
2.495698360375968776e-06
5.163889712262415644e-06
2.545370232503819249e-06
5.259204464782963028e-06
2.599006282330894840e-06
5.337162080178203023e-06
2.655542604686245121e-06
5.396462442336043217e-06
2.714151029109320522e-06
5.436375414429712645e-06
2.774176966783305718e-06
5.456824111772979298e-06
2.835095513591703651e-06
5.458413001768836724e-06
2.896479890650496135e-06
5.442387019319946583e-06
2.957978636540933766e-06
5.410524045416951115e-06
3.019299405603242786e-06
5.364975501444679857e-06
3.080197224651670570e-06
5.308080609362820118e-06
3.140465814904699922e-06
5.242184251954822247e-06
3.199931683666500479e-06
5.169480620698635121e-06
3.258447579946732448e-06
5.091890236052266226e-06
3.315889329537430152e-06
5.011011938449015413e-06
3.372152388888310726e-06
4.928101137202745467e-06
3.427150077129476233e-06
4.844086893609660136e-06
3.480811366179195886e-06
4.759613379896120694e-06
3.533079379714796228e-06
4.675094258065786995e-06
3.583910239219889841e-06
4.590770847669687087e-06
3.633272109044845262e-06
4.506767703404562458e-06
3.681144333829117342e-06
4.423141636291126811e-06
3.727516585407560718e-06
4.339922111670902612e-06
3.772387963558524356e-06
4.257142299649438469e-06
3.815766019906821231e-06
4.174860928454222451e-06
3.857665693350409371e-06
4.093175633371817880e-06
3.898108158103242462e-06
4.012228825615117180e-06
3.937119593331307824e-06
3.932207312019785493e-06
3.974729886624267121e-06
3.853337020833151827e-06
4.010971281188620384e-06
3.775874242599418195e-06
4.045876967409558719e-06
3.700094773894670441e-06
4.079479604865392166e-06
3.626282250890130936e-06
4.111809746700282533e-06
3.554716783437608171e-06
4.142894128771832993e-06
3.485664764879217674e-06
4.172753781359678185e-06
3.419370464778947845e-06
4.201401917945635404e-06
3.356049741120176663e-06
4.228841550355009526e-06
3.295885962739304939e-06
4.255062772155263876e-06
3.239028032225455046e-06
4.280039655018000358e-06
3.185590254013987109e-06
4.303726610096334483e-06
3.135653702880834517e-06
4.326054367915242950e-06
3.089268712401743718e-06
4.346925132805194547e-06
3.046458119447884112e-06
4.366207243955599626e-06
3.007220945470584656e-06
4.383729097106535615e-06
2.971536238806016016e-06
4.399272415775062203e-06
2.939366968569347385e-06
4.412565126467805947e-06
2.910664845168238734e-06
4.423274027329565675e-06
2.885369621368593756e-06
4.430998698852633265e-06
2.863414159142898046e-06
4.435267986195586085e-06
2.844727774547443967e-06
4.435538656346288000e-06
2.829237563965877965e-06
4.431201898112493523e-06
2.816869978722466823e-06
4.421598155526484682e-06
2.807552131329819083e-06
4.406045284261592768e-06
2.801212812030235117e-06
4.383883359713491381e-06
2.797783252305259604e-06
4.354538476107019018e-06
2.797197671309586098e-06
4.317604932377474793e-06
2.799393636069969616e-06
4.272940198766492517e-06
2.804312259933728131e-06
4.220760456438718191e-06
2.811898257718769769e-06
4.161718009090205518e-06
2.822099872182519517e-06
4.096938466555120080e-06
2.834868685936687541e-06
4.027998628506666220e-06
2.850159336160016938e-06
3.956836536744262798e-06
2.867929154892744967e-06
3.885602816476825084e-06
2.888137762740086892e-06
3.816477859511818866e-06
2.910746645591374310e-06
3.751489836728530469e-06
2.935718740808129056e-06
3.692366566872047583e-06
2.963018051895148008e-06
3.640442626921655441e-06
2.992609301472464509e-06
3.596626881893590538e-06
3.024457623954544853e-06
3.561422502651080769e-06
3.058528293590199912e-06
3.534982409250308470e-06
3.094786480643729876e-06
3.517182525483567298e-06
3.133197028097212427e-06
3.507697919516430553e-06
3.173724242193781500e-06
3.506071920550436292e-06
3.216331691625682799e-06
3.511773142215805964e-06
3.260982011765613875e-06
3.524239024409785822e-06
3.307636711489943945e-06
3.542906794746836437e-06
3.356255981179976969e-06
3.567233869434430341e-06
3.406798501035228631e-06
3.596710030441518015e-06
3.459221249424869350e-06
3.630863573754241904e-06
3.513479311076259145e-06
3.669263273293987596e-06
3.569525684995616796e-06
3.711517601200674557e-06
3.627311091964139574e-06
3.757272270431795377e-06
3.686783781735057243e-06
3.806206854424370029e-06
3.747889340888896724e-06
3.858030998813172969e-06
3.810570502880630432e-06
3.912480563384976610e-06
3.874766961807820035e-06
3.969313903487824468e-06
3.940415190955120113e-06
4.028308409453916006e-06
4.007448267530541437e-06
4.089257363719692966e-06
4.075795705487888429e-06
4.151967140003082389e-06
4.145383299044132775e-06
4.216254747228578656e-06
4.216132980000308272e-06
4.281945708381771123e-06
4.287962692490667599e-06
4.348872257740404667e-06
4.360786289445573588e-06
4.416871837711640896e-06
4.434513455409807942e-06
4.485785876653995314e-06
4.509049661245122005e-06
4.555458830658084243e-06
4.584296156653547244e-06
4.625737474358203262e-06
4.660150007149039995e-06
4.696470428035888505e-06
4.736504182655249036e-06
4.767507910094839515e-06
4.813247705257429059e-06
4.838701705162634225e-06
4.890265863974892514e-06
4.909905338577445952e-06
4.967440504471593685e-06
4.980974447598006523e-06
5.044650401391373403e-06
5.051767338095567720e-06
5.121771720385024480e-06
5.122145713351426946e-06
5.198678575996402741e-06
5.191975557944837054e-06
5.275243689929614737e-06
5.261128155757763377e-06
5.351339152235525612e-06
5.329481216071354068e-06
5.426837285181354743e-06
5.396920076484584511e-06
5.501611606318493644e-06
5.463338946022062977e-06
5.575537883162220904e-06
5.528642146649839537e-06
5.648495267574414638e-06
5.592745307291231916e-06
5.720367492774118370e-06
5.655576461230675616e-06
5.791044110983305553e-06
5.717076996846803249e-06
5.860421744268498363e-06
5.777202412337921463e-06
5.928405316568953805e-06
5.835922828904707113e-06
5.994909230663818667e-06
5.893223222758409929e-06
6.059858450886920619e-06
5.949103345251386771e-06
6.123189450971853989e-06
6.003577311659702256e-06
6.184850986745686025e-06
6.056672851887559929e-06
6.244804656191423375e-06
6.108430230596391245e-06
6.303025214038937923e-06
6.158900858670097038e-06
6.359500615495344084e-06
6.208145631507400629e-06
6.414231773038135425e-06
6.256233041894014713e-06
6.467232021198783070e-06
6.303237125058446068e-06
6.518526296602354803e-06
6.349235300295882862e-06
6.568150053300634058e-06
6.394306177243192249e-06
6.616147945636808500e-06
6.438527395137781572e-06
6.662572322442464318e-06
6.481973560398545688e-06
6.707481585498584085e-06
6.524714342275406952e-06
6.750938472191745213e-06
6.566812778585796912e-06
6.793008326319238182e-06
6.608323834347095217e-06
6.833757421702309035e-06
6.649293246270781479e-06
6.873251401067510333e-06
6.689756676183653534e-06
6.911553887351290124e-06
6.729739187123443277e-06
6.948725316933622579e-06
6.769255047404153109e-06
6.984822034449725062e-06
6.808307860558233493e-06
7.019895677773995628e-06
6.846891013141974524e-06
7.053992869334531429e-06
6.884988427128459101e-06
7.087155218008596179e-06
6.922575599619348489e-06
7.119419622713423875e-06
6.959620908860163934e-06
7.150818857731032957e-06
6.996087162117538993e-06
7.181382408116678895e-06
7.031933357423123607e-06
7.211137513876975035e-06
7.067116626954951323e-06
7.240110372950123075e-06
7.101594325098601800e-06
7.268327445858532973e-06
7.135326217841967502e-06
7.295816799484162492e-06
7.168276722054309731e-06
7.322609423497464965e-06
7.200417131022990288e-06
7.348740449304112912e-06
7.231727742997685155e-06
7.374250196053122548e-06
7.262199775824845168e-06
7.399184955913863827e-06
7.291836895614038653e-06
7.423597403205281358e-06
7.320656111624794149e-06
7.447546460640670977e-06
7.348687731408091272e-06
7.471096385043871482e-06
7.375974134959635561e-06
7.494314795367760491e-06
7.402567442075190609e-06
7.517269477926015522e-06
7.428526632181306713e-06
7.540024177310995505e-06
7.453914866646573537e-06
7.562634052127284156e-06
7.478797272116764899e-06
7.585141535192429813e-06
7.503238671956294899e-06
7.607572745633615730e-06
7.527300476992558658e-06
7.629933896325663550e-06
7.551036261798107828e-06
7.652206958090363399e-06
7.574485955242404785e-06
7.674344107733042177e-06
7.597668732378853046e-06
7.696260773850376413e-06
7.620574640992992661e-06
7.717827207131945866e-06
7.643154863789490821e-06
7.738858485156887228e-06
7.665310381599748851e-06
7.759102806671610918e-06
7.686878681312759399e-06
7.778227930497122588e-06
7.707618107356020067e-06
7.795805430145754435e-06
7.727188892663243997e-06
7.811293021238663453e-06
7.745131379934578226e-06
7.824015376854210544e-06
7.760839477583134153e-06
7.833143220190838312e-06
7.773530117024006681e-06
7.837673928113284534e-06
7.782209218053249558e-06
7.836415619768650277e-06
7.785635722213421207e-06
7.827980111832144450e-06
7.782288110605923616e-06
7.810792000469782710e-06
7.770341184277150301e-06
7.783123639279522520e-06
7.747665930168329406e-06
7.743167492713531303e-06
7.711871404205583201e-06
7.689156159212124899e-06
7.660411385468887441e-06
7.619535611011374133e-06
7.590782117298589759e-06
7.533185290406463093e-06
7.500822373009180130e-06
7.429658748021513005e-06
7.389103646873398544e-06
7.309398890688486011e-06
7.255351005137510783e-06
7.173867592206573769e-06
7.100790416316807070e-06
7.025534424547904373e-06
6.928289630564930408e-06
6.867697558897796634e-06
6.742193776912079026e-06
6.704159185077065362e-06
6.547848530688411503e-06
6.538823354625307449e-06
6.350920006787514043e-06
6.375306342826970233e-06
6.156695845688788481e-06
6.216637840012964639e-06
5.969543639084595499e-06
6.065094485497495450e-06
5.792623328973438374e-06
5.922165247228508797e-06
5.627852053887609606e-06
5.788618141168756487e-06
5.476052074435795456e-06
5.664626257158821857e-06
5.337191721904883867e-06
5.549914652750802598e-06
5.210643918826928616e-06
5.443900908117164980e-06
5.095415441604467230e-06
5.345814421243131734e-06
4.990326786017848539e-06
5.254789221959778789e-06
4.894140558104587633e-06
5.169931196218205345e-06
4.805645606291320721e-06
5.090363636725878665e-06
4.723707198278493678e-06
5.015255964307116361e-06
4.647293194095973959e-06
4.943840220075229014e-06
4.575484374173107201e-06
4.875419169196500123e-06
4.507474994737742158e-06
4.809368973997370349e-06
4.442567791214722200e-06
4.745138582322025922e-06
4.380166202701869301e-06
4.682247310573221631e-06
4.319765541906758047e-06
4.620281589353813779e-06
4.260944114961116299e-06
4.558891464439185781e-06
4.203354821769708766e-06
4.497787179446584279e-06
4.146717468270534578e-06
4.436735982597572102e-06
4.090811841148584762e-06
4.375559176704714699e-06
4.035471493206607833e-06
4.314129352554354772e-06
3.980578135999864416e-06
4.252367772870125313e-06
3.926056734678033307e-06
4.190241572512654572e-06
3.871869954876419273e-06
4.127760291614553480e-06
3.818014461465110407e-06
4.064973770301525492e-06
3.764516868697644615e-06
4.001968293558773279e-06
3.711428636203389403e-06
3.938861600914613611e-06
3.658822221145790939e-06
3.875799328549138568e-06
3.606787190656227596e-06
3.812949898127918394e-06
3.555426135465408099e-06
3.750499322147414864e-06
3.504850817628660118e-06
3.688645810372194833e-06
3.455178415450673324e-06
3.627594280261356894e-06
3.406528167811234495e-06
3.567551067374105229e-06
3.359018061498277003e-06
3.508718784873506457e-06
3.312762030047879362e-06
3.451291710109441837e-06
3.267867460674899120e-06
3.395451703133988506e-06
3.224433124663325350e-06
3.341364805177907853e-06
3.182547536650767878e-06
3.289178576686286415e-06
3.142287743735925598e-06
3.239020200530021377e-06
3.103718530332222961e-06
3.190995338469262873e-06
3.066892012937931072e-06
3.145187697265217158e-06
3.031847591252075606e-06
3.101659235651667259e-06
2.998612215270028939e-06
3.060450921334846859e-06
2.967200915334291060e-06
3.021584005496361206e-06
2.937617645238257236e-06
2.985061199858185808e-06
2.909855570185629661e-06
2.950869089808648362e-06
2.883899228212079886e-06
2.918979589688492408e-06
2.859724436480878853e-06
2.889352037694120841e-06
2.837299970330095541e-06
2.861935234986122308e-06
2.816588526024013752e-06
2.836669321095857740e-06
2.797547762346651769e-06
2.813487566549326106e-06
2.780131286562384197e-06
2.792318024393975867e-06
2.764289570533493551e-06
2.773085021675165677e-06
2.749970787156440576e-06
2.755710481418494781e-06
2.737121561684446441e-06
2.740115073490792670e-06
2.725687636047772286e-06
2.726219198681586467e-06
2.715614447201434904e-06
2.713943814643006724e-06
2.706847622819129377e-06
2.703211115363148427e-06
2.699333399120351801e-06
2.693945077552664105e-06
2.693018966780002007e-06
2.686071888240829344e-06
2.687852751382354005e-06
2.679520267987484421e-06
2.683784635231173813e-06
2.674221703694814573e-06
2.680766127244513711e-06
2.670110604299036504e-06
2.678750487521569585e-06
2.667124391536943413e-06
2.677692812714130487e-06
2.665203536888643049e-06
2.677550088037536893e-06
2.664291554602060129e-06
2.678281211091986478e-06
2.664334959482160295e-06
2.679846992273715678e-06
2.665283197024745701e-06
2.682210135982905867e-06
2.667088552366663017e-06
2.685335206339245123e-06
2.669706043543128154e-06
2.689188580628040724e-06
2.673093303707733118e-06
2.693738393289450613e-06
2.677210456102038872e-06
2.698954472842093826e-06
2.682019984929219256e-06
2.704808273732496908e-06
2.687486604661613414e-06
2.711272804861820248e-06
2.693577129800493434e-06
2.718322556188232280e-06
2.700260346657523459e-06
2.725933424522979884e-06
2.707506888394962057e-06
2.734082639529258398e-06
2.715289114175196667e-06
2.742748690649481390e-06
2.723580993096701135e-06
2.751911255499999872e-06
2.732357993325299048e-06
2.761551130316902473e-06
2.741596976691481886e-06
2.771650162627068151e-06
2.751276098870390023e-06
2.782191186531560418e-06
2.761374715152339525e-06
2.793157960667309249e-06
2.771873291753160817e-06
2.804535108991190207e-06
2.782753322496487237e-06
2.816308064386264457e-06
2.793997250731552957e-06
2.828463015160183978e-06
2.805588396219966115e-06
2.840986854294566666e-06
2.817510886802778036e-06
2.853867131490623287e-06
2.829749594561822025e-06
2.867092007846409909e-06
2.842290076215972947e-06
2.880650213125691571e-06
2.855118517517147634e-06
2.894531005441316565e-06
2.868221681357885502e-06
2.908724133327814429e-06
2.881586859360253222e-06
2.923219800004257673e-06
2.895201826665236268e-06
2.938008629722171753e-06
2.909054799746436625e-06
2.953081636116420473e-06
2.923134396948963895e-06
2.968430192380263657e-06
2.937429601600693473e-06
2.984046003168929123e-06
2.951929727454861357e-06
2.999921078135864381e-06
2.966624386298642059e-06
3.016047706943115760e-06
2.981503457519871451e-06
3.032418435663342026e-06
2.996557059489445719e-06
3.049026044456637555e-06
3.011775522590476880e-06
3.065863526442577452e-06
3.027149363740842773e-06
3.082924067608555384e-06
3.042669262277491160e-06
3.100201027745653692e-06
3.058326037086738199e-06
3.117687922232842415e-06
3.074110624821084441e-06
3.135378404645331204e-06
3.090014059146004684e-06
3.153266250072503182e-06
3.106027450871268083e-06
3.171345339061678675e-06
3.122141968881532092e-06
3.189609642109794062e-06
3.138348821783660112e-06
3.208053204648816980e-06
3.154639240183757319e-06
3.226670132393309614e-06
3.171004459511795923e-06
3.245454577053542614e-06
3.187435703356581590e-06
3.264400722228412923e-06
3.203924167155398822e-06
3.283502769545085792e-06
3.220461002312340125e-06
3.302754924820718094e-06
3.237037300574680389e-06
3.322151384295077027e-06
3.253644078665125931e-06
3.341686320766551740e-06
3.270272263128471311e-06
3.361353869616218976e-06
3.286912675368783486e-06
3.381148114582340186e-06
3.303556016762400933e-06
3.401063073255860826e-06
3.320192853928486395e-06
3.421092682143307048e-06
3.336813604047968088e-06
3.441230781274437337e-06
3.353408520246787219e-06
3.461471098181763316e-06
3.369967677040061572e-06
3.481807231209402991e-06
3.386480955780969192e-06
3.502232631980366524e-06
3.402938030188988884e-06
3.522740586954703764e-06
3.419328351895648463e-06
3.543324197901389194e-06
3.435641136067911624e-06
3.563976361160572674e-06
3.451865347094227030e-06
3.584689745541083933e-06
3.467989684431547126e-06
3.605456768696910249e-06
3.484002568562924135e-06
3.626269571765997052e-06
3.499892127220539078e-06
3.647119992103755482e-06
3.515646181870289059e-06
3.667999533898808017e-06
3.531252234556199231e-06
3.688899336366557404e-06
3.546697455275488620e-06
3.709810139407421232e-06
3.561968669857343993e-06
3.730722246245159855e-06
3.577052348612129495e-06
3.751625482930384914e-06
3.591934595860701196e-06
3.772509154236372007e-06
3.606601140484172313e-06
3.793361995676107058e-06
3.621037327762415331e-06
3.814172121163087967e-06
3.635228112687557668e-06
3.834926965946176246e-06
3.649158055000641342e-06
3.855613224310997135e-06
3.662811316290682513e-06
3.876216781571676975e-06
3.676171659428453251e-06
3.896722639805028543e-06
3.689222450676567663e-06
3.917114836735827025e-06
3.701946664936784083e-06
3.937376357169417055e-06
3.714326894465321888e-06
3.957489036361469034e-06
3.726345361581308037e-06
3.977433454584859141e-06
3.737983935843366458e-06
3.997188822283736485e-06
3.749224156208068978e-06
4.016732855060836741e-06
3.760047258770485001e-06
4.036041637846167422e-06
3.770434210639128862e-06
4.055089477586329109e-06
3.780365750595812191e-06
4.073848743873039572e-06
3.789822437177038869e-06
4.092289697046697752e-06
3.798784704776918892e-06
4.110380303398295940e-06
3.807232928494273119e-06
4.128086037427290408e-06
3.815147498325470971e-06
4.145369671336945404e-06
3.822508903270014660e-06
4.162191052386317203e-06
3.829297826007128913e-06
4.178506869252793731e-06
3.835495248528166204e-06
4.194270409322237099e-06
3.841082569263485834e-06
4.209431309669416760e-06
3.846041731866586676e-06
4.223935305600187190e-06
3.850355365923241551e-06
4.237723982251468052e-06
3.854006939470295290e-06
4.250734536142684120e-06
3.856980923193288708e-06
4.262899556112319070e-06
3.859262965765957347e-06
4.274146835204273894e-06
3.860840079688600268e-06
4.284399228344417323e-06
3.861700836543106387e-06
4.293574573864908569e-06
3.861835570410054672e-06
4.301585700916033773e-06
3.861236587726548683e-06
4.308340548850667593e-06
3.859898381607847827e-06
4.313742429235101992e-06
3.857817848238842208e-06
4.317690465298721209e-06
3.854994502630090979e-06
4.320080247783772680e-06
3.851430690606310663e-06
4.320804748954241970e-06
3.847131793684205691e-06
4.319755538213904609e-06
3.842106423026529210e-06
4.316824341333488732e-06
3.836366598510757884e-06
4.311904981015388393e-06
3.829927908658079774e-06
4.304895726835891945e-06
3.822809646889704459e-06
4.295702067568588011e-06
3.815034919551753066e-06
4.284239896556910061e-06
3.806630720925730095e-06
4.270439071120324181e-06
3.797627970461866626e-06
4.254247269875970254e-06
3.788061507537397950e-06
4.235634028429645529e-06
3.777970039164755879e-06
4.214594787077324046e-06
3.767396036538104090e-06
4.191154737843333342e-06
3.756385576708177488e-06
4.165372218702192624e-06
3.744988126727603900e-06
4.137341376703731414e-06
3.733256268564429379e-06
4.107193816995643024e-06
3.721245364697297286e-06
4.075098977232530188e-06
3.709013166122516209e-06
4.041263021243132514e-06
3.696619366521523744e-06
4.005926131456705844e-06
3.684125108672639489e-06
3.969358191593415313e-06
3.671592451322642434e-06
3.931852978984124273e-06
3.659083806836908106e-06
3.893721114744614619e-06
3.646661361567435503e-06
3.855282133236287938e-06
3.634386491911271613e-06
3.816856113770741724e-06
3.622319189516177295e-06
3.778755355783127357e-06
3.610517508784309284e-06
3.741276568154981399e-06
3.599037048851103263e-06
3.704693986641683225e-06
3.587930480792527663e-06
3.669253739094309252e-06
3.577247128906225825e-06
3.635169661264534213e-06
3.567032612784887025e-06
3.602620641552721448e-06
3.557328554817913484e-06
3.571749457157017230e-06
3.548172355395356818e-06
3.542662967807440512e-06
3.539597036473656383e-06
3.515433464005707830e-06
3.531631151936889821e-06
3.490100926605324918e-06
3.524298762135668667e-06
3.466675941973664860e-06
3.517619468387004163e-06
3.445143026528107535e-06
3.511608502483074856e-06
3.425464140921293178e-06
3.506276865395832086e-06
3.407582209956326393e-06
3.501631509047586646e-06
3.391424504675607663e-06
3.497675554705381545e-06
3.376905782873140435e-06
3.494408541533250349e-06
3.363931120553014166e-06
3.491826699024388346e-06
3.352398397832916175e-06
3.489923237245396610e-06
3.342200427536469923e-06
3.488688649231986187e-06
3.333226733698542994e-06
3.488111020466751853e-06
3.325365000535157162e-06
3.488176340878599803e-06
3.318502221468861092e-06
3.488868815928589325e-06
3.312525583355107758e-06
3.490171174563119674e-06
3.307323123606325028e-06
3.492064973769461972e-06
3.302784197807314001e-06
3.494530902791484349e-06
3.298799791257622803e-06
