# -0.45J_-0.55g_0.2618theta_1.0472phi_10Chi_0.01delta_500N
-3.717492330890017072e-01
3.252486763215436394e-01
-1.761976789197243487e-01
9.506617342549718019e-01
4.307657552869022938e-02
-9.733930822946940120e-02
-3.995268965751177515e-01
-1.057063145007483412e-01
3.274173771834884006e-01
-1.482187432516972048e-01
3.670362194368605446e-01
-1.671938144034202045e+00
6.335906303331652056e-01
6.286398310060240524e-01
-4.872891827848637170e-01
-4.192726021213597637e-02
-2.751630884741703142e-01
1.510603004671892506e-02
4.667090337964665409e-02
-4.954786207750474514e-01
1.742550808542495666e-01
-5.539981631882537894e-01
3.740196341853343487e-01
-3.932234677535405981e-03
8.145890702123913252e-02
-7.379953421700755634e-01
-5.711095681450505807e-02
-9.030564217838985552e-01
1.205650027920509126e+00
2.184468457519211704e+00
9.567982153597102135e-01
6.880602435493394786e-01
-2.984132031638988755e-02
-9.169721829718119110e+00
9.528523348460958831e-01
6.579780350781448961e-01
-2.859698485255389055e+00
-3.210861476632711931e+00
1.481565261260622535e+01
-9.488984672825020894e+00
2.995079333469113578e-02
-4.797121813969420501e-01
1.762423871974126005e-02
1.061454524535642596e+00
-8.345689344704515511e-01
8.435142442867831214e-01
3.072967991603374194e-01
3.141468095674941008e+00
-3.401825615468021979e+00
-1.829386529570126152e+00
7.564795079186428794e-02
8.088780283544366734e-02
-4.651886862814172963e-01
-6.144067555109241630e-01
-7.199697270184827191e-01
3.421625973741607485e+00
-1.787153809114317956e-03
3.198049158874326725e+00
-3.606970582649009049e+00
-9.598530785935958320e+00
-3.174521397879591089e-01
-2.228656884120646942e-01
1.597657111873265201e-01
-4.154353954271353899e+00
6.422443097064741702e-01
-7.317835337520651739e-01
-1.183188173507944541e+01
-8.338066741172452723e+00
3.718528106875434958e+01
-1.732814753804935748e+01
-1.003525864146265767e-01
3.280739498346333521e-02
7.069617182273911782e-01
-3.485834617017937287e+00
4.238956676878316898e+00
-5.436037964647174370e+00
-5.837127942238216960e+00
-2.864999672762042948e+01
3.402656336590853670e+01
1.301755560272322221e+01
-3.418338069857424499e-01
-1.284875915813876446e-01
8.852737464298442438e-01
-1.549238281461867928e+01
3.745675227746217306e+00
-6.075202838331060562e+00
-3.262400941667141296e+01
-3.442073801095870067e+01
1.225087430809076352e+02
-3.199080359470987744e+01
-1.146652433242344865e-01
-5.040984178542168292e-01
-2.102433833248308570e+00
-7.916437904698012673e+00
-4.230402633866652273e+00
1.841982823087636945e+01
-1.496228766597518423e+01
2.165282908005853102e+01
8.911128482272015816e+00
-1.294294757387264951e+02
-1.109605271616810773e+00
-3.643885916097494015e-01
-1.802559204970770670e-02
-2.878406649407681539e-01
-5.300745458493169582e-03
-1.308406015878851303e-01
1.578284474101684931e-02
2.005293524460385890e-01
-1.071805269347962143e-02
3.995484089097984387e-02
-3.580094517956928790e-01
-2.789807804325974416e-01
-1.600836551450348921e-01
3.197782918376119304e-02
3.105262441326538392e-01
8.295982233356646862e-01
2.150502077880190599e-01
-1.602654844504826981e+00
-3.921264496503329977e-01
-1.952800245030276993e-01
6.077639589383802138e-02
1.960585348612625123e-01
5.979687103900562795e-01
-6.706356045827122081e-02
7.596338640623434557e-01
-2.201930048241360183e+00
2.923677568545770544e-01
-6.241478916966831658e-01
-6.915085951032696743e-01
-9.955422040647678994e-01
-2.814736203199681985e-01
5.469893712530540623e-03
6.790595674768561130e-02
-4.031235690098062818e-01
-2.481502808006242899e-01
-9.726088239196785112e-01
-1.140261487356013292e+00
1.437147161273895746e+00
9.261231498158851716e-01
1.301017509180985299e-01
2.303639249532744501e-02
1.048525278013130446e-01
-6.891264483682367770e-01
-9.835638847038699617e-02
-3.501197356422428353e+00
3.667239958297226377e+00
-1.533982334832935335e+00
8.360068776177826066e+00
2.722787488451192228e+00
1.531371352765197758e+00
1.288560486001027461e-01
-8.624689935715633693e-01
-2.212368209829957078e+00
1.059939476965890526e+00
-3.528625688354509293e+00
1.888386406714306887e+01
-1.023695696219488749e+00
3.555587580888965871e+00
-7.868687135476400973e-01
-2.075887583834559180e+00
6.137105159416039518e-04
1.288079177489409033e-01
-2.334833736970429729e-01
-1.502410439942401199e+00
-2.074793530115551565e+00
6.190486544469058217e-01
-9.627889202618529652e+00
8.703047849448203976e+00
5.259963157828783764e+00
1.023267937584255299e-01
1.858220392582115299e-01
-1.439006031692800835e+00
6.689276377044836019e-01
1.984685378239604781e+00
1.524176842491027095e+01
-3.843359819699818658e+00
1.248800714571309989e+01
-8.139926133021526766e+01
-2.511318214763613099e+01
-1.015097573407005704e+01
1.682523165193968925e-02
3.622160559414333014e-01
-5.349725186356635298e-01
-9.825612965846212132e-01
-4.103121291141377469e+00
-2.881295588603544289e+00
-4.094325442504898938e+00
2.061129536219482006e+01
1.302104400122952477e+01
7.991782324371450308e+00
3.763171420330609085e-02
-1.444417136012746683e-01
8.141044127672198982e-01
4.951818270972714875e-01
2.844688479262233116e+00
5.258069728224234574e+00
1.935559710248861087e+00
-1.058113403425402765e+01
-9.259138717124486107e+00
-1.380144227165366644e+01
-1.387710399092083324e-01
2.015762071684156775e-01
3.557796523996331617e-01
2.461749159626782923e-01
-4.042792917065380909e-01
4.455899549414873290e-02
9.336837910881489178e-01
-3.400247725472582000e-02
3.234849032269726532e-01
-1.335451350774647106e-01
1.710378814827147875e-01
-5.681316585428908272e-01
-4.719617908762608893e-01
3.408619516155881879e-01
1.427477235773787712e+00
1.562003414189752915e-01
6.526143986018720922e-01
6.045740095233758105e-01
4.572888836567611248e-01
-6.789972009597476654e-02
-3.056506972138982592e-01
6.199267046925905911e-01
2.544948183997125746e+00
-3.328261069597659993e-03
9.858380926478389483e-01
7.994075543398817540e-01
-6.200986638815396690e-01
3.247104368978915301e-01
-4.303004703537647441e-02
1.634551680194023804e-01
1.328063873551346419e-01
2.815380736787244098e-01
-1.051485455714290945e-01
-1.875908855752446813e+00
-1.421605876223082099e+00
-3.952195290832683505e-01
-5.481136839980043973e+00
-9.510512528485465245e-01
9.718533880628749122e-01
-1.411279102413509845e+00
-4.184488838450493575e-01
1.411132593231601673e+00
-1.096432909739470718e+00
-1.211685433318413940e+00
-1.408968318403509024e+01
-3.143521074736167265e+00
-1.870041060348174966e+00
1.860028604484449843e+00
1.103745513613553442e+00
-6.984862836615260973e-01
-1.895265179761097818e-02
-1.314799323044858470e-01
8.407151438333299032e-01
4.745744447969221236e-01
3.273699559704627227e+00
1.392591429826270044e+00
1.755719467269129641e+00
2.386975716041850049e-01
-9.655227907302736945e-01
-1.478875339011149981e+00
8.605836419527547188e-01
5.908565220355068703e-01
3.883064399036544323e-01
-9.631564405307827315e+00
-2.673185391689111068e+00
-1.875687939629413936e+00
-5.359685074384322689e+01
-4.642740532304374668e+00
1.876726723538509667e+00
-6.264408134227990033e+00
-5.101080014570443660e-02
4.437252059221589717e-01
-3.261597031107857370e-01
-7.964382627545611992e-01
4.610173519299855194e+00
3.138444235536809734e-01
-6.937375376055082699e-01
-1.179047865142987384e+01
2.770404294161880054e-01
3.063349222372037328e+00
-3.522149535404831555e-01
-4.073449571265550517e-01
-3.735623603087960543e-02
1.225504536571587089e+00
-7.668689633409018214e-01
-6.258230525338970285e-01
1.244027383651761909e+01
-7.507473160926374511e-01
2.036284822883740731e+01
-4.081086528042742856e+00
-9.313807822571984474e-02
4.074410308990054561e-03
-1.028791645801668819e-01
-4.994391535545611993e-01
1.388615123066905266e+00
3.053861366438220593e+00
1.949464097366133464e+00
1.404059281356970335e+00
9.276317848882754957e-02
-1.861079278499175160e+01
