# -0.3J_-0.7g_0.94248theta_0.0phi_10Chi_0.01delta_500N
-5.774408587969429574e-01
-2.783890193668580038e-01
-7.526241818903779413e-01
-8.205803502604459843e-02
-5.792662790360877251e-02
2.835863312812500134e-02
-3.438954029861789052e-02
4.467046651491142495e-02
-4.388011233153686630e-02
-3.252907877192365294e-02
4.252053773453114971e-01
-2.437610010619057355e-01
1.294604457024026489e+00
-9.272075579487333741e+00
3.283311283776800593e+00
8.139339065946867180e+00
-5.695242689516951451e+00
9.218270142746466389e-01
1.738785718451553441e-01
-1.480112978528842715e+00
-6.903382992650458627e-01
-4.957655088220334627e-01
-1.152298277193177567e+00
8.600435334231838480e-01
5.944170798302636172e+00
-1.386834381955913686e-01
-5.420969639668795637e-01
-8.493604486674758647e+00
8.073351197651222222e+00
4.294790062786923102e+00
-9.756192429237009467e-02
1.898595614158456124e+00
5.607688047429813416e+00
-1.155501614805535979e+02
-1.603006497879503343e+02
6.382266554968686023e+01
1.711011211445924687e+02
8.570027685758159350e+02
-2.657624319953324061e+02
7.815231179811686388e+02
3.649915311250184757e-02
7.952170593992373249e+00
-6.338890962714961219e+00
1.949486363910577893e+02
-1.374425335302546500e+02
-1.747000624419968631e+02
-5.282943566120950436e+02
-2.659301602031640073e+02
-1.487760247775215703e+02
-1.697629375694380087e+02
-2.999038442736853480e-02
-5.005627796506296079e+00
6.746858568380039500e+00
-1.699163351201406158e+02
5.608043138395026261e+01
2.094049840294656235e+02
3.065945712254564341e+02
2.820077684156483429e+02
6.574124107233859604e+01
2.495568582888569154e+02
4.852530666821433525e-02
9.335243281009321104e-01
-5.865752924701493676e+00
-2.241444975474241517e+02
-2.401589127641792345e+02
1.346445692732631016e+02
5.665781300190262755e+02
4.602634466000921748e+03
-4.132805522318507769e+02
9.821459440085935057e+03
-4.451422301703132633e-02
7.551688768745794533e+00
5.356202610272601028e+00
6.732502417953584199e+02
-4.511818389591765595e+02
-5.867900288307173469e+02
-6.736514352951032379e+03
-3.847131014490916186e+03
-7.417750320755891380e+02
-2.295339088803361392e+03
-4.554042075164685399e-02
6.657729119088023673e+00
4.968664141243026577e+00
-2.278411736865347947e+01
-3.441510572460596222e+02
-7.393229015518109293e+01
-5.283982053162247894e+02
1.265690223147440292e+03
-8.430678009663159855e+02
1.361098350872828178e+03
1.210734140141158863e-02
-2.958342035453429553e-01
-1.736918620480586428e+00
1.567891629900922226e+03
8.714084050405677999e+02
-9.102031629774888870e+02
-6.536565699529998710e+03
-1.661895715407526950e+04
2.238495959402417611e+03
-2.097917206416645058e+04
-5.774477894540837042e-01
-5.125914608723102228e-01
6.174027635881468301e-01
9.119680730859922035e-02
-4.210945096146875150e-02
2.835558628587385097e-02
-2.107719517500070833e-02
-5.209062218663366300e-02
-4.344062165701889633e-02
1.879605639714784435e-02
-8.104487196798896287e-01
-1.271041945824388675e+00
1.088855716930145379e+00
-5.727292047899068095e+00
2.907980848410014918e+00
-4.189591127684776595e+00
5.536253883737773940e+00
5.959802039655655470e+00
6.853593909397504902e+00
-1.670096117148282433e+00
-2.306584401362061706e-02
-7.014846402157033367e-01
-1.250059220931622750e-01
1.236958889530548555e+00
9.489571487756045087e+00
-6.979146096614889494e+00
-5.598214297039867837e+00
2.777356483058444514e+00
-4.209418644614413729e+00
-9.706797957860746617e-01
1.717385016981631124e-02
6.243684867626324575e+00
5.443762096352690705e+00
-1.175456251452451255e+02
-1.957610920298461963e+02
1.189992146831647233e+02
1.404918554782657480e+01
4.104161310637388738e+02
2.591004397005895044e+02
1.168661291773190896e+03
-1.027396989857704834e-01
8.116920323469571485e+00
-1.992879147748521707e+00
1.593009706327588049e+02
-1.357293695861816332e+02
1.423507113101588288e+02
-9.608580875403016535e+02
-1.068432057493451453e+02
-1.524444450647837073e+02
7.512244554666167460e+02
-2.998316258352863237e-02
8.345719787635156095e+00
9.630571385143710250e-01
3.651789338085418990e+01
-1.755148658829578210e+02
2.094694957397375674e+02
-3.940407885813140183e+02
1.081389038542165366e+02
6.532393736119533401e+01
8.389150151955807360e+02
1.392236309022009538e-02
2.026112180519314521e+00
6.837360875159284035e+00
-1.809963173237786691e+02
-6.981866699279119075e+02
4.616971505487881586e+02
-3.896048528014616295e+03
4.113949271308996686e+03
7.943228603509816139e+02
1.638555994639699202e+04
6.472814867567745767e-02
-5.290009850760372778e+00
6.475414379417824939e+00
2.257570407856780434e+02
-4.782532928798212311e+02
4.043918451964213432e+02
-6.987150751813361239e+03
2.499622349728173845e+02
9.672470527988018318e+01
7.356720698385141986e+03
-4.496501560151883181e-02
9.264413801648991864e-01
-8.193297884120218200e+00
3.123427847118625209e+02
1.505022316080945188e+02
-7.183668389382994235e+01
-9.297195912695881361e+02
-1.104024901367837629e+03
-8.327188168275201861e+02
-1.708473404966856378e+03
4.868829135889359526e-04
1.796906412042495127e+00
2.389515730457731468e+00
3.375853797529882740e+02
4.660060365039465751e+02
-7.949252342747173827e+01
1.033272944540867684e+03
-5.752404017524069786e+03
-1.260966120974071373e+03
-1.403801209991332507e+04
-5.774398793155414156e-01
7.909880117654378706e-01
1.352143543279491211e-01
-9.144864995319558487e-03
1.000336936888525929e-01
2.834907982091363493e-02
5.574721923396724205e-02
6.854006212785479502e-03
-4.350933684250103683e-02
1.402678007271893415e-02
3.852533812541232838e-01
-5.792630138447235622e-01
3.020738561402025457e-01
-7.826091854482903010e+00
2.470083772788389878e-02
-3.950778473608278052e+00
4.341709437336517929e+00
-6.410018761753371486e+00
-7.018623393379788133e+00
2.974666858273879999e+00
7.134054156160477556e-01
-1.488299696364844493e+00
-8.168009227596658706e-01
4.117596316248495647e+00
7.391475710812724031e+00
7.117432348931437502e+00
6.683108988385377813e+00
1.454586760044514371e+00
-3.844340085014243513e+00
1.555084004093289174e+00
8.039049056573289997e-02
4.213547356370597186e+00
9.288547156613949696e+00
-1.475481162495469789e+02
-1.765629281347574135e+02
-1.830091658854719299e+02
-2.785376246472069397e+02
7.702780586206613407e+02
-2.085097427943442217e+00
1.870222722908320975e+03
6.624340319010331435e-02
4.271038861466406544e+00
-4.023386433667685225e+00
1.787677465127899552e+02
-1.059917990690940997e+02
3.214890925623141271e+01
-6.099906821733483184e+02
2.068633733357868891e+02
2.983978481313059774e+02
-3.114042141126682495e+01
-2.999504199385225403e-02
-3.340535454447317143e+00
-7.708815365920498763e+00
1.338798525189220072e+02
1.192317651613516176e+02
2.093882911131698279e+02
7.738502740775192024e+01
-3.897556197304435841e+02
6.729519768940124891e+01
-1.170988814630731440e+03
-6.273985742158286194e-02
-9.570036555905639730e+00
1.452892534400997304e+00
-6.059205245551946746e+02
-5.034067883374564190e+02
-5.968536815837042013e+02
-1.753450248779045069e+03
8.163273347148266112e+03
-4.653110237922535930e+02
2.325422132602730926e+04
-1.965314960768183017e-02
2.557787881591923607e-01
-5.246249725827440535e+00
4.286645149937791075e+02
-8.539789345246347807e+01
1.758781287101209898e+02
-3.335019539413578514e+03
-1.298834293399402441e+03
6.500316308797424654e+02
-2.335033136519148229e+03
-4.513431874058217164e-02
-7.554715544751709366e+00
3.245186875701755014e+00
-2.833504469767000273e+02
1.903911641889999373e+02
-7.247096443184905468e+01
1.395693782919249543e+03
-1.942814026896352857e+02
-8.196556619541870532e+02
3.225511178102696022e+02
-1.269771688116964024e-02
-2.847700530123942642e+00
2.188661282412793785e+00
6.456302143754007830e+02
1.779152336975363824e+03
1.049209665411087371e+03
6.666386711297587681e+03
-1.812121869485789284e+04
-7.475967649171095673e+02
-4.066346991524888290e+04
