# -0.9J_-0.1g_0.68068theta_0.0phi_10Chi_0.01delta_500N
-2.276662185374512225e-03
-5.424570956741457672e-02
1.276444714483903065e-01
-4.787861894145520672e-03
-9.675669691254993321e-01
-1.072678629969807222e-02
-2.099952949673382918e-01
-6.324241514571683417e-03
-4.831975134156485906e-03
-1.155251863975722713e-03
-1.046136278012332801e-03
-1.497442584002876345e+02
-1.241716238578137288e+00
1.666662903171891863e-01
7.779226161368429260e+00
7.289251670528841487e+00
1.670384332530244542e+00
9.003486521433984313e-02
6.572984699957679089e-01
-2.109339781261284075e-01
1.824831747025440834e-02
-7.731672631755684977e-01
-1.049287756400186122e+00
6.778759863115608741e-01
4.319354727320031451e+00
7.302218914917416037e-02
-9.117951757713800731e+00
-5.444450704818182274e+00
-3.180371835468734254e+00
-2.757794607931450415e+01
-5.949020059922855048e-03
1.473539925002524287e+00
6.100465618169629956e+00
-1.987425036638497602e+02
-2.167634105107299547e+01
6.077764838135882641e+00
-8.159509887639494252e+01
4.158798778613038849e+03
4.800581960890180255e+01
-1.360241504778404078e+02
-7.926135714932895926e-01
-9.969388052893805863e-02
8.864678655061726431e+01
9.495296333228762364e+01
-1.061722430866446302e+03
-1.848465906898997702e+01
1.609419640115755328e+03
-9.542698332223973921e+03
-1.650142484865698407e+03
-9.804176716711985136e+03
1.158417510505868435e-02
-7.134959791271066720e+00
-1.278544309818314018e+00
-3.338856106932631462e+00
1.498886965711627539e+01
4.308743212418239210e+00
-2.132065654568828350e+01
2.149236398153769301e+02
-3.528870378442031441e+00
1.784552383865832041e+02
-5.001534276729485695e-01
1.690518916668369565e-02
5.727763602084423411e+01
3.589349417642348161e+00
-7.928092746791437548e+02
-1.282538724009652498e+01
8.446910081316918877e+02
-7.871206541770606236e+03
-1.477699305544920890e+03
-8.926590355877791808e+03
-4.377790348199888520e-02
1.611256325937627243e-01
-1.011855419063836621e+02
4.110855042205805148e+03
5.182301923419835248e+02
-1.301044816986278931e+02
3.635126166229738828e+03
-1.786853398595132167e+05
-3.731694197745985093e+03
5.817966369946544773e+02
2.792603213969443651e-02
6.337229531348177736e-02
4.015505046036061287e+01
1.387434678101375027e+02
-1.243469653254711147e+03
2.837665018559160899e+02
5.162378849164136227e+03
-1.160289002276301289e+04
-1.087815672692255248e+04
-2.998538374924980235e+04
9.119703674023828255e-02
-4.427562219628057294e-01
1.361484208748410651e+02
3.558290832469136831e+02
-2.927611328648417384e+03
-7.530138456174054085e+00
9.387136767421023251e+03
-5.222757465541183774e+04
-1.173421813403739907e+04
-5.862625843492360582e+04
-4.807237629835810211e-02
-1.315874407762818599e-03
9.853754028130216058e-01
3.373866577611987772e-02
1.445334779164725303e-01
1.596285884801035846e-03
-6.656011456045668462e-02
-8.276661209932981850e-04
-7.424558756405768255e-03
-9.679599831668288593e-03
-4.760569153365067259e-03
-3.582174704851366909e-01
1.310464736475722924e+00
-4.068464933060316469e+01
2.078841747133143514e+00
-1.791748583629408387e+01
-9.942158569416811531e+00
-4.736751104272533652e+00
1.399231587546422588e+02
1.353654389163930283e+01
9.829901189425710450e-01
6.174796478911438735e-02
-4.113271687654572872e+01
1.559388135199346337e+01
8.156659538384089103e+01
3.681106075166485359e-01
-3.986567391345324154e+02
-8.063727656452531534e+00
-3.255761790177628967e+01
-5.334995212085917160e+01
3.123048869573380112e-02
-1.725504236332422447e+00
1.197007352732904195e+02
-4.130648141011697589e+03
5.671755627919191767e+01
1.338032168348507298e+02
-6.387426526704602736e+01
-1.680667481824633853e+02
-1.154081729306891930e+03
-1.595910525120825696e+02
6.289316609878063680e-02
5.703187684599943762e-03
2.092156570122844528e+02
6.923622883833584183e+02
-1.945002154393236196e+03
-4.044871779026835412e+01
1.059208598075135524e+04
5.535917436860030421e+02
-3.215161550180518134e+03
-2.472642708197108004e+04
-6.777029412667244729e-04
2.720878239605866611e+00
-2.051386857236449313e+00
-1.767093464122690349e+01
1.230807713240996115e+01
1.535872803436970742e+02
-6.121191896803308907e+01
6.985240939712293873e+00
-5.547200410719987076e+02
1.454385502635009288e+03
-6.710222955892906904e-02
-1.545073482321738800e-01
-3.348700080307916664e+02
-1.028885721823126005e+03
2.749604106281043642e+03
3.341174640191660217e+01
-1.447075193755469081e+04
-7.232396197717189352e+02
3.252929681044347944e+03
2.526658668967360063e+04
5.193115702359294957e-04
-9.282295239149266353e-01
1.177685491805872564e+00
-2.098401402098858739e+02
2.688944063109987326e+01
-8.928257488906311323e+01
-1.353315016156158208e+02
-1.331149929124516689e+02
1.121340439880097847e+03
-9.814151588605169536e+02
-3.181113814718628235e-03
1.059884812706099240e+02
-1.531699771590756143e+01
-8.567743334671101252e+01
-1.159308446250579436e+04
1.215765819819241915e+04
8.436119145158838364e+04
8.692398103488367269e+03
-2.337873703735656163e+05
-3.562354238017452881e+05
-4.136617766759722106e-03
2.412092551800773066e+01
-1.843309701173106419e+01
-6.596195224619286535e+01
-1.421032297133776774e+04
2.899205281947854928e+03
9.971433334922637732e+04
8.702287043758555228e+03
-1.517804090873020468e+05
-5.572704127697348595e+05
-9.988635824082753301e-01
1.940803894874300860e-04
-4.794265623619178851e-02
-1.524519642616770565e-03
-4.297798410160564610e-03
-5.037695748496104798e-05
1.469715693356248845e-03
1.179601431374555750e-05
1.556550189133495239e-04
1.691191521199071840e-04
5.996013211662024186e-04
-7.206465071318412186e+00
-6.966060691572231733e-02
3.930306094442033715e-01
1.823738169784020480e+00
-1.480944747158023347e+02
1.373939100862853646e+00
5.891413408323751266e-01
-2.059739061980977226e+01
1.007958595515077249e+01
-4.761253011002259533e-02
-3.844553995635258126e-02
-2.790625198871721571e-02
3.519757489458233413e-02
2.144951999530878839e-01
-7.882367986294348539e-01
-2.760987526817771376e-01
-1.512485717897782411e+00
-2.668587550344962422e-01
2.935626441252447982e-01
-8.498298107536650207e-04
-2.540585333565452686e-01
2.774827048230192883e-01
-9.371096194800783152e+00
-2.356799264060025489e+00
-1.619219037602125155e+01
-9.127891325444812409e+00
5.401485448489751207e+02
5.654928066951837451e+01
-2.280745501610249164e+02
-7.404739399460948720e-04
2.007587955429422699e+00
2.180245895284699920e+00
3.543721902557354753e+00
-3.519618835663848699e+01
8.613212842039943951e+01
4.982172677627370661e+01
-4.949093060712413603e+02
-2.162357012964878322e+02
3.159641140225425602e+02
3.720962899587661105e-06
1.473758008409522233e+02
1.562037795036470778e+00
-1.448469185975199558e+01
-6.762342347778098883e+01
6.119915246459278023e+03
-5.346561484249139085e+01
1.871067376078682685e+02
-1.033284721751539837e+04
5.048374655666152103e+04
2.132741019345060773e-03
2.516199445201735552e-01
1.129012326863178206e+00
-2.065161273967587585e-01
-2.086182329163187177e+01
-6.326737739798983995e+01
2.129891984631064972e+01
-2.887269324335648548e+02
4.425907227537636572e+02
-3.041081728018670674e+03
-4.127992360021517026e-05
1.474306415377495405e-01
-1.708990287639224448e+00
7.665846497987610064e+01
1.247688163579017839e+01
-2.490956924669420403e+02
8.997554352582696424e+01
-4.434015936355899612e+03
1.614257441084571610e+03
-9.358181281456341821e+03
5.081053626464393416e-05
-8.991414740429423347e+00
3.025202598267012988e+00
-5.576907700433435622e+01
-3.621789855981669461e+02
3.047114305994851020e+04
-1.954207411629588975e+01
4.442396156629775760e+03
-2.102344114137770666e+05
1.139780124469415518e+06
1.045844105582336098e-04
1.039835776952435431e+01
2.973139585901713122e+00
9.945248884766108688e+01
3.479916420615041375e+02
-4.765312462705160578e+04
6.827241640618703968e+02
-8.640771059241880721e+03
3.003241720391259296e+05
-1.588921484939175192e+06
