# -0.9J_-0.1g_0.68068theta_0.0phi_10Chi_0.01delta_500N
-2.298888544813770720e-03
-5.321567141563124381e-02
1.271963258190769441e-01
-4.453897206804609092e-03
-9.567014448665145387e-01
1.128199900087344110e-02
-2.077800294216842758e-01
-6.711519578696405024e-03
-5.079095411919145112e-03
-1.720213045073695594e-03
-1.072440176441554968e-03
-1.499588477744262889e+02
-1.225582982482010586e+00
1.206100280850048723e-01
7.707848903345319691e+00
-7.286327264720064534e+00
1.640896352119095569e+00
1.752788982407159080e-01
8.001013971368124977e-01
-1.951891942360718391e-01
1.781155044081546290e-02
-7.820277377353694881e-01
-1.012077161821075322e+00
6.411056657922841184e-01
4.045657910319732764e+00
-7.304432496112563122e-02
-9.083475115319915361e+00
-4.314674696061157277e+00
-2.990796924000894919e+00
-2.497310496463049745e+01
-6.154595651666097504e-03
1.483536721620079879e+00
6.133278373410762541e+00
-1.958811595030126398e+02
-2.144162217507370372e+01
-6.028564026160948330e+00
-7.973920140373952847e+01
4.012533940928763514e+03
4.401993418204961017e+01
-1.352940128113711751e+02
-8.173790828348230786e-01
-9.179118992439680436e-02
8.957775340017013832e+01
9.598413757318076023e+01
-1.060350855228070486e+03
1.920283499177087450e+01
1.611228651575903996e+03
-9.665445629987480061e+03
-1.662500506771913933e+03
-9.628625270453921985e+03
-1.133292540639855954e-02
7.148004940589106404e+00
1.225554294347288797e+00
3.273251208981669880e+00
-1.422025837867316689e+01
4.311054389789015673e+00
2.039491420357651563e+01
-2.072528215706017818e+02
3.698935706833981651e+00
-1.701852382000678006e+02
-5.154482848708663578e-01
2.059710926241326706e-02
5.835626279156182505e+01
5.636309458475893486e+00
-7.991320045937094392e+02
1.346152900293187216e+01
8.637491937139928950e+02
-8.082548555610560470e+03
-1.505744312526559270e+03
-8.842208972582371644e+03
-4.539391708313216672e-02
1.867501114424951203e-01
-1.040378536347918583e+02
4.137706328239904906e+03
5.230727036275949331e+02
1.316947320058887101e+02
3.642052957195783620e+03
-1.760929594098567613e+05
-3.629476473788965905e+03
7.467527724684116492e+02
2.812901719680236876e-02
-4.113725826625499321e-02
3.996842709563211571e+01
1.377644087471604735e+02
-1.216055873242739381e+03
-2.859598718433989006e+02
5.024334567052058446e+03
-1.138165627878501255e+04
-1.075250704689473241e+04
-2.865835980774653217e+04
9.524518693671314706e-02
-4.683187070803304652e-01
1.408305631197183345e+02
3.659946827239702998e+02
-2.972243076107953129e+03
8.365449537113599732e+00
9.436440224498563111e+03
-5.202282383804042911e+04
-1.184472274885798470e+04
-5.784314085475628235e+04
-4.760448635400120476e-02
-1.237851555041821630e-03
9.555783130680840509e-01
3.317287016014627832e-02
1.400506717403448564e-01
-1.626339384230828878e-03
-6.389840297288891524e-02
-7.978238822314611929e-04
-7.481491573850716781e-03
-1.019548590173006974e-02
-4.863969533129287350e-03
-3.620203463857640802e-01
1.331481425191593848e+00
-4.069932265478996669e+01
2.140503973205710508e+00
1.786052019801978474e+01
-1.030777774664334778e+01
-4.715958881000343439e+00
1.384297711981413954e+02
1.320390114738767551e+01
9.940088391718281402e-01
5.924654002867922598e-02
-4.073444072458359244e+01
1.495064458028351950e+01
7.907541908672268960e+01
-3.964693083285464881e-01
-3.867898979966728916e+02
-7.982003683705080732e+00
-3.299456557737106976e+01
-5.127354644841256004e+01
3.160471642875559845e-02
-1.716871399846873203e+00
1.215462952231594898e+02
-4.111389253743011977e+03
5.389249252665572953e+01
-1.343947761152800524e+02
-5.412969552819025409e+01
-1.661602311592723140e+02
-1.158716547089908545e+03
-1.575087798762054945e+02
6.360384693140920531e-02
9.170902737121587600e-03
2.114311693005285520e+02
6.934270130838135628e+02
-1.933190548261929280e+03
4.181856760966586251e+01
1.049756875373241928e+04
5.426437285890395970e+02
-3.162919358227783960e+03
-2.398589299743550146e+04
6.491443686446096749e-04
-2.659061227495369995e+00
1.966662226591730622e+00
1.723710963608829516e+01
-1.153243030737978359e+01
1.482941486126987627e+02
5.783842592742701072e+01
-6.396810974495468649e+00
5.133010741961065833e+02
-1.432329780807886891e+03
-6.789884529302248062e-02
-1.585496902058977919e-01
-3.385397156575456279e+02
-1.031326512334024301e+03
2.724587722310408481e+03
-3.631020990488481459e+01
-1.428819300990452030e+04
-7.067572966227177176e+02
3.099426689909697416e+03
2.407149825813532880e+04
5.352497231295763038e-04
-9.576686722246207095e-01
1.239597078870776636e+00
-2.089609048408358944e+02
2.481670842947665889e+01
9.070688778909133987e+01
-1.228587493250645934e+02
-1.317568010430108814e+02
1.116810227489648014e+03
-1.038815506247370422e+03
-3.094406797059685247e-03
1.100391083398153427e+02
-1.500649680195784441e+01
-8.515523260453478827e+01
-1.145942348883640079e+04
-1.237297455572328181e+04
8.299154431065058452e+04
8.507809189571928073e+03
-2.338782146155946248e+05
-3.408305162844014703e+05
-4.145340412793684613e-03
2.600509244135473352e+01
-1.862524201027903104e+01
-6.668485625158888297e+01
-1.443058083805183742e+04
-3.113750745772538721e+03
1.005379403240403917e+05
8.677556147602479541e+03
-1.553642222986274573e+05
-5.490445675270291977e+05
-9.988859826420820598e-01
1.321087920674070813e-04
-4.781548548080814809e-02
-1.552734889447074428e-03
-5.259360193985981174e-03
1.815372117150725907e-04
1.262015527374575011e-03
-1.329524171747846500e-05
1.582707766216764065e-04
5.931268951325905406e-05
5.949245935692675609e-04
-7.146390856886672083e+00
-6.826253643753396605e-02
3.791651206824698805e-01
1.867359822353998000e+00
1.438171098777131931e+02
1.397938944749604007e+00
5.862670291159646219e-01
-1.994772830919351847e+01
9.782820423119261477e+00
-4.763171651354173447e-02
-3.855639760809388000e-02
-2.789159274497671551e-02
3.415159874661899408e-02
2.106386259407483363e-01
7.746770286889769208e-01
-2.731074333543844213e-01
-1.433337775257784275e+00
-2.606746662762808309e-01
2.578353532256156266e-01
-8.425086006215423608e-04
-2.567451382340123489e-01
2.843319059310894237e-01
-9.418641395424899088e+00
-2.376933506660895201e+00
1.609211543977612635e+01
-9.192358513767466377e+00
5.355185291097652680e+02
5.483949586879450777e+01
-2.239203864403185094e+02
5.644240122014679333e-05
1.931663226887682550e+00
2.179238033455322299e+00
3.599269396055095438e+00
-3.481000627965600103e+01
-8.122885512649402528e+01
4.967012626678745590e+01
-4.973072685059050286e+02
-2.035581738503493625e+02
2.734646572165756879e+02
-1.052762662063274654e-05
-1.492390794050791669e+02
-1.567469074850238453e+00
1.430346859450355090e+01
7.107656179659751672e+01
6.069576598980000199e+03
5.570603735131728484e+01
-1.795819795230929401e+02
9.912440777161316873e+03
-4.922293347088988958e+04
2.635420982985289817e-03
2.372553218892781424e-01
1.117424364236534240e+00
-1.962568836655839699e-01
-2.055673813692357754e+01
6.094578375312319451e+01
2.114446949907625850e+01
-2.923560368351581928e+02
4.082998115451777039e+02
-2.878830099538425202e+03
9.398578529467090006e-06
1.486125665283339892e-01
-1.685206648848532884e+00
7.442092684673944802e+01
1.229144824524735924e+01
2.511095932457103288e+02
8.793697442943098963e+01
-4.245213281741412175e+03
1.584179776662211452e+03
-9.265905324336887134e+03
2.316568956256531489e-05
-9.166643524410467592e+00
3.086482006980205473e+00
-5.750626647646904388e+01
-3.873193388098345622e+02
-3.105362573688424891e+04
-4.217940520377742075e+01
4.467509554986724652e+03
-2.081964903105237172e+05
1.141209480088683311e+06
-2.209874754657621635e-05
1.047088095615336023e+01
3.047103080706961009e+00
9.942583437239893840e+01
3.810735807523079757e+02
4.803351062530594936e+04
7.099252844016763220e+02
-8.375241577360971860e+03
2.935533913375932025e+05
-1.569785148226471152e+06
