# -0.7J_-0.3g_0.31416theta_0.31416phi_10Chi_0.01delta_500N
-9.886429382095422991e-01
-1.500080450257208209e-01
-1.696857373395355487e-02
-1.964840999455338966e-02
3.389522219310379600e-03
-1.583429754894936838e-03
1.339598801720435920e-03
1.858442081229667820e-03
-3.656504270497256304e-04
1.680673934132728134e-03
-1.493996963455403726e-01
-1.351864226359505150e-01
6.850763588008906835e-01
3.563067602802040823e-01
9.157246194354161650e-01
4.822443019527262731e-01
3.334193296932641548e+00
-2.906365264336347565e+00
7.479664308232147896e-01
-1.802523785682857849e+01
-6.596765176684794493e-03
1.202011909667084710e+00
-1.163827898269915195e+01
-3.715812522224734682e+00
-5.172182959661754609e+01
-4.710846550998412852e+01
-7.040382233788342603e+01
5.754548516326035923e+01
-1.226496927003570363e+02
5.118742811159806365e+02
-2.302197543392243972e-02
4.717447258118472042e-02
8.517737351065037821e-01
-4.479578909408258092e+00
1.414923334413347722e-01
3.544410154365686338e+01
-1.443233980958350315e+01
7.825175350339519831e+00
8.291575164347099758e+01
-8.354759133548257921e+01
2.865576094749563551e-03
1.201039435635493202e+00
-4.054068390334253280e+01
-1.749229164896922839e+01
-1.448447104530588831e+03
-1.685014818548580706e+03
1.120250288108857831e+03
-1.421806314844756400e+02
-1.819937562925816721e+01
1.115980491227963103e+04
-2.123802081471411370e-03
8.821808545382716638e-01
-4.401617693088964245e+01
1.900092582369055094e+01
-1.825548118298783493e+03
-3.627040784955172057e+03
2.152720368686206712e+03
-1.768346475395469724e+03
-8.699058710688468921e+01
1.880428670916375995e+04
-1.050087959975917447e-03
-3.119737142213689918e+00
3.168260876492374223e+01
4.078872936651139014e+01
-8.449732652020857131e+02
-1.513595513436936017e+03
2.408486817369047458e+03
-7.304938708147127500e+02
1.266212426800591402e+03
7.525436008175846837e+03
-1.844199703870672176e-03
2.228164645322247228e+00
-2.109885431636047670e+01
-2.615149373314799064e+01
1.903570697483579011e+01
1.438312787508249812e+03
-8.472880804955457279e+02
2.125346764929509845e+03
-4.548998391657789284e+02
-4.809160188663079680e+03
8.762619679874012043e-04
-8.605319631837772931e+00
1.489849767487489203e+02
-3.090103966589193174e+00
-9.446972363167540720e+01
-7.689484657412268689e+02
3.199835986067454996e+03
-2.160819558957859044e+03
6.154497373216530832e+03
-3.488319553310819174e+03
1.385066426321335123e-03
-2.070359890855181106e+01
4.033759995423467331e+02
8.536958036344768175e+01
1.177135230472496005e+04
1.820120331000479200e+04
-1.044180882478990316e+04
5.647867133279779409e+03
5.898173914759032414e+03
-2.194257610701177327e+05
-2.167842540537642110e-02
1.990699521786374326e-01
-8.989181837739406156e-01
3.529113803932921178e-01
5.399355078412833298e-02
6.004384070490782765e-02
9.971222252210179549e-02
-7.768818224444101750e-02
-6.267202529650041376e-02
-2.129183934486518969e-04
1.013845589933987934e-01
-1.400838829784145201e+00
5.778134730995092561e+00
2.174903336785389385e+00
3.572990024562141098e+00
7.635683188713302538e-01
1.226602199035212415e+01
-8.099628952919202263e+00
-3.379934700650646562e+01
-1.982133015878805304e+00
-8.171769071491533643e-01
1.335296858304209344e+01
-1.072142553628325459e+02
-1.545278943612018985e+01
-3.522414443408471243e+02
-2.987205522294987077e+02
-4.972636198640977341e+02
3.566801314207255587e+02
-2.406638318371286402e+02
-1.329459161727776859e+02
3.908289100432159602e-01
-2.436980108665505185e+00
3.120465710047427876e+01
-4.552969557768410880e+01
3.647440446566759675e+01
2.715373184217261269e+02
4.452292394154681432e+01
-9.559621385169718621e+01
6.375334066355346749e+02
1.042075142804179677e+02
1.007881015998417507e-01
6.832451265522777817e+00
-2.764186982034362927e+02
-1.182213880230830227e+02
-9.548916674673953821e+03
-1.097957883270220736e+04
7.437547511877769466e+03
-1.272515746030840546e+03
3.627845607004831891e+03
-1.461168808821691073e+03
9.397653926362641019e-02
3.339555528212086344e+00
-2.910418994231155807e+02
1.545627524916837388e+02
-1.205024414344307661e+04
-2.447393661161548880e+04
1.371448983081784172e+04
-1.138580841529184363e+04
4.827205181209664261e+03
-2.002819611917105021e+03
-2.378296697724344710e-01
-2.195795205558542662e+01
2.555437472109721284e+02
3.462081218573264891e+02
-5.133454990442230155e+03
-1.011460030400557298e+04
1.699921007249657487e+04
-5.514655749500072488e+03
6.309168427497308585e+03
7.826665687397877491e+02
1.764598622860657218e-01
1.563049962173954732e+01
-1.803041262683787807e+02
-2.343931689232807116e+02
-4.350137423821627749e+02
9.786050427436388418e+03
-6.697556086035571752e+03
1.522462544693364907e+04
-3.152973188340940851e+03
-6.530829885266125530e+02
5.761007719890109957e-02
1.647394020195484288e+01
5.563070849810142136e+02
-6.814729035000744943e+02
-5.028622311594229359e+03
-8.350790207476435171e+03
2.062762407647848886e+04
-1.341422832512675450e+04
3.998290628449859651e+04
7.174676176266736547e+03
-5.030968573848664145e-03
-1.452588884028870542e+00
-1.954072747397783587e+02
9.584765730398108019e+01
-1.356424106817115671e+03
-1.017796152723576938e+03
-3.689752872545708215e+03
2.665280880030523349e+03
-8.493394043668118684e+03
-4.172620227945988518e+03
-1.489624775927669842e-01
9.194388681678837827e-01
2.851825941654652641e-01
2.111041434943027872e-01
-6.422190925374932080e-02
2.333865548827252986e-02
-3.806409528054237323e-02
-2.723793600448110030e-02
8.372450111856106006e-03
2.403083867625622257e-03
9.212873168889035291e-01
-1.208363412981239549e+01
1.013014228683423923e+01
3.417552639868093678e+01
-9.492691641813323145e+00
4.811833856196050085e+00
-5.465877111589577453e+00
-5.426393053765589336e+00
2.437744926036316873e+00
5.097780255075539113e-01
2.094980325350787598e-01
1.312959484571281266e+01
-5.260898143333695742e+01
-1.626663338074798730e+02
-2.149781954891492148e+02
1.378914336190920835e+02
-1.443201765824389042e+02
-2.831654861183088769e+02
-3.860059705937175067e+01
6.480822827185490098e+01
2.214466041463026280e-01
3.291405328066201008e+01
-1.335798887267179396e+02
-4.307260428825279632e+02
-8.503662870197255188e+02
6.145258705895195135e+02
-2.864552184273168791e+02
-8.078572992291867649e+02
-6.210584498826066380e+01
-7.530814984686554681e+01
-5.922015503009348675e-02
-8.836217268551470383e+00
-2.118312543269013020e+02
-8.857414739350283526e+02
-1.335983818063357830e+04
1.033868691611177019e+04
1.102014200839583100e+04
1.003245503358085807e+04
-6.454063034324891532e+02
1.633551307449861042e+03
2.377753534848752945e-02
4.705338334198554406e+00
1.292673237406299336e+02
5.840204027682460719e+02
9.175586792344245623e+03
-8.158101684634910271e+03
-8.197295625897862919e+03
-8.727836256319233144e+03
3.530771921571409280e+02
4.382046054542418460e+03
3.625628773881357098e-02
4.844942186014935537e+00
1.053602099196956345e+02
3.158639220991286720e+02
-1.103699559395122560e+04
9.612320372068335928e+03
2.354240374303312637e+04
3.176112631043890724e+04
3.762015015672606637e+02
1.813315128275447705e+03
2.378381005213327584e-02
5.027085707883520271e+00
2.403778170040866939e+02
8.429037523099069631e+02
-9.818515690400328822e+03
9.671455154962610322e+03
2.891951324779551578e+04
4.265470535440318781e+04
5.450145431901057691e+02
-9.315324608479245398e+02
-4.854092451477285200e-03
-1.226623375516172620e+00
7.503676165035713552e+00
-4.781400464016929419e-01
5.897566916266081307e+02
-6.273436885373514542e+02
6.937587807402429689e+02
1.027999578535126375e+03
9.680985893095640904e+02
6.670523081331270987e+02
2.218895281040664073e-03
3.794327390102450459e-01
2.500625463188168851e+01
-2.880824025364354668e+01
8.530165738347739079e+02
2.174740310666778441e+03
-1.482297812440645430e+03
7.998635884585964106e+01
4.420790270245132660e+02
-2.375744136339298348e+04
