# -0.85J_-0.15g_0.31416theta_0.31416phi_10Chi_0.01delta_500N
1.032818141848010074e-01
4.091105901673271357e-04
1.928164820213140902e-05
1.037165723659266560e-06
1.195346175358892639e-06
7.181177273950781771e-07
8.026143065522534788e-07
6.880531863043458599e-07
6.171542639869871388e-07
6.606561223523699966e-07
5.084751556040549406e-07
6.342434365399213697e-07
4.398015875283466944e-07
6.082679503722297486e-07
3.923395623818880111e-07
5.826598705454453402e-07
3.562564679193888679e-07
5.574839947971755514e-07
3.265387462337555915e-07
5.327476317154975038e-07
3.007893687903984376e-07
5.083668308284290670e-07
2.779791676167995992e-07
4.842232186794825289e-07
2.578036479202234630e-07
4.602639985174407450e-07
2.403600773233210830e-07
4.366284630118931326e-07
2.259502572588890964e-07
4.138188709596085092e-07
2.149766968786080217e-07
3.929402178454586999e-07
2.078034774656009164e-07
3.759911573160179163e-07
2.046527872916420145e-07
3.660315274318561314e-07
2.056126122649998675e-07
3.668192368844528311e-07
2.106477082383411161e-07
3.817031192576887258e-07
2.195621678708508665e-07
4.124654405437886034e-07
2.319323501042225744e-07
4.589422846596604505e-07
2.470203410859065751e-07
5.191034985853057152e-07
2.636740216074411607e-07
5.890048151967828959e-07
2.802612268803650139e-07
6.627193076642874635e-07
2.947594872854014177e-07
7.323824372399534194e-07
3.051572297085746861e-07
7.874987724351907811e-07
3.101797007063418459e-07
8.122566232066475851e-07
3.099924667422689845e-07
7.850249312481538839e-07
3.063034772117788268e-07
6.958535656145130748e-07
3.016296462994900661e-07
5.728149189058185737e-07
2.982141422979049402e-07
4.607511509662301590e-07
2.973536437211278845e-07
3.795857703289124568e-07
2.993421202928397707e-07
3.246890306850938594e-07
3.037420320470737018e-07
2.851125796432444185e-07
3.096967242770188978e-07
2.530865961777211562e-07
3.161392912211114323e-07
2.250508606720644116e-07
3.218829276601492600e-07
1.999013714542620560e-07
3.256509166876839164e-07
1.774469787854745502e-07
3.261209450491547494e-07
1.576494133414428460e-07
3.220457915430235384e-07
1.403855554578308083e-07
3.124791148352878478e-07
1.254338350529507762e-07
2.970703410428713736e-07
1.125208043412402948e-07
2.763047169969519692e-07
1.013652749584959677e-07
2.515190471972903869e-07
9.170546177808963125e-08
2.246103227083626698e-07
8.331138282170441885e-08
1.975490181047074370e-07
7.598803547151489240e-08
1.719377235674425007e-07
6.957386659617125093e-08
1.487939462664042678e-07
6.393719246438736880e-08
1.285668635550738939e-07
5.897212855296752108e-08
1.112854653777989948e-07
5.459488388293703865e-08
9.673013501066685130e-08
5.074055986841035741e-08
8.456968870347443049e-08
4.736069319966123101e-08
7.445025367482308857e-08
4.442148660795206852e-08
6.604333308125092884e-08
4.190220736398195237e-08
5.906700264395255910e-08
3.979212061343689918e-08
5.329268077251430065e-08
3.808323159032618096e-08
4.854651732954147629e-08
3.675949550836558452e-08
4.471117952026259490e-08
3.579153583671799954e-08
4.172973657823457772e-08
3.514272983574046487e-08
3.959839998954818591e-08
3.477847428886354114e-08
3.828570332184422125e-08
3.467060961355061590e-08
3.767384106615865581e-08
3.479736715546189765e-08
3.765919198721165034e-08
3.514165823230425324e-08
3.818009713643467681e-08
3.568942646210214596e-08
3.920222480805480168e-08
3.642875968140140574e-08
4.070909103794467721e-08
3.734985364781342823e-08
4.269669083868506257e-08
3.844558265419839731e-08
4.517001664282729158e-08
3.971245819263497142e-08
4.814040417811580473e-08
4.115183901859928359e-08
5.162336649953450688e-08
4.277141855414870109e-08
5.563665541266916097e-08
4.458719986190027607e-08
6.019758694299270220e-08
4.662619671429866880e-08
6.531732507660729049e-08
4.893014931801617077e-08
7.098808702983531751e-08
5.156062410828165475e-08
7.715746780882552169e-08
5.460592286333160918e-08
8.368367307522609630e-08
5.819018811356360047e-08
9.027200626653844944e-08
6.248473827625249923e-08
9.641871854885299177e-08
6.772038867191918696e-08
1.014370795165680910e-07
7.419593471994950740e-08
1.046542666895295438e-07
8.226947520008492792e-08
1.057291748595807900e-07
9.230235116054684087e-08
1.048291481971032427e-07
1.044976366655896128e-07
1.024835176528106363e-07
1.185482416857200335e-07
9.927507550537904615e-08
1.330564923595634563e-07
9.562916196658605329e-08
1.449942486118739769e-07
9.177371268297914209e-08
1.501363292041663244e-07
8.780934585511592769e-08
1.454776088724318471e-07
8.381664081304520077e-08
1.321431798604982647e-07
7.993549234066234986e-08
1.148295429911619786e-07
7.636913207382863860e-08
9.808762070363640620e-08
7.332288041016390148e-08
8.414746821724418730e-08
7.093464792327447172e-08
7.341332246264447281e-08
6.924585652733199865e-08
6.562813361279570322e-08
6.821722683917722678e-08
6.058879895030985727e-08
6.776367126082371367e-08
5.834324122143538552e-08
6.778514327187197690e-08
5.895474915428571816e-08
6.818539901871853105e-08
6.205616827053779427e-08
6.888033862063853756e-08
6.677071283184965369e-08
6.980006636606697107e-08
7.213077480825413772e-08
7.088798105748707043e-08
7.743099831281104718e-08
7.209874589954957634e-08
8.228854180547858864e-08
7.339620095410553688e-08
8.656200411076013826e-08
7.475144199308514801e-08
9.025130981682477569e-08
7.614119404880160041e-08
9.342056140402696904e-08
7.754653552888818637e-08
9.615059769600803727e-08
7.895191590194991864e-08
9.851527115252173814e-08
8.034441405323373203e-08
1.005726968939725145e-07
8.171318316698895953e-08
1.023643383808157407e-07
8.304903398171794094e-08
1.039174091923794512e-07
8.434411675553858043e-08
1.052481896271244945e-07
8.559168055401870114e-08
1.063651858173127276e-07
8.678589512132768579e-08
1.072717638688025244e-07
8.792171850287506410e-08
1.079682115925335756e-07
8.899479517757404641e-08
1.084533012107321409e-07
9.000137622538822823e-08
1.087254572534076600e-07
9.093825540594700057e-08
1.087836263949419857e-07
9.180271770131618587e-08
1.086279229074920745e-07
9.259249827152405387e-08
1.082600959754772402e-07
9.330574981288839195e-08
1.076838413400434071e-07
9.394101658019406277e-08
1.069049665799731196e-07
9.449721285118883879e-08
1.059314187786165658e-07
9.497360506028002327e-08
1.047731915208319294e-07
9.536979466159604108e-08
1.034421344434808587e-07
9.568569888592354223e-08
1.019516872725942886e-07
9.592152536468839535e-08
1.003165536560128206e-07
9.607774040928162665e-08
9.855232504004141365e-08
9.615502838561927865e-08
9.667504715009428677e-08
9.615426005931608157e-08
9.470076631918587070e-08
9.607647925144669017e-08
9.264515348375658918e-08
9.592291071043159560e-08
9.052328379923154639e-08
9.569497314234582464e-08
8.834950714854048074e-08
9.539428308594410003e-08
8.613732230096089352e-08
9.502264951129387646e-08
8.389924924808111959e-08
9.458205574829317227e-08
8.164672972562823054e-08
9.407464326574749716e-08
7.939007154999065980e-08
9.350269082875581657e-08
7.713843649179878293e-08
9.286859158699419770e-08
7.489986468740680770e-08
9.217483670781125420e-08
7.268132469359121975e-08
9.142400034590789902e-08
7.048877162967167340e-08
9.061872494950694396e-08
6.832720862566340156e-08
8.976170914543012733e-08
6.620077917826400375e-08
8.885569481760370082e-08
6.411287271863218760e-08
8.790345428326802278e-08
6.206622110621372521e-08
8.690777668258018480e-08
6.006298088012383135e-08
8.587145567532258492e-08
5.810480490255219846e-08
8.479727533996031947e-08
5.619291534478294968e-08
8.368799848881863161e-08
5.432816630018357477e-08
8.254635445603147821e-08
5.251109928327459303e-08
8.137502756588737722e-08
5.074199215702944238e-08
8.017664595172731791e-08
4.902090181759418240e-08
7.895377069250721088e-08
4.734770076301758740e-08
7.770888531354679915e-08
4.572210833143270827e-08
7.644438487391401045e-08
4.414371716244429018e-08
7.516256515436786995e-08
4.261201549196944075e-08
7.386561116412969287e-08
4.112640584721417974e-08
7.255558479251615090e-08
3.968622066791082981e-08
7.123441115755532446e-08
3.829073532908411227e-08
6.990386309699784013e-08
3.693917898278669397e-08
6.856554316447639770e-08
3.563074358276785672e-08
6.722086227986903545e-08
3.436459140693075689e-08
6.587101438494351223e-08
3.313986134220752082e-08
6.451694375209658096e-08
3.195567415560549159e-08
6.315930865647666860e-08
3.081113693876522653e-08
6.179843263577721335e-08
2.970534687973673856e-08
6.043424642455505783e-08
2.863739447904565753e-08
5.906621609694378473e-08
2.760636633171855671e-08
5.769325525625738177e-08
2.661134754021275264e-08
5.631361898500873265e-08
2.565142381955951472e-08
5.492477798842595572e-08
2.472568337040880226e-08
5.352327429948276263e-08
2.383321853973335692e-08
5.210456108829333607e-08
2.297312731071281200e-08
5.066284120232897410e-08
2.214451464637947586e-08
4.919092610574012870e-08
2.134649371647373029e-08
4.768015868687617418e-08
2.057818692647853685e-08
4.612046904078075793e-08
1.983872729285707762e-08
4.450066591591021056e-08
1.912725870594419720e-08
4.280909960259812305e-08
1.844293750308825569e-08
4.103484642599120650e-08
1.778493293407928229e-08
3.916952707436122505e-08
1.715242804188550241e-08
3.720973573422990219e-08
1.654462039608632564e-08
3.515979311271312783e-08
1.596072277208526567e-08
3.303417849043627228e-08
1.539996373514725389e-08
3.085870057482496892e-08
1.486158808632504554e-08
2.866949453895857628e-08
1.434485713370902892e-08
2.650948325541855450e-08
1.384904877709389593e-08
2.442290025800847336e-08
1.337345743898891690e-08
2.244934479200653894e-08
1.291739384287687786e-08
2.061906272734534632e-08
1.248018480503436275e-08
1.895057085595791571e-08
1.206117300036740401e-08
1.745076218548080860e-08
1.165971679702825330e-08
1.611682721044431246e-08
1.127519005710424755e-08
1.493902227639963496e-08
1.090698217262132156e-08
1.390345504627790640e-08
1.055449797412309350e-08
1.299439374640823888e-08
1.021715774811440003e-08
1.219592732411884509e-08
9.894397251013738820e-09
1.149301158564174381e-08
9.585667722519158935e-09
1.087203048440466046e-08
9.290435874342231304e-09
1.032101884526677208e-08
9.008183853030482256e-09
9.829672168415932150e-09
8.738409199879661736e-09
9.389236888397054807e-09
8.480624750510544443e-09
8.992343910848221435e-09
8.234358518470628362e-09
8.632824364123944883e-09
7.999153535749030821e-09
8.305529705461396165e-09
7.774567653320439093e-09
8.006167403223585166e-09
7.560173408275214327e-09
7.731157077757318794e-09
7.355557659961637949e-09
7.477505964556444534e-09
7.160321431259386105e-09
7.242707139491365175e-09
6.974079601557995355e-09
7.024652211397755588e-09
6.796460566767544611e-09
6.821560646876673919e-09
6.627106201359472483e-09
6.631921199634812950e-09
6.465671012085823408e-09
6.454445743115240175e-09
6.311822349742070351e-09
6.288028296188419281e-09
6.165239808926104791e-09
6.131714776272171922e-09
6.025614955383633223e-09
5.984676814472892839e-09
5.892650987351964055e-09
5.846190679501953500e-09
5.766062399308579765e-09
5.715620060351470713e-09
5.645574645444524264e-09
5.592401979360562062e-09
5.530923805045296056e-09
5.476035252416963205e-09
5.421856248958220792e-09
5.366070987109727051e-09
5.318128310043569502e-09
5.262104800389634882e-09
5.219505957160221227e-09
5.163770361618956443e-09
5.125764480676115502e-09
5.070734062462261721e-09
5.036688148673419572e-09
4.982690590869794298e-09
4.952069935239874584e-09
4.899359241480304486e-09
4.871711188224353882e-09
4.820480844261573205e-09
4.795421345478964525e-09
4.745815253936212348e-09
4.723017627954587157e-09
4.675138888651438623e-09
4.654324764788347374e-09
4.608243391388103994e-09
4.589174711161210905e-09
4.544933552302507522e-09
4.527406377237807967e-09
4.485026300154804607e-09
4.468865363564969051e-09
4.428349462456544842e-09
4.413403703755977375e-09
4.374740792050568057e-09
4.360879614066426984e-09
4.324047106830775276e-09
4.311157250179227066e-09
4.276123556319888398e-09
4.264106472031489269e-09
4.230832969273015935e-09
4.219602614418637979e-09
4.188045281415144617e-09
4.177526265465942935e-09
4.147637028720542427e-09
4.137763051406686940e-09
4.109490881028575345e-09
4.100203427439828176e-09
4.073495302098824597e-09
4.064742480271649889e-09
4.039544054707358658e-09
4.031279725609983741e-09
4.007535992363440838e-09
3.999718923792586366e-09
3.977374698489872745e-09
3.969967894756345599e-09
3.948968217420141743e-09
3.941938340141386865e-09
3.922228797357711781e-09
3.915545670814940545e-09
3.897072652274502752e-09
3.890708839185983038e-09
3.873419739067953699e-09
3.867350175478005697e-09
3.851193548662483391e-09
3.845395233324329308e-09
3.830320908897045420e-09
3.824772624746581873e-09
3.810731797412342353e-09
3.805413875996018917e-09
3.792359163233900969e-09
3.787253278799512216e-09
3.775138744374382982e-09
3.770227742048603757e-09
3.759008947416720226e-09
3.754276647711841981e-09
3.743910617178191235e-09
3.739341697531127424e-09
3.729786926201175905e-09
3.725366802963842463e-09
3.716583207091436957e-09
3.712297896178739324e-09
3.704246796720950294e-09
3.700082804020831041e-09
3.692726880424609266e-09
3.688671103239309776e-09
3.681974333648782096e-09
3.678013961382890536e-09
3.671941558815350762e-09
3.668063973430171126e-09
3.662582316358782353e-09
3.658774999718866656e-09
3.653851547253843322e-09
3.650101985257064668e-09
3.645705184089365728e-09
3.642000768295914006e-09
3.638099947898395933e-09
3.634427872648232849e-09
3.630993126249146799e-09
3.627340280052083442e-09
3.624342329333707005e-09
3.620695175910072206e-09
3.618105217479899795e-09
3.614449666923942406e-09
3.612239193590484401e-09
3.608560458780899743e-09
3.606701053867761598e-09
3.602983489553752124e-09
3.601446585639591553e-09
3.597673506524875040e-09
3.596430101476252891e-09
3.592583575064453415e-09
3.591603895313993589e-09
3.587664504243659244e-09
3.586917603766687188e-09
3.582864171762610565e-09
3.582317450629817082e-09
3.578126725913966458e-09
3.577745350470984380e-09
3.573391637868375071e-09
3.573137839476661255e-09
3.568592573899740569e-09
3.568424797520462264e-09
3.563656047671850596e-09
3.563527916947705025e-09
3.558499809378569240e-09
3.558358866343283737e-09
3.553030918357432350e-09
3.552817088770681193e-09
3.547143439516760916e-09
3.546787166556393673e-09
3.540715696781446466e-09
3.540135677771799934e-09
3.533607012775560581e-09
3.532707468386132983e-09
3.525653866906112685e-09
3.524321269750946420e-09
3.516665407307565199e-09
3.514764610499225452e-09
3.506418309261566866e-09
3.503788027577210390e-09
3.494650964798783954e-09
3.491098669167981353e-09
3.481057241526069318e-09
3.476353386523432160e-09
3.465279907945165964e-09
3.459152182784089955e-09
3.446904541546132622e-09
3.439032146274789347e-09
3.425454695303632280e-09
3.415463899774853549e-09
3.400389738557031564e-09
3.387852043438592732e-09
3.371107759340202180e-09
3.355542621682632876e-09
3.336956102260589510e-09
3.317840818317195471e-09
3.297253029612117658e-09
3.274043022456893312e-09
3.251324640190227023e-09
3.223487046605455381e-09
3.198559053789318804e-09
3.165621541867524333e-09
3.138479372708799359e-09
3.100092858367628250e-09
3.070830530737449628e-09
3.026840582780974149e-09
2.995670089259939336e-09
2.946185643627404693e-09
2.913445668566716080e-09
2.858889017731352963e-09
2.825037298493704068e-09
2.766158463303371476e-09
2.731744980756118533e-09
2.669588535213453822e-09
2.635211500121163870e-09
2.571035292969282013e-09
2.537287163906892938e-09
2.472446002159490693e-09
2.439860211841381999e-09
2.375678034990569980e-09
2.344686824785109145e-09
2.282343171378183462e-09
2.253253501783349008e-09
2.193703719820027430e-09
2.166692575956683683e-09
2.110629808071627712e-09
2.085755603983017220e-09
2.033611354525640776e-09
2.010835518380788941e-09
1.962808389037182686e-09
1.942020935659230283e-09
1.898120897576843397e-09
1.879165144033999061e-09
1.839262291711275368e-09
1.821955789037395906e-09
1.785825902431036010e-09
1.769976393594835301e-09
1.737339155084496064e-09
1.722755613798391909e-09
1.693304090668342864e-09
1.679803504271316881e-09
1.653225259486568856e-09
1.640636101287206595e-09
1.616627178961871871e-09
1.604790474351926059e-09
1.583063784285504463e-09
1.571832532768088203e-09
1.552122089277277013e-09
1.541359622752385899e-09
1.523421861892409032e-09
1.512999551027390072e-09
1.496612675937646953e-09
1.486407260063748157e-09
1.471369307749346072e-09
1.461260027262702920e-09
1.447386137558122996e-09
1.437251789392479977e-09
1.424370996131444216e-09
1.414087011804674979e-09
1.402038764905654497e-09
1.391474427618033171e-09
1.380104992838144693e-09
1.369120963623975105e-09
1.358279821315405163e-09
1.346726246541222649e-09
1.336262652082124767e-09
1.323978280276416466e-09
1.313738220843726485e-09
1.300551141936136923e-09
1.290375059567099743e-09
1.276105912112078546e-09
1.265827755642596489e-09
1.250296431363954794e-09
1.239744803180928196e-09
1.222781717468504726e-09
1.211784036392089975e-09
1.193246734843743538e-09
1.181637306474844374e-09
1.161432312584317108e-09
1.149064793077062865e-09
1.127173003178801815e-09
1.113936733864081270e-09
1.090438436445423227e-09
1.076276976330518151e-09
1.051370357238176708e-09
1.036297678066428544e-09
1.010303600367160892e-09
9.944141401226021443e-10
9.677615464566639547e-10
9.512288212376501197e-10
9.244196466953551271e-10
9.074817564894643357e-10
8.810406662835957699e-10
8.639745744795104300e-10
8.383942451747122559e-10
8.214844236982376473e-10
7.971786547350806612e-10
7.806872545915676750e-10
7.579611015913676740e-10
7.421056258491808104e-10
7.211457640040230411e-10
7.060871615989900168e-10
6.869698358797855212e-10
6.728106491859257296e-10
6.555211040686341151e-10
6.423111002591539974e-10
6.267677992190716251e-10
6.145137904192884528e-10
6.005921510424883372e-10
5.892691094556222424e-10
5.768216185523711233e-10
5.663831114883307332e-10
5.552546051408860847e-10
5.456415128747450320e-10
5.356797056512381424e-10
5.268269028877366052e-10
5.178889193687704141e-10
5.097300304234550409e-10
5.016859045614370169e-10
4.941564489789556348e-10
4.868905052321157065e-10
4.799298038766095008e-10
4.733406685356919245e-10
4.668928535880482181e-10
4.608926547186440647e-10
4.549070663714898976e-10
4.494202121315281057e-10
4.438513996946909490e-10
4.388131857152274856e-10
4.336206631749476906e-10
4.289758732761559959e-10
4.241237514208313729e-10
4.198253341095044384e-10
4.152818870338196896e-10
4.112897548509264694e-10
4.070269741107162253e-10
4.033069431582826910e-10
3.993001058432135016e-10
3.958229770491661576e-10
3.920502475149422650e-10
3.887910202344222132e-10
3.852330801785328132e-10
3.821702895166016306e-10
3.788099947912405890e-10
3.759251031708797834e-10
3.727472583523693630e-10
3.700242839652293564e-10
3.670153059205599595e-10
3.644403075660272208e-10
3.615880540380159444e-10
3.591488758804127338e-10
3.564424588472003183e-10
3.541283523019304116e-10
3.515579692397796353e-10
3.493596991334713660e-10
3.469164560524957238e-10
3.448255760008325753e-10
3.425014324495076316e-10
3.405105681407662496e-10
3.382982788059683529e-10
3.364007825253793154e-10
3.342936069411460587e-10
3.324834155921295760e-10
3.304753597343756477e-10
3.287471353953372051e-10
3.268322936166549745e-10
3.251810599765047358e-10
3.233543514003153608e-10
3.217756509791698888e-10
3.200322464303085535e-10
3.185219248080596620e-10
3.168573343256560481e-10
3.154115773319007136e-10
3.138216121887972880e-10
3.124368840908735905e-10
3.109176223545279381e-10
3.095906286478778810e-10
3.081382568561373202e-10
3.068659130202380161e-10
3.054772184083662968e-10
3.042566227195868195e-10
3.029281801486533684e-10
3.017565823562202689e-10
3.004852600664208373e-10
2.993600412718525514e-10
2.981428433201491768e-10
2.970614903306381790e-10
2.958955340273654104e-10
2.948556157140631068e-10
2.937381024411743642e-10
2.927372391399778081e-10
2.916654245058869971e-10
2.907012487748917714e-10
2.896724241298715922e-10
2.887425701016155193e-10
2.877539832194891639e-10
2.868560418159512877e-10
2.859049248252288170e-10
2.850363628925854594e-10
2.841197950474680323e-10
2.832778929328239080e-10
2.823927461440200178e-10
2.815745161312434093e-10
2.807173555192941069e-10
2.799194140544382931e-10
2.790863425548229019e-10
2.783047279530471607e-10
2.774911828025453775e-10
2.767211225954344514e-10
2.759215943185637891e-10
2.751571660752691854e-10
2.743647979563999953e-10
2.735984523638100362e-10
2.728044723366642419e-10
2.720263531292604622e-10
2.712192612214117203e-10
2.704162307301749610e-10
2.695806323273294475e-10
2.687348729668333412e-10
2.678498042881080682e-10
2.669368173867756205e-10
2.659733568459690496e-10
2.649591288133552153e-10
2.638770419626123243e-10
2.627141210066920567e-10
2.614572938269371136e-10
2.600795924441786364e-10
2.585701818503851869e-10
2.568866638272844467e-10
2.550184843028546481e-10
2.529068482181727625e-10
2.505399580862650472e-10
2.478435108686547416e-10
2.448047900381100298e-10
2.413392627710000733e-10
2.374378531504683711e-10
2.330187951165940503e-10
2.280877716652435385e-10
2.225881378873297304e-10
2.165568087792075674e-10
2.099887946821031936e-10
2.029649156610900252e-10
1.955476066694904294e-10
1.878556681266539581e-10
1.800082218723126025e-10
1.721317936873129777e-10
1.643666739907400001e-10
1.568079215374193291e-10
1.495788756254599205e-10
1.427191300383162996e-10
1.363153388227149337e-10
1.303523348684187820e-10
1.248811185871735618e-10
1.198483903400374769e-10
1.152808705239878985e-10
1.111064258287376014e-10
1.073392233891396730e-10
1.039027935088920864e-10
1.008066886332704386e-10
9.797845092536495198e-11
9.542716222472200870e-11
9.308799010631651748e-11
9.097112914516068105e-11
8.902025317301105864e-11
8.724692555663639247e-11
8.560285309486856193e-11
8.410067656127911523e-11
8.269913784406853433e-11
8.141152040758706079e-11
8.020250006140020848e-11
7.908559942666328276e-11
7.803040883158209610e-11
7.705037442384711734e-11
7.611912677700270318e-11
7.524981254017186192e-11
7.441938066719593734e-11
7.364053329651347060e-11
7.289295304838561815e-11
7.218881201829700007e-11
7.151005700042849997e-11
7.086828732052461281e-11
7.024733801278330522e-11
6.965822232818665086e-11
6.908636231982222115e-11
6.854219117559076756e-11
6.801247547121575979e-11
6.750708615919189701e-11
6.701393750181335891e-11
6.654236162624562994e-11
6.608124775758444901e-11
6.563946496037943195e-11
6.520676670677904053e-11
6.479145942827061553e-11
6.438407225968005366e-11
6.399250570491638580e-11
6.360793064959746670e-11
6.323782715633924132e-11
6.287395038312416257e-11
6.252338988060533181e-11
6.217842213433908716e-11
6.184577283574306974e-11
6.151818606592652518e-11
6.120204851838941011e-11
6.089052597266023557e-11
6.058968917019753155e-11
6.029308745580152459e-11
6.000649572211419341e-11
5.972380913437687020e-11
5.945052940588483509e-11
5.918086991146976148e-11
5.892007567156391216e-11
5.866265177795356234e-11
5.841360333000981950e-11
5.816770396158225290e-11
5.792973438078668403e-11
5.769471628326180183e-11
5.746722021714238204e-11
5.724249764739459428e-11
5.702492215583779502e-11
5.680995858930541175e-11
5.660179577925032923e-11
5.639609714693747158e-11
5.619687803693532486e-11
5.599998710014174789e-11
5.580927668492640885e-11
5.562076850539196898e-11
5.543816158706575465e-11
5.525763966873505705e-11
5.508275743973111410e-11
5.490985059516625889e-11
5.474234027848081250e-11
5.457670249528651172e-11
5.441622807661224525e-11
5.425752914319421526e-11
5.410377572537206999e-11
5.395170604091436395e-11
5.380437610642981744e-11
5.365864290880321849e-11
5.351745475899536201e-11
5.337778064063958294e-11
5.324246706969127615e-11
5.310858858576508518e-11
5.297888103309594332e-11
5.285055349736567856e-11
5.272623196733338183e-11
5.260318392172977363e-11
5.248404666234709639e-11
5.236609973107588619e-11
5.225185621836344119e-11
5.213879345730491620e-11
5.202928015940248438e-11
5.192085816047318526e-11
5.181586844812999640e-11
5.171190996196316494e-11
5.161125407835966288e-11
5.151157160666939664e-11
5.141506801942324587e-11
5.131948233196152728e-11
5.122695861575088490e-11
5.113530118660490768e-11
5.104659184709384586e-11
5.095869538449424165e-11
5.087363953850048044e-11
5.078934761243760855e-11
5.070779360895596650e-11
5.062695652256374368e-11
5.054876009798192572e-11
5.047123504663395823e-11
5.039625599310748411e-11
5.032190479974270303e-11
5.025000990002286077e-11
5.017870106414962841e-11
5.010976270727835966e-11
5.004137027066292344e-11
4.997526621954413802e-11
4.990966952326444689e-11
4.984628263324432482e-11
4.978336608375882840e-11
4.972258413213312286e-11
4.966223696102388135e-11
4.960395235374017210e-11
4.954606840859323509e-11
4.949017804337082548e-11
4.943462235065357466e-11
4.938102887297374538e-11
4.932777188395056580e-11
4.927637891130391126e-11
4.922529230681249219e-11
4.917600897718074457e-11
4.912700314545548869e-11
4.907974233782157654e-11
4.903273136741674581e-11
4.898740951861052101e-11
4.894231101294084392e-11
4.889884799417162184e-11
4.885558295937349216e-11
4.881390187730468847e-11
4.877239480622284369e-11
4.873242225979160525e-11
4.869260039489879389e-11
4.865426529417806834e-11
4.861605868687062622e-11
4.857929314221952229e-11
4.854263491157742698e-11
4.850737376840974471e-11
4.847219973359003563e-11
4.843838046492359528e-11
4.840462904402581461e-11
4.837219161556848446e-11
