# -0.9J_-0.1g_0.5236theta_0.5236phi_10Chi_0.01delta_500N
-1.370804140430203046e-03
7.277447227759044346e-02
-9.653611397934565019e-01
-2.501294910973895225e-01
-2.445128766645883467e-03
-1.601658960865771225e-03
6.882998378721526993e-04
2.193587876115787004e-03
3.261579610472451363e-04
2.272636265006096248e-03
1.872109288089731510e-02
-1.251532989800609119e+00
1.191398975570094798e+01
-1.293084951528643955e+01
-8.980813806773412011e+00
-4.772353431546785263e-01
-9.927620828675733922e-01
-3.087128159153016327e+02
1.363728066103225700e+01
1.066852010191647935e+02
-8.616428753695877241e-01
8.582896514469749150e+01
-1.854176162452588642e+03
1.287185998770129572e+03
3.935907967085514974e+04
6.952220666884492857e+03
4.887948414004966617e+04
-1.526812208175758715e+05
-3.225507556563310573e+03
-1.226859035353576655e+04
4.248780460997302888e-01
-3.154789398567680792e+01
8.953830876237125267e+02
1.690960630409845464e+02
-3.075541042215744892e+04
-7.461238729361700280e+03
-2.239369759896556207e+04
1.107223758648147486e+05
8.007907594491101690e+02
-4.391754076131379406e+04
-1.047687292506802904e-02
-3.264334520599554423e+01
1.350708588048165620e+04
-1.305723378699274144e+04
-1.198455559314168245e+07
-2.234728261963243596e+06
7.817611485769026913e+05
-2.274930575340720359e+06
4.575691416701801354e+05
2.171229932254902553e+06
2.161301096446618941e-03
3.341291770983663145e+00
-2.951736056931413259e+03
-2.263314338862663590e+03
3.506315700233350974e+06
1.405699363853442483e+06
-2.108421535210002330e+05
1.098369778179987567e+06
1.333965498168408521e+05
1.949367197867196798e+07
-5.414669082633252750e-02
-2.848733600831403123e+02
1.197667570165029065e+04
-2.203470964258119420e+04
3.519882263745098608e+05
-1.327361748818840133e+05
-1.126701696133712074e+06
1.760833450277246069e+06
-6.326107445707478473e+04
-5.981898417919295840e+06
1.140466867629980618e-01
5.958846263024880727e+02
-3.337710935802224412e+04
2.049649035757359525e+04
-7.136465707138826838e+05
-2.028478427917323716e+05
2.587742802439050283e+06
-9.443240048089664429e+06
3.272426427773870455e+04
4.425404972217211500e+06
-2.128156120143080894e-04
-1.938191091363009821e+00
-3.497703343013024551e+02
-5.467709528586816305e+03
-4.861175327405310236e+05
1.936644979728294129e+05
3.195145162601536140e+04
-1.060415771071492927e+05
4.999375808149553486e+05
1.510524339972786233e+07
1.018822788429804040e-03
9.414591945313501853e+00
2.363087673068286222e+03
-1.762467221053337853e+05
-1.427101939480755711e+06
1.894631824682695791e+07
6.060056999716358259e+05
1.346437075102858432e+07
1.297356804752162658e+07
1.033209603118686199e+09
-3.726283726328554619e-02
9.938508650378274911e-01
8.898142965294171536e-02
-5.404561415960103254e-02
5.558943385189717796e-04
-1.085727258661027582e-03
5.704940832065972904e-03
1.063056943393367489e-03
-4.306000525160827883e-06
-4.867187601797567053e-05
9.810064860819599497e-01
-5.255567094099945535e+01
1.713467571618675436e+02
-6.766171674309251785e+02
5.112492051888600564e+00
-1.295056520934516442e+01
7.242243710308792970e+01
1.948569043117494104e+01
-1.380824036249171383e-01
-1.340065442695282494e+00
4.840772128886551562e-02
3.028602687726415184e+02
-3.695137230219924277e+03
1.624562060227691836e+04
3.086357338108149179e+03
-1.453138020033317480e+04
1.482857809284728428e+05
3.686144633469288965e+04
1.647773501340496523e+03
3.226156515818905063e+03
5.728291593375581248e-02
6.191861803269638358e+02
-7.588197357680267487e+03
3.344963793304938008e+04
8.298713620489406821e+03
-4.081508718903656700e+04
3.085789622042778064e+05
8.027902607601569616e+04
-5.114122815836077280e+03
5.385340389812358808e+03
4.934455311075981298e-04
4.700069088845689080e+00
6.892314006134446572e+03
-4.493168470524770237e+04
-1.035382915361018619e+06
5.290513197895671241e+06
5.407190016115092440e+05
1.113002256590250763e+05
-7.952745032084101113e+05
-2.755252383884402225e+05
1.293763576525203737e-03
1.616731465412871316e+01
2.301452506367956084e+04
-1.505454521054367360e+05
-3.436853180187687278e+06
1.788159357687770575e+07
1.857653403187999735e+06
4.156005292181861005e+05
5.786414414746834664e+05
-5.552628635840023635e+05
4.320813565727512316e-03
4.840226208937613706e+01
7.821358279976395715e+04
-4.413215004924551467e+05
9.912827707949682372e+05
-5.266706327505013905e+06
-1.703252563775207847e+07
-1.108971687131349742e+07
1.707313088063281248e+04
1.446677406418962637e+06
2.477077543430428967e-04
1.332790285605772951e+01
3.813751352585260611e+04
-2.103898990801594919e+05
4.279951221172666992e+05
-2.283693022820860147e+06
-7.065316219883247279e+06
-3.791232471740045585e+06
-7.438103652904991759e+04
4.224619741145860753e+05
-9.461771428224480559e-07
2.232157000800084889e-02
-1.545451914071877013e+02
-1.454670802704048924e+02
2.231442465251984540e+05
9.511469013659413031e+04
1.270536757755549661e+04
8.977967359174952435e+04
1.577504437923131138e+07
6.007148595424286323e+05
-1.476250507775521902e-05
-1.953500455830438909e-01
3.137003104810118614e+01
4.540577861562786893e+03
1.327247017588621238e+05
-6.958209315763821360e+05
4.105694117524713511e+05
6.520097687428630888e+05
-1.390679236399707443e+05
3.670965810701199225e+05
-9.993045953493643330e-01
-3.726340574885891183e-02
-1.654052194068371439e-03
1.018311444561913149e-03
-8.579660236093351880e-06
1.681481496115384394e-05
-7.105607747350123902e-05
-1.266538342626828807e-05
9.361504266719287760e-07
1.079048600600754221e-07
-3.697657121262094143e-02
-2.447468064411204014e-02
3.741652174768365646e-01
-4.110700849717789374e-01
-3.655321163353183467e-01
-9.338440232281156050e-03
-3.480912503871584907e+00
1.273191783006888222e+01
-1.204176625366996412e+01
3.067359518261387752e+00
-7.344989603699123796e-04
1.737628903640300315e+00
-4.901593584555140382e+01
3.967361681058086020e+01
1.464403032331082841e+03
2.765682807124503029e+02
1.640035515748063517e+03
-6.038250042472619498e+03
3.992710824070700619e+04
-9.075231344680745451e+02
-1.169319788591891701e-03
-3.313967792122265443e-01
1.530031866217062486e+01
5.034180747985728566e+00
-1.141411876498747006e+03
-2.907220493743241718e+02
-5.123039398654560728e+02
2.878743126040672905e+03
-3.133253031776187709e+04
-2.916642675838808827e+03
-8.541028114216609371e-06
-1.197016879488624452e+00
4.972194600162275719e+02
-4.515153710006817960e+02
-4.461613293068991625e+05
-8.740513244476592808e+04
2.876806219289499131e+04
-8.543385454725315503e+04
-1.212419214062811062e+07
3.796570657552935882e+05
-1.762959910425528713e-05
1.597554586457456682e-01
-1.078601343932332384e+02
-8.861195314051948912e+01
1.299584348633648042e+05
5.311377379122112325e+04
-9.190680022620847012e+03
5.392635354671137611e+04
3.667310530630725902e+06
1.359362240215251688e+06
-9.657335546054654800e-05
-9.534877232955444981e+00
4.274419997480036386e+02
-6.919552466460470441e+02
1.039280157874012366e+04
-5.408976253712243306e+03
-4.134929342628813902e+04
8.405976145243117935e+04
1.275961025428949652e+05
-4.383619263541145483e+05
1.064203057109631100e-04
2.903005843871830649e+01
-1.243675672694516834e+03
7.955739471373623246e+02
-3.244569082196339878e+04
-9.336198599006949735e+03
8.546214544701749401e+04
-3.317019260480045341e+05
-1.128129146105195861e+06
7.587991194360473310e+04
8.446265917861213820e-06
3.898000483499874491e+01
-1.359896721905955201e+04
1.087876093686583044e+04
1.224193659186966345e+07
2.610330719519116450e+06
-7.848571520536290482e+05
2.535033047367746010e+06
6.696967606534086466e+08
-7.661254831238609739e+06
7.405317757754891514e-05
3.401125009882186845e+01
-5.846155915519790369e+02
-2.552843238870675577e+03
-2.695560193729833118e+05
3.077276534875798970e+05
5.485642576059433486e+04
1.585176102941961435e+05
-1.264698091244690306e+07
2.451504452619527653e+07
