# -0.9J_-0.1g_0.5236theta_0.5236phi_10Chi_0.01delta_500N
-1.381476070343111082e-03
7.248842223639166693e-02
-9.503556868859159845e-01
2.463231705698725182e-01
-2.076469112737169918e-03
1.518615697981891320e-03
1.162850993617786134e-03
-4.519014405429735293e-05
-3.079609856336710063e-04
-2.252178498534622517e-03
1.844313487142801647e-02
-1.221709053136169176e+00
1.136670054061873181e+01
1.273041552177830127e+01
-9.087041595317534970e+00
5.835226616651304488e-01
-1.355917630203943958e+00
-2.884942514652042291e+02
-1.239947104977915870e+01
-9.531071444571834661e+01
-8.889051304750337223e-01
8.717288341824117026e+01
-1.854656021236642118e+03
-1.289888095899523250e+03
3.922711746205679083e+04
-6.901200910278518677e+03
4.816853753321533441e+04
-1.496309382139614609e+05
3.143240770069936843e+03
1.139028947554643855e+04
-4.382541934108509785e-01
3.255308857353843166e+01
-9.098906810173582471e+02
1.499085803597994868e+02
3.067751747428497765e+04
-7.355121450817864570e+03
2.258693780145447818e+04
-1.098584973022752238e+05
8.604625666656446583e+02
-4.147447671884947340e+04
-1.096216819650964319e-02
-3.426653718182449637e+01
1.391463832117092716e+04
1.249122634926164937e+04
-1.206032049620316364e+07
2.235397569567147177e+06
7.950543116128183901e+05
-2.315002715872942936e+06
-4.590382351262217853e+05
-2.112656451504699420e+06
-2.251740109166472208e-03
-3.527969206280104242e+00
3.105667122410755837e+03
-2.353589536991133173e+03
-3.556715482960659545e+06
1.400789323007036000e+06
2.158971224264527846e+05
-1.103333218453091802e+06
1.208957271054678422e+05
1.881527870592280477e+07
-5.586114322152878342e-02
-2.935013554705433876e+02
1.208757260263509124e+04
2.219127126391016645e+04
3.565596428444124758e+05
1.256946528958755516e+05
-1.112356460088705877e+06
1.735515403895330615e+06
5.985568205604922696e+04
5.665269242463377304e+06
1.179682131323954858e-01
6.149806513514968174e+02
-3.407161504897128907e+04
-2.102840280112629989e+04
-7.282266780263418332e+05
2.062044853024996410e+05
2.611025270632698201e+06
-9.472603472133794799e+06
-2.892925463973298611e+04
-4.082240053200659342e+06
2.168004127952030062e-04
2.072582296177885919e+00
4.313560253320890183e+02
-5.732020929501743012e+03
4.902635565257937997e+05
1.975217422862141102e+05
-3.244313504861553156e+04
1.227167474227452622e+05
4.992169080081956927e+05
1.499152490926882252e+07
-1.144452706656737696e-03
-8.635285641912522792e+00
-9.569448675071026855e+02
-1.810319694130911957e+05
1.448459081683205208e+06
1.908541116925127059e+07
-6.711398269315833459e+05
-1.298052740981417522e+07
1.270156162078908645e+07
1.019060147949978352e+09
-3.697402771629812457e-02
9.633962973092337068e-01
8.619668678458311528e-02
5.214887643956744173e-02
5.616754095919735974e-04
1.163412863593864342e-03
6.595980774937864298e-03
1.296119514704396599e-03
-1.545770058132757107e-05
2.141156105903993802e-05
9.963951788052063385e-01
-5.215001876823464499e+01
1.660263569342134815e+02
6.559715475733904668e+02
4.926508470238796455e+00
1.256356137694879926e+01
7.006746789481900350e+01
1.886508267641533010e+01
1.368781629127384381e-01
1.233828290669627625e+00
4.919159698194212893e-02
3.076421286382130802e+02
-3.673737172642424866e+03
-1.610670014441900639e+04
3.005781462334628486e+03
1.426479508933465331e+04
1.436513447997977491e+05
3.573586296482585749e+04
-1.631918960910051283e+03
-2.969572658135789879e+03
-5.823263224102934177e-02
-6.289069292351065315e+02
7.544346936589440702e+03
3.316347270680530346e+04
-7.989526090536980519e+03
-3.957730471376414062e+04
-2.991423563631998841e+05
-7.787415363062093093e+04
-5.078857162184378467e+03
4.869097434342951601e+03
4.977553429604315459e-04
4.735967399788077792e+00
6.927851053350494112e+03
4.510496807711348083e+04
-1.030578346417532652e+06
-5.291398673082672991e+06
5.426774049303139327e+05
1.107053921897233085e+05
7.963391765234794002e+05
2.738625014777176548e+05
-1.290266722090352989e-03
-1.613891147060074971e+01
-2.297272020405171861e+04
-1.500973642136940034e+05
3.395814370230618399e+06
1.775976541431127116e+07
-1.853988972721004393e+06
-4.173662004183953395e+05
5.816739500964900944e+05
-5.520979752318693791e+05
4.306100598407224152e-03
4.925618285743225044e+01
8.002460691667658102e+04
4.485098599993324024e+05
9.639086731738629751e+05
5.147456085412482731e+06
-1.689044657040076703e+07
-1.084434545531654172e+07
-2.324680240283103194e+04
-1.439782740190093871e+06
2.016761196800623268e-04
1.350903980717494335e+01
3.897519550450347742e+04
2.133625696408227086e+05
4.139106587357188691e+05
2.220238597530179191e+06
-6.964458082283326425e+06
-3.660102292466348968e+06
7.273160795277728175e+04
-4.128897213151086471e+05
-9.989727837470412255e-08
1.227160900149346437e-02
1.548025010269289510e+02
-1.597860021548473810e+02
-2.209359968334430014e+05
9.613755156078102300e+04
-1.357432954897459967e+04
-8.735037910659806221e+04
1.549458464964516833e+07
5.621440920755504631e+05
1.997268149489409432e-05
2.207169984804505103e-01
-8.746457366424836266e+01
4.731202746564768859e+03
-1.309159664680902642e+05
-6.896303295548529131e+05
-4.537088177396992105e+05
-6.793740778324863641e+05
-1.385690067778626399e+05
3.585410169880417525e+05
-9.993153377987555874e-01
-3.720089543472943072e-02
-2.483207854096370314e-03
-8.027978836148158158e-04
4.088005496269363363e-06
-1.849595548492375752e-05
-6.239085980356548012e-05
-4.167858756928355477e-05
-4.064970257722172811e-04
-1.399050367935946134e-06
-3.699305413936969378e-02
-2.447410629421797532e-02
3.670389721222450663e-01
4.032613233111755902e-01
-3.610909866126000844e-01
1.055952495129495843e-02
-3.327885384047307493e+00
1.190254417617910576e+01
1.155936450823697470e+01
-2.922046838131454827e+00
1.960794192969302020e-05
1.743771558875083283e+00
-4.859274284420010304e+01
-3.909848406744344373e+01
1.448143109420064320e+03
-2.723218833385400330e+02
1.607897510009475809e+03
-5.891702434515980713e+03
-3.856099075582364458e+04
8.717021807154673070e+02
1.542399004264654238e-03
3.188033221076567170e-01
-1.501533028539001080e+01
5.434658798770825250e+00
1.129430381497637654e+03
-2.861262393379009268e+02
5.038319290648640276e+02
-2.823825295048874068e+03
-3.027390124497802390e+04
-2.846613155969349009e+03
6.741924578350270986e-07
-1.243644650404068353e+00
5.083365450781016079e+02
4.268510871294133153e+02
-4.455088791123579722e+05
8.674717792551788443e+04
2.902764396877121180e+04
-8.618635611802355561e+04
1.182491824017822184e+07
-3.695378801850042655e+05
1.880250934302475844e-05
-1.680206066163827394e-01
1.117990356920803237e+02
-9.637928748421373371e+01
-1.306793868737422308e+05
5.314554480635836808e+04
9.292734013944638718e+03
-5.416546746500753943e+04
3.600317104680368211e+06
1.350192974381689914e+06
-2.859182073283881231e-05
-9.716095965571490467e+00
4.304179779273784447e+02
7.006040598665975949e+02
1.051843187578483776e+04
5.269280585454210268e+03
-4.114594255767120922e+04
8.337104843096424884e+04
-1.293641872144214140e+05
4.264189453472089372e+05
-5.549443225886714918e-05
2.986679088618457811e+01
-1.253758427498796209e+03
-7.983559526981568979e+02
-3.288545967690284306e+04
9.455591211980619846e+03
8.498720950011172681e+04
-3.295423290826252778e+05
1.119869451404451858e+06
-6.232722384913817223e+04
3.134620073387516191e-06
-4.155642934475405781e+01
1.424631269894417892e+04
1.045420171425015542e+04
-1.251987836538340710e+07
2.653690171733361669e+06
8.107985314872993622e+05
-2.614599610677166376e+06
6.689791559184548855e+08
-7.435596184246827848e+06
2.759459551369730650e-06
-3.790160368307462591e+01
6.680717945788277348e+02
-2.448093106723797064e+03
2.804255602171285427e+05
2.973277096042181365e+05
-5.857544780863325286e+04
-1.345894159882793610e+05
-1.298507775406374410e+07
2.377868654633008689e+07
