# -0.8J_-0.2g_0.31416theta_0.31416phi_10Chi_0.01delta_500N
-8.450372786318993690e-02
9.875767419314398013e-03
-9.745814189697163954e-01
-1.621256349263940078e-01
2.624259228431903915e-03
1.272935490602490338e-01
2.926007897485244542e-04
4.311405429653736993e-03
2.305019748115206060e-02
-7.099203221399465712e-03
1.189031730906268784e-02
-9.625937149384002112e+01
-8.183292473667500566e-01
-1.450814705709916885e-01
8.192064019389443175e+00
8.227173629264309396e-01
-4.993346446689934659e-01
-3.157145123015269728e-01
3.633327410287943704e-01
3.798519013884245066e-01
-9.624118073941476670e-01
-1.052983907891998250e+00
-2.262183935784890920e+01
3.518647453336328113e+01
-1.006445648081703226e+00
-1.238407151788914291e+02
-2.023780445717349996e-01
-3.736982491638084714e+00
-2.363266948385811972e+01
7.842953255216000841e+00
-1.135066555207685374e-01
-1.635452082390236872e-01
4.573036787654107371e+01
-2.701368337471407699e+02
8.479993771370670785e+00
9.929538423504020557e+02
-1.500928229705673544e+01
-4.923486097159241694e+02
-4.052813190572474923e+03
1.476834172912517033e+03
2.139418802323689826e-03
8.150109934621708518e+00
-1.169459862711450304e+00
7.438473723951150696e+00
-6.798251997469130004e+00
-2.782431794479164822e+01
-5.987946909249479432e+01
-6.013129182218780677e+00
1.383632594113679204e+02
-1.306169789128942504e+01
-1.316378969020131628e-01
-6.650082644082233596e-01
1.183162540035571624e+02
-7.344308949312797949e+02
2.375875202861606184e+01
2.762685117025728687e+03
-3.710299007376298874e+01
-1.650183032333333358e+03
-1.419162867137629837e+04
5.247377607512808936e+03
1.699888647598001847e-04
-2.407449892441062000e-01
-1.161285052647357541e-01
-1.678909511465787574e+01
-1.230685122895090160e+02
7.329460598572556762e+01
-2.051518184967396792e+03
-9.792451144206924027e+02
-9.574338613393896367e+02
7.900859109018917934e+02
-3.565056211229137954e-03
4.553803342801027165e-01
3.163141163734852324e+00
4.085220675217069015e+02
-7.741963539934429761e+00
-1.964269546723071926e+03
7.892372332358164613e+02
9.892115424943618564e+03
3.422125628392838553e+04
-7.502683686859580121e+03
2.170308497638373871e-02
3.475941185294090241e-01
-2.134750025800594386e+01
-3.101927080454083352e+03
1.164124798514627770e+02
1.501891375055716708e+04
-9.524809761755956288e+02
-3.127762098354567934e+04
-2.594987431098682573e+05
9.497302819001776516e+04
-7.299453119667487742e-03
3.528018272146139500e-01
7.540094864866397018e+00
1.170219776078757377e+03
-4.106412360247059468e+01
-5.682234751084165509e+03
-7.333035950501297293e+02
4.983445577182197667e+03
9.733061301574796380e+04
-4.343060375692578236e+04
-9.964538214933557070e-01
-9.127656248926548262e-04
8.472179413247785118e-02
5.118015685353315830e-03
-9.512312153520509437e-05
-6.125378570713582195e-03
-1.707648352512379996e-06
-1.117524520619746290e-04
-6.398138283660010457e-04
2.070330764635680565e-04
-1.082921404567531096e-03
-6.803579688874664688e-01
-6.829966023378812590e-03
-1.376812371171020066e-01
-1.147686046840249929e+01
6.740261249872149529e-02
-9.057830845703294642e+01
2.560443154113788111e+01
-8.318183561144790517e+00
-1.508408835119097091e+01
8.428652606938549785e-02
-8.328951592300582948e-03
-6.797816414097816728e-02
6.206997132303565534e-01
-1.615880752859873426e-01
-4.300752659545402090e-01
-1.140399095440340016e+00
1.064557055692978427e+00
2.684846414973311113e+00
-6.848239460928586819e-01
2.345620429579903850e-03
-7.515335294512998088e-02
1.274200805022555505e+00
-2.068847377078560257e+01
-2.115150846789347394e+00
9.458612354187739157e+00
-4.605565738978504697e+01
-2.235266176871078017e+02
-1.945432395140146866e+02
-1.029202332098371357e+02
-7.364100614611246334e-05
-5.563901964423551227e+00
-8.257067003187645859e-02
-1.267786955411730698e+00
-1.361163350101786023e+02
5.161703690089127772e-01
-9.289669518737097178e+02
-2.106998550438896132e+02
1.747160727252922641e+02
3.843114021466166719e+02
6.848244027942210037e-03
-3.235194380396927416e-02
1.071945154441853038e-01
8.475025283847045232e-01
-1.333574656949164938e-01
8.422410639811641175e+00
1.796231972072143535e+01
1.203205305878676370e+02
-4.738856984328200639e+01
1.283904104193409523e+02
-9.551442430415487141e-06
-8.422698786163219609e+01
-8.755886837781834409e-01
-3.320147677840489564e+01
-2.462137085817611023e+03
1.248686856187611305e+01
-3.341077102141147043e+04
-7.507694579920374963e+03
2.820878520303234382e+03
2.320646045861348739e+03
1.073164048653826478e-04
-3.058389710060486877e+01
-1.509271954274791216e+00
4.848126938526068130e+01
-3.057236568749554522e+02
-1.072072118023079668e+01
1.951759536682420958e+03
7.404519474334210099e+04
1.315450684312150088e+03
5.944929293267190951e+04
-6.847063276255868029e-04
-1.052908387046714900e+01
2.827087411490435187e+00
-9.072932628017410650e+01
-1.099250895121863039e+02
1.176203508237520339e+02
-5.064191388336461387e+03
-1.394076122035674598e+04
-5.347848448805822045e+03
-1.842339414678140383e+04
2.246200523176546311e-04
-1.824155176249996302e+01
-3.389994679391030719e-01
-1.962742010504313583e+01
-2.327039238383113400e+02
-4.660445005720142575e+01
-1.626082620246530132e+04
-7.447469772213246324e+04
-6.656275887586854878e+03
-8.519526494558117702e+04
-7.043016409570087948e-03
1.270159159186042257e-03
-1.188060477310474289e-01
9.459328405021542041e-01
-9.419582760781823952e-03
2.937320752156406534e-01
-1.801962455264800086e-03
-1.419677804524448195e-02
-1.439616188925735979e-02
-5.471408284042586848e-03
9.031392142893294051e-04
-8.163184911409656408e+00
-7.373496297043262426e-02
-1.160787483345227189e+00
-9.414503664037607678e+01
5.679265625252681859e-01
1.573543959945563664e+01
6.399746508595180572e+00
-4.427109094961898528e+00
-9.424755729543129235e+00
-5.759232224192705613e-02
-9.390019675657579334e-02
-1.410123110000734759e+00
9.606365291989751753e+00
-1.384769503116077161e+00
-4.904057963071485560e+00
6.174645940801132271e-01
5.679369007039976935e+00
2.067757145494207904e+01
-4.100319722318237936e+00
8.818573275264492972e-01
-1.206576441013023970e+00
2.554230274348908836e+01
-3.427250005066635481e+02
-2.928980465416122669e+01
8.340640212351038940e+01
-3.805266379717470500e+02
-2.763185663783483960e+03
-2.385904661199835118e+03
-1.061217077447807924e+03
-7.810956743278247086e-03
-9.297337881761531264e+01
-1.396546112243980398e+00
-2.035932249494592128e+01
-2.184151778604414176e+03
9.475998264245980351e+00
-3.500438919082606390e+03
-7.029515711883225777e+03
4.112516287326558086e+03
8.729236809260888549e+03
-3.607211387274530390e-01
-5.705851923666993564e-01
-3.513714744737316931e+00
9.103678883062224259e+01
-7.038911906675219043e+00
1.453658316832264461e+02
2.025732657730019071e+02
1.499939577253545394e+03
-2.219043166732096211e+02
1.428186252090847120e+03
-1.944747458192741486e-03
1.122250217861744126e+01
8.300986592436973011e-01
-1.021168681498350850e+02
-4.653582332828191284e+03
2.437202012510745064e+01
-3.536255560499574494e+04
-1.190160205784971185e+05
3.032554211370504709e+04
1.574275632400442191e+04
2.342558339872847367e-02
-8.525872350399504640e+00
-1.267651323010115938e+01
7.358966768810404346e+02
7.921337966555102867e+03
-1.993430213501275716e+02
1.452657866902656096e+05
9.106704646270980593e+05
-7.534665688325158953e+03
6.433248435833662516e+05
-5.514310362990938047e-02
-4.427920621569462867e+00
3.646427836194126826e+01
-1.057440585248509024e+03
3.789198190127095131e+03
1.492325058660984496e+03
7.667446963006234455e+02
-1.486111655002472689e+05
-7.482964720758947078e+04
-2.424492215416995750e+05
1.674086557747240514e-03
-8.037363216007735289e+00
-3.517276509248879801e+00
-1.189512671604726677e+02
7.215413995979301035e+03
-6.402549955906018795e+02
-6.620583608534433006e+04
-8.514993136220877059e+05
-1.043602300125263864e+05
-1.052046628108671401e+06
