# -0.8J_-0.2g_1.0472theta_1.0472phi_10Chi_0.01delta_500N
-5.802199868092798862e-01
-6.711007281027551175e-01
-4.284299638523949016e-01
2.794615114431500680e-02
-3.293009594089981590e-02
4.074938222331501991e-02
-2.488325390615860611e-01
3.794029763321036808e-01
-3.252662005417009672e-01
4.329032211033725930e-02
1.652303765837999094e-01
-9.540707465156227085e-02
5.091910004861395223e-01
-1.469671309971404272e+00
1.202933461578615359e+00
1.194926663444871417e+00
-6.509556262431278606e-01
-2.154016108523205131e-01
-3.015774123428166531e-01
9.084100657593463524e-02
-7.539688704487064186e-01
-1.066120051927818668e+00
-4.858305325629992955e-01
-4.515607648279181818e-01
-3.519028618372537220e-01
6.270835706999210446e-01
4.386021459285888713e-01
-1.010603286938708489e+00
1.108790830955429740e+00
-5.464595900003314799e-02
3.601549700507248458e-02
-8.124847138185815609e-01
1.166129964764946347e+00
-6.023014333435013690e+00
3.340681031986126648e+00
2.574728892797374158e+00
-4.267569691714874658e+00
-1.665208730723574337e+00
-3.791182971471460661e+00
-2.804665474929744917e+01
-1.117526145951399340e-02
9.891531428039168627e-01
-1.586233538437517465e+00
5.192306228380959787e+00
-5.417526979189869252e+00
-6.760256129111502865e+00
-1.093451509809782313e-01
4.725965329774600709e-01
-2.284809489815835093e+00
-6.925126693730658367e+00
4.345903615831040595e-02
5.391150399243908042e-01
4.645042407879544366e-01
6.879086391591778815e-01
1.751195867961406805e+01
-9.847648016189582520e+00
-1.714939867987182609e+01
4.304348985783573767e+01
-2.508943197875380804e+01
1.476113207677968120e+01
4.482724574946235219e-01
-9.611800353370832939e-01
-3.523179306315140091e-01
-4.435704285645107880e+00
-3.942466967869539474e+01
2.319192244205327214e+01
3.878222154418931922e+01
-1.022298491992166447e+02
5.948838612035132911e+01
-6.418599492488166902e+01
1.494782874501382475e-01
8.854075885644757671e-02
-7.410533003511381445e-01
3.984995250196779804e+00
-5.260200005423127045e+00
3.205623836999001330e+00
1.875626589807130173e+01
-8.101552643176283652e+00
2.637168254152155455e+01
6.595345169802416763e+01
3.168648541942303276e-01
-8.134459986164584988e-01
-6.497361378801709275e-01
1.585552315784123811e+00
-1.957735174882034812e+01
1.458187775969049760e+01
3.898551120526072111e+01
-4.981801756782814294e+01
6.637862070922133739e+01
2.875251020188053985e+01
-2.577230903760385772e-01
7.839574363852110928e-01
3.295865900989408126e-01
-3.131610021405337463e+01
-4.276733183115113235e+01
2.417948963819553043e+01
-2.844745415696282009e+01
-1.577214108487100077e+02
-3.272540664327630466e+00
-1.259508856678395205e+03
-5.784517420432057078e-01
6.847812073982937342e-01
-3.681647440669283955e-01
3.536299726376317121e-02
2.720301481773960625e-02
4.552552658911890315e-02
-2.235170110958675238e-01
-4.257026236746045411e-01
-3.312084609644060929e-01
2.840516579643042813e-02
5.839299063494565178e-01
-6.358624999803162980e-01
7.701855892501806577e-01
9.764120576272891094e-01
-8.215374907431963747e-01
9.337488315980474463e-01
-7.666416817290234720e-01
-5.148451335526986750e-01
-7.335221677400689533e-01
7.074539349764201457e-02
5.193958675537049263e-01
-7.975000561456657699e-01
3.410062090362166176e-02
-9.533829455045480517e-01
2.987421112052333905e-02
-1.638629265702551630e+00
1.402552535882905516e-01
-8.807863074197962439e-01
-8.289726338454679322e-01
9.569062897155564129e-02
4.122328882876479667e-02
-5.816569182502288049e-01
-1.441627048182075654e+00
-5.935805849742416207e+00
2.174517319464223331e+00
-4.800578428694707966e+00
5.821779630292269303e+00
1.567790093910211013e-01
-2.637924150627057873e+00
7.320876797078276210e-01
5.216963429078294578e-02
-1.016309223137215501e+00
-6.887582812653522124e-01
-1.677774322602741952e+00
-1.357164317538875231e+01
-1.299392500712506227e+01
-2.401368511163060404e+01
-3.098658777709587753e+01
-1.868354026605498674e+01
3.582301264780376471e+00
-7.910147998693984467e-03
-3.552642840220803233e-01
-1.408408798517616800e+00
-3.433590185562600094e+00
1.099036226371541858e+01
-2.364785314100987357e+00
1.328216774385616894e+01
1.739169383415173797e+01
1.363784785967289714e+01
-4.098208106687597052e+00
-3.385331431359980825e-01
-8.922542185799726688e-01
-8.141769418307992501e-02
-1.405374436470340438e+00
-2.460256664553774186e+01
-1.322516531189481270e+01
-3.090250392190725037e+01
-5.834339513444408709e+01
-5.106831487149939619e+01
2.704425548113924549e+01
3.119105831012873309e-01
4.166265711616096157e-01
-7.742826490842605880e-01
-5.698501315110582333e+00
3.214241270938496342e+01
1.662836251700105095e+01
5.936326622481032445e+01
6.251055914712623007e+01
3.316346446993035357e+01
2.145350906410205649e+00
3.272462031987444231e-01
1.012071995553589288e+00
-4.052651688828534660e-01
2.533495748298196570e+00
2.192126228463687099e+01
9.170674171144449716e+00
1.933832509672255284e+01
5.809708034950245548e+01
6.945713991678633192e+01
-4.331003380471837261e+01
1.399647943121735683e-01
3.553584221779877428e-01
-1.726192349587786223e-01
-1.009196421217008144e+01
-4.746702808202969415e+00
1.618232474134442933e+00
1.189737493183777417e+01
-9.325051837296625123e+00
-1.721592450942535280e+01
2.571728336597526265e+01
-6.068390142134791887e-01
-3.168432435381830781e-02
7.671420147336819317e-01
3.521953291474987785e-02
6.215030688675955532e-03
-4.593510785676722941e-02
4.695942990619705326e-01
1.873418398908421878e-02
-3.128954652925313717e-01
-3.245086019801516342e-01
-7.459206986577805454e-01
-1.272112211721819208e-01
1.027377542818275424e+00
3.312243658516884071e-01
5.068690825515458354e-01
-7.251111515252433026e-01
-1.005680042820011444e+00
-2.140944684088848526e-01
1.025681121346308178e+00
9.383055831919663303e-01
2.476361801694191844e-01
-4.903027949440799671e-01
-4.212574324417430183e-01
1.382208780032540885e+00
1.857940706879064985e+00
-4.149256525068577284e-02
3.733246343720325044e-01
-7.123386829640001583e-01
-2.119454693853209393e-01
-4.306082803906769452e-01
2.488788276394838378e-02
1.331860147676290795e+00
1.762189544746506908e-01
-5.495086382423240323e+00
-4.406292969575858365e+00
-2.432817547287721704e-01
-3.007831079141416009e+00
4.907952740571013273e+00
-2.588019027826286678e+00
-1.636595604813073734e+01
-4.538115520787560503e-02
7.262926373700501204e-01
5.902685099632921650e-01
-9.961103253142667979e-01
-4.530320061003086707e+00
-1.622464392038944325e+01
-3.920589761670206741e+01
6.218415402593131525e+00
2.192457108529609755e+01
-5.281871296609509159e+01
-4.170988110574411212e-02
-1.773860844354403277e+00
2.821132363398715648e-01
4.918033514788214156e+00
8.241890402379949521e+00
-1.103799740421641218e+01
-2.298246840129646529e+01
2.777432250425650118e+00
9.972099629156458533e+00
-2.116767976972673182e+01
-9.318797399943290483e-02
-6.935347008625162291e-01
-2.643130537241850653e-01
3.944934788835988027e+00
1.057448866719906899e+00
1.693761259940956165e+01
3.932505240442125682e+01
-1.841782912746298706e+01
-5.017322507981115010e+00
6.877262231992928321e+01
-4.348088915384246689e-01
1.524626973574077227e-01
-1.058760423265773021e+00
-2.102725008107185101e+00
1.843683570821349704e+00
4.269894144638509204e+01
1.040784238506352466e+02
-1.003772778256876563e+01
-6.512595582866033794e+01
1.379157647717919701e+02
3.021882965220025197e-01
-1.298809772742391122e-01
1.087612717895103165e+00
5.071984382607207742e+00
-4.039820628172370753e+00
-2.469887810702301678e+01
-6.547338796788501725e+01
-1.091437651381047580e+01
7.375592254382185331e+01
-7.630633238565918930e+01
-1.447852690005979881e-01
-5.184480859722320235e-03
-4.450593592162701562e-01
5.783634710664944834e+00
-9.949702246761994218e+00
-2.627644072449993118e+01
-7.877659110266645826e+01
-2.875839250813827164e+01
1.077364251034142768e+02
-6.687971083562631520e+02
