# -0.9J_-0.09999999999999998g_1.0472theta_0phi_10Chi_0.01delta_500N
8.121399996578324010e-02
1.906130025249212843e-04
4.861640737826462788e-06
7.264958620630300227e-07
4.415764061184893214e-07
3.961655491694952438e-07
3.824019406823385933e-07
3.648413477789090974e-07
3.616913533879238739e-07
3.408131516384641479e-07
3.481525504610807863e-07
3.207458562698917617e-07
3.367191168192923367e-07
3.032712274583342320e-07
3.260101984038770313e-07
2.876013443082650542e-07
3.156570362882166224e-07
2.732509513206709479e-07
3.056225772982684486e-07
2.599206526956222578e-07
2.960293280254070001e-07
2.474345888291441999e-07
2.871250071191958502e-07
2.357085412558200561e-07
2.792880527497012210e-07
2.247328698907677789e-07
2.730402808931659863e-07
2.145624347815772837e-07
2.690500736085804048e-07
2.053129039295765982e-07
2.681101890158808427e-07
1.971619410510190443e-07
2.710742626661727320e-07
1.903484541847191028e-07
2.787696281087363472e-07
1.851578845125329913e-07
2.919566460780855699e-07
1.818870569004054304e-07
3.113663877263205726e-07
1.808103338170661717e-07
3.377622010322529154e-07
1.821814314539260784e-07
3.719755161997531988e-07
1.862686466930190093e-07
4.149003623081789940e-07
1.933966487665224010e-07
4.674207018538144397e-07
2.039694586792791163e-07
5.302011417382393268e-07
2.184373562876534544e-07
6.031916593342161453e-07
2.371454151300577469e-07
6.845094796663693386e-07
2.599872131941316291e-07
7.678350221199375030e-07
2.858337279736386238e-07
8.364474777164170874e-07
3.118991409816242963e-07
8.553610881970454668e-07
3.335828634352934702e-07
7.896868710714507804e-07
3.456021670401977454e-07
6.663840482697124780e-07
3.445134126161789299e-07
5.513652014764778460e-07
3.309302649743239112e-07
4.700372481923389627e-07
3.092435747198309154e-07
4.157945881346113888e-07
2.850274852820456008e-07
3.775873989556971821e-07
2.626112247345301239e-07
3.477629102005347919e-07
2.443073103504414901e-07
3.220359911710926148e-07
2.308209496185830789e-07
2.983809601885159082e-07
2.219220092036257939e-07
2.761042471128510379e-07
2.169456817919603971e-07
2.551743525554384527e-07
2.150767320251822049e-07
2.357851500579868216e-07
2.154879703732235754e-07
2.181200029262129826e-07
2.173987457670213960e-07
2.022627113885045519e-07
2.200965879136124098e-07
1.881920439469748336e-07
2.229469483223094180e-07
1.758100248485961648e-07
2.254021152868224977e-07
1.649752894281241437e-07
2.270126216078012738e-07
1.555296431464380924e-07
2.274402333507261169e-07
1.473155823249483740e-07
2.264667271220324350e-07
1.401862290011478279e-07
2.239947936316767314e-07
1.340098989974177120e-07
2.200387025619689390e-07
1.286715875648062938e-07
2.147051830828043176e-07
1.240728342786560606e-07
2.081675178530427617e-07
1.201306435001956739e-07
2.006375045999435373e-07
1.167764033117819941e-07
1.923398868913858395e-07
1.139544741070992178e-07
1.834920071423398751e-07
1.116208432315382332e-07
1.742900650619609152e-07
1.097418971620845599e-07
1.649016270528189365e-07
1.082933513194846597e-07
1.554632734503932044e-07
1.072593719694182929e-07
1.460820509339830698e-07
1.066319133364837989e-07
1.368395077513168856e-07
1.064102781974608638e-07
1.277973509565969652e-07
1.066008943949292196e-07
1.190041042510418694e-07
1.072172828899033530e-07
1.105025264691386688e-07
1.082801724232206104e-07
1.023379291957459724e-07
1.098176856589124287e-07
9.456783034449331128e-08
1.118654792388609287e-07
8.727341723046381524e-08
1.144666704774489102e-07
8.057259169098045582e-08
1.176713492521308354e-07
7.463191174862414091e-08
1.215354834663819932e-07
6.966928129477033788e-08
1.261190736075639409e-07
6.593207893241650482e-08
1.314834122177286007e-07
6.363695118014528335e-08
1.376871355197761770e-07
6.288526613410354897e-08
1.447803975628939328e-07
6.361000922477269098e-08
1.527961836683121347e-07
6.560126524531928496e-08
1.617377396107330640e-07
6.858584813767162066e-08
1.715614457004697078e-07
7.229901135555488233e-08
1.821556615829125046e-07
7.651846841998045614e-08
1.933178090514134239e-07
8.106893779978144521e-08
2.047347683886555808e-07
8.581403392324505822e-08
2.159747823800103501e-07
9.064592115627529690e-08
2.265012482637728864e-07
9.547669272813252005e-08
2.357177681006422833e-07
1.002322241277915025e-07
2.430475364077035907e-07
1.048481568232929666e-07
2.480385642002741328e-07
1.092674683109991169e-07
2.504730475036644060e-07
1.134391649147635548e-07
2.504509920256150386e-07
1.173177629971280745e-07
2.484208590341479111e-07
1.208633323893841180e-07
2.451442413687061516e-07
1.240419489418290795e-07
2.416017642423551176e-07
1.268264345641041034e-07
2.388647726488045880e-07
1.291972456060340784e-07
2.379652738291515636e-07
1.311432931740789581e-07
2.397930868488983549e-07
1.326623671044169095e-07
2.450348504568109386e-07
1.337607962486499134e-07
2.541448760450189844e-07
1.344522121506354062e-07
2.673043293903595260e-07
1.347558502559820959e-07
2.842881046011049954e-07
1.346952409411744917e-07
3.041303825197127550e-07
1.342977772885010507e-07
3.245118828596326515e-07
1.335948464146388504e-07
3.410666003859667860e-07
1.326219488291377132e-07
3.475865688520208022e-07
1.314182922805333348e-07
3.387125286723059374e-07
1.300246179252524579e-07
3.143468766074169640e-07
1.284779479175139107e-07
2.806307681703047344e-07
1.268055595056649507e-07
2.454165573358787798e-07
1.250223451463896605e-07
2.138316777639012145e-07
1.231314459271788264e-07
1.876542966176363436e-07
1.211259327457553224e-07
1.667014212938097594e-07
1.189909722463271081e-07
1.500860442491077697e-07
1.167067867740467043e-07
1.368488916776064112e-07
1.142523848443715693e-07
1.261774924889949959e-07
1.116096088583066503e-07
1.174432338749800976e-07
1.087668699052399116e-07
1.101775161302683074e-07
1.057219861072080080e-07
1.040357162802139786e-07
1.024837320806723844e-07
9.876486431896242672e-08
9.907196476597136855e-08
9.417850537356415164e-08
9.551644376491159297e-08
9.013821713841787838e-08
9.185465831523626940e-08
8.654034206000307533e-08
8.812912117059183677e-08
8.330647468065398827e-08
8.438427322940764473e-08
8.037670785780419037e-08
8.066395261888000208e-08
7.770480371638329665e-08
7.700906888628361369e-08
7.525467909514187214e-08
7.345593553237877118e-08
7.299786049140331682e-08
7.003522913141042686e-08
7.091162118099316133e-08
6.677152604469072726e-08
6.897760822049320264e-08
6.368331762380968310e-08
6.718082405485883791e-08
6.078338269435658703e-08
6.550886684037488262e-08
5.807939578236394412e-08
6.395136091219234339e-08
5.557466322844914821e-08
6.249952787643990815e-08
5.326890033367288663e-08
6.114586224170206853e-08
5.115898565616082923e-08
5.988388529375738066e-08
4.923965013536836248e-08
5.870795796803429859e-08
4.750407742712705857e-08
5.761314504090638849e-08
4.594441666848405121e-08
5.659509137480240853e-08
4.455214796349694477e-08
5.564994574038547503e-08
4.331843459918447345e-08
5.477430794288694095e-08
4.223434563879832812e-08
5.396517657923747599e-08
4.129102678636024588e-08
5.321991430630976704e-08
4.047982174910731108e-08
5.253622211536189646e-08
3.979235675683962591e-08
5.191212034275157814e-08
3.922059931585472691e-08
5.134593461530758372e-08
3.875689981081817118e-08
5.083628517299534985e-08
3.839402195720152948e-08
5.038207813986614913e-08
3.812516569438075743e-08
4.998249739851146555e-08
3.794398418063358801e-08
4.963699564904932379e-08
3.784459519560882477e-08
4.934528336984725876e-08
3.782158665139926622e-08
4.910731456924396432e-08
3.787001573050553525e-08
4.892326883527920719e-08
3.798540150776622632e-08
4.879352982765414247e-08
3.816371130037866916e-08
4.871866098002508590e-08
3.840134146266022232e-08
4.869937918983984638e-08
3.869509370602945365e-08
4.873652674654917333e-08
3.904214813948634901e-08
4.883104104518372731e-08
3.944003432312341429e-08
4.898392135629189076e-08
3.988660147268197194e-08
4.919619232102207333e-08
4.037998880453915494e-08
4.946886499695531801e-08
4.091859729997891981e-08
4.980289527512411213e-08
4.150106277008766908e-08
5.019914540231510821e-08
4.212622705302710706e-08
5.065836370234530306e-08
4.279311695067968587e-08
5.118109936390725984e-08
4.350092402457284517e-08
5.176773630006817727e-08
4.424898524615372345e-08
5.241846645592851651e-08
4.503676588372665548e-08
5.313328108838153228e-08
4.586384465626343531e-08
5.391197623087324810e-08
4.672990082293713972e-08
5.475416467201699574e-08
4.763470344212966928e-08
5.565929792307848762e-08
4.857810418434857492e-08
5.662667814700400864e-08
4.956002053474984099e-08
5.765548245767858019e-08
5.058043670223960031e-08
5.874479624336197122e-08
5.163939586021341541e-08
5.989362919274331101e-08
5.273699454008256942e-08
6.110093366582161115e-08
5.387337813034522514e-08
6.236561957410382904e-08
5.504873697514010347e-08
6.368656567856718982e-08
5.626330290918379382e-08
6.506262904420411755e-08
5.751735029792261427e-08
6.649264863901490902e-08
5.881118076070089500e-08
6.797544463803697170e-08
6.014512898900517320e-08
6.950983114151456290e-08
6.151955953850641012e-08
7.109461730181986463e-08
6.293486073997778559e-08
7.272861308804754096e-08
6.439143898213863112e-08
7.441063656310987917e-08
6.588971544553145702e-08
7.613952508404704568e-08
6.743010695704558942e-08
7.791412635917435462e-08
6.901301637500413307e-08
7.973331795262063519e-08
7.063882418997729900e-08
8.159600735621398565e-08
7.230787339125747918e-08
8.350113504728483450e-08
7.402046058649732370e-08
8.544767702866088658e-08
7.577683264666272785e-08
8.743464703481785019e-08
7.757718926277078725e-08
8.946109874237159188e-08
7.942169010054641918e-08
9.152612808412916147e-08
8.131046443904277997e-08
9.362887586679580817e-08
8.324362127737320974e-08
9.576853063448275237e-08
8.522125851264136184e-08
9.794433183941276396e-08
8.724347052012893912e-08
1.001555732962890543e-07
8.931035401463639583e-08
1.024016070080078328e-07
9.142201233207114093e-08
1.046818473321151714e-07
9.357855839327200264e-08
1.069957755186445520e-07
9.578011655685466505e-08
1.093429446290202163e-07
9.802682365321422114e-08
1.117229845748194102e-07
1.003188292663132350e-07
1.141356071022801954e-07
1.026562954137633005e-07
1.165806104332743775e-07
1.050393957940083889e-07
1.190578832509380557e-07
1.074683146507993361e-07
1.215674077397344001e-07
1.099432456592877728e-07
1.241092616888481517e-07
1.124643910532633468e-07
1.266836195891829550e-07
1.150319621784328787e-07
1.292907593068090072e-07
1.176462000488858359e-07
1.319310410827443806e-07
1.203072947878471828e-07
1.346049074856861906e-07
1.230154705447550036e-07
1.373128943710085234e-07
1.257709573141464127e-07
1.400556188569467905e-07
1.285739914483306653e-07
1.428337790340031180e-07
1.314248074268240201e-07
1.456481278314947291e-07
1.343236393080696876e-07
1.484994848617468564e-07
1.372707247369170662e-07
1.513887232694081008e-07
1.402663019295627026e-07
1.543167615093662784e-07
1.433106094456382111e-07
1.572845555273583941e-07
1.464038860093853388e-07
1.602930909902397492e-07
1.495463704594286854e-07
1.633433757384694683e-07
1.527383017711546316e-07
1.664364325345552677e-07
1.559799191020283694e-07
1.695732922179480686e-07
1.592714618821671612e-07
1.727549872236705044e-07
1.626131699580080600e-07
1.759825457259003922e-07
1.660052836890223961e-07
1.792569862313722944e-07
1.694480440850586222e-07
1.825793127815511629e-07
1.729416929356928475e-07
1.859505107541399470e-07
1.764864728963894523e-07
1.893715432470656602e-07
1.800826275572805342e-07
1.928433479731610399e-07
1.837304015278478414e-07
1.963668347788049536e-07
1.874300404301443387e-07
1.999428836307810467e-07
1.911817909503046370e-07
2.035723430799586313e-07
1.949859007719394044e-07
2.072560291358259806e-07
1.988426185650269526e-07
2.109947245796358383e-07
2.027521938932791727e-07
2.147891785327309057e-07
2.067148771453564775e-07
2.186401063820911545e-07
2.107309194218265438e-07
2.225481899464569725e-07
2.148005724401719486e-07
2.265140778756846314e-07
2.189240883667995548e-07
2.305383862325999259e-07
2.231017208720559929e-07
2.346217136061461070e-07
2.273337268679077844e-07
2.387646059129750750e-07
2.316203541490532538e-07
2.429675818710207327e-07
2.359618554413280502e-07
2.472311359765001983e-07
2.403584834564003233e-07
2.515557554539217444e-07
2.448105066089590534e-07
2.559419087672638712e-07
2.493181636273250599e-07
2.603899564750824268e-07
2.538817017297246782e-07
2.649002809017360882e-07
2.585013707406532707e-07
2.694732410390121615e-07
2.631774195683803489e-07
2.741091732512455118e-07
2.679100961251822571e-07
2.788083922367408748e-07
2.726996473245204409e-07
2.835711925530330790e-07
2.775463423884935264e-07
2.883978642433126980e-07
2.824504230218007128e-07
2.932886473047973051e-07
2.874121062939721220e-07
2.982437793981590065e-07
2.924316317145256202e-07
3.032634816182562353e-07
2.975092369922058214e-07
3.083479593216509542e-07
3.026451578415088977e-07
3.134974029696311134e-07
3.078396277844695644e-07
3.187119890552238369e-07
3.130928779816333253e-07
3.239918810049365862e-07
3.184051371060352292e-07
3.293372300103196870e-07
3.237766312377039276e-07
3.347481758856072516e-07
3.292075836707570678e-07
3.402248478953250138e-07
3.346982148415954515e-07
3.457673655443503051e-07
3.402487421565596230e-07
3.513758393763857680e-07
3.458593799184571198e-07
3.570503716727862595e-07
3.515303391844656547e-07
3.627910572562650578e-07
3.572618276385816537e-07
3.685979841169199259e-07
3.630540495525641488e-07
3.744712341670375115e-07
3.689072056760392414e-07
3.804108838183706526e-07
3.748214931119513190e-07
3.864170045822370275e-07
3.807971053415842494e-07
3.924896636985618205e-07
3.868342320732298920e-07
3.986289246257661613e-07
3.929330592713809829e-07
4.048348476078165618e-07
3.990937690711117736e-07
4.111074900110299379e-07
4.053165398153477981e-07
4.174469069160395789e-07
4.116015459885997335e-07
4.238531513859714426e-07
4.179489582897628632e-07
4.303262749001756350e-07
4.243589435801651588e-07
4.368663276749964636e-07
4.308316649601816746e-07
4.434733589115741496e-07
4.373672818190533728e-07
4.501474171488114512e-07
4.439659498233516466e-07
4.568885503763401180e-07
4.506278210730160295e-07
4.636968063834437790e-07
4.573530440882831538e-07
4.705722328512447734e-07
4.641417639323639085e-07
4.775148775748061419e-07
4.709941222755069237e-07
4.845247885012361979e-07
4.779102575185346727e-07
4.916020140468182455e-07
4.848903048416545930e-07
4.987466030235180303e-07
4.919343963700036288e-07
5.059586047259802699e-07
4.990426612240689790e-07
5.132380692054130520e-07
5.062152256501723053e-07
5.205850470871320667e-07
5.134522131166027831e-07
5.279995898188490454e-07
5.207537444820937552e-07
5.354817495757511307e-07
5.281199380342165116e-07
5.430315794231856243e-07
5.355509096114741598e-07
5.506491331989369132e-07
5.430467727980801328e-07
5.583344656465758187e-07
5.506076389090150463e-07
5.660876324014507309e-07
5.582336171813896520e-07
5.739086900288418900e-07
5.659248148927440006e-07
5.817976959268479998e-07
5.736813373856830773e-07
5.897547085112554042e-07
5.815032882806439605e-07
5.977797870290009968e-07
5.893907694434931063e-07
6.058729916794993152e-07
5.973438812095871031e-07
6.140343836170885598e-07
6.053627224214929547e-07
6.222640248822872001e-07
6.134473904421299027e-07
6.305619784727599829e-07
6.215979814679775399e-07
6.389283082836821547e-07
6.298145903531845490e-07
6.473630791580734408e-07
6.380973108288327098e-07
6.558663568521119412e-07
6.464462356074855406e-07
6.644382080411820508e-07
6.548614563651799545e-07
6.730787003819105181e-07
6.633430639098431962e-07
6.817879023798614861e-07
6.718911481769080706e-07
6.905658835843716470e-07
6.805057983630870793e-07
6.994127143908168584e-07
6.891871029516354963e-07
7.083284661674373284e-07
6.979351497725188702e-07
7.173132112719341673e-07
7.067500261221188980e-07
7.263670230115773118e-07
7.156318187855205546e-07
7.354899756626496958e-07
7.245806140503573770e-07
7.446821444859120608e-07
7.335964978524052037e-07
7.539436057544589043e-07
7.426795557960987957e-07
7.632744367334784161e-07
7.518298731721754265e-07
7.726747157450858622e-07
7.610475350885648721e-07
7.821445221035232352e-07
7.703326264393357005e-07
7.916839362627433103e-07
7.796852320348394489e-07
8.012930396803109326e-07
7.891054365716272958e-07
8.109719149297536785e-07
7.985933247931712805e-07
8.207206457756848907e-07
8.081489813579746025e-07
8.305393169947768061e-07
8.177724911098494594e-07
8.404280146440126075e-07
8.274639389459777946e-07
8.503868258618929794e-07
8.372234099797692636e-07
8.604158390910914236e-07
8.470509894526407409e-07
8.705151439784611726e-07
8.569467629746534037e-07
8.806848313547530917e-07
8.669108163400336149e-07
8.909249934381526139e-07
8.769432358145887781e-07
9.012357237340019445e-07
8.870441079478744990e-07
9.116171170319717125e-07
8.972135197614737045e-07
9.220692695434700430e-07
9.074515587701510785e-07
9.325922788883151294e-07
9.177583129672322149e-07
9.431862440759631830e-07
9.281338709148735063e-07
9.538512655319407318e-07
9.385783217994642405e-07
9.645874452740961888e-07
9.490917554104878338e-07
9.753948866817995735e-07
9.596742622238491212e-07
9.862736948346025894e-07
9.703259335105535539e-07
9.972239762921811586e-07
9.810468611581868526e-07
1.008245839236624887e-06
9.918371379902400765e-07
1.019339393476946454e-06
1.002696857619328130e-06
1.030504750531063183e-06
1.013626114518090657e-06
1.041742023570026481e-06
1.024625004109265523e-06
1.053051327498162595e-06
1.035693622789909934e-06
1.064432778995362421e-06
1.046832067888610663e-06
1.075886496509120881e-06
1.058040437832055407e-06
1.087412600313762526e-06
1.069318832084023757e-06
1.099011212556142558e-06
1.080667351248682230e-06
1.110682457273437068e-06
1.092086097048496405e-06
1.122426460305015819e-06
1.103575172384952171e-06
1.134243349627083157e-06
1.115134681443574049e-06
1.146133254959501405e-06
1.126764729611006384e-06
1.158096308235960431e-06
1.138465423517394005e-06
1.170132643255142803e-06
1.150236871269061326e-06
1.182242395988587224e-06
1.162079182197226471e-06
1.194425704411235994e-06
1.173992467111608444e-06
1.206682708640366417e-06
1.185976838230664860e-06
1.219013550989145933e-06
1.198032409237669972e-06
1.231418375790367535e-06
1.210159295336752045e-06
1.243897329697546469e-06
1.222357613197201570e-06
1.256450561542155165e-06
1.234627481150211188e-06
1.269078222390843701e-06
1.246969019081441202e-06
1.281780465527345693e-06
1.259382348477053918e-06
1.294557446654188393e-06
1.271867592565736078e-06
1.307409323526111657e-06
1.284424876150046343e-06
1.320336256535256531e-06
1.297054325878791021e-06
1.333338408119455782e-06
1.309756070025238016e-06
1.346415943329697684e-06
1.322530238756839437e-06
1.359569029415095552e-06
1.335376963959966082e-06
1.372797836085519619e-06
1.348296379435603174e-06
1.386102535467507277e-06
1.361288620735501584e-06
1.399483302091726782e-06
1.374353825400949001e-06
1.412940312924545956e-06
1.387492132762328696e-06
1.426473747327639730e-06
1.400703684227924932e-06
1.440083787180437435e-06
1.413988623090570962e-06
1.453770616769636673e-06
1.427347094545622017e-06
1.467534422883234142e-06
1.440779245945091651e-06
1.481375394770871783e-06
1.454285226497262313e-06
1.495293724124540102e-06
1.467865187562666396e-06
1.509289605120800432e-06
1.481519282557229290e-06
1.523363234377536067e-06
1.495247666866278174e-06
1.537514811027137178e-06
1.509050498054632444e-06
1.551744536650957195e-06
1.522927935794001345e-06
1.566052615229399479e-06
1.536880141814885417e-06
1.580439253289508158e-06
1.550907280003809731e-06
1.594904659676320267e-06
1.565009516484039361e-06
1.609449045781091147e-06
1.579187019402808087e-06
1.624072625292513038e-06
1.593439959092351225e-06
1.638775614389532386e-06
1.607768508118874500e-06
1.653558231544868270e-06
1.622172841218474317e-06
1.668420697643674307e-06
1.636653135230691406e-06
1.683363235898511364e-06
1.651209569296502241e-06
1.698386071785414998e-06
1.665842324627571799e-06
1.713489433127344502e-06
1.680551584754834442e-06
1.728673549924333111e-06
1.695337535332756037e-06
1.743938654509434386e-06
1.710200364197729887e-06
1.759284981281248268e-06
1.725140261388640152e-06
1.774712766861247711e-06
1.740157419131076331e-06
1.790222249996730726e-06
1.755252031840362252e-06
1.805813671491961048e-06
1.770424296088018013e-06
1.821487274137324844e-06
1.785674410584325928e-06
1.837243304291145050e-06
1.801002576267792028e-06
1.853082010346182001e-06
1.816408999249785588e-06
1.869003637284193085e-06
1.831893882187561286e-06
1.885008435521704060e-06
1.847457430946690869e-06
1.901096657377651486e-06
1.863099854826405048e-06
1.917268556904888810e-06
1.878821365258398002e-06
1.933524389822050191e-06
1.894622175735969891e-06
1.949864413367317252e-06
1.910502501784290498e-06
1.966288886703592837e-06
1.926462561000020467e-06
1.982798070042290536e-06
1.942502572921243247e-06
1.999392225331714126e-06
1.958622759075603462e-06
2.016071615878573604e-06
1.974823342979177179e-06
2.032836506183163584e-06
1.991104554632508815e-06
2.049687162889470841e-06
2.007466618675571538e-06
2.066623858158777787e-06
2.023909763376536807e-06
2.083646855239305522e-06
2.040434219786594730e-06
2.100756423273491130e-06
2.057040220699985228e-06
2.117952832329757006e-06
2.073728000722668684e-06
2.135236353488210262e-06
2.090497796134985061e-06
2.152607258487473612e-06
2.107349844970495302e-06
2.170065819854128942e-06
2.124284386865826533e-06
2.187612310765080393e-06
2.141301663072811734e-06
2.205247004850645028e-06
2.158401916405830975e-06
2.222970176530686850e-06
2.175585391232673622e-06
2.240782100224338449e-06
2.192852333318011311e-06
2.258683051017405365e-06
2.210202990012813145e-06
2.276673303980967049e-06
2.227637609881981120e-06
2.294753134587676188e-06
2.245156442972316617e-06
2.312922818113221510e-06
2.262759740478603927e-06
2.331182629988782430e-06
2.280447754958621935e-06
2.349532845629412124e-06
2.298220740064489415e-06
2.367973740028970282e-06
2.316078950619547665e-06
2.386505588125446728e-06
2.334022642520124168e-06
2.405128664397917724e-06
2.352052072708618122e-06
2.423843243001783682e-06
2.370167499003930796e-06
2.442649597439349153e-06
2.388369180240554692e-06
2.461548000737468508e-06
2.406657376059446191e-06
2.480538725197200265e-06
2.425032346895816000e-06
2.499622042390111064e-06
2.443494353864198639e-06
2.518798222977935998e-06
2.462043658900655291e-06
2.538067536786530096e-06
2.480680524419771209e-06
2.557430252588182973e-06
2.499405213398171036e-06
2.576886638158647440e-06
2.518217989374689065e-06
2.596436960008735515e-06
2.537119116285941931e-06
2.616081483510818138e-06
2.556108858411752162e-06
2.635820472704005471e-06
2.575187480366704528e-06
2.655654190306861289e-06
2.594355246967996199e-06
2.675582897578153728e-06
2.613612423273000112e-06
2.695606854059955273e-06
2.632959274422292405e-06
2.715726318156285272e-06
2.652396065585549033e-06
2.735941546237532678e-06
2.671923061971319679e-06
2.756252793138170074e-06
2.691540528710494236e-06
2.776660311804996131e-06
2.711248730659729326e-06
2.797164353540265833e-06
2.731047932749628820e-06
2.817765167587526937e-06
2.750938399364777549e-06
2.838463001389791805e-06
2.770920394750178633e-06
2.859258100243293205e-06
2.790994182714199026e-06
2.880150707530277766e-06
2.811160026530744409e-06
2.901141064438764276e-06
2.831418189159441591e-06
2.922229410090436344e-06
2.851768932764015158e-06
2.943415981337143579e-06
2.872212519040580919e-06
2.964701012838109068e-06
2.892749208926209827e-06
2.986084736942447175e-06
2.913379262558225922e-06
3.007567383771855558e-06
2.934102939428741147e-06
3.029149181003263548e-06
2.954920498005056680e-06
3.050830353941935755e-06
2.975832195957117962e-06
3.072611125557542961e-06
2.996838289856871368e-06
3.094491716251612615e-06
3.017939035331234964e-06
3.116472344049033241e-06
3.039134686914012589e-06
3.138553224391735849e-06
3.060425497974538100e-06
3.160734570273427226e-06
3.081811720760503057e-06
3.183016592122028122e-06
3.103293606230704983e-06
3.205399497685816767e-06
3.124871404091071672e-06
3.227883492325471442e-06
3.146545362681060950e-06
3.250468778663228574e-06
3.168315728999647213e-06
3.273155556798320494e-06
3.190182748634763167e-06
3.295944024088666665e-06
3.212146665753676681e-06
3.318834392565323895e-06
3.234207837214206416e-06
3.341826919608858137e-06
3.256366431268158514e-06
3.364921716404400808e-06
3.278622649138478174e-06
3.388118969543488843e-06
3.300976728203380338e-06
3.411418863194967068e-06
3.323428904335049014e-06
3.434821578895674504e-06
3.345979411555622891e-06
3.458327295368435622e-06
3.368628482280629647e-06
3.481936188743663639e-06
3.391376346902324086e-06
3.505648432510085231e-06
3.414223234145697358e-06
3.529464197572084655e-06
3.437169370903440634e-06
3.553383652118026979e-06
3.460214982028563492e-06
3.577406961626372809e-06
3.483360290621945083e-06
3.601534289144745574e-06
3.506605517702292402e-06
3.625765794950887535e-06
3.529950882386336383e-06
3.650101636830450590e-06
3.553396601752629425e-06
3.674541969839562351e-06
3.576942890864767648e-06
3.699086946587944790e-06
3.600589962744677589e-06
3.723736717092813761e-06
3.624338028342220853e-06
3.748491428758263063e-06
3.648187296491053525e-06
3.773351226506629937e-06
3.672137973922545469e-06
3.798316252770682877e-06
3.696190265328583583e-06
3.823386647455826598e-06
3.720344373124994648e-06
