# -1.0J_0.0g_0.36652theta_1.0472phi_10Chi_0.01delta_500N
-7.112790394215235228e-13
8.881318007710871376e-02
-1.913445173030848927e-04
-9.415326748366056320e-01
-2.686486703771493747e-04
-1.812341982217196765e-02
6.661394028722989434e-03
7.947720233275841484e-02
1.161761188255358568e-02
2.534392184068547452e-02
1.412448252532679804e-01
-1.762133776923731995e+10
3.796386164591120929e+07
-1.591386273462245703e+09
-4.907462276716565248e+05
-3.059146063197204843e+07
1.126771553318916261e+07
1.342929483054983318e+08
1.958935306088852137e+07
4.279407784518689662e+07
3.008896492138108558e-05
-3.097940581228327472e+06
6.723320993751479364e+03
-8.336195792488041878e+09
-1.339924621853558272e+08
2.718964152742119312e+09
-1.663880393790680170e+09
-3.994886118102719784e+09
6.506122157439605713e+09
-6.109661620622797966e+09
3.909746255377173629e-02
9.929125725915107131e+07
1.152633371679675300e+06
1.419661483289241016e+13
-1.153578834599782227e+13
4.231095142905458594e+13
5.808291027417907812e+13
-5.777037304688343750e+13
-2.301305397805792188e+14
-1.300209962222697344e+14
6.088115883384021682e-02
1.546121673791673779e+08
-3.384011144952855539e+06
6.728248127151089062e+13
2.990637206307406250e+13
-2.546194395202347500e+14
-2.772027962029920938e+14
2.804699185124937812e+14
8.041887149754171250e+14
3.063072425841615000e+14
-6.726171781205833033e-01
-1.708164443962180614e+09
-2.646916854415858164e+06
-4.564573480790545000e+14
-1.540246835493998413e+11
4.810416989230750000e+14
3.159154382219138125e+14
-4.680196470945640625e+14
-3.833277198835107500e+14
-2.598888282830999609e+13
-5.506920719489152294e-01
-1.398526842121418238e+09
3.057825038220562506e+06
-2.997043642504520000e+14
3.134052226283399609e+13
1.019184823271318594e+14
-1.380996671323213281e+13
-5.162640789654228125e+13
4.426107267797352500e+14
3.466251859548744375e+14
8.348034204399105984e-02
2.120055319212416410e+08
-5.886750434430102818e+06
-1.321059308747432227e+13
-7.797433831965856250e+13
7.989878563645641250e+14
9.497415649647522500e+14
-8.222623360239728750e+14
-2.596158570410294000e+15
-6.442191244358045000e+14
2.402234168297508465e-01
6.100684523921308517e+08
-1.061904724903496355e+07
-1.801764351298267188e+13
2.799341312899775000e+13
6.556655924206011250e+14
8.703073808089565000e+14
-4.365751801954158125e+14
-1.534321746157553500e+15
8.895647244267041250e+14
0.000000000000000000e+00
4.298777243181632002e+03
4.495198371716564894e+07
-2.672347930687467812e+14
-1.846553879559537500e+14
-4.722788044361357500e+14
-7.940951926332275000e+14
-1.040395248001057656e+14
2.307656422663307812e+13
-3.171167404838512500e+15
-1.000000000000000000e+00
-8.019584934995121074e-12
-1.827811065803709153e-12
-5.625358988505076979e-16
2.085018811225348219e-15
-8.737443839637330234e-18
5.510393148352843654e-16
-3.171862367865809889e-16
2.715444509455486078e-16
-9.219560776720680051e-17
-5.040441052821798703e-12
-4.760199828397278406e-03
1.620439334345364149e-02
1.466132921134120352e+03
3.342977321151866818e+03
1.824307020591367618e+05
-6.042941809573075443e+04
5.724402832550394669e+04
8.019324797385407146e+04
-1.660129525982732594e+05
1.876567696024654628e-12
5.938069321736257240e-04
-3.334871258459287495e-03
-1.882329978286259120e+03
9.367388122196133509e+02
-7.606079734203786938e+04
3.906995133938894014e+03
-2.639833813126160021e+04
-1.815256657707360500e+04
1.318129873335267621e+04
1.873878005783794008e-15
-1.366745922914723633e+06
2.101216103873779252e+07
1.723008316451693750e+13
-1.173528746600659375e+13
6.002306387467871250e+14
8.880877693623904297e+12
2.130956664506758750e+14
1.146771190857977344e+14
6.008532508006933594e+11
8.733716485074096217e-16
1.000648578084252402e+07
-7.599658335083496571e+07
-4.665197161552425781e+13
2.598755193363526953e+13
-1.800239885301943000e+15
5.750266289637868750e+13
-6.291080695269225000e+14
-4.043627259953564375e+14
2.196896638167698438e+14
1.222594650572648295e-16
1.086474398522567376e+07
-2.048678567969210073e+07
1.269302287748466211e+13
-1.953938081054065625e+13
1.126019577589225625e+14
1.600664150590735000e+14
5.883716554202864844e+13
-9.223001591969498438e+13
4.170958697486323750e+14
-2.457759270082550407e-16
-2.415936889245411381e+07
4.234174344243894517e+07
-3.150697358522802734e+13
4.592307857408732031e+13
-3.574959199043253750e+14
-3.609903081863830625e+14
-1.692731357434057188e+14
1.871184391923908125e+14
-9.367277751538836250e+14
-3.192949986981392929e-16
5.602572832532600500e+06
-3.678802315376706421e+07
-2.023491603808844531e+13
1.011351851246202344e+13
-8.158901770329995000e+14
4.126721022088803906e+13
-2.833072389979635625e+14
-1.941830053546596562e+14
1.395985222512268750e+14
5.681962655235258883e-16
-6.425647753062644601e+07
1.459701857500638366e+08
-4.973539500750009375e+13
9.646125643763834375e+13
1.607967616854034688e+14
-9.076220795605023750e+14
-5.126839528145707031e+13
6.841696263062702500e+14
-2.395384375669301000e+15
4.878909776184769953e-18
-9.907536804117336869e+07
2.143169510110836327e+08
-8.766281937793443750e+13
1.570066765452549375e+14
-1.103146696085430156e+14
-1.416353889133671000e+15
-2.076134504726226562e+14
9.947950588656638750e+14
-3.724308220551121500e+15
-6.854377578302839022e-13
8.003210812005512710e-04
3.726603131533374191e-01
-6.933780112568041325e-03
7.118730589547235255e-01
4.343580406574272523e-02
1.905103256251472754e-01
-1.988676073373645270e-01
1.282615194394635394e-01
-3.887948264868934523e-02
6.466090300373795411e-05
-7.550214809016120853e+04
-3.502622875540159643e+07
-4.236508876923384378e+04
1.162884412337638810e+07
3.455439209646692034e+05
1.833652060922338627e+06
-1.295581522811752278e+06
7.837295461243420141e+05
-4.377896518308952218e+05
-3.662495832386560846e-01
4.276555226089990139e+08
1.983940586374858093e+11
6.262384542019602060e+08
-6.430957566102928925e+10
-3.923183486302403927e+09
-1.721038816743856430e+10
1.796233129227075958e+10
-1.158586099686432838e+10
3.512542678723367214e+09
6.210258183086552197e-01
9.233881405199272633e+08
5.186983991052463531e+10
3.263051285704682812e+13
1.075978507665365875e+15
-1.494610204953067500e+14
-2.039341805183785000e+14
7.625394316576345000e+14
-3.992476345336264375e+14
-9.352922052283474609e+12
3.083279685912441170e-01
2.454859112498283684e+08
2.581725290380794144e+10
-8.389983762338767578e+12
2.025423974192966250e+14
4.511657524442814062e+13
7.591223241412622500e+14
-4.505071210097405625e+14
4.988625373010001250e+14
-1.654084188389665312e+14
1.431956574413681405e-01
-1.378822370901083350e+08
1.206707120078926277e+10
4.935959010683239844e+13
-2.356996827229091562e+14
-2.801608274500430625e+14
1.561752714166664750e+15
5.034278689010083125e+14
4.525600019541476250e+14
-4.402209940599358125e+14
-5.919280711874297385e-02
3.121355995930973291e+08
-5.065193986091761589e+09
-9.019049965894685938e+13
3.957026631363172500e+14
5.044685156656673125e+14
-1.789254089389585250e+15
-1.296746367143270000e+15
-2.285834622696319688e+14
5.559332012062395625e+14
-1.427428959440930345e-01
3.168929191300377995e+07
-1.199678230366687012e+10
6.150715643421074219e+13
1.389927207106555625e+14
-3.231584671155435625e+14
-7.212360437602597500e+14
1.571753237973924250e+15
-9.375542274144280000e+14
7.187577951074260938e+13
1.505620994908503374e-01
1.110176725549704283e+08
1.260941385942699814e+10
-8.502436149268598438e+13
-5.887686911929767188e+13
4.511139052806242500e+14
6.350501302607736250e+14
-2.041630278672722250e+15
1.090458799243039875e+15
-1.582046007163833789e+13
-3.612458998193726623e-02
-3.174331628222418204e+07
-3.024417294889552116e+09
4.959192147606553125e+13
-2.935011182699930859e+13
-2.688441547885867812e+14
2.267580373710361562e+14
9.819475316910673750e+14
-3.012814058244397500e+14
-1.300483765101962656e+14
