# -0.25J_-0.75g_0.0theta_1.0472phi_10Chi_0.01delta_500N
1.152229238255296842e-02
1.042971952151963108e-04
4.094678923380125345e-06
4.052367214142110339e-07
2.141007566532536010e-07
2.971430338165634416e-07
1.348768523613001201e-07
2.839559005965941697e-07
1.004294154986682564e-07
2.712318808171725654e-07
8.028463916021619726e-08
2.586053265001392824e-07
6.718276609103822600e-08
2.460641554593796952e-07
5.805700361459300406e-08
2.336204580614865358e-07
5.139907878807713232e-08
2.213044195332415903e-07
4.639405454333789569e-08
2.091622734601744067e-07
4.257509067015507521e-08
1.972528238505620233e-07
3.967012210150230367e-08
1.856447703781164922e-07
3.752696331881112509e-08
1.744145178727340299e-07
3.607017201547397504e-08
1.636444602998175361e-07
3.526965302596776971e-08
1.534217437646578315e-07
3.511474272102139516e-08
1.438362230780905151e-07
3.559658037811030917e-08
1.349762362179341521e-07
3.670367781820894735e-08
1.269219600767002532e-07
3.842911840716329566e-08
1.197388583625981805e-07
4.078172634108412668e-08
1.134754196478895191e-07
4.379499835055465244e-08
1.081664232181678970e-07
4.753240315334525441e-08
1.038388678998910340e-07
5.209009526912712891e-08
1.005173606821494426e-07
5.759778073161451734e-08
9.822822213964593711e-08
6.421675538962768784e-08
9.700378404111042339e-08
7.213095917692619988e-08
9.688906027639984157e-08
8.152093629243408706e-08
9.795305658929071616e-08
9.249836806278771715e-08
1.003071843433397679e-07
1.049565363707076114e-07
1.041327883868577963e-07
1.182632468720187754e-07
1.097173529642011839e-07
1.307396732327799234e-07
1.174901776707589939e-07
1.391535223779438144e-07
1.280220891542893659e-07
1.393722208137135459e-07
1.418910233740050029e-07
1.297143232631527547e-07
1.592197610317704313e-07
1.141961959783404628e-07
1.787290773474054810e-07
9.930714506219188573e-08
1.967570351966117930e-07
8.830712014306763319e-08
2.076912558013739293e-07
8.090440947176329400e-08
2.065941286406534934e-07
7.575709137639202778e-08
1.923627638808909194e-07
7.182041928833471540e-08
1.691299035201397704e-07
6.851760942553620014e-08
1.439969720391762730e-07
6.558785372403738496e-08
1.223331831941641082e-07
6.294892997878224910e-08
1.058410149279364513e-07
6.061590067664529464e-08
9.398491180359245121e-08
5.865463993388984859e-08
8.564384611792736105e-08
5.715391736936774194e-08
7.981974468352459945e-08
5.620878357474825487e-08
7.577063167260718020e-08
5.591214215529253595e-08
7.296400068947205145e-08
5.635283171680545401e-08
7.100893905948318107e-08
5.761895651246788395e-08
6.960597104885860285e-08
5.980529199511848190e-08
6.851647908371612420e-08
6.302360548466282146e-08
6.754613269857688779e-08
6.741474877433605097e-08
6.653721395771678121e-08
7.316129096804102263e-08
6.536630614364982902e-08
8.049881203699550534e-08
6.394487215481183465e-08
8.972182334361357350e-08
6.222071265742791678e-08
1.011744853140881439e-07
6.017849204305498508e-08
1.152017284075001601e-07
5.783777848966496921e-08
1.320051325667815341e-07
5.524779448035949812e-08
1.512745333994042610e-07
5.247903041836058333e-08
1.713388846026684411e-07
4.961294684448108675e-08
1.875582842135983255e-07
4.673152299168495680e-08
1.910387934861143370e-07
4.390873489991889941e-08
1.735398627207353385e-07
4.120679474013367710e-08
1.400320616428093886e-07
3.867423878820765638e-08
1.058894293702648462e-07
3.634176974022038986e-08
7.989031376217833130e-08
3.422382807605972124e-08
6.223038015756223402e-08
3.232338553332892647e-08
5.051567667350972123e-08
3.063527626874782251e-08
4.262452580045786489e-08
2.914853330736719507e-08
3.714484499399242509e-08
2.784830021581644309e-08
3.319996343579752256e-08
2.671738969593528453e-08
3.024809277132072543e-08
2.573750458121302710e-08
2.794827508547450979e-08
2.489016872635591890e-08
2.608073808614823659e-08
2.415742699966644072e-08
2.450094082232915150e-08
2.352236694752878879e-08
2.311306080914907692e-08
2.296950262364754868e-08
2.185450421730037028e-08
2.248505043684939283e-08
2.068665741560364576e-08
2.205711854395799237e-08
1.958918462321916182e-08
2.167582368689981166e-08
1.855633569635429774e-08
2.133334616234790751e-08
1.759432455723859002e-08
2.102392242882795103e-08
1.671905218494734023e-08
2.074377234985548466e-08
1.595336599307838906e-08
2.049095579969043969e-08
1.532280287034867796e-08
2.026515974552362637e-08
1.484896788054524554e-08
2.006741503379545016e-08
1.454125149263199299e-08
1.989974084610581942e-08
1.439052919966139702e-08
1.976471601387105532e-08
1.436944890508999666e-08
1.966496477604343640e-08
1.443984572178111744e-08
1.960254630456335646e-08
1.456256340699305196e-08
1.957822810106634493e-08
1.470467645994656587e-08
1.959069161629228251e-08
1.484262488182733875e-08
1.963572793968933899e-08
1.496237395293768347e-08
1.970552746181649374e-08
1.505813423864975406e-08
1.978825748188469754e-08
1.513062634790075868e-08
1.986815833507743310e-08
1.518534017321442194e-08
1.992640792731834635e-08
1.523094439967120366e-08
1.994293591322117487e-08
1.527787544142040367e-08
1.989917352207018370e-08
1.533709608554041585e-08
1.978140857674522474e-08
1.541903428164222182e-08
1.958406831610185360e-08
1.553275166928404038e-08
1.931205695588973633e-08
1.568541516896037293e-08
1.898139573919940277e-08
1.588212606869649292e-08
1.861786723647201353e-08
1.612606438066441392e-08
1.825395096313514434e-08
1.641882944978088553e-08
1.792476718763792333e-08
1.676082608736697292e-08
1.766384866125913990e-08
1.715158418633495325e-08
1.749940612135711071e-08
1.758997148131916136e-08
1.745155026005570327e-08
1.807431851667409258e-08
1.753081179977686258e-08
1.860249810562082630e-08
1.773818751521257108e-08
1.917199336337124052e-08
1.806666728838803235e-08
1.977997039102759797e-08
1.850377901296207619e-08
2.042335867964882625e-08
1.903439100954094187e-08
2.109893571840049398e-08
1.964306921304740252e-08
2.180340994407825129e-08
2.031563017451966339e-08
2.253349693274049545e-08
2.103989715510900622e-08
2.328598747596553460e-08
2.180587273803135346e-08
2.405780532272887040e-08
2.260557244718888386e-08
2.484605385440396027e-08
2.343271627909759195e-08
2.564807231057104463e-08
2.428240393742780516e-08
2.646148411029947559e-08
2.515082686842189780e-08
2.728425304614524911e-08
2.603504754836637351e-08
2.811474618109346274e-08
2.693284735085055724e-08
2.895179433168713435e-08
2.784261560923124940e-08
2.979475919317278784e-08
2.876328765556356460e-08
3.064358788052295942e-08
2.969429429148987048e-08
3.149882477306457736e-08
3.063551714967907173e-08
3.236158874755456225e-08
3.158724542563500119e-08
3.323351687831138872e-08
3.255013051093104675e-08
3.411667811630513806e-08
3.352513766525481106e-08
3.501346372187714827e-08
3.451349463771678391e-08
3.592646459168478287e-08
3.551663774142281451e-08
3.685834710905552472e-08
3.653615646946216830e-08
3.781173857726214244e-08
3.757373832369702762e-08
3.878913091499629596e-08
3.863111587941455085e-08
3.979280793599682339e-08
3.971001820179662180e-08
4.082479790585398702e-08
4.081212845232732942e-08
4.188684994979421478e-08
4.193904902296681688e-08
4.298043070891696238e-08
4.309227487909429673e-08
4.410673646633230932e-08
4.427317514252308884e-08
4.526671579676405259e-08
4.548298238516122557e-08
4.646109821639464344e-08
4.672278868082542205e-08
4.769042520146185522e-08
4.799354721243094378e-08
4.895508091201527976e-08
4.929607816225595573e-08
5.025532091861392662e-08
5.063107762548952108e-08
5.159129802461641616e-08
5.199912843220968764e-08
5.296308482777096424e-08
5.340071193574137777e-08
5.437069300341264515e-08
5.483622001141742126e-08
5.581408942996668704e-08
5.630596671658402073e-08
5.729320937006966017e-08
5.781019922503368502e-08
5.880796693226997398e-08
5.934910779501819777e-08
6.035826311973688648e-08
6.092283465508169151e-08
6.194399179239722685e-08
6.253148177203116130e-08
6.356504389150789204e-08
6.417511752421235077e-08
6.522131029344107662e-08
6.585378236755145031e-08
6.691268359851721266e-08
6.756749356256140576e-08
6.863905915612828823e-08
6.931624909008517009e-08
7.040033551393788198e-08
7.110003085261760525e-08
7.219641448507563833e-08
7.291880726523875297e-08
7.402720093055839234e-08
7.477253534959237256e-08
7.589260235026604594e-08
7.666116238625665172e-08
7.779252835366544728e-08
7.858462723672575928e-08
7.972689004347654136e-08
8.054286137378341788e-08
8.169559938324497409e-08
8.253578968599162303e-08
8.369856855322189615e-08
8.456333109153334213e-08
8.573570934395338257e-08
8.662539900438740692e-08
8.780693258836760561e-08
8.872190168109965959e-08
8.991214765127907562e-08
9.085274246601005539e-08
9.205126199011718254e-08
9.301781996053447353e-08
9.422418074370598048e-08
9.521702812458313506e-08
9.643080640735277823e-08
9.745025634095649451e-08
9.867103850767755092e-08
9.971738943406399299e-08
1.009447733455106208e-07
1.020183076680648871e-07
1.032519037456630576e-07
1.043528867272488481e-07
1.055923188377947417e-07
1.067209976801644744e-07
1.079659038681439540e-07
1.091225069391986272e-07
1.103725400190627584e-07
1.115572762185080633e-07
1.128121042645674039e-07
1.140251624942718578e-07
1.152844692393024471e-07
1.165260179668060690e-07
1.177895031179223999e-07
1.190596900212274753e-07
1.203270695419384045e-07
1.216260211987389468e-07
1.228970275193103518e-07
1.242248491793269306e-07
1.254992313777848424e-07
1.268560067588036427e-07
1.281335307009708937e-07
1.295193218407578986e-07
1.307997703015654802e-07
1.322146174361026785e-07
1.334977901897028765e-07
1.349417116641102816e-07
1.362274255432009314e-07
1.377004177579837112e-07
1.389885067168238226e-07
1.404905440924736018e-07
1.417808592216058507e-07
1.433118941899374694e-07
1.446043037415420111e-07
1.461642667625583744e-07
1.474586561360393874e-07
1.490474557278151053e-07
1.503437274626950844e-07
1.519612502660798894e-07
1.532593239983624936e-07
1.549054348382842971e-07
1.562052472522794567e-07
1.578797892537475762e-07
1.591812940239422686e-07
1.608840886965774774e-07
1.621872564079137799e-07
1.639181038017576884e-07
1.652229218620998381e-07
1.669816006921929265e-07
1.682880732219816909e-07
1.700743410458883649e-07
1.713824887725603967e-07
1.731960821522141144e-07
1.745059422787969927e-07
1.763465769782732988e-07
1.776582030442061568e-07
1.795255742398406403e-07
1.808390359653118771e-07
1.827328184616153810e-07
1.840482015876353500e-07
1.859680500466099309e-07
1.872854561649458350e-07
1.892310053488152621e-07
1.905505517224418744e-07
1.925214167552746961e-07
1.938432361108345853e-07
1.958390127388417744e-07
1.971632530879482197e-07
1.991835179593438915e-07
2.005103423637024314e-07
2.025546533153389725e-07
2.038842396919150041e-07
2.059521360417948891e-07
2.072846769158383953e-07
2.093756797663845930e-07
2.107113820556002975e-07
2.128249946157711214e-07
2.141640793782219756e-07
2.162997872654032615e-07
2.176424894647196085e-07
2.197997610424679318e-07
2.211463292838326833e-07
2.233246159978166465e-07
2.246753122780883400e-07
2.268740489771035774e-07
2.282291484239669952e-07
2.304477537264997393e-07
2.318075443232299900e-07
2.340454209406880209e-07
2.354102032713171833e-07
2.376667383791788342e-07
2.390368253352435956e-07
2.413113909183320461e-07
2.426871074440158875e-07
2.449790606574667541e-07
2.463607434491393649e-07
2.486694269866259869e-07
2.500574242185595705e-07
2.523821666723642811e-07
2.537768377102861492e-07
2.561169539398236642e-07
2.575186690603263036e-07
2.598734605548095598e-07
2.612826006508113355e-07
2.636513559147669430e-07
2.650683122002275195e-07
2.674503071101672008e-07
2.688754808465115700e-07
2.712699790308964232e-07
2.727037812170670730e-07
2.751100344342747424e-07
2.765528855244524745e-07
2.789701340291363177e-07
2.804224636350503063e-07
2.828499365563342054e-07
2.843121831643177351e-07
2.867490988798039179e-07
2.882217095398981933e-07
2.906672760558331429e-07
2.921507061019511608e-07
2.946041214198310575e-07
2.960988341759126131e-07
2.985592866746578237e-07
3.000657531537365981e-07
3.025324219562746713e-07
3.040511205742633632e-07
3.065231759288782973e-07
3.080545922153875516e-07
3.105311958575173713e-07
3.120758221533712078e-07
3.145561276936861672e-07
3.161144628703190237e-07
3.185976161495023096e-07
3.201701653106680779e-07
3.226553047864653971e-07
3.242425789766945058e-07
3.267288360811032204e-07
3.283313520095322541e-07
3.308178515221454468e-07
3.324361312618056270e-07
3.349219916736514506e-07
3.365565623709224113e-07
3.390408962691110675e-07
3.406922898595049851e-07
3.431742042699747833e-07
3.448429571956476064e-07
3.473215539665013176e-07
3.490082068807093133e-07
3.514825830405141360e-07
3.531876805275807741e-07
3.556569286492634297e-07
3.573810189285861544e-07
3.598442274984315671e-07
3.615878621486205306e-07
3.640441159216748348e-07
3.658078495879003667e-07
3.682562299631806683e-07
3.700406200753163922e-07
3.724802054362791558e-07
3.742858119236001165e-07
3.767156780299840066e-07
3.785430630173070475e-07
3.809622833452078685e-07
3.828120108991080665e-07
3.852196570001820369e-07
3.870922928150256997e-07
3.894874346969103713e-07
3.913835458180122185e-07
3.937652522947420482e-07
3.956854068304614123e-07
3.980527458744936486e-07
3.999975127055650607e-07
4.023495518332671916e-07
4.043195003275953884e-07
4.066553069346438239e-07
4.086510066583720213e-07
4.109696483980176853e-07
4.129916688213111076e-07
4.152922139671094917e-07
4.173411241636651399e-07
4.196226419688904352e-07
4.216990103506614026e-07
4.239605714046535256e-07
4.260649653986802526e-07
4.283056420059203589e-07
4.304386277769276606e-07
4.326574943073355019e-07
4.348196364519731559e-07
4.370157697298623863e-07
4.392076309827305427e-07
4.413801106235987594e-07
4.436022515590256926e-07
4.457501603611110855e-07
4.480031390856266065e-07
4.501255633909572879e-07
4.524099352497288065e-07
4.545059653124202533e-07
4.568222825701481502e-07
4.588910129350366198e-07
4.612398244871744569e-07
4.632803543504258586e-07
4.656622054062609370e-07
4.676736390027596567e-07
4.700890707598122283e-07
4.720705177344770790e-07
4.745200670888146023e-07
4.764706428705928813e-07
4.789548421010048398e-07
4.808736682769428305e-07
4.833930447044465645e-07
4.852792494115178720e-07
4.878343251050212994e-07
4.896870434080682403e-07
4.922783348424855482e-07
4.940967091074929118e-07
4.967247268673381878e-07
4.985079071525929454e-07
5.011731555784399547e-07
5.029203000250651170e-07
5.056232768984407757e-07
5.073335521053764553e-07
5.100747483220984450e-07
5.117473297430393891e-07
5.145272289732709182e-07
5.161613013021389209e-07
5.189803796607986760e-07
5.205751372277592799e-07
5.234338629370498413e-07
5.249885100863409133e-07
5.278873431433102397e-07
5.294010946426670983e-07
5.323404864728213916e-07
5.338125679052149336e-07
5.367929610094584715e-07
5.382226091564432258e-07
5.412444367936433414e-07
5.426309000452930402e-07
5.456945858703062037e-07
5.470371246069759782e-07
5.501430823258845292e-07
5.514409693236550887e-07
5.545896023482218394e-07
5.558421231796983092e-07
5.590338242750413902e-07
5.602402776939641856e-07
5.634754286423373760e-07
5.646351269988206232e-07
5.679140982185839432e-07
5.690263678441562221e-07
5.723495180689381704e-07
5.734136996682524778e-07
5.767813755812507559e-07
5.777968246451909441e-07
5.812093605240750693e-07
5.821754477165606412e-07
5.856331650827311672e-07
5.865492766339865210e-07
5.900524839064964339e-07
5.909180220094440715e-07
5.944670141431520321e-07
5.952813973372875727e-07
5.988764554862270126e-07
5.996391190670748137e-07
6.032805102079750006e-07
6.039909066018180753e-07
6.076788832036012803e-07
6.083364823506868372e-07
6.120712820347203496e-07
6.126755717815366329e-07
6.164574169478972593e-07
6.170079034256707504e-07
6.208370009311224765e-07
6.213332089317282573e-07
6.252097497341608977e-07
6.256512230858151149e-07
6.295753819151135679e-07
6.299616838519720242e-07
6.339336188631838088e-07
6.342643323944522396e-07
6.382841848445435230e-07
6.385589131090886812e-07
6.426268070189722038e-07
6.428451736490642768e-07
6.469612154850744122e-07
6.471228649509378967e-07
6.512871432987281551e-07
6.513917412642339667e-07
6.556043265051227414e-07
6.556515601646483478e-07
6.599125041853385002e-07
6.599020825917960410e-07
6.642114184527845840e-07
6.641430728480740465e-07
6.685008145034102345e-07
6.683742986383093870e-07
6.727804406354676498e-07
6.725955310770763080e-07
6.770500482706304212e-07
6.768065447175465379e-07
6.813093919896529852e-07
6.810071175506792062e-07
6.855582295321562184e-07
6.851970310349873819e-07
6.897963218465946520e-07
6.893760701005532209e-07
6.940234331089367247e-07
6.935440231653164101e-07
6.982393307129362918e-07
6.977006821460282085e-07
7.024437853332925897e-07
7.018458424697748018e-07
7.066365709112246296e-07
7.059793030719276942e-07
7.108174646956481159e-07
7.101008664233428888e-07
7.149862472501411279e-07
7.142103385156972655e-07
7.191427024701552993e-07
7.183075288746165329e-07
7.232866175919736157e-07
7.223922505719265007e-07
7.274177832311299228e-07
7.264643202116911182e-07
7.315359933817209244e-07
7.305235579455068190e-07
7.356410454216319516e-07
7.345697874643052534e-07
7.397327401392711230e-07
7.386028359933227603e-07
7.438108817366352862e-07
7.426225343127895696e-07
7.478752778627480196e-07
7.466287167144056504e-07
7.519257395891835570e-07
7.506212210386208539e-07
7.559620814435347532e-07
7.545998886463644476e-07
7.599841214150923339e-07
7.585645644036439392e-07
7.639916809571387669e-07
7.625150966969762165e-07
7.679845850038931564e-07
7.664513374098297615e-07
7.719626619606123924e-07
7.703731419141285918e-07
7.759257437482150693e-07
7.742803690643632649e-07
7.798736657373366897e-07
7.781728811738332973e-07
7.838062668395220775e-07
7.820505440079489340e-07
7.877233894338751841e-07
7.859132267828784373e-07
7.916248794331174936e-07
7.897608021220097459e-07
7.955105862361924002e-07
7.935931460620034781e-07
7.993803627603244524e-07
7.974101380324538713e-07
8.032340654256030355e-07
8.012116608249375623e-07
8.070715541705995418e-07
8.049976005857831026e-07
8.108926924327255233e-07
8.087678467994660422e-07
8.146973471629908649e-07
8.125222922507197690e-07
8.184853888135515525e-07
8.162608330233120762e-07
8.222566913398510785e-07
8.199833684555025580e-07
8.260111321948014310e-07
8.236898011415435518e-07
8.297485923279830716e-07
8.273800368820697366e-07
8.334689561675513585e-07
8.310539846797571946e-07
8.371721116414139584e-07
8.347115567027817749e-07
8.408579501398657878e-07
8.383526682654716959e-07
8.445263665222387515e-07
8.419772377806839654e-07
8.481772591214274391e-07
8.455851867697250418e-07
8.518105296979384350e-07
8.491764397946552200e-07
8.554260834771900494e-07
8.527509244597172584e-07
8.590238291017207077e-07
8.563085713663901635e-07
8.626036786472088846e-07
8.598493140804624785e-07
8.661655475850740585e-07
8.633730891047409872e-07
8.697093547937062506e-07
8.668798358662767164e-07
8.732350225183588033e-07
8.703694966473640436e-07
8.767424763957135002e-07
8.738420165891040586e-07
8.802316453989629733e-07
8.772973436418994057e-07
8.837024618442801288e-07
8.807354285238070496e-07
8.871548613726855012e-07
8.841562247193033018e-07
8.905887829203013616e-07
8.875596884078437911e-07
8.940041687323397265e-07
8.909457784462525897e-07
8.974009642938976473e-07
8.943144563344048852e-07
9.007791183668592604e-07
8.976656861956687784e-07
9.041385829214302197e-07
9.009994347033837756e-07
9.074793131457946128e-07
9.043156710973581328e-07
9.108012674185391690e-07
9.076143670869241338e-07
9.141044072794458686e-07
9.108954968774338109e-07
9.173886974106682240e-07
9.141590370875869411e-07
9.206541056090652779e-07
9.174049667350586963e-07
9.239006027721856431e-07
9.206332672017182477e-07
9.271281628633769451e-07
9.238439221885595187e-07
9.303367628860558195e-07
9.270369176870687186e-07
9.335263828677433530e-07
9.302122419302548269e-07
9.366970058200780344e-07
9.333698853675848292e-07
9.398486177163447113e-07
9.365098406331235263e-07
9.429812074632853339e-07
9.396321024927402997e-07
9.460947668661582107e-07
9.427366678218545913e-07
9.491892906053544992e-07
9.458235355614140134e-07
9.522647762108240576e-07
9.488927066820192206e-07
9.553212240140305718e-07
9.519441841534607937e-07
9.583586371233857996e-07
9.549779728945651484e-07
9.613770214049785124e-07
9.579940797634244334e-07
9.643763854236702361e-07
9.609925134834265199e-07
9.673567404342683205e-07
9.639732846516898616e-07
9.703181003194507063e-07
9.669364056527755067e-07
9.732604815837947667e-07
9.698818906733181103e-07
9.761839032996760417e-07
9.728097556332172129e-07
9.790883870694820992e-07
9.757200181562407499e-07
9.819739570049464129e-07
9.786126975448050691e-07
9.848406396593022937e-07
9.814878147439368556e-07
9.876884640362896034e-07
9.843453922872116771e-07
9.905174614883115356e-07
9.871854542901460681e-07
9.933276657423451427e-07
9.900080263909575280e-07
9.961191128074870537e-07
9.928131357523792895e-07
9.988918409738500028e-07
9.956008109651860179e-07
1.001645890744460109e-06
9.983710820838344174e-07
1.004381304800301097e-06
1.001123980549053948e-06
1.007098127977339590e-06
1.003859539189112929e-06
1.009796407186580228e-06
1.006577792129635152e-06
1.012476191413891610e-06
1.009278774832772613e-06
1.015137531657025789e-06
1.011962524017669757e-06
1.017780480862752760e-06
1.014629077635535928e-06
1.020405093924628316e-06
1.017278474860318908e-06
1.023011427614696298e-06
1.019910756030293731e-06
1.025599540532321877e-06
1.022525962637791353e-06
1.028169493073528748e-06
1.025124137288433071e-06
1.030721347392609906e-06
1.027705323658600791e-06
1.033255167338466127e-06
1.030269566515131386e-06
1.035771018419835695e-06
1.032816911618244184e-06
1.038268967765026662e-06
1.035347405741379748e-06
1.040749084062868279e-06
1.037861096628103898e-06
1.043211437522879057e-06
1.040358032962809263e-06
1.045656099842192040e-06
1.042838264342475421e-06
1.048083144151834066e-06
1.045301841247886287e-06
1.050492644954461859e-06
1.047748815026662358e-06
1.052884678106795626e-06
1.050179237857413848e-06
1.055259320760546128e-06
1.052593162716793439e-06
1.057616651304077408e-06
1.054990643375009970e-06
1.059956749344333434e-06
1.057371734352602864e-06
1.062279695655685358e-06
1.059736490906018004e-06
1.064585572102502326e-06
1.062084968981354228e-06
1.066874461625194495e-06
1.064417225230520272e-06
1.069146448214517653e-06
1.066733316945993536e-06
1.071401616811451169e-06
1.069033302066383400e-06
1.073640053300294254e-06
1.071317239132842696e-06
1.075861844468144329e-06
1.073585187279561879e-06
1.078067077938105509e-06
1.075837206202729931e-06
1.080255842146707342e-06
1.078073356152207813e-06
1.082428226285026913e-06
1.080293697896757128e-06
1.084584320273294799e-06
1.082498292701830493e-06
1.086724214695039522e-06
1.084687202326278278e-06
1.088848000773667305e-06
1.086860488972201920e-06
1.090955770344727882e-06
1.089018215302188510e-06
1.093047615760895825e-06
1.091160444394372089e-06
1.095123629912183503e-06
1.093287239715347019e-06
1.097183906153183278e-06
1.095398665131487733e-06
1.099228538276546696e-06
1.097494784862743720e-06
1.101257620454247198e-06
1.099575663493602038e-06
1.103271247227423770e-06
1.101641365914647337e-06
1.105269513447686218e-06
1.103691957337862024e-06
1.107252514243127764e-06
1.105727503272821461e-06
1.109220344989647891e-06
1.107748069509024013e-06
1.111173101274443746e-06
1.109753722084366596e-06
1.113110878848061723e-06
1.111744527295341686e-06
1.115033773591186567e-06
1.113720551664251850e-06
1.116941881514234168e-06
1.115681861920346954e-06
1.118835298666220763e-06
1.117628525009674737e-06
1.120714121145002089e-06
1.119560608050212837e-06
1.122578445057265682e-06
1.121478178328088275e-06
1.124428366479189163e-06
1.123381303295751671e-06
1.126263981428890279e-06
1.125270050550666323e-06
1.128085385816267943e-06
1.127144487811521611e-06
1.129892675478129112e-06
1.129004682921857034e-06
1.131685946069545378e-06
1.130850703820374333e-06
1.133465293085802766e-06
1.132682618545965697e-06
1.135230811816682710e-06
1.134500495213654846e-06
1.136982597324551002e-06
1.136304402018875187e-06
1.138720744428896477e-06
1.138094407195277617e-06
1.140445347665240599e-06
1.139870579038511608e-06
1.142156501263477133e-06
1.141632985867979769e-06
1.143854299135005292e-06
1.143381696038812978e-06
1.145538834840214469e-06
1.145116777916951528e-06
1.147210201577425803e-06
1.146838299867196025e-06
1.148868492146534343e-06
1.148546330260588018e-06
1.150513798935748753e-06
1.150240937449074388e-06
1.152146213918221385e-06
1.151922189757338994e-06
1.153765828600334596e-06
1.153590155487371139e-06
1.155372734029686142e-06
1.155244902894014273e-06
1.156967020765385012e-06
1.156886500187255944e-06
1.158548778866307098e-06
1.158515015527195155e-06
1.160118097880610412e-06
1.160130516991111629e-06
1.161675066815071012e-06
1.161733072599794764e-06
1.163219774129116498e-06
1.163322750298384813e-06
1.164752307735433976e-06
1.164899617941468276e-06
1.166272754939398725e-06
1.166463743276651181e-06
1.167781202499043289e-06
1.168015193994087640e-06
1.169277736553513259e-06
1.169554037634613621e-06
1.170762442626970612e-06
1.171080341648767358e-06
1.172235405632982191e-06
1.172594173375354965e-06
1.173696709840557706e-06
1.174095600011182567e-06
1.175146438905585033e-06
1.175584688657959478e-06
1.176584675805610584e-06
1.177061506261962134e-06
