# -0.4J_-0.6g_0.0theta_0.0phi_10Chi_0.01delta_500N
-5.781225001376893990e-01
7.496780570919513442e-01
2.571242818489528625e-01
-1.768939799732400231e-01
-1.071025653992920823e-01
-7.604332300432292691e-02
-1.280495491134397423e-01
-1.691509854971847901e-02
-6.832060795485224436e-02
-3.163316209384380018e-02
7.451668511285896024e-01
-1.372815016593998516e+00
-6.524057682582127260e-01
-1.698897858478964462e+00
-1.623987601177396378e+00
-2.031139698412976369e+00
-4.738094809066902613e+00
1.254420175048329256e+00
-3.551866269341411808e+00
-1.591726751027022990e+00
-2.497719513426510107e-01
6.381801589917489581e-01
8.545400761482251362e-01
5.080781817648665211e+00
-1.407849709320403875e+00
3.675458400284437044e+00
-2.814417850050576764e-01
2.479708044169147474e+00
-1.859751511360547616e+00
-1.253130626866285624e+00
-1.690293438015494365e-01
-1.564198362343414361e+00
-5.027373722599421058e+00
-6.452770156094805998e+01
1.347024736767028585e+01
-4.960818394593376723e+01
4.264845430282823457e+01
7.072557728639655039e+00
2.862745789265568419e+01
-1.591959509031636060e+02
-1.112483828638110989e-01
-1.673004985334151318e+00
1.220525609928435617e+00
1.022330731351563315e+01
-3.303964595026965156e+01
6.549246948726691331e-01
-9.445288297257155818e+01
5.124641803448846389e+01
-6.830646653886451247e+01
5.358205467792022603e+01
7.373630641503173266e-02
1.968287082196036319e+00
3.588642438017417557e+00
4.931964821229751550e+01
-2.167406433751181360e+00
5.360166532548987561e+01
-2.802904278780282255e+01
-5.278067129394076851e+00
-9.771204606656358038e+00
1.024196358724420151e+02
-1.234902260903539134e-01
-4.642851811165084719e+00
2.061058965536656518e-01
3.791946058716370516e+01
-9.460742125539772474e+01
2.726419600110675034e+01
-4.729565316714148935e+02
1.274235128176369187e+02
-2.968325579261843359e+02
6.557382589815447318e+02
1.781004639734591957e-02
-1.269211135858210326e+00
2.377818416246012756e+00
-8.897170960703693510e+00
-5.008008680339761298e+01
-5.078003917226482145e+00
-1.269669962913801413e+02
2.073281673178124720e+02
-7.731622378790375194e+01
-3.344823808449099829e+02
6.628373856183289448e-02
3.479094447703478199e+00
-1.779316851914159336e+00
-2.580794952661157993e+01
6.802335312554114921e+01
-9.891016902161384294e+00
2.957904502962272772e+02
-7.678066725932798420e+01
2.785608471145199587e+02
-2.533820940162508464e+02
-2.818989760672881845e-02
-1.489815304617276848e+00
1.204890222166975278e+00
-1.712486400035623433e+02
5.369622967160903215e+01
-1.156403366710513154e+02
6.297796368432572081e+02
3.762275934814745710e+02
2.313336549218637970e+02
-4.456765533195229182e+03
-5.781066897135526128e-01
-1.521453497984702752e-01
-7.778161963446393878e-01
1.811592887007148212e-01
-9.961746367975099492e-02
-7.607259821713491244e-02
7.901890116219476012e-02
-1.029089842917822045e-01
-6.837980416326272515e-02
-1.160661876026608183e-02
-1.562570161167826377e-01
-4.252356598060941240e-01
9.109977469431307373e-02
1.584893808578981614e-02
-4.091828440330436578e+00
-2.168472130292081079e+00
1.091820775009312516e+00
3.674190416403453341e+00
3.389943106998433819e+00
-5.021374498494026728e-01
7.702333364715469033e-01
-1.053254223614466523e-01
1.802179417169450959e+00
2.613114634833745065e+00
-3.122368953293475968e+00
-3.597246577592046801e+00
2.122917803791078306e+00
-3.367444017312934079e+00
-2.148208679922599895e+00
-3.880784202144735295e-01
1.808175768344846834e-01
1.456332346911587694e-01
-2.659271962830321190e+00
-3.078654812994317780e+01
9.417980376014936539e+00
2.431634275610124263e+01
1.279497677793210819e+01
7.584994996640932641e+01
4.478305202487700853e+01
-1.507829474781418355e+02
-9.073834754209336717e-02
-4.041085502562439480e+00
2.930267998273350827e+00
6.180354278338226592e+00
-6.669806011755021302e+01
-4.318930275841240274e+01
-2.660958132226100048e+01
8.140959823891368785e+01
5.881488660884704700e+01
1.833352159709050113e+02
7.376875961770340551e-02
2.124540485994695693e+00
-3.499468315377189498e+00
-2.286884410370419829e+01
4.369666043612771489e+01
5.353542426820703781e+01
1.995676970128651462e+01
-2.146196549517864938e+01
-9.766197662885117481e+00
-1.756762708734167120e+02
7.756472230989139294e-02
1.075305565248366069e+00
-2.046968802989541203e+00
1.155550256093536987e+01
-2.633557626112136774e+01
-1.936704624751378745e+01
-1.760849871574959593e+02
4.294316580352708002e+01
7.972568537803871891e+01
6.762138276227533424e+02
9.850861659280861493e-02
-3.537530317601637719e+00
-3.360640587295212089e+00
-7.810480600831641596e+01
-7.650189595241469931e+01
-2.058036968321730242e+01
-4.244904042778613729e+01
5.019992520456216880e+02
2.907000197985229306e+02
-3.130513499584024544e+02
6.633881575137340336e-02
-3.283865454537835848e+00
-2.125400195854425522e+00
-4.590782537473477731e+01
-5.616286067575874341e+01
-9.830809077023575426e+00
-8.020262516086482663e+01
2.891977292383283498e+02
2.770782658067420812e+02
-9.980810877027363404e+01
-1.395203577495336862e-02
-3.200631869410536234e-01
4.522395264718017671e-01
-1.433232780856291413e+02
1.755123357218617173e+02
1.684564642640941088e+02
6.291524319984738440e+02
3.425046629484722871e+02
1.274173755187425456e+02
-5.160991863847538298e+03
-5.781387141745889524e-01
-5.975219481393229115e-01
5.206583380699357777e-01
-4.278245397094287972e-03
2.067256589098392938e-01
-7.603626217477353622e-02
4.904983602739755588e-02
1.198236308622115526e-01
-6.833415583352782374e-02
4.193337712976647619e-02
-5.888992446396128511e-01
-1.542901628021920768e+00
5.399096126713371913e-01
-2.977921467602004046e+00
-4.343478766787073120e+00
4.199600581413697853e+00
2.592417991548629508e-01
-2.598207490814444132e+00
1.646593337583213135e-01
-2.793284928974444914e-01
-5.204276074426242849e-01
-5.541351017424613890e-01
6.843728698251779763e-01
2.362592351694766890e+00
-1.276978794163242115e-01
-8.056879612101644494e-02
-4.130183826491990118e+00
-2.540939464388258351e+00
4.008546047495588738e+00
-1.706470146406285693e+00
-1.180147400586529539e-02
-2.759373665637843587e+00
-2.363160417658974222e+00
-5.108452019774480135e+01
-1.772564412038499881e+01
2.520592473826041058e+01
8.632882638736725767e+01
6.757396047696119012e+01
-7.337720537581965630e+01
-3.898710074086187660e+01
2.019900508615987966e-01
-4.338389860387210639e+00
2.429909455628605566e-02
-2.095787342618539739e+01
-4.630168691382322521e+01
4.250978214539278355e+01
-3.457789246588816212e+01
6.524426249642433007e+00
9.418990678893310431e+00
1.044824184741230226e+02
7.373205121471941570e-02
-4.092941241312463063e+00
-9.147862039237240894e-02
-2.635967245707278650e+01
-4.151863859103898591e+01
5.346441457813256903e+01
7.932092408654741078e+00
2.647183497468368074e+01
-9.725112451155375481e+00
7.300575170143036985e+01
4.594019827749865753e-02
1.680722738627389579e-01
4.033980183870552239e+00
8.365424143437921600e+01
-3.758650593909943893e+01
-7.686839208504661514e+00
-3.955682606502664953e+02
-1.707740615028436935e+02
2.149666389790685912e+02
5.923891376925392933e+02
-1.163125379120935748e-01
2.565028479408333784e+00
-2.456972914888326809e+00
-6.635941675955652386e+01
-3.089609736769055370e+00
2.539060336199986878e+01
1.712889326255599940e+02
2.802913109352293191e+02
-2.130576144699836334e+02
-2.947903772215599929e+02
6.630270912961347407e-02
-1.976224042504173550e-01
3.906132740964176175e+00
7.162225808785284187e+01
-1.182023653179209255e+01
-9.747935154912919842e+00
-2.134560960476294724e+02
-2.119376646167631009e+02
2.764873250059392831e+02
3.123591304525808710e+02
4.108065650434477439e-02
-2.648607448859691127e-01
1.762466489744103804e+00
-4.522687438390496339e+01
8.849462200239118204e+01
-6.001331507477178206e+01
5.533180974597419208e+02
3.315733701749538227e+02
-3.150945780107774112e+02
-2.750800673217265285e+03
