# -0.35J_-0.65g_0.2618theta_0.0phi_10Chi_0.01delta_500N
8.244580241294331355e-03
1.959967847781384550e-04
3.102017755032352677e-06
1.812905205508422920e-07
3.408291665071247739e-07
6.214208398090360432e-08
1.919251551441031472e-07
5.021735246677103031e-08
1.483654393033535439e-07
4.413423826004538791e-08
1.290223333937387847e-07
3.982900992426566787e-08
1.173336565101711270e-07
3.632576411453463182e-08
1.089163038568348469e-07
3.334413782291640186e-08
1.022903911474418608e-07
3.086761293979540074e-08
9.685722438359943416e-08
2.903127072366906744e-08
9.233732490876503829e-08
2.805642063368736882e-08
8.857428822985371473e-08
2.816806330669811801e-08
8.547032039343415786e-08
2.950714501092247730e-08
8.297172024682064968e-08
3.209209075854263043e-08
8.107824967908600380e-08
3.583759426384115055e-08
7.987920467937032814e-08
4.057575581944004514e-08
7.961833249706683782e-08
4.602966668460250989e-08
8.075713537138414986e-08
5.171722736905337549e-08
8.393365289245480842e-08
5.680741168809030080e-08
8.969318057692267589e-08
6.006341034911115888e-08
9.815553203516169287e-08
6.019077757267905290e-08
1.088885601338067428e-07
5.677719568495894211e-08
1.203952988021539483e-07
5.099381801212533763e-08
1.286259977201589448e-07
4.482114342256991834e-08
1.270729266373874607e-07
3.959999731769476116e-08
1.126403133661218176e-07
3.555223323404945513e-08
9.064281699626912195e-08
3.216972083379601229e-08
6.907854691970851995e-08
2.875985193055812132e-08
5.193504097542913394e-08
2.494066907490991815e-08
3.948540310534623405e-08
2.089044272703761026e-08
3.071028298621473326e-08
1.710787513372699076e-08
2.455553825217631636e-08
1.397177505118797651e-08
2.023950493824968907e-08
1.157545870673976016e-08
1.722964474321032403e-08
9.827932157467455138e-09
1.516483927016058159e-08
8.587448075540471087e-09
1.380202218360272815e-08
7.729549228156327048e-09
1.298810609196629878e-08
7.163820146730182570e-09
1.263955870408297936e-08
6.830144473516721988e-09
1.272454767994515449e-08
6.692033206117736289e-09
1.325141189005208404e-08
6.732445200850869380e-09
1.426717583044994880e-08
6.952116247422760625e-09
1.586736125416951563e-08
7.370721263215846392e-09
1.821501693810494354e-08
8.033337985228375790e-09
2.155124235367986437e-08
9.027409987561549837e-09
2.609785528964369380e-08
1.052055127197615113e-08
3.139043216622946539e-08
1.284397813835362740e-08
3.432533163929357170e-08
1.668197470273439139e-08
3.112284488012990939e-08
2.348330405009849840e-08
2.598007438677070749e-08
3.589336911604840178e-08
2.308295433033232524e-08
5.383066043284562657e-08
2.202174380379547985e-08
5.669336274632252291e-08
2.192967929365565756e-08
3.397866389870769883e-08
2.259561365239696699e-08
1.882906209975079133e-08
2.432678376623282704e-08
1.280934675910482955e-08
2.791025189456489961e-08
1.030394888921240948e-08
3.440528690864343836e-08
9.120858856480625838e-09
4.390380369301517364e-08
8.481865615299297315e-09
5.115210941024544469e-08
8.091135198241206767e-09
4.506639067830663106e-08
7.834324741717378649e-09
2.961500586539728571e-08
7.667000657643618176e-09
1.852557843013705295e-08
7.570956039089208614e-09
1.297600418000034067e-08
7.541516100972408947e-09
1.035266433387128318e-08
7.578179121086862999e-09
9.117266967219764316e-09
7.679375993707797112e-09
8.579298868323313241e-09
7.840883531729101259e-09
8.429122069427551583e-09
8.056318557551430353e-09
8.518797774152167689e-09
8.318411880582310047e-09
8.771816064496989564e-09
8.620264397706946490e-09
9.145303114915984679e-09
8.956321038473206594e-09
9.613207551221362555e-09
9.322963263736595556e-09
1.015815633298282031e-08
9.718703393289049569e-09
1.076698599170937078e-08
1.014401769805022815e-08
1.142788207698907146e-08
1.060088960949146373e-08
1.212844101578388600e-08
1.109219194771807683e-08
1.285474740241518095e-08
1.162112406036615561e-08
1.359190110216072492e-08
1.219072205237685685e-08
1.432623895036712056e-08
1.280352333076337997e-08
1.504871388253929368e-08
1.346140945679215162e-08
1.575785482055757360e-08
1.416558918912087823e-08
1.646045938853643875e-08
1.491667349588404918e-08
1.716945650782019994e-08
1.571479780442093014e-08
1.790016675911710947e-08
1.655975693851174359e-08
1.866678296133137230e-08
1.745112928885282316e-08
1.948018863026121517e-08
1.838837823423956360e-08
2.034727556767276786e-08
1.937092797993216697e-08
2.127135188824998248e-08
2.039821670619309761e-08
2.225308105201104912e-08
2.146973019779560639e-08
2.329148797208807067e-08
2.258501417912539378e-08
2.438478483535804426e-08
2.374367462894596418e-08
2.553092986568165077e-08
2.494538338981015972e-08
2.672794537550022579e-08
2.618986707665193774e-08
2.797406541136234535e-08
2.747689936757558490e-08
2.926778256974501341e-08
2.880628255470599915e-08
3.060783513403386710e-08
3.017784008907812982e-08
3.199318116943055996e-08
3.159141600085459177e-08
3.342296389622740226e-08
3.304686605421073234e-08
3.489647299989676670e-08
3.454405148049599075e-08
3.641311125215174471e-08
3.608283354223214071e-08
3.797236642966018394e-08
3.766306883292514996e-08
3.957378880566715305e-08
3.928460541279441348e-08
4.121697352763598606e-08
4.094727966894186358e-08
4.290154694370922821e-08
4.265091376154790526e-08
4.462715596298602666e-08
4.439531352893950318e-08
4.639345925097685620e-08
4.618026692382608519e-08
4.820012029883074227e-08
4.800554220331631549e-08
5.004680174305648075e-08
4.987088722276162235e-08
5.193316068930165872e-08
5.177602843244137743e-08
5.385884502800646243e-08
5.372067017512109966e-08
5.582349052721034663e-08
5.570449417393268256e-08
5.782671855615214692e-08
5.772715915905207399e-08
5.986813431739739361e-08
5.978830073309946742e-08
6.194732558202110696e-08
6.188753094405688587e-08
6.406386142501504282e-08
6.402443852811232927e-08
6.621729168385207650e-08
6.619858889749372781e-08
6.840714640308160385e-08
6.840952425514026892e-08
7.063293547625002884e-08
7.065676379535367635e-08
7.289414847139240202e-08
7.293980396179144925e-08
7.519025457640044983e-08
7.525811875650569473e-08
7.752070265883400618e-08
7.761116010200569363e-08
7.988492142266713279e-08
7.999835824328075426e-08
8.228231964450877344e-08
8.241912219208225459e-08
8.471228647791658528e-08
8.487284020456427713e-08
8.717419182368490918e-08
8.735888029780496193e-08
8.966738674855089027e-08
8.987659078968782383e-08
9.219120395632160156e-08
9.242530087140347327e-08
9.474495829726697935e-08
9.500432120524601722e-08
9.732794731992077345e-08
9.761294454855532906e-08
9.993945184956312790e-08
1.002504463938121309e-07
1.025787366033423526e-07
1.029160856370239895e-07
1.052450508321947794e-07
1.056091052633175823e-07
1.079376289898050992e-07
1.083287330456632163e-07
1.106556914148046463e-07
1.110741822655122093e-07
1.133984450478739782e-07
1.138446524558567271e-07
1.161650841575692596e-07
1.166393301351530228e-07
1.189547910897638848e-07
1.194573895845269454e-07
1.217667370254414617e-07
1.222979936128188897e-07
1.246000827639287419e-07
1.251602943458969136e-07
1.274539795076192758e-07
1.280434340187266973e-07
1.303275696608439872e-07
1.309465457800254993e-07
1.332199876445879472e-07
1.338687544996747149e-07
1.361303607100687761e-07
1.368091775850540719e-07
1.390578097695530921e-07
1.397669258050683172e-07
1.420014502159378613e-07
1.427411041054162687e-07
1.449603927701203852e-07
1.457308124422177197e-07
1.479337443087128879e-07
1.487351466042115390e-07
1.509206087014579865e-07
1.517531990375559086e-07
1.539200876553760885e-07
1.547840596740365466e-07
1.569312815423536123e-07
1.578268167485410367e-07
1.599532902346520512e-07
1.608805576147934050e-07
1.629852139320039623e-07
1.639443695583758357e-07
1.660261539814903018e-07
1.670173405999286163e-07
1.690752136918080206e-07
1.700985602898319490e-07
1.721314991352449349e-07
1.731871204955738439e-07
1.751941199444966694e-07
1.762821161740399528e-07
1.782621900901446205e-07
1.793826461372391884e-07
1.813348286543922311e-07
1.824878138012838467e-07
1.844111605789910593e-07
1.855967279249986572e-07
1.874903174036641176e-07
1.887085033280968585e-07
1.905714379981248745e-07
1.918222615935739045e-07
1.936536692462609181e-07
1.949371317611832654e-07
1.967361667438298861e-07
1.980522509911300988e-07
1.998180954553045317e-07
2.011667652151049817e-07
2.028986303537812342e-07
2.042798297683670009e-07
2.059769570439148416e-07
2.073906099948349739e-07
2.090522723513633142e-07
2.104982818432105756e-07
2.121237848997988760e-07
2.136020324237717675e-07
2.151907156522584981e-07
2.167010605570216066e-07
2.182522984298949595e-07
2.197945772966760075e-07
2.213077804150343732e-07
2.228818064214485564e-07
2.243564226014746246e-07
2.259619849163261619e-07
2.273975002502987605e-07
2.290343634125107938e-07
2.304303032939751656e-07
2.320982066254099771e-07
2.334541367190031340e-07
2.351527937436334962e-07
2.364683209276479776e-07
2.381974188151744032e-07
2.394721920556387060e-07
2.412313910951000023e-07
2.424651022775872490e-07
2.442540353772860035e-07
2.454464200793312541e-07
2.472646922898309894e-07
2.484155304919896458e-07
2.502627185845834730e-07
2.513718353098036699e-07
2.532474873881013487e-07
2.543147532801266486e-07
2.562183884299416186e-07
2.572437202516702578e-07
2.591748282543780771e-07
2.601581893131578910e-07
2.621162304052785340e-07
2.630576308972649193e-07
2.650420355801053567e-07
2.659415328474790256e-07
2.679517017787438178e-07
2.688094004837828449e-07
2.708447044151549607e-07
2.716607566186872921e-07
2.737205364108278447e-07
2.744951415678617727e-07
2.765787082651878352e-07
2.773121131142902895e-07
2.794187481198682460e-07
2.801112464755550595e-07
2.822402017708228049e-07
2.828921342311149242e-07
2.850426326975021798e-07
2.856543862298107278e-07
2.878256220467774520e-07
2.883976294857024995e-07
2.905887686039765662e-07
2.911215080382865177e-07
2.933316887501697292e-07
2.938256828158601078e-07
2.960540163999130705e-07
2.965098314578962392e-07
2.987554029117406064e-07
2.991736481305157033e-07
3.014355170007607100e-07
3.018168433340176703e-07
3.040940446093488027e-07
3.044391436767915603e-07
3.067306887941505118e-07
3.070402916519829369e-07
3.093451695625547606e-07
3.096200453892027390e-07
3.119372237167700904e-07
3.121781783987166080e-07
3.145066046825317816e-07
3.147144793086890729e-07
3.170530823088287485e-07
3.172287515776169772e-07
3.195764426782555620e-07
3.197208132140027067e-07
3.220764878706465298e-07
3.221904964743048350e-07
3.245530357598738682e-07
3.246376475638814945e-07
3.270059197469874845e-07
3.270621263182813132e-07
3.294349885259913610e-07
3.294638059010057530e-07
3.318401058114743413e-07
3.318425724543503769e-07
3.342211500745616372e-07
3.341983248042214900e-07
3.365780142512907559e-07
3.365309741036463356e-07
3.389106054522691986e-07
3.388404435135632237e-07
3.412188446694449423e-07
3.411266678633473487e-07
3.435026664575773177e-07
3.433895933163555949e-07
3.457620186244306855e-07
3.456291770315962192e-07
3.479968619090377587e-07
3.478453868214011210e-07
3.502071696445473503e-07
3.500382008261151096e-07
3.523929274315927980e-07
3.522076071721021694e-07
3.545541327939444843e-07
3.543536036357269602e-07
3.566907948336548242e-07
3.564761973176051103e-07
3.588029338896660299e-07
3.585754043110580031e-07
3.608905811643926185e-07
3.606512493799310909e-07
3.629537783994577179e-07
3.627037656318729577e-07
3.649925774872503747e-07
3.647329942163306984e-07
3.670070401341537779e-07
3.667389839822285944e-07
3.689972374960797396e-07
3.687217912043208846e-07
3.709632497988741623e-07
3.706814792569012808e-07
3.729051660076411997e-07
3.726181183252426652e-07
3.748230834411169488e-07
3.745317851125736657e-07
3.767171074307843227e-07
3.764225625561150424e-07
3.785873509420407944e-07
3.782905395465063766e-07
3.804339342446974978e-07
3.801358106444539625e-07
3.822569845382814982e-07
3.819584758358709462e-07
3.840566356197599077e-07
3.837586402496449417e-07
3.858330275208698647e-07
3.855364139116212292e-07
3.875863061822901050e-07
3.872919115039793819e-07
3.893166231079373823e-07
3.890252521069527512e-07
3.910241350376410139e-07
3.907365589878012186e-07
3.927090036132956452e-07
3.924259593597316433e-07
3.943713950667830769e-07
3.940935841571702272e-07
3.960114799045374073e-07
3.957395678376122861e-07
3.976294325988378928e-07
3.973640481644051503e-07
3.992254312812784708e-07
3.989671660125600908e-07
4.007996574627505787e-07
4.005490651693751630e-07
4.023522957318796254e-07
4.021098921548851335e-07
4.038835334911158888e-07
4.036497960386043662e-07
4.053935606759037598e-07
4.051689282666830263e-07
4.068825695001847108e-07
4.066674425006040552e-07
4.083507541977789201e-07
4.081454944425553108e-07
4.097983107801616424e-07
4.096032416979714200e-07
4.112254367932873549e-07
4.110408436219451059e-07
4.126323311034911158e-07
4.124584611678799230e-07
4.140191936684432320e-07
4.138562567676840116e-07
4.153862253246901555e-07
4.152343941922914585e-07
4.167336275913875262e-07
4.165930384256773695e-07
4.180616024795236293e-07
4.179323555477330650e-07
4.193703523025545395e-07
4.192525126283488980e-07
4.206600795042912608e-07
4.205536776043695368e-07
4.219309864984770864e-07
4.218360191970131227e-07
4.231832754979091836e-07
4.230997067910724077e-07
4.244171483795317092e-07
4.243449103552487119e-07
4.256328065292867960e-07
4.255718003559403272e-07
4.268304507304077425e-07
4.267805476685243929e-07
4.280102810253881113e-07
4.279713234991196913e-07
4.291724965979905692e-07
4.291442993009492913e-07
4.303172956731366986e-07
4.302996467260150420e-07
4.314448754180639700e-07
4.314375375402929519e-07
4.325554318434488327e-07
4.325581435628637072e-07
4.336491597198530565e-07
4.336616366134620094e-07
4.347262525058232859e-07
4.347481884573805762e-07
4.357869022687779521e-07
4.358179707466444972e-07
4.368312996269853037e-07
4.368711549779041145e-07
4.378596336870622752e-07
4.379079124509449667e-07
4.388720919987805673e-07
4.389284142193510312e-07
4.398688605080793475e-07
4.399328310544997361e-07
4.408501235083862664e-07
4.409213334142776454e-07
4.418160636247867823e-07
4.418940914071940019e-07
4.427668617736756941e-07
4.428512747539397787e-07
4.437026971424916663e-07
4.437930527845265601e-07
4.446237471698584355e-07
4.447195943820468895e-07
4.455301875385768831e-07
4.456310679768901986e-07
4.464221921609970417e-07
4.465276415279254419e-07
4.472999331787369852e-07
4.474094824970403441e-07
4.481635809644284585e-07
4.482767578326712156e-07
4.490133041183101107e-07
4.491296339584681695e-07
4.498492694802236520e-07
4.499682767590662909e-07
4.506716421417497185e-07
4.507928515635866006e-07
4.514805854627269735e-07
4.516035231458240957e-07
4.522762610786515222e-07
4.524004557005927138e-07
4.530588289373656151e-07
4.531838128509639706e-07
4.538284473005322785e-07
4.539537576282846058e-07
4.545852727896152286e-07
4.547104524793320523e-07
4.553294604010184727e-07
4.554540592556721029e-07
4.560611635420740397e-07
4.561847391994386036e-07
4.567805340568291042e-07
4.569026529638168804e-07
4.574877222698967759e-07
4.576079605836914009e-07
4.581828770051374115e-07
4.583008214974970539e-07
4.588661456358449464e-07
4.589813945271237691e-07
4.595376741264743313e-07
4.596498378855274258e-07
4.601976070465610368e-07
4.603063091782162368e-07
4.608460876402334472e-07
4.609509653874658661e-07
4.614832578486242935e-07
4.615839628905410133e-07
4.621092583551526646e-07
4.622054574434218458e-07
4.627242286255815711e-07
4.628156041891989430e-07
4.633283069545523480e-07
4.634145576456716216e-07
4.639216304994333611e-07
4.640024717129763673e-07
4.645043353307607667e-07
4.645794996668221125e-07
4.650765564667603446e-07
4.651457941537622570e-07
4.656384279201075292e-07
4.657015071953315235e-07
4.661900827349385663e-07
4.662467901742268805e-07
4.667316530285722331e-07
4.667817938329435541e-07
4.672632700294038686e-07
4.673066682689441346e-07
4.677850641203538760e-07
4.678215629292095075e-07
4.682971648761723767e-07
4.683266266007727841e-07
4.687997010960162566e-07
4.688220074039419788e-07
4.692928008381104955e-07
4.693078527752217605e-07
4.697765914602483060e-07
4.697843094717713871e-07
4.702511996595767480e-07
4.702515235531609390e-07
4.707167514872578096e-07
4.707096403561859061e-07
4.711733723824284995e-07
4.711588045098758180e-07
4.716211872148052278e-07
4.715991598912199902e-07
4.720603203044906124e-07
4.720308496284170604e-07
4.724908954250050101e-07
4.724540160747997144e-07
4.729130358583617107e-07
4.728688008004099375e-07
4.733268644256881306e-07
4.732753445598118155e-07
4.737325034390662198e-07
4.736737872847107015e-07
4.741300748016502735e-07
4.740642680539174275e-07
4.745196999693177803e-07
4.744469250722168438e-07
4.749014999762832752e-07
4.748218956497578138e-07
4.752755954498326361e-07
4.751893161871734388e-07
4.756421066211386892e-07
4.755493221278800801e-07
4.760011533175295448e-07
4.759020479389289617e-07
4.763528549815584325e-07
4.762476271095964954e-07
4.766973306498368243e-07
4.765861920820911627e-07
4.770346989827752969e-07
4.769178742525850948e-07
4.773650782342764275e-07
4.772428039270564982e-07
4.776885862535324101e-07
4.775611103005144246e-07
4.780053404839040071e-07
4.778729214184089030e-07
4.783154579350468656e-07
4.781783641456882961e-07
4.786190551834152904e-07
4.784775641437549227e-07
4.789162483572620311e-07
4.787706458276842817e-07
4.792071531024778676e-07
4.790577323321484933e-07
4.794918845798046594e-07
4.793389454912125518e-07
4.797705574392083641e-07
4.796144057985809513e-07
4.800432857769714185e-07
4.798842323670508540e-07
4.803101831426376679e-07
4.801485429118906570e-07
4.805713624709891617e-07
4.804074536962561300e-07
4.808269360847380240e-07
4.806610795193988701e-07
4.810770156468560747e-07
4.809095336751142530e-07
4.813217121158038443e-07
4.811529279157467684e-07
4.815611357377342708e-07
4.813913724336187166e-07
4.817953959872245341e-07
4.816249758049661562e-07
4.820246015339642614e-07
4.818538449957118576e-07
4.822488602004875247e-07
4.820780853060408666e-07
4.824682789394057601e-07
4.822978003418072131e-07
4.826829637592268450e-07
4.825130920003951313e-07
4.828930197113290024e-07
4.827240604392009640e-07
4.830985508224768392e-07
4.829308040475556081e-07
4.832996600725693665e-07
4.831334194105908306e-07
4.834964493497256546e-07
4.833320013258887599e-07
4.836890193674999617e-07
4.835266427324877132e-07
4.838774696803020750e-07
4.837174347182992411e-07
4.840618985831168676e-07
4.839044665016687489e-07
4.842424031059469162e-07
4.840878254142987837e-07
4.844190789447505160e-07
4.842675968626617070e-07
4.845920204311297602e-07
4.844438643478212185e-07
4.847613204918414119e-07
4.846167094352501374e-07
4.849270705828380251e-07
4.847862117430804667e-07
4.850893606812980000e-07
4.849524489414068148e-07
4.852482792147145255e-07
4.851154967410466916e-07
4.854039130466730494e-07
4.852754288908959662e-07
4.855563474126725446e-07
4.854323171718363702e-07
4.857056659136298250e-07
4.855862314032899444e-07
4.858519504511037601e-07
4.857372394333526939e-07
4.859952812196610728e-07
4.858854071528671928e-07
4.861357366447383199e-07
4.860307984981882527e-07
4.862733933921369195e-07
4.861734754524461670e-07
4.864083263059851879e-07
4.863134980581266319e-07
4.865406083967773869e-07
4.864509244348681793e-07
4.866703108211200017e-07
4.865858107802244008e-07
4.867975028504435081e-07
4.867182113949283992e-07
4.869222518698122918e-07
4.868481786984005854e-07
4.870446233365241123e-07
4.869757632487864076e-07
4.871646807730398140e-07
4.871010137524426963e-07
4.872824857887373550e-07
4.872239771104021868e-07
4.873980980138982947e-07
4.873446984203653162e-07
4.875115751304003500e-07
4.874632210145426919e-07
4.876229728709726420e-07
4.875795864880780226e-07
4.877323449879455799e-07
4.876938347262891213e-07
4.878397432892644782e-07
4.878060039453939914e-07
4.879452176136990202e-07
4.879161307172181416e-07
4.880488158531917988e-07
4.880242499984656097e-07
4.881505839617313041e-07
4.881303951895982346e-07
4.882505659666187323e-07
4.882345981535011917e-07
4.883488039682105934e-07
4.883368892667116515e-07
4.884453381819941203e-07
4.884372974490330634e-07
4.885402069345168513e-07
4.885358502315001261e-07
4.886334467058294401e-07
4.886325737648605522e-07
4.887250921458077685e-07
4.887274928939471020e-07
4.888151760891914872e-07
4.888206311876143749e-07
4.889037296024461135e-07
4.889120110022410814e-07
4.889907820149574547e-07
4.890016535087460526e-07
4.890763609344997006e-07
4.890895787612537075e-07
4.891604923132115605e-07
4.891758057412991146e-07
4.892432004527508825e-07
4.892603524042164918e-07
4.893245080740836038e-07
4.893432357297757894e-07
4.894044363412340250e-07
4.894244717893877663e-07
4.894830049138648040e-07
4.895040757873964224e-07
4.895602319902860067e-07
4.895820621059434758e-07
4.896361343627477236e-07
4.896584443869918560e-07
4.897107274497449539e-07
4.897332355519687165e-07
4.897840253741190192e-07
4.898064478810484592e-07
4.898560409909009130e-07
4.898780930582376518e-07
4.899267859433803290e-07
4.899481822223795397e-07
4.899962707467692230e-07
4.900167260360325418e-07
4.900645048072369723e-07
4.900837347245282108e-07
4.901314965062398116e-07
4.901492181294597750e-07
4.901972532420454582e-07
4.902131857854860044e-07
4.902617815050424941e-07
4.902756469341069303e-07
4.903250869235347785e-07
4.903366106216702165e-07
4.903871743367156656e-07
4.903960857140656986e-07
4.904480478447056288e-07
4.904540809737652538e-07
4.905077108752185187e-07
4.905106050966598403e-07
4.905661662609818561e-07
4.905656667644085688e-07
4.906234162684102742e-07
4.906192746961108886e-07
4.906794627058276359e-07
4.906714377025462364e-07
4.907343069377609264e-07
4.907221647192954598e-07
4.907879499795921617e-07
4.907714648659890782e-07
4.908403925589169261e-07
4.908193474803432894e-07
4.908916351595234872e-07
4.908658221647644642e-07
4.909416781062105462e-07
4.909108988360713565e-07
4.909905215940438616e-07
4.909545877556290415e-07
4.910381658009467274e-07
4.909968995692122982e-07
4.910846108803152221e-07
4.910378453510615926e-07
4.911298570758597830e-07
4.910774366278191701e-07
4.911739047622007420e-07
4.911156854209483598e-07
4.912167544840496351e-07
4.911526042812593782e-07
4.912584070350970862e-07
4.911882062987555584e-07
4.912988634997463322e-07
4.912225051643763339e-07
4.913381253211374862e-07
4.912555151502754530e-07
4.913761943297281231e-07
4.912872511724138553e-07
4.914130728007509124e-07
4.913177287925401400e-07
4.914487635250229262e-07
4.913469642329025755e-07
4.914832698167508353e-07
4.913749744149301298e-07
4.915165955911230452e-07
4.914017769327147271e-07
4.915487453816606363e-07
4.914273901116839501e-07
4.915797243977963347e-07
4.914518329808140176e-07
4.916095385580414633e-07
4.914751252983424232e-07
4.916381945141900144e-07
4.914972875446137889e-07
4.916656996977147733e-07
4.915183409258437616e-07
4.916920623469826990e-07
4.915383073849803052e-07
4.917172915296904970e-07
4.915572095727450205e-07
4.917413971777143084e-07
4.915750708634267095e-07
4.917643900930799152e-07
4.915919153401747662e-07
4.917862819842794898e-07
4.916077677716711479e-07
4.918070854778683231e-07
4.916226536150462861e-07
4.918268141217144665e-07
4.916365989810287631e-07
4.918454824192097572e-07
4.916496306380591391e-07
4.918631057997624726e-07
4.916617759632938606e-07
4.918797006656921449e-07
4.916730629357614465e-07
4.918952843660128325e-07
4.916835201076129187e-07
4.919098751983744136e-07
4.916931765730827035e-07
4.919234924159305409e-07
4.917020619365836536e-07
4.919361562003212559e-07
4.917102062817388878e-07
4.919478876712430838e-07
4.917176401396694073e-07
4.919587088618654912e-07
4.917243944406772185e-07
4.919686427001046812e-07
4.917305004853057111e-07
4.919777129880169763e-07
4.917359899077938928e-07
4.919859443871775469e-07
4.917408946132569312e-07
4.919933623906831141e-07
4.917452467580479070e-07
4.919999932695813507e-07
4.917490786911597573e-07
4.920058640902225629e-07
4.917524229107203923e-07
4.920110026226983936e-07
4.917553120091771705e-07
4.920154373563170081e-07
4.917577786476243886e-07
4.920191974159046981e-07
4.917598554755764496e-07
4.920223125498218482e-07
4.917615750992640558e-07
4.920248130631092719e-07
4.917629700362530412e-07
4.920267298008090744e-07
4.917640726377335464e-07
4.920280940490395686e-07
4.917649150640175782e-07
4.920289375454904369e-07
4.917655292289235677e-07
4.920292923739411889e-07
4.917659467241277523e-07
4.920291909421601661e-07
4.917661988112973564e-07
4.920286659046011384e-07
4.917663163138537575e-07
4.920277501374302322e-07
4.917663296208768842e-07
4.920264766215266453e-07
4.917662686059419897e-07
4.920248784573748631e-07
4.917661625785995934e-07
4.920229887506576121e-07
4.917660402469966576e-07
4.920208405652075207e-07
4.917659296618322290e-07
4.920184668585419829e-07
4.917658581836839903e-07
4.920159004467345843e-07
4.917658524041542569e-07
4.920131739031462781e-07
4.917659381511314279e-07
4.920103195182633182e-07
4.917661403998626445e-07
4.920073692467371587e-07
4.917664832596368431e-07
4.920043546207783007e-07
4.917669899259628641e-07
4.920013067064708847e-07
4.917676826551094406e-07
4.919982560523810849e-07
4.917685826935401550e-07
4.919952326080712685e-07
4.917697102946895609e-07
4.919922656820081760e-07
4.917710846493950975e-07
4.919893838879409714e-07
4.917727238746175745e-07
4.919866150857675419e-07
4.917746449885771559e-07
4.919839863089613512e-07
