# -0.35J_-0.65g_0.5236theta_0.5236phi_10Chi_0.01delta_500N
-5.775285993813538132e-01
7.179672919515783791e-01
-3.416741648811599252e-01
8.189157218580492281e-02
-1.326130388489419887e-01
-5.418709079083795094e-02
9.625328963154655693e-02
5.768964244637479061e-02
6.315564920642617597e-02
-1.335033857279372890e-02
5.170616562295452523e-01
-8.431925318718738183e-01
1.667069832302518484e-01
-3.001850121669855209e+00
-3.068189653082944002e+00
8.140460729263800932e-01
7.974488689057220858e-01
5.443788816105588957e+00
4.908950862470186749e+00
-3.518425352486130864e-01
6.125068565001976495e-01
-1.083715487324895310e+00
1.188041481269581645e+00
5.405159849712578790e+00
-1.436132383879133112e+00
-4.958365523826702592e+00
4.110063980673141160e+00
1.157117694051437384e+00
8.230857766698304046e-01
-7.124076630075258931e-01
1.450257002592341971e-01
1.312923279431281287e+00
-6.422287426612467875e+00
-8.791743509714940785e+01
1.861251117572632197e+01
7.810513513783449469e+01
6.545042672093781988e+00
-5.760014602765760827e+01
9.401121978491898901e+00
-4.499443448051918040e+02
-8.040215473516684752e-02
-2.178390601663177772e+00
-1.942600143267782187e+00
-4.574052377796331115e+01
-5.574920739527340174e+01
1.230620641508561697e+01
4.911781462749918603e+01
1.238264457903612765e+02
9.486974910917008685e+01
-6.748907705066937268e+00
5.565887659261007508e-02
1.284804601884013131e+00
-5.030685487043307980e+00
-6.937470334743510136e+01
1.029970133683049838e+01
8.212274103658056390e+01
4.922058366696554721e+00
-3.752160498439100600e+00
2.088344928502187514e+01
-2.459424960769543418e+02
1.028819616208148380e-01
4.924565755590374572e+00
-1.393292219584692404e+00
1.182198877695043251e+02
8.958385300381117133e+01
-7.521675796585232376e+01
-3.093978319250593358e+02
-1.610754886154829819e+02
-2.750711764637047736e+02
1.206710799371300936e+03
2.862649264802425916e-02
3.808053667572469880e+00
2.332824259591834259e+00
9.299461538421275009e+01
1.362750724954534576e+02
-4.300382479719657169e+01
-1.483932898277975596e+02
-4.151848543028925747e+02
-2.173226262264153377e+02
-3.643501290372840344e+02
-6.369586955671444062e-02
-4.734861716215876370e+00
-1.111678298337402948e+00
-8.295631164883006647e+01
-1.225559318504924136e+02
2.491555931988112960e+01
2.209176159937301236e+02
3.361063382677988329e+02
3.648086730442582279e+02
1.763665639365291327e+02
2.074181427221986548e-03
5.997832184290067259e-01
7.206977344460366863e-01
-3.692241496204783857e+02
2.324307483993763128e+02
3.075579704887903745e+02
5.759322108798377258e+02
-1.632802208987434824e+03
-1.318467451046054748e+02
-1.281388034486573997e+04
-5.775981723017985514e-01
-6.271296749909113788e-02
7.925961973883868250e-01
-1.558254621519429284e-01
-4.753154487435334169e-03
-5.415058460659593481e-02
1.402197154703011678e-03
-1.119992650751617524e-01
6.305600763922726559e-02
3.524509889982347516e-02
2.722619935375739653e-01
-5.601077355738584007e-01
-9.205595061447388039e-01
-2.840407325229397095e+00
-5.498953102923564096e+00
-4.691634669299415528e+00
-3.066907851066369428e+00
-1.872513364045957918e+00
-1.743156106134614136e+00
-7.893451885532308532e-02
-7.538990233120250739e-01
3.561040014472846658e-03
1.470610896286312697e+00
2.975841094130376341e+00
-1.600579999988865465e+00
1.772807171473801624e+00
-3.196919671064611723e+00
5.018683971799601018e+00
-4.666314133309654721e+00
-1.846118960190750613e+00
-1.420927849642073248e-01
-5.348157365134834085e-02
-2.969633647755784978e+00
-5.217405818276215257e+01
2.512775473237848090e+01
-2.844154349421603101e+01
9.962204485460898695e+01
-1.037934665522487023e+02
7.765666949314230294e+01
-2.580127403117293170e+02
-8.542344675968052692e-02
-5.632066772826247458e+00
-3.309608670249500673e+00
-3.917288450169881742e+01
-9.141570099071650191e+01
-7.353875806666142978e+01
2.921168883971980712e+00
2.953033738804103692e+01
-5.532390319837594461e+01
-6.728834269955137870e+01
5.556123467095805402e-02
3.708382688213053058e+00
3.624557905369864219e+00
4.343470214752081660e+01
5.475687929181749070e+01
8.182308866513012902e+01
-4.984562932478882047e+00
-1.010000668853017869e+00
2.091531077583737286e+01
1.019154156014121355e+02
-2.694382505257650676e-02
-2.759504668139292516e+00
-6.459902130444983293e-01
5.398770007159826889e+01
-5.569894911838219542e+01
1.190762250481917306e+00
-2.610004171268720938e+02
1.303646523029379125e+02
-5.389974259007301072e+01
7.361646254253320194e+02
-1.033305535651429102e-01
3.057529429720842629e+00
-5.370348062694695557e+00
-5.353235993884401722e+01
2.003553862928068554e+02
8.510185626866046960e+01
1.480043848011173111e+02
-4.630213678436322766e+02
3.452149751614042543e+02
-7.342083510890028037e+02
-6.357631801641247526e-02
3.331256045507367869e+00
-3.547285785803223845e+00
-6.518834802397607575e+01
1.327897553855321462e+02
2.433843040579469275e+01
1.879496507699251708e+02
-3.601793779973249912e+02
3.643807513563386351e+02
-7.570534074000737519e+02
2.384045778114030761e-02
-8.182071362651981428e-01
1.046154348117495081e+00
-3.806617390829429155e+02
-8.780653310424929581e-01
-2.449330890884688472e+02
1.303541284053059144e+03
-1.178891699474780353e+03
6.232778680261380941e+02
-8.591204215716446924e+03
-5.780228863488473534e-01
-6.547044533221971774e-01
-4.506443108323426316e-01
7.377975137634104619e-02
1.372039995770158449e-01
-5.410873045043737561e-02
-9.772671016840239755e-02
5.435450458781139471e-02
6.306757829522233183e-02
-2.284521992449715239e-02
-7.887249487993284180e-01
-1.640998052410383323e+00
-6.203665047562375578e-01
-8.144604608303148696e-01
-4.141047311355492866e+00
3.879544888281240222e+00
5.193351112127849944e+00
-1.555926204339626251e+00
-3.166198166086337196e+00
8.251965315116973620e-01
1.413419131890876757e-01
-2.956920900465765389e-01
3.882048625248182283e-01
4.335149304782306423e+00
-3.625139309565566403e+00
3.181301653812080854e+00
-2.890150050043481134e+00
-3.253699815417525620e+00
3.841803257650778125e+00
-1.037381967853492570e+00
-2.953347997820264612e-03
3.620399977363907951e+00
-3.515389962040791794e+00
-7.575725448756597302e+01
5.280975940204547925e+01
-4.956977668301961160e+01
9.311222413906844508e+01
9.744805383122576714e-01
-8.708021636085815942e+01
-3.023368781964684899e+02
1.656455216669486530e-01
-5.087149913709146709e+00
3.688187863910122877e-01
-1.148055303607285538e+01
-6.787995909927114724e+01
6.124920515368884111e+01
1.067806671253072892e+02
3.665123037056643795e+01
-3.940154309591357418e+01
1.065627108502707046e+02
5.551385243434279332e-02
-4.990356022741536002e+00
1.405595014081701510e+00
2.586402554860367076e+01
-6.504784408050633715e+01
8.193357602906097270e+01
3.903971395723318527e-01
4.446002620720276077e+00
2.101823233561690074e+01
1.277438588875742198e+02
-7.589834863629425776e-02
1.736997209499633765e+00
5.639143891786361884e+00
2.121952047859880679e+02
-3.841800369950512106e+01
7.369163533976897895e+01
-5.416170105953104894e+02
2.318344949472627192e+01
3.289269928785242314e+02
1.321486948573974132e+03
7.473918889761489714e-02
-3.234385542876742736e+00
-8.653645213675575931e-01
-3.598485185351677274e+01
4.153426800872700397e+01
-4.227041307023902306e+01
4.517312605274288018e+01
-1.859745686262507434e+02
-1.290923143125361037e+02
-9.072802528359451344e+02
-6.352643824183863697e-02
1.405778455742985988e+00
4.655772792111487313e+00
1.478637403816098015e+02
-1.011704578809650990e+01
2.460873434679550797e+01
-4.102468160326104112e+02
2.325016072369866649e+01
3.656728789478246995e+02
6.451643320853359000e+02
-2.577681804870250726e-02
2.137396959187037870e-01
2.040402331381333756e+00
-1.655072949087912946e+02
8.528142781856969634e+01
-3.075080891815053974e+01
5.376508122525925728e+02
-6.861116356022075706e+02
-4.682946291799898404e+02
-7.855676794089036775e+03
