# -0.6J_-0.4g_0.83776theta_1.0472phi_10Chi_0.01delta_500N
6.271209439056492363e-02
4.707666489987517654e-05
3.569434290199550538e-06
5.331074657298677532e-07
4.102911895639636172e-07
2.878081578913212486e-07
3.553434782319215595e-07
2.412817061427609398e-07
3.339059290356666577e-07
2.090208391750650617e-07
3.204915613354183018e-07
1.870076841971962263e-07
3.103269251177703651e-07
1.721751216919901907e-07
3.016503707443946530e-07
1.622349234948524057e-07
2.936948032514980950e-07
1.556554951670309222e-07
2.861036095584112515e-07
1.514977183395661983e-07
2.787256308280679706e-07
1.492380208908964648e-07
2.715361698882530988e-07
1.486317621876503166e-07
2.646024106087990356e-07
1.495949903151557875e-07
2.580813488888033299e-07
1.521125051094961721e-07
2.522226048062366518e-07
1.561985971163597765e-07
2.473752480221258269e-07
1.619078682910914954e-07
2.439937510071592856e-07
1.693593014792499260e-07
2.426366988747230305e-07
1.787433802309680208e-07
2.439479639033739061e-07
1.903053709180353794e-07
2.486099224424642126e-07
2.043007716052002901e-07
2.572711158130646446e-07
2.209052046553060907e-07
2.704719883796299209e-07
2.400438220766118717e-07
2.886028233321598410e-07
2.610974348399425251e-07
3.119137316100334727e-07
2.824785813252206955e-07
3.405671716698246481e-07
3.012271713434919370e-07
3.747024283028172498e-07
3.131167553667998574e-07
4.144792089397666193e-07
3.140313674954066969e-07
4.600747906852324238e-07
3.025968236981576286e-07
5.116127581653769483e-07
2.818884553480124849e-07
5.689984424316786280e-07
2.577824711991059862e-07
6.316294676475470242e-07
2.354449421322146992e-07
6.979158312903671922e-07
2.174684488906281277e-07
7.644172680546940833e-07
2.042550665357074428e-07
8.241223406145701699e-07
1.950976197367770363e-07
8.632638805659868941e-07
1.889540032041761770e-07
8.588120564514885115e-07
1.848027483655441387e-07
7.897518477715994397e-07
1.817634709570205414e-07
6.690010522790002381e-07
1.791144197370338701e-07
5.416236519074810940e-07
1.762483768928413544e-07
4.376521161490212635e-07
1.726550503211704910e-07
3.602005094350301953e-07
1.679534335355113594e-07
3.025498441987051242e-07
1.619330449611735476e-07
2.582603721362284782e-07
1.545830867339425307e-07
2.230708547358842509e-07
1.460930763746320262e-07
1.943874487179604945e-07
1.368139666725446159e-07
1.706097082640562645e-07
1.271856708979097220e-07
1.506926052421676010e-07
1.176530688626212088e-07
1.339028226676497333e-07
1.085961585329687534e-07
1.196896982829152758e-07
1.002901962967355232e-07
1.076186375323439276e-07
9.289719504604486380e-08
9.733695016202683868e-08
8.648008481450696591e-08
8.855485735798586092e-08
8.102805464366020430e-08
8.103349970917116706e-08
7.648389605527580025e-08
7.457650504160031365e-08
7.276776133250499376e-08
6.902349887430201030e-08
6.979500375230791100e-08
6.424492908128100146e-08
6.748777573383639687e-08
6.013787294057461170e-08
6.578117462973913284e-08
5.662262726738890613e-08
6.462512982274494196e-08
5.363996770896725378e-08
6.398338500397352907e-08
5.114893257501910445e-08
6.383099490801140734e-08
4.912517846994966372e-08
6.415187729135160162e-08
4.755977100962932879e-08
6.493571362450570338e-08
4.645815135627830674e-08
6.617480845528249909e-08
4.583907393946773157e-08
6.786037220672164620e-08
4.573322748981979690e-08
6.997991014743517657e-08
4.618145205476467058e-08
7.251622845729385018e-08
4.723282507852408081e-08
7.544554372127037493e-08
4.894320183282579413e-08
7.873471024501561251e-08
5.137459836511473580e-08
8.233886312028307215e-08
5.459603219467620766e-08
8.619922557961732565e-08
5.868508035204559189e-08
9.024195751181920628e-08
6.372925446225128634e-08
9.437896827410566257e-08
6.982500825886779477e-08
9.851194322911469032e-08
7.707085177378323655e-08
1.025408239307656990e-07
8.554919115441750628e-08
1.063771525502085373e-07
9.528941377994587627e-08
1.099622263104132244e-07
1.062034233846477205e-07
1.132875286640701217e-07
1.179871406857894406e-07
1.164141768414574613e-07
1.299947894660323884e-07
1.194876489147474192e-07
1.411256749126238414e-07
1.227455194713378974e-07
1.498200917386226695e-07
1.265188364671092726e-07
1.543143431756894710e-07
1.312307357624459183e-07
1.532512897438618889e-07
1.373968587093747248e-07
1.464435788740256262e-07
1.456293907168193914e-07
1.351966474366333408e-07
1.566399021432757490e-07
1.217597646761078566e-07
1.712257479080422253e-07
1.083064920871894309e-07
1.902042535647512419e-07
9.625198452628806845e-08
2.142309743735884005e-07
8.618664074520924441e-08
2.434011637721880631e-07
7.814593036362033998e-08
2.765655452922739399e-07
7.190043177267400636e-08
3.105090231029378449e-07
6.714410517828262716e-08
3.396292155507820514e-07
6.358609749144579513e-08
3.571138240449563804e-07
6.098335520957842552e-08
3.578533257767964816e-07
5.914351563674833368e-08
3.413372212658444558e-07
5.791589871312814353e-08
3.119550027286183472e-07
5.718077889042618343e-08
2.763937401500267566e-07
5.684171217363207408e-08
2.405427745739318559e-07
5.682153816089041018e-08
2.080117780456505616e-07
5.705970013817696749e-08
1.802817249524026852e-07
5.750963245465162992e-08
1.574916296173052200e-07
5.813608389585753626e-08
1.391488669383554218e-07
5.891265756240480286e-08
1.245642531807285554e-07
5.981974532106452042e-08
1.130619638667193644e-07
6.084287908358073329e-08
1.040580565933360404e-07
6.197144979600070148e-08
9.707577224295011456e-08
6.319773055800702278e-08
9.173549426766763831e-08
6.451614579655829698e-08
8.773746542308054886e-08
6.592273504294634952e-08
8.484480681599212864e-08
6.741476433212890049e-08
8.286934941745294312e-08
6.899044406139635628e-08
8.166061783758741102e-08
7.064872146178335086e-08
8.109751568531914104e-08
7.238912526273711727e-08
8.108208928208058263e-08
7.421164715372363518e-08
8.153481390278291395e-08
7.611664902268481606e-08
8.239097710761848303e-08
7.810479394046716688e-08
8.359786071268121362e-08
8.017697610933567078e-08
8.511248449331841750e-08
8.233424874953545900e-08
8.689981552891596742e-08
8.457780607267869829e-08
8.893129843203955713e-08
8.690892334121597263e-08
9.118364906355132203e-08
8.932891343638922452e-08
9.363786115072303430e-08
9.183908640561332086e-08
9.627838446996445198e-08
9.444071271278941449e-08
9.909244351181978125e-08
9.713499130209755282e-08
1.020694715928204003e-07
9.992302368194116170e-08
1.052006398360147601e-07
1.028057951253515705e-07
1.084784640354803732e-07
1.057841635546153613e-07
1.118964753064625297e-07
1.088588748758552435e-07
1.154489604601219595e-07
1.120304774768061630e-07
1.191306674309097275e-07
1.152993787836801110e-07
1.229366597749874132e-07
1.186658904381863398e-07
1.268621916449623249e-07
1.221302324574696738e-07
1.309024150815036143e-07
1.256924860285739956e-07
1.350522103708121560e-07
1.293526458636403414e-07
1.393062954365577915e-07
1.331106365861662644e-07
1.436591219710009489e-07
1.369663218930239347e-07
1.481048204669759580e-07
1.409195222590777394e-07
1.526371712469813910e-07
1.449700346618207740e-07
1.572496046276419921e-07
1.491176542329898467e-07
1.619352311071563826e-07
1.533621976544917377e-07
1.666869029026081065e-07
1.577035305575091545e-07
1.714973270918385799e-07
1.621415918117896754e-07
1.763591423992176759e-07
1.666764110582910721e-07
1.812651222059292420e-07
1.713081496822641004e-07
1.862083663338300044e-07
1.760371223299611775e-07
1.911825156615839373e-07
1.808638230092517875e-07
1.961819924980835370e-07
1.857889498575180212e-07
2.012022502624219882e-07
1.908134280463198050e-07
2.062400195220157268e-07
1.959384303187897853e-07
2.112935434815753370e-07
2.011654329784739786e-07
2.163627576154283664e-07
2.064961156272255071e-07
2.214494303020867680e-07
2.119324692307464941e-07
2.265572576415188927e-07
2.174767896523991868e-07
2.316918640872682601e-07
2.231316670412889905e-07
2.368607329046963296e-07
2.288999827292120994e-07
2.420730625153476430e-07
2.347849019967695582e-07
2.473395565868069763e-07
2.407898627648878540e-07
2.526721597918181471e-07
2.469185603808484142e-07
2.580837552353171957e-07
2.531749289205361031e-07
2.635878423960036261e-07
2.595631194986648805e-07
2.691982146344068540e-07
2.660874760600295147e-07
2.749286536121139957e-07
2.727525092777364914e-07
2.807926547897475869e-07
2.795628690044726793e-07
2.868031942847664348e-07
2.865233158914373875e-07
2.929725431907694177e-07
2.936386937143828740e-07
2.993121366211541591e-07
3.009139095922597879e-07
3.058324735129877735e-07
3.083538720515376619e-07
3.125430786938365699e-07
3.159635021440221002e-07
3.194525024069725324e-07
3.237476945257200746e-07
3.265683427859690843e-07
3.317112938469326026e-07
3.338972957902519085e-07
3.398590731946140777e-07
3.414452221174227043e-07
3.481957147780398089e-07
3.492172246969518263e-07
3.567257930755147651e-07
3.572177313694662357e-07
3.654537604827034973e-07
3.654505783602290958e-07
3.743839355429652997e-07
3.739190912371509484e-07
3.835204937637050462e-07
3.826261610280581016e-07
3.928674609364872442e-07
3.915743139813490596e-07
4.024287097109016366e-07
4.007657762448717043e-07
4.122079736613429590e-07
4.102025347735854904e-07
4.222087917654873667e-07
4.198863548007701176e-07
4.324345677713119191e-07
4.298188563572098339e-07
4.428885548324179890e-07
4.400015363065646585e-07
4.535738603015104077e-07
4.504357974027889445e-07
4.644934516752277429e-07
4.611229723451315916e-07
4.756501634995914241e-07
4.720643434545918737e-07
4.870467050047697175e-07
4.832611586263859660e-07
4.986856681482509717e-07
4.947146440756841662e-07
5.105695359843835277e-07
5.064260144335630875e-07
5.227006910609941615e-07
5.183964806004608352e-07
5.350814255761228316e-07
5.306272596739421257e-07
5.477139461908067109e-07
5.431195824292948543e-07
5.606003800078953853e-07
5.558746589864429466e-07
5.737427932720627687e-07
5.688937367900507186e-07
5.871431802129818783e-07
5.821780705385853464e-07
6.008034840968161492e-07
5.957289325230171082e-07
6.147255988620439783e-07
6.095476086195330868e-07
6.289113740424758363e-07
6.236353973319880220e-07
6.433626195003364157e-07
6.379936135678029123e-07
6.580811096429647903e-07
6.526235822263992016e-07
6.730685871696024003e-07
6.675266428888752540e-07
6.883267664308313889e-07
6.827041483584028845e-07
7.038573366106380975e-07
6.981574621401145005e-07
7.196619653367953954e-07
7.138879570402472959e-07
7.357423028167156612e-07
7.298970137436654489e-07
7.520999801352735952e-07
7.461860196205980101e-07
7.687365972804352751e-07
7.627563705339094801e-07
7.856537336678442253e-07
7.796094607966091065e-07
8.028529562739185919e-07
7.967466881761556294e-07
8.203358149548261564e-07
8.141694514738617936e-07
8.381038448377094852e-07
8.318791485465587971e-07
8.561585653064217860e-07
8.498771750584866790e-07
8.745014798479141996e-07
8.681649233884110119e-07
8.931340758692255443e-07
8.867437814359235101e-07
9.120578244683254929e-07
9.056151314322135949e-07
9.312741801309882681e-07
9.247803487508881349e-07
9.507845803918060336e-07
9.442408007299311521e-07
9.705904454503267975e-07
9.639978455277073703e-07
9.906931777378423761e-07
9.840528310597801176e-07
1.011094161455089457e-06
1.004407093925858967e-06
1.031794762115807052e-06
1.025061958422831863e-06
1.052796326071105575e-06
1.046018735586243053e-06
1.074100179996829378e-06
1.067278722258499667e-06
1.095707630430556682e-06
1.088843200256498162e-06
1.117619963294735910e-06
1.110713435504708755e-06
1.139838443415245499e-06
1.132890677255876103e-06
1.162364314079012735e-06
1.155376157366808249e-06
1.185198796579669087e-06
1.178171089561694706e-06
1.208343089821688730e-06
1.201276668775332777e-06
1.231798369863648046e-06
1.224694070505679077e-06
1.255565789589016743e-06
1.248424450211152132e-06
1.279646478297401986e-06
1.272468961775608642e-06
1.304041547627522211e-06
1.296828728000154416e-06
1.328752099142743767e-06
1.321504819043790524e-06
1.353779166548209129e-06
1.346498304550757692e-06
1.379123781714906430e-06
1.371810231432776758e-06
1.404786951391648843e-06
1.397441623505902349e-06
1.430769656990344109e-06
1.423393481110219067e-06
1.457072854334790818e-06
1.449666780793917049e-06
1.483697473460750265e-06
1.476262475003705230e-06
1.510644418438063595e-06
1.503181491819601944e-06
1.537914567152784767e-06
1.530424734684069667e-06
1.565508771237826558e-06
1.557993082168167221e-06
1.593427855838023901e-06
1.585887387792992264e-06
1.621672619570047204e-06
1.614108479790340907e-06
1.650243834372777582e-06
1.642657160980963455e-06
1.679142245453592685e-06
1.671534208563167012e-06
1.708368571163235155e-06
1.700740374034902841e-06
1.737923503001469962e-06
1.730276383027997153e-06
1.767807705532454584e-06
1.760142935248130774e-06
1.798021816385308431e-06
1.790340704369749035e-06
1.828566446211016230e-06
1.820870337948204763e-06
1.859442178695586890e-06
1.851732457434918058e-06
1.890649570580840754e-06
1.882927658055780681e-06
1.922189151669666921e-06
1.914456508847200068e-06
1.954061424876060230e-06
1.946319552606438840e-06
1.986266866272151922e-06
1.978517305945115315e-06
2.018805925115140839e-06
2.011050259255718597e-06
2.051679023977252420e-06
2.043918876755751065e-06
2.084886558752185465e-06
2.077123596554883265e-06
2.118428898824472143e-06
2.110664830662202814e-06
2.152306387085729161e-06
2.144542965060494954e-06
2.186519340101984893e-06
2.178758359817984415e-06
2.221068048196362072e-06
2.213311349104822055e-06
2.255952775591555511e-06
2.248202241340287762e-06
2.291173760526685804e-06
2.283431319268370769e-06
2.326731215412000575e-06
2.318998840052391715e-06
2.362625326973143249e-06
2.354905035437408076e-06
2.398856256383051750e-06
2.391150111823620162e-06
2.435424139469815730e-06
2.427734250431193139e-06
2.472329086813412387e-06
2.464657607454067625e-06
2.509571183997584843e-06
2.501920314165842619e-06
2.547150491720522246e-06
2.539522477108128524e-06
2.585067046029240137e-06
2.577464178233705457e-06
2.623320858483755343e-06
2.615745475094581926e-06
2.661911916349529740e-06
2.654366400989901182e-06
2.700840182821686236e-06
2.693326965154881238e-06
2.740105597188410733e-06
2.732627152954559251e-06
2.779708075073092596e-06
2.772266926086337011e-06
2.819647508657439484e-06
2.812246222721145752e-06
2.859923766847802429e-06
2.852564957741053300e-06
2.900536695531824280e-06
2.893223022953598553e-06
2.941486117813496855e-06
2.934220287266101126e-06
2.982771834204934277e-06
2.975556596938962317e-06
3.024393622872660937e-06
3.017231775753193826e-06
3.066351239867163347e-06
3.059245625259241302e-06
3.108644419384463660e-06
3.101597924997622878e-06
3.151272873968237823e-06
3.144288432709751859e-06
3.194236294761085358e-06
3.187316884579352121e-06
3.237534351747158142e-06
3.230682995449587387e-06
3.281166694011022986e-06
3.274386459096317440e-06
3.325132949963928286e-06
3.318426948399812458e-06
3.369432727620185780e-06
3.362804115613462356e-06
3.414065614786887728e-06
3.407517592639998887e-06
3.459031179394725361e-06
3.452566991191366338e-06
3.504328969694947764e-06
3.497951903117903518e-06
3.549958514524818612e-06
3.543671900584622329e-06
3.595919323585754260e-06
3.589726536365946852e-06
3.642210887658563712e-06
3.636115344064825949e-06
3.688832678882592136e-06
3.682837838359859785e-06
3.735784151004973441e-06
3.729893515274837146e-06
3.783064739666962564e-06
3.777281852415914830e-06
3.830673862617231072e-06
3.825002309217786170e-06
3.878610919964249521e-06
3.873054327166477810e-06
3.926875294493436500e-06
3.921437330160068842e-06
3.975466351872529387e-06
3.970150724597624193e-06
4.024383440929254462e-06
4.019193899783456760e-06
4.073625893899342380e-06
4.068566228055616386e-06
4.123193026684784292e-06
4.118267065137072256e-06
4.173084139127963883e-06
4.168295750297443677e-06
4.223298515216568205e-06
4.218651606703793690e-06
4.273835423434806490e-06
4.269333941570772434e-06
4.324694116884287690e-06
4.320342046459111561e-06
4.375873833675124383e-06
4.371675197553572164e-06
4.427373797068928876e-06
4.423332655847592882e-06
4.479193215783783182e-06
4.475313667429099140e-06
4.531331284271630453e-06
4.527617463737792797e-06
4.583787182906048632e-06
4.580243261785726305e-06
4.636560078245659063e-06
4.633190264408843537e-06
4.689649123342896259e-06
4.686457660510733848e-06
4.743053457881715979e-06
4.740044625327589067e-06
4.796772208518293055e-06
4.793950320642486732e-06
4.850804489096942793e-06
4.848173895028208185e-06
4.905149400841343745e-06
4.902714484104503648e-06
4.959806032671834558e-06
4.957571210776080535e-06
5.014773461439879469e-06
5.012743185434050750e-06
5.070050752058519000e-06
5.068229506222410645e-06
5.125636957857485139e-06
5.124029259272362521e-06
5.181531120792010200e-06
5.180141518932240025e-06
5.237732271613084687e-06
5.236565347981904893e-06
5.294239430173624127e-06
5.293299797878284019e-06
5.351051605622085555e-06
5.350343908949952400e-06
5.408167796621217159e-06
5.407696710687353731e-06
5.465586991575047867e-06
5.465357221891427581e-06
5.523308168888852766e-06
5.523324450959774394e-06
5.581330297131992650e-06
5.581597396051673598e-06
5.639652335312475509e-06
5.640175045350844240e-06
5.698273233041817096e-06
5.699056377253423615e-06
5.757191930807150260e-06
5.758240360560034534e-06
5.816407360077062562e-06
5.817725954753626525e-06
5.875918443683860547e-06
5.877512110145821106e-06
5.935724095878897937e-06
5.937597768142014464e-06
5.995823222599278357e-06
5.997981861376408055e-06
6.056214721684962581e-06
6.058663313983267520e-06
6.116897483031737599e-06
6.119641041731201975e-06
6.177870388861021182e-06
6.180913952308641209e-06
6.239132313840171044e-06
6.242480945413482275e-06
6.300682125358447338e-06
6.304340913087932615e-06
6.362518683627937473e-06
6.366492739725067797e-06
6.424640841961656512e-06
6.428935302456551525e-06
6.487047446911832930e-06
6.491667471187728216e-06
6.549737338474284951e-06
6.554688108858120355e-06
6.612709350257362970e-06
6.617996071595670662e-06
6.675962309690252738e-06
6.681590208959243383e-06
6.739495038186535730e-06
6.745469364028868027e-06
6.803306351288631985e-06
6.809632373648619294e-06
6.867395058916764257e-06
6.874078068512568040e-06
6.931759965474926925e-06
6.938805273504873484e-06
6.996399870079593357e-06
7.003812807696356954e-06
7.061313566664047497e-06
7.069099484573367652e-06
7.126499844186388904e-06
7.134664112271479040e-06
7.191957486793718225e-06
7.200505493611976484e-06
7.257685273995774718e-06
7.266622426401548516e-06
7.323681980711307916e-06
7.333013703438148308e-06
7.389946377667993219e-06
7.399678112818730053e-06
7.456477231254450163e-06
7.466614437988274391e-06
7.523273303934310234e-06
7.533821457930769768e-06
7.590333354245447765e-06
7.601297947343537753e-06
7.657656136995689441e-06
7.669042676691816682e-06
7.725240403399151023e-06
7.737054412489498875e-06
7.793084901266826545e-06
7.805331917314611005e-06
7.861188375079562738e-06
7.873873950089499895e-06
7.929549566131380392e-06
7.942679266022355906e-06
7.998167212750638053e-06
8.011746616954350749e-06
8.067040050362910659e-06
8.081074751334470449e-06
8.136166811588330572e-06
8.150662414452488366e-06
8.205546226535272533e-06
8.220508348524678153e-06
8.275177022712580720e-06
8.290611292814829353e-06
8.345057925354383861e-06
8.360969983797282608e-06
8.415187657420764391e-06
8.431583155235459776e-06
8.485564939733442963e-06
8.502449538312159622e-06
8.556188491165939042e-06
8.573567861801361512e-06
8.627057028741450640e-06
8.644936852123399440e-06
8.698169267664509637e-06
8.716555233500651774e-06
8.769523921542623192e-06
8.788421727995539146e-06
8.841119702492810165e-06
8.860535055739340244e-06
8.912955321200307271e-06
8.932893934977848580e-06
8.985029487002345726e-06
9.005497082161688222e-06
9.057340908148757869e-06
9.078343212069789182e-06
9.129888291734704114e-06
9.151431037913696127e-06
9.202670343899807008e-06
9.224759271462065288e-06
9.275685769925349954e-06
9.298326623101118893e-06
9.348933274311104795e-06
9.372131801952823202e-06
9.422411560886647189e-06
9.446173515982754770e-06
9.496119332939365309e-06
9.520450472063866774e-06
9.570055293258959570e-06
9.594961376080823149e-06
9.644218144250958592e-06
9.669704933039640227e-06
9.718606588067922912e-06
9.744679847133252165e-06
9.793219326645020365e-06
9.819884821815770326e-06
9.868055061837711296e-06
9.895318559978976146e-06
9.943112495490344667e-06
9.970979763866296469e-06
1.001839032950487785e-05
1.004686713534817226e-05
1.009388726597315097e-05
1.012297937582757039e-05
1.016960200722173902e-05
1.019931518642967328e-05
1.024553325592203901e-05
1.027587326808926220e-05
1.032167971515546782e-05
1.035265232153409848e-05
1.039804008849980530e-05
1.042965104741316430e-05
1.047461308010268968e-05
1.050686814642349065e-05
1.055139739479421364e-05
1.058430231920677014e-05
1.062839173808651600e-05
1.066195226666668947e-05
1.070559481634816557e-05
1.073981668985158484e-05
1.078300533682497093e-05
1.081789429003201662e-05
1.086062200769142763e-05
1.089618376888124837e-05
1.093844353816693105e-05
1.097468382841838719e-05
1.101646863857127740e-05
1.105339317115613509e-05
1.109469602039647856e-05
1.113231050010916443e-05
1.117312439635612716e-05
1.121143451885871776e-05
1.125175248050215331e-05
1.129076393163578811e-05
1.133057898822419099e-05
1.137029744339789579e-05
1.140960263640286901e-05
1.145003375977207797e-05
1.148882214334873826e-05
1.152997158727789213e-05
1.156823622900482435e-05
1.161010963321408305e-05
1.164784361492096592e-05
1.169044660591236406e-05
1.172764302434119118e-05
1.177098121451152179e-05
1.180763318230739643e-05
1.185171216932958894e-05
1.188781281557063798e-05
1.193263818158398286e-05
1.196818065286807128e-05
1.201375796371627662e-05
1.204873542481864560e-05
1.209507022934637966e-05
1.212947586401662491e-05
1.217657369321649801e-05
1.221040070517585964e-05
1.225826707133941425e-05
1.229150868506866814e-05
1.234014908109334332e-05
1.237279854262697415e-05
1.242221844113124069e-05
1.245426901897448555e-05
1.250447387150148762e-05
1.253591885756649883e-05
1.258691409371858963e-05
1.261774680418630773e-05
1.266953783071349630e-05
1.269975160691394595e-05
1.275234380696364794e-05
1.278193201635955327e-05
1.283533074846868440e-05
1.286428678555322225e-05
1.291849738283349831e-05
1.294681467007275455e-05
1.300184243930153872e-05
1.302951442813814405e-05
1.308536464872293562e-05
1.311238482053613841e-05
1.316906274373359141e-05
1.319542461075142752e-05
1.325293545862836321e-05
1.327863256502122462e-05
1.333698152951894297e-05
1.336200745240462474e-05
1.342119969433727442e-05
1.344554804472336323e-05
1.350558869284209218e-05
1.352925311677486487e-05
1.359014726663930304e-05
1.361312144620594444e-05
1.367487415929208163e-05
1.369715181366769355e-05
1.375976811628880681e-05
1.378134300289398357e-05
1.384482788512655035e-05
1.386569380061342680e-05
1.393005221529785980e-05
1.395020299672718724e-05
1.401543985833311524e-05
1.403486938428262439e-05
1.410098956778760016e-05
1.411969175953490126e-05
1.418670009943367122e-05
1.420466892204217912e-05
1.427257021113437244e-05
1.428979967462649294e-05
1.435859866287808736e-05
1.437508282350673732e-05
1.444478421691503327e-05
1.446051717823047187e-05
1.453112563771017637e-05
1.454610155187220144e-05
1.461762169200459763e-05
1.463183476092562164e-05
1.470427114877776082e-05
1.471771562543998953e-05
1.479107277942671082e-05
1.480374296909024262e-05
1.487802535764882563e-05
1.488991561906096896e-05
1.496512765950724964e-05
1.497623240635361243e-05
1.505237846349214265e-05
1.506269216557292384e-05
1.513977655058564211e-05
1.514929373509348426e-05
1.522732070419400233e-05
1.523603595713896867e-05
1.531500971027233526e-05
1.532291767774080393e-05
1.540284235726835566e-05
1.540993774681567575e-05
1.549081743619676419e-05
1.549709501823756877e-05
1.557893374071964092e-05
1.558438834982511534e-05
1.566719006709813911e-05
1.567181660349243342e-05
1.575558521425288880e-05
1.575937864512092643e-05
1.584411798377150828e-05
1.584707334476109059e-05
1.593278717998309558e-05
1.593489957662858129e-05
1.602159161000687526e-05
1.602285621909791790e-05
1.611053008366325996e-05
1.611094215479214734e-05
1.619960141370244084e-05
1.619915627069198593e-05
1.628880441563879946e-05
1.628749745799080737e-05
1.637813790788251634e-05
1.637596461234102431e-05
1.646760071172654699e-05
1.646455663380519418e-05
1.655719165150418021e-05
1.655327242685907194e-05
1.664690955448796674e-05
1.664211090055670353e-05
1.673675325095241319e-05
1.673107096848110151e-05
1.682672157424354388e-05
1.682015154878713196e-05
1.691681336072898677e-05
1.690935156431066998e-05
1.700702745000743802e-05
1.699866994253733060e-05
1.709736268477026692e-05
1.708810561571829205e-05
1.718781791092830656e-05
1.717765752085131549e-05
1.727839197757698660e-05
1.726732459973693033e-05
1.736908373718342249e-05
1.735710579914949092e-05
1.745989204539806922e-05
1.744700007060250770e-05
1.755081576131963938e-05
1.753700637068743331e-05
1.764185374738823126e-05
1.762712366099266590e-05
1.773300486950215508e-05
1.771735090813344600e-05
1.782426799698559326e-05
1.780768708373749764e-05
1.791564200273260276e-05
1.789813116465661038e-05
1.800712576313403989e-05
1.798868213291531589e-05
1.809871815821730042e-05
1.807933897573730183e-05
1.819041807163121187e-05
1.817010068564072002e-05
1.828222439069761106e-05
1.826096626036983084e-05
1.837413600652422650e-05
1.835193470318485795e-05
1.846615181390731704e-05
