# -0.15J_-0.85g_0.31416theta_0.0phi_10Chi_0.01delta_500N
-5.773653878948775686e-01
7.874591411139613140e-01
1.670549159892626978e-01
6.280954314955223411e-03
4.515196906462923959e-02
1.530299985006029241e-02
-2.854492232695798187e-02
-8.253437517593002065e-03
-1.750730569383660701e-02
-1.839796804509958965e-03
8.093991107454568956e-01
-1.682884134721226665e+00
-8.596035897544541948e-02
1.818894482778280919e+00
1.367678805873728010e+01
1.027643985653653225e+01
-2.181885823738037899e+01
1.255644240514290688e+00
-1.507180980155618677e+01
-1.229613923794881769e+00
9.772147054883212336e-02
-6.485701832837555969e-01
4.710140341930912355e-01
2.053552608977623706e+01
8.106294612315700476e+00
1.504958903181390362e+01
5.994135392255618200e+00
-1.217197926520235107e+01
1.025005986590513274e+01
7.702308019383820037e-01
-1.044275971366326675e-02
-1.036464630575432189e+01
1.885057595994431168e+01
1.217823238840883960e+03
2.270150935202097742e+02
7.684230520457922466e+02
1.878628500986830204e+03
2.381327763504677932e+02
1.194501463057115416e+03
-1.548632507948435705e+04
-4.641150963491756654e-02
-1.562605637084195997e+01
3.085382413599287332e+00
9.817448619428273560e+01
8.243667955717850191e+02
5.757938487994629213e+02
-1.437226268465207113e+03
1.387755052934783180e+03
-8.991623504477398683e+02
-6.390242519175384587e+03
-1.604331100190854384e-02
-1.512858832547176569e+01
1.142625152478947825e+01
7.358846878783351713e+02
5.873826929485929895e+02
1.046829953066867120e+03
5.577519705038238271e+02
6.463101910899029008e+02
2.938241212092832484e+02
-8.981181300302250747e+03
2.622734477016854665e-03
2.995874213376311879e+00
1.559160307955649394e+01
1.121890004569504754e+03
-1.545408472676622296e+03
-1.082656567621375103e+02
6.759334579537634454e+03
-6.593889527750706293e+03
3.080677936420593142e+03
4.676244095709428075e+04
-3.068793997495822962e-02
-1.880209184500367314e+01
-1.017684277256174497e+01
-2.415491730684750564e+03
3.127470014622166445e+02
-1.303902259582414672e+03
-9.914227414265207699e+03
-4.013054194581398860e+03
-4.959893916166728559e+03
1.028888035998711712e+05
-1.843133872923816488e-02
-1.139890132252221377e+01
-1.506904800804159983e+01
-1.444247240824699929e+03
9.017023054258469301e+02
-3.139270169275257558e+02
-6.175546583059838667e+03
9.325172107477740155e+02
-5.038359075461059547e+03
2.133901446504696651e+04
2.964324355142618390e-03
1.643839841386276701e+00
2.271310325349378711e+00
-6.150351605556456889e+03
1.463534647902238612e+04
4.879185460240018983e+03
-9.173293490925333754e+04
1.981889538112025912e+04
-4.535187065847968188e+04
1.032256163097800920e+06
-5.773649991174097940e-01
-5.384034737594579623e-01
5.984324406530401319e-01
-4.224323344318653417e-02
-1.713652934947447817e-02
1.530358187309050107e-02
2.142096455718977069e-02
-2.059423942895946547e-02
-1.750730998806670699e-02
-1.637890314452797270e-03
-3.200702863630988104e-01
-5.303641122103222028e-01
1.683853304021354011e-02
-8.594899429196413365e+00
1.452309018833133969e+01
7.894585143839086605e+00
1.621767192698693627e+00
1.952872790249633539e+01
1.641272160895371712e+01
1.273320660220632172e+00
-7.498212194562340338e-01
-7.513697770749351301e-01
1.623535439319269802e+00
1.968920878602785152e+01
-2.307514155004508627e+00
-1.642478373721808893e+01
-1.227856983191370865e+01
1.126918215981886817e+01
7.927558421890442020e+00
8.751197781348991622e-01
4.541493524501379747e-02
1.119127419927756550e+00
2.225622447865490372e+01
1.063635547829290999e+03
-1.871736694797898508e+02
-8.829318755210119889e+02
9.953674939163518047e+02
9.286476838446761803e+02
1.811627489601245315e+02
-1.833250714913328557e+04
1.416209308149029254e-02
-1.222040101289231195e+01
-8.398396430379776234e+00
-3.160558765928161051e+02
9.785743398306087784e+02
3.774987513835838513e+02
-7.475606474540728641e+02
2.271468234761126951e+03
1.483842888124806450e+03
-3.046191591120263638e+03
-1.604418215138651155e-02
-2.330287034412254155e+00
-1.881505154534395885e+01
-8.766961634368102523e+02
3.434328293930801692e+02
1.046817296286759756e+03
-8.402429934239170279e+02
1.567146561861503358e+02
2.936123969187654552e+02
9.362365844056354035e+03
-2.788721129360463916e-02
2.327439112305419044e+01
-7.093583258106159306e+00
4.270003179251317533e+02
-2.820078970236274017e+03
-1.077369095576128075e+03
6.136058596914898772e+03
-1.023441647021976132e+04
-5.834240749984182912e+03
3.758603029371847515e+04
1.307212627849296642e-02
3.884362163302280457e+00
1.010189674932821191e+01
-1.140004219241736791e+03
-3.833030558785380322e+02
7.448938924853488288e+02
-6.262289060724907358e+03
-4.639160098096281217e+03
-1.738618642739914435e+02
9.238821998715348309e+04
-1.843136055078415173e-02
1.874963640095577233e+01
-2.337210670140577484e+00
-5.914519343562616172e+01
-1.702012754745057009e+03
-3.136983634361039321e+02
2.268369203368627041e+03
-5.809591021802979412e+03
-5.038985329936161179e+03
2.795427113155151164e+04
-2.479669791889842646e-03
2.415313309243029227e+00
-1.430222627141805314e-01
-1.075713536053797725e+04
8.866215234354682252e+03
6.653877459354303028e+03
-8.880995282190827129e+04
-9.494885006141874328e+03
2.088280229391120156e+04
1.397569901403112104e+06
-5.773653260048176028e-01
-2.490560648300784163e-01
-7.654870291000910321e-01
3.596226456894929119e-02
-2.801545165285407313e-02
1.530282195962672127e-02
7.123547833432980654e-03
2.884824402845916416e-02
-1.750729289211505266e-02
3.465083431887431512e-03
-4.893290926931154750e-01
-1.017598323015809658e+00
-1.032673345106575047e+00
-2.655078812870020233e+00
2.311856818254478085e+01
-1.817127584538160079e+01
5.726547265402368581e+00
-9.909134832287909589e+00
-1.340906132964015507e+00
-7.200316900258446617e-02
6.520993168701602061e-01
2.981426669434306675e-01
1.136299694026743135e+00
1.109374311094352272e+01
3.632315286811221622e+00
1.375100226482777410e+00
1.715794741878564622e+01
1.537360982918140451e+01
-1.817762241187763550e+01
2.975668928743210540e+00
-3.497214661451293616e-02
-1.673368602740143318e+00
1.060814581709439608e+01
7.820121577987140427e+02
1.534440933323249965e+02
1.145201294224645636e+02
2.034284788008000532e+03
1.348728411762446058e+03
-1.375697976593198291e+03
-1.386047454093373926e+04
3.224943451138236744e-02
-2.386847749423301579e+01
-5.605885713580868845e+00
2.460991476763996388e+01
1.260187396719961271e+03
-9.533608635601596006e+02
-3.274599155857027881e+02
1.231603790079543842e+03
-5.847142218947719812e+02
-2.204077344514032120e+03
-1.604315037454007511e-02
1.745928879309312620e+01
7.388813091674023781e+00
1.408567390532030288e+02
-9.309479581769792276e+02
1.046829307672656341e+03
2.829734293637354767e+02
-8.034291551312346655e+02
2.935609185021731946e+02
-4.266164426162329164e+02
2.526540468262642586e-02
-6.511837969194283815e+00
-1.331315952874387243e+01
-3.294816700422340432e+02
-1.581048540582299211e+03
1.186109740061601542e+03
3.292397398772077850e+03
-7.872418186586845877e+03
2.753059211182900071e+03
5.052789732600851130e+04
1.761547233905318838e-02
1.010334812965774631e+01
-1.968437640515575637e+01
-2.380668481091813646e+03
-1.139766169920758557e+03
5.588519842760528036e+02
-8.628927052291237487e+03
-7.485627624073492370e+03
5.134281487391634982e+03
8.888332084098471387e+04
-1.843133296466862095e-02
-7.350710272901851638e+00
1.740627597380417413e+01
1.503273595284342264e+03
8.003306263513769636e+02
-3.141764595321995444e+02
3.906094134120746730e+03
4.876856740225536669e+03
-5.037440612514238637e+03
-4.848506264626983466e+04
-4.948022899047598358e-04
-5.714607716172713514e-02
4.029332033997207740e-01
-1.355424414227481066e+04
1.584581660407497293e+04
-1.165297401960965544e+04
-1.165280199877286941e+05
2.465544336282318454e+03
2.485709336206196531e+04
1.207010569082305767e+06
