# -0.65J_-0.35g_0.89012theta_0.0phi_10Chi_0.01delta_500N
-5.882162410162431465e-01
3.855860299667047686e-01
6.442738554976314980e-01
3.134507354990629380e-01
-3.143491720784052229e-02
-3.076093680928579377e-02
2.371287219098755783e-01
-4.576761631210069653e-02
1.826940805027617298e-01
1.615432097693767777e-01
7.118102294909397498e-01
-1.002944693523265096e+00
-9.980044569752319905e-01
8.051421973293669820e-01
-6.592563575718832225e-02
-9.157131727987444236e-01
1.885308650296111832e+00
4.224759856629086707e-01
1.447765120939690453e+00
1.395858913247587596e+00
2.543728391966312841e-01
3.760695145948397267e-01
-5.003736520231533147e-01
1.103017154777351072e+00
-2.271086642007258849e+00
1.697047733487303312e+00
-6.201591571316392715e-01
1.136874948342617264e+00
1.003355741532208967e+00
-5.974325590668863040e-01
2.269027678685250904e-01
-6.173217882151278424e-01
5.772748900710872322e-01
-6.146555569546420905e+00
6.493837787014464347e+00
-1.672280569574205344e+00
-4.580974973052323485e+00
-1.474281027127267718e+00
-8.438555731632197521e+00
-4.937612032535096951e+00
2.309826701351702094e-01
2.461804784576941962e+00
-5.114733548223200366e-01
-4.915520652276082814e+00
-7.443714243239079487e+00
1.090044859250679110e+01
-2.334561728966950866e+01
-4.234090039359983848e+00
-7.835742631557915061e+00
3.760000648425613434e+01
7.006218764500241059e-02
1.922965000795031854e+00
-4.146026288381381986e-01
6.021025579103227443e-01
-8.661999856259695818e+00
1.159840567136409462e+01
-5.310655519795542290e+00
1.862460740939396509e+00
1.574139119090325778e+00
1.165602307208871657e+01
-2.121196812783972263e-01
-2.342712726536607670e-01
-1.955479452263900741e+00
2.285406682996060113e+01
-1.722116266646436245e+01
3.918087013521757811e+00
3.115010335761201432e+01
1.858338663194396645e+01
2.578658245999086773e+01
8.639230812950204452e+00
6.448533248866980538e-02
9.478529495474741218e-01
6.994982631770194081e-02
-2.913599321040701184e+00
1.441523739129391357e+00
1.641168093498656777e+00
-1.684037041841330762e+01
-6.756066998973722093e-01
-1.136915514836022290e+01
1.648713506989033206e+01
-1.552639873584352181e-01
-4.997844186039258618e-01
-1.413428487404551293e+00
1.506847325544657679e+01
-1.329351968934837203e+01
2.297646593281807537e+00
2.784831381716132270e+01
5.328582031777474803e+00
3.219302656613381686e+01
-9.515477820477084014e-01
2.126175652187090315e-01
6.060337403509817866e-01
1.426468450311729086e+00
2.618530540198324275e+01
2.136610442123772380e+00
-1.087644424210712657e+01
1.103697746733158311e+02
4.199516948664578564e+01
3.178350411590774272e+01
-2.867335073252296525e+02
-5.853026448946956339e-01
-7.535109747315025253e-01
8.663827008935691409e-03
-1.876954826693754130e-01
-2.540107743956442343e-01
-2.737067165123062418e-02
-1.510442034289680435e-01
-1.871399244769288983e-01
1.920472029614098408e-01
-1.433605190525401307e-01
-5.780454665203360598e-01
-9.020918864767616396e-01
-3.143694968590386996e-01
2.370737319269194288e+00
1.855890247879919686e-01
-1.038944021493085401e+00
-8.532643662788451655e-01
9.424255569478185990e-01
-1.589890869488448821e+00
1.435318500650692719e-01
4.855317074869746619e-01
1.063365267686886995e+00
-6.049530906394264829e-01
8.320720027646508754e-01
-6.529894156615044798e-01
-1.661521384941957002e+00
-1.135656916181808640e+00
-1.650203121518762028e+00
8.304264176050456525e-01
-8.342233177345610429e-01
8.524714622617322879e-02
-5.924490257178502972e-01
2.469804309733786951e+00
-7.663835895112666385e+00
5.585997028296337596e+00
1.026157794520756461e+01
5.994781960173053648e+00
1.595493067644642338e+01
-2.606085245932202810e+00
-7.644120861527271771e+00
-3.126383619239410661e-01
5.409068023233014610e-01
-4.774974404794425364e-01
-5.512449245644481799e+00
-5.496402287396443320e+00
-3.759120522917992702e+00
-4.930034435521360336e+00
-1.439830801225820700e+01
1.142545668026278882e+01
1.246440366672777600e+01
7.363032530493346384e-02
-6.270195742806284889e-01
1.934065243598712236e+00
-7.846369635727616476e+00
3.757291720722311545e+00
1.202905682039009960e+01
4.350487253764863560e+00
3.638623497070657020e+00
1.451527993618245915e+00
-8.744466934899066679e-01
1.616466458322095845e-01
-1.344082795133023422e+00
3.147509200049886657e-01
1.547737736580009660e+01
6.699788374537392954e+00
-1.194651457401884720e+00
6.936572067219253235e+00
3.021802676257863851e+01
-2.375797326462791403e+01
-9.752263032168007939e+00
1.591143529946300039e-01
-1.303009596584906005e+00
-1.054270603073002688e+00
2.092932497354334842e+01
8.100447171849319616e+00
-4.886809295485456950e+00
-4.612577720211954002e+00
2.097494195857960975e+01
-1.630187817233327863e+01
-1.925803186060333294e+00
-1.640196045864535102e-01
1.508418330376592342e+00
2.837225300930659166e-01
-1.934357168244230607e+01
-6.395817779839481965e+00
2.744545812031956800e+00
-8.912965600704767510e+00
-2.658260324014676002e+01
3.319981971118480146e+01
1.561623153441790102e+01
-1.153301258331535933e-01
6.505051166099431459e-01
2.992571732946212593e-01
1.203794135815817334e+01
-1.143499818802236279e+00
-8.649442969325784603e+00
2.835846098012238414e+01
2.893423077706148305e+01
-2.809073726706661134e+01
-7.949818098448345438e+01
-5.811634753057445257e-01
3.671594203463222073e-01
-6.588810042023904856e-01
-1.301630316462852599e-01
2.893915392331400938e-01
-2.769306447389509318e-02
-8.073553688983099719e-02
2.352388674559734716e-01
1.896325154090817144e-01
2.181533859813408402e-02
-1.352417313154150036e-01
-3.463044782671008126e-01
-7.555874475528653322e-01
1.385569456024550838e+00
1.402116058037585100e+00
1.950159611965218920e+00
9.104091316037776771e-02
-1.667864466999966711e+00
1.043942242608805054e-01
3.243326484671943399e-01
-7.449169872471016474e-01
6.357453859549859754e-01
-1.166456772833919020e+00
-4.092250522183661365e-01
-1.688466456397636151e+00
-8.913620044686532129e-02
1.470322736942954789e+00
-7.186047020909207550e-01
-1.812430883492228251e+00
7.451734496449242962e-02
-3.163660932405295001e-01
1.033701874915153418e+00
1.514776599534315871e+00
-6.396166662982864182e+00
4.747078904749115758e+00
-8.580422349336874532e+00
-1.434072385596609145e+01
1.642520027841172237e+01
1.099506496813259382e+01
5.178557554377754890e+00
8.269093497492326084e-02
1.490502118642206275e+00
1.158928058513345016e+00
-6.610987392695194309e+00
-6.826735491340572004e+00
-6.920422382138970541e+00
-5.376286375005446594e+00
5.883633623847520866e+00
-3.475229763411501249e+00
2.084012321292447467e+01
7.183726006792315322e-02
-1.328804392904594511e+00
-1.512511919817124628e+00
7.290861668425272057e+00
4.677168124817307593e+00
1.184807239280831759e+01
1.380295890901229949e+00
-5.540621390486617059e+00
1.465165854107913113e+00
-6.933222735304376272e+00
5.003605070070803879e-02
1.138019061157272915e+00
1.837344728320352838e-01
-1.777049587384911034e+00
-1.077200205741072914e+01
-3.698107449380232392e+00
7.110957559657557603e+00
4.582508018583717480e+00
-2.202375787086567449e+00
1.496637237058399350e+01
-2.250604084145531036e-01
-1.185875274703471760e+00
1.458644361379960452e+00
3.401053419217310303e+00
2.575403624522638069e+01
3.421895144501411412e+00
-2.842752046478595318e+01
2.090456146367940704e+01
2.847077274649127432e+01
-1.614857189410999894e+01
-1.622524993856336029e-01
-1.003195144112042136e+00
1.154512256649262714e+00
4.293518221478258567e+00
1.976223792912879418e+01
2.778939519977476014e+00
-1.615857282547343132e+01
2.086118128442469910e+01
3.303017642746348059e+01
-3.002340200252473679e+01
-6.059381040387545186e-02
-2.210226837881318351e-01
4.934934595565904636e-01
1.453124805290824817e+01
-7.449979664181686445e+00
7.899023855522949056e+00
5.575115573867022079e+01
-1.402729190663539249e+01
3.925465551762862493e+00
-1.060094796773286276e+02
