# -0.6J_-0.4g_0.10472theta_0.10472phi_10Chi_0.01delta_500N
-6.506830346825751010e-02
2.502790164977790055e-01
1.542253996198811039e-01
9.953268820010571782e-02
-7.686483513451949356e-01
1.091225641688777781e-01
1.438117164244435142e-01
-3.960381534308123341e-01
-6.581524051420355875e-03
-2.056370194089134594e-03
2.124602831714692275e-01
-1.943839076832778678e+00
-2.606335970238535804e+00
9.229359386451481129e-01
3.277051284826070443e+00
4.056446411271818347e-02
-3.082475528587944047e-01
-3.457723061755158422e+00
-7.391842006361614148e-01
-2.099113314200312885e+00
1.450256334857003560e-01
-2.724438110927730694e+00
-1.222318233624723760e+01
-9.878428911503333021e-01
-3.450672982164107783e+00
4.040132172929126853e+00
6.933872841910857510e-01
-1.231811321952691191e-01
-1.056318400801729701e-01
5.600715098793563884e-01
8.201736220033538360e-02
8.538806650092912731e-01
-1.247838988335282506e+00
-6.054756880831803301e+00
-2.799941256606753637e+00
3.475484088757855861e-01
8.009498443895569864e+00
1.899469198897661215e+01
1.889738872290326333e+00
6.631297762984837085e+00
-7.250202394889072588e-01
3.927677100507644070e+00
-3.490063586815826291e+00
-2.420914831534132894e+00
-3.182481932116091627e+01
7.649069307233438586e+00
4.234215360363019265e+00
1.741630548814756096e+01
-2.567627149590989699e+00
-1.365504178230648691e+01
-1.038081921283679487e-01
6.126781359726542198e-02
-4.037253495456317509e+00
-2.146435735128115474e-01
-7.363950805391142218e+00
5.371169822541520311e+00
-6.121683804218751579e-01
1.398128191125386888e+00
1.008527873423682664e+01
-3.832890480659000065e+00
-1.365211841844026497e-01
4.540860956414221050e-01
-7.339407050361794749e-01
-7.859024824521787522e+00
-6.262370128426487881e+00
-8.647523299457000878e-02
2.945965806167615142e+01
3.878641028258820711e+01
1.948142865313794436e+00
-3.720222063435124848e+00
-4.045998138694024138e-01
-2.956369198864892578e+00
-1.902621749252167704e-01
1.962944366149322661e+01
1.467390896661303046e+01
-9.497012634644701468e-01
-4.043114165116037384e+01
-1.450382800526929543e+02
-5.368616768568019282e+00
1.279126485660929013e+01
-2.142294756733647415e-03
-6.036747695397400859e-01
-4.455669080871597909e-02
1.781692639611691664e+00
-3.528608374661826641e+00
-1.098595841031740328e+01
-2.002178587607152505e+00
-2.097449932847739174e+00
-7.792978147655155396e+01
-4.493337872892776197e+00
-1.464802086205286690e-03
1.790707157533154570e+00
-4.769406372827291740e-01
-6.385570577460998543e+00
1.505173154753013343e+01
-5.163597790351269978e+00
-4.104014494319490503e+00
-2.134414143827469346e+01
-2.420797566012614366e-01
8.492026390548342363e+01
-2.582924281740123229e-01
6.704066726384909636e-01
-2.514142238307628396e-01
4.267681762806643242e-01
2.653090969563436374e-01
-6.149500185541711267e-02
3.841058412874214234e-01
1.740640162865478291e-02
-6.401802369830079595e-03
-8.178086529338858546e-03
6.743288845337385151e-01
-5.577588492878475357e+00
1.430046233134251166e+00
3.842346228709756950e+00
-4.841977008468414945e-01
-7.268110041859193737e-01
5.676944996723690018e+00
-1.470754729435655717e-01
-1.617591675949713981e+00
6.245826652893567976e-01
-2.437514532995168348e-01
1.266964103616245563e+00
-1.241987402270505969e+00
5.139748176230122256e-01
-9.865598850679810905e-01
-2.731553830215186274e+00
-2.779892307051410771e+00
1.127786708835105900e+00
-1.085287916096617167e+01
3.990880402008473826e+00
4.224868912641224772e-01
3.812649814509119217e+00
7.926626610389263250e-02
-2.352974018484674801e+01
3.655772496579140718e+00
-3.067819024181222876e+00
1.242357670209754161e+01
-8.870869016537994867e+00
-4.439728183518947269e+00
5.502302086738348752e-01
2.326733282111911327e-01
-4.065556001762672955e-01
-8.500156888603704886e-01
4.352384214530855999e+00
-4.625890285851436801e+00
-2.005746740397791772e+00
-1.545477526461932705e+01
6.676179655832713777e+00
-1.612405640641451399e+01
-1.369590945944418658e+00
5.632447629864006933e-02
6.706700823675865175e-01
2.242185299096951301e+00
2.823379268596095226e+00
1.924431267102334253e+00
1.716627079837458680e+01
-8.576204494600760952e+00
1.778999687485128600e+00
5.578403211420500440e+01
-7.801811814152143754e+00
-3.743817938848847393e-01
-5.628995904962360797e+00
2.573905041504370939e+00
-1.248648614114367561e+01
1.465456114917567554e+01
-8.770749278504549551e+00
8.948063572787685871e+01
-2.755446187810263936e+01
1.259435488203216880e-01
-2.320661609234688783e+00
8.849326795105472154e-03
-2.389521120880764016e-01
8.317677082261344390e-01
-8.888132780211599027e+00
6.242971460562582564e+00
-2.083359362135464465e+00
2.839103673974335962e+01
-1.560312499097368288e+01
1.020043377201871948e+01
1.281122028313706629e+01
-4.729620374127633739e-03
-1.598322459888035230e+00
-1.020484861896180462e+01
-3.328366634657193845e+00
-1.850862897065532309e+01
-6.852645075978223588e+01
-2.621877404057892491e+00
1.475114132357395569e+01
-4.520716710649257948e+02
7.471804239761846134e+01
8.227384471911734429e-03
-6.289114240357560615e-01
-3.924843689463599627e+00
-4.611050503269966683e-01
-1.425289490301207829e-01
-1.417601380114175136e+01
-4.314270822794667559e+00
-1.239102766362600505e+01
-1.025588872603086514e+02
1.401046246687570829e+02
-9.692386591272060814e-01
-2.429905461734664374e-01
5.463290825042750598e-02
-1.025044987795244028e-01
-1.434551702116104721e-02
1.243133568154411624e-02
-6.048749503312081388e-02
1.086497744538444769e-02
-3.724913435866091319e-03
-1.259892639282813795e-02
-2.431560930879242965e-01
-4.616236088613166477e-01
-6.795050157587082529e-01
2.716785469286508437e-01
2.335579659996262769e-01
-2.527845827159184822e+00
-2.552223031482006577e-01
-1.178384828317605271e+00
1.933792718693683854e+00
4.892877180619149335e+00
5.136057625253336728e-02
-6.975442919283332266e-01
-3.152479728054022878e+00
-9.701229460965379858e-02
-2.728142054767228153e+00
-1.049337846017188980e+01
-5.834403786707846873e-01
2.026863404736857499e-01
4.328145070777823733e+00
-1.847226904206942244e-01
-1.013594538843036880e-01
2.558418236871726203e-01
-1.520781045971963952e-01
-1.399696968584047241e+00
-9.527467650619250161e-01
8.568243586445423166e-02
2.116538338685233001e+00
5.404827543022224567e+00
-2.394987753805634778e+00
-1.512841234505343202e+01
-7.029349244352979531e-03
2.272768337191050925e-01
-2.716097543946790260e+00
-6.834303840762129267e-01
-8.571910949141734903e+00
-1.509985264182910214e+01
-1.063117180207717949e+00
4.923464152903001434e+00
-6.881972850300652311e+00
-3.326254252571219183e+01
-1.253938462021450019e-02
2.532670618837871590e+00
1.044429760330516821e+01
-1.752811405643808773e-01
1.507114233708188955e+01
7.985857642827001257e+01
5.136677724699499237e+00
-2.147136083562454445e+00
2.260323801323502479e+01
5.769066828033813721e+01
6.033749983092540070e-02
2.174879522770758467e-01
6.091899795822871555e-01
-1.887490434692582708e+00
7.222800074237987200e-01
5.354943954797306560e+00
6.763048156026268742e+00
9.248522281377521637e+00
-1.468597778126624842e+00
-1.861634363698111727e+01
1.178795723252849988e-02
-8.997764377157789761e-01
1.414891907917852631e-01
4.552451194169956139e+00
4.607156745766677552e+00
2.147474353964851534e+00
-8.910362775199969221e+00
-2.945182142022843408e+01
1.578938643760385219e+01
8.033447522286807896e+01
-3.735616376624477895e-03
1.910564959039144695e+00
3.873598878845519344e+00
-2.560188585031654362e+00
-8.431694454308706455e+00
-2.624673987793678265e+01
1.978027827725252319e+00
2.021057201960502070e+01
-1.009751672824829853e+02
-2.057621478359212404e+02
1.144731990616692195e-02
-4.717284676421906298e+00
2.376971994245384023e-01
1.425011200642894593e+01
3.612203420653238339e+01
5.233803790291256064e+01
-2.202436009749145640e+01
-9.835594511883965652e+01
1.862476981631612603e+02
6.613797316325168367e+02
