# -0.15J_-0.85g_0.5236theta_1.0472phi_10Chi_0.01delta_500N
1.245384160175701076e-02
2.358225890002348763e-04
3.229407957696097087e-06
9.101905781926473787e-07
2.637967611030105053e-07
2.498868685352863261e-07
1.658312288914163927e-07
1.466281621445384828e-07
1.193308167312347215e-07
9.989362740034047882e-08
9.393081823148119786e-08
7.528730238128664160e-08
7.845790147388621267e-08
6.074703511138052048e-08
6.804622431419451495e-08
5.134515491052269586e-08
6.043769596011185266e-08
4.481923899689655658e-08
5.450482788271365277e-08
4.003062580166894550e-08
4.964558916160534123e-08
3.636329802178672151e-08
4.551931541514412534e-08
3.346444757471787788e-08
4.192356697196861889e-08
3.112305830899329015e-08
3.873305434072978698e-08
2.920922717309184775e-08
3.586761290529037388e-08
2.764198207799359389e-08
3.327452201211808183e-08
2.637120752198545483e-08
3.091830226496509079e-08
2.536675201804370276e-08
2.877458313676474612e-08
2.461130473848040306e-08
2.682626783022426717e-08
2.409539301445523721e-08
2.506105382223696653e-08
2.381372303284814456e-08
2.346981273857749279e-08
2.376251357944808513e-08
2.204556505731698708e-08
2.393767482280306785e-08
2.078289134126562041e-08
2.433374036462966570e-08
1.967766262894792427e-08
2.494341875797421704e-08
1.872698583789180215e-08
2.575755620348088081e-08
1.792926100228624955e-08
2.676526179989992358e-08
1.728424056946796128e-08
2.795397389746295434e-08
1.679297551897455448e-08
2.930930422531456128e-08
1.645754368759917229e-08
3.081454599630934760e-08
1.628051941652273520e-08
3.244994505554608645e-08
1.626423873093639699e-08
3.419160834027876444e-08
1.641001595117178769e-08
3.601019439191320964e-08
1.671754071371106332e-08
3.786946018595524507e-08
1.718453147508954112e-08
3.972480072458197579e-08
1.780658788644887365e-08
4.152203200216061871e-08
1.857700715802414459e-08
4.319677301568907186e-08
1.948625006449748941e-08
4.467494283950023964e-08
2.052073026054128181e-08
4.587513155645412330e-08
2.166061450136396035e-08
4.671361725777419928e-08
2.287637482404594142e-08
4.711235167197262595e-08
2.412405653046672092e-08
4.700948785003036591e-08
2.533990746906613100e-08
4.637072971453296810e-08
2.643657329665129997e-08
4.519835825955602853e-08
2.730564967501417808e-08
4.353440949599542122e-08
2.783362203269197269e-08
4.145615152230568400e-08
2.793564579075445909e-08
3.906530092490074805e-08
2.759900629742028989e-08
3.647507119456540707e-08
2.691059952556785324e-08
3.379901853694500765e-08
2.604248843772736963e-08
3.114298951995573688e-08
2.519912780048667724e-08
2.859959957120939256e-08
2.456062723366803199e-08
2.624400812424380767e-08
2.425266872723098177e-08
2.413112211666760037e-08
2.434584857411735631e-08
2.229496102227565255e-08
2.486830809336677780e-08
2.075046849877154346e-08
2.581504534010285373e-08
1.949721125024282829e-08
2.714424322823947578e-08
1.852388567723064854e-08
2.875657646147658390e-08
1.781260317042664999e-08
3.045860341338116605e-08
1.734232044909659084e-08
3.192375420383543757e-08
1.709119363963196633e-08
3.269231734028320225e-08
1.703791267155535686e-08
3.228098562057934545e-08
1.716217224426678924e-08
3.042881650726353593e-08
1.744443273660521159e-08
2.732606615917697967e-08
1.786508951838000142e-08
2.356110940858171776e-08
1.840315823093733929e-08
1.978903980135897056e-08
1.903459447616283800e-08
1.644471752447615220e-08
1.973033606468403818e-08
1.369162228498733841e-08
2.045421019406612712e-08
1.151586856582916376e-08
2.116107602265965114e-08
9.828900737179066610e-09
2.179592661014399893e-08
8.528674246739086302e-09
2.229487609534327160e-08
7.525253011873809564e-09
2.258898733089795426e-08
6.747398741036091546e-09
2.261144211769219232e-08
6.141455802504314856e-09
2.230755773240397656e-08
5.668020360210882653e-09
2.164583369186071052e-08
5.298562320950228637e-09
2.062713989895657777e-08
5.012664407338119902e-09
1.928901635603517853e-08
4.795964541955914891e-09
1.770318338802794566e-08
4.638701222515158224e-09
1.596644730822910456e-08
4.534706616231404199e-09
1.418734985740114867e-08
4.480641260600740929e-09
1.247210709281742217e-08
4.475156870624595392e-09
1.091295031767666330e-08
4.517617861885033710e-09
9.580103823680027379e-09
4.606466105451908244e-09
8.516516634484386349e-09
4.738291182416515170e-09
7.734105463514431849e-09
4.908509094434121029e-09
7.212922198708039655e-09
5.112743437998684781e-09
6.907311227026513693e-09
5.347472346839753850e-09
6.759708469884387474e-09
5.609689199457793495e-09
6.715542500189495626e-09
5.896043141439765106e-09
6.731932849068844867e-09
6.201847592527995742e-09
6.778925810964715961e-09
6.520182479073441498e-09
6.836421384740755517e-09
6.841386413053923960e-09
6.890060181177036303e-09
7.153411025909929619e-09
6.927836503963578238e-09
7.443582430290028469e-09
6.938045021461776816e-09
7.701897652608973688e-09
6.908606481389804696e-09
7.924774382439664366e-09
6.827582892963213619e-09
8.116742729549247153e-09
6.684577507961376117e-09
8.287655125576999005e-09
6.472622113460650320e-09
8.445802661818042684e-09
6.190059150422133596e-09
8.590803486197201934e-09
5.841869721766573036e-09
8.710492488407132936e-09
5.439965470402233599e-09
8.783038120076077661e-09
5.002211381909386573e-09
8.782608341194903939e-09
4.550327558583398017e-09
8.686139365266168850e-09
4.107158980121452982e-09
8.479222148734885022e-09
3.693917043651721211e-09
8.159700584872781151e-09
3.327838318803805762e-09
7.738240204452185506e-09
3.020434128003397423e-09
7.236021452971167875e-09
2.776394860483998579e-09
6.680538673917503642e-09
2.593389067876089771e-09
6.100893625974369057e-09
2.463164318633519355e-09
5.523765069701198791e-09
2.373946354148306772e-09
4.970753397555754363e-09
2.313320766865300993e-09
4.457235752817698625e-09
2.270474343318700540e-09
3.992472772497775362e-09
2.237241053000928073e-09
3.580517160921756848e-09
2.208138749803140322e-09
3.221476243908820608e-09
2.179881012732897081e-09
2.912788822800794206e-09
2.150762202071016239e-09
2.650318058291126793e-09
2.120123055537908498e-09
2.429183457080117566e-09
2.087958639819956318e-09
2.244334761053657237e-09
2.054653803169164368e-09
2.090911266885109378e-09
2.020807418813028762e-09
1.964441257868429718e-09
1.987112557437637659e-09
1.860932392797602587e-09
1.954273495554783907e-09
1.776893272850057564e-09
1.922950024060222188e-09
1.709314878525653117e-09
1.893723364334021120e-09
1.655630945370244358e-09
1.867078832044621406e-09
1.613669078936248326e-09
1.843400737188736165e-09
1.581599599922220491e-09
1.822975524030416798e-09
1.557886036916437377e-09
1.805999902643576115e-09
1.541239332426171048e-09
1.792591590374129614e-09
1.530576757104428151e-09
1.782800982534967064e-09
1.524985784028356703e-09
1.776622430049940494e-09
1.523693007698360336e-09
1.774004189178954924e-09
1.526037746784720361e-09
1.774859167323526676e-09
1.531449957682525868e-09
1.779070385722607507e-09
1.539432077355376908e-09
1.786497068822421917e-09
1.549544414895273483e-09
1.796980761618326556e-09
1.561393753114633493e-09
1.810346124925490325e-09
1.574624931499438906e-09
1.826403168606024765e-09
1.588915340583964545e-09
1.844947126585487310e-09
1.603972228571705170e-09
1.865757420910728399e-09
1.619532512100389733e-09
1.888596381640126973e-09
1.635365533146400509e-09
1.913204266644249196e-09
1.651278156388001479e-09
1.939300372404656545e-09
1.667122257054521782e-09
1.966578038103948182e-09
1.682803641016703099e-09
1.994704877585788568e-09
1.698291203141795236e-09
2.023323997431120330e-09
1.713625197204017370e-09
2.052059235687085219e-09
1.728923050304231448e-09
2.080525772971994621e-09
1.744381457917432413e-09
2.108347640598174312e-09
1.760274142652480984e-09
2.135183083718360625e-09
1.776945659428722860e-09
2.160757413347007402e-09
1.794802715936005986e-09
2.184900800889679091e-09
1.814305210781035801e-09
2.207585686187420182e-09
1.835958882294413018e-09
2.228956000848818510e-09
1.860309189416921493e-09
2.249339212079357531e-09
1.887931070950306988e-09
2.269234730860351184e-09
1.919400909262624660e-09
2.289276566544953850e-09
1.955231040936874026e-09
2.310175370756501991e-09
1.995756991022354059e-09
2.332650435133458745e-09
2.041008753749716197e-09
2.357364201829434736e-09
2.090646612079230560e-09
2.384869322208077712e-09
2.144026800038789706e-09
2.415573819722835167e-09
2.200367159332569147e-09
2.449725307726243008e-09
2.258914468666886222e-09
2.487412571374019239e-09
2.319044153312532823e-09
2.528581741130990264e-09
2.380288524108489761e-09
2.573063676294126279e-09
2.442322388167120373e-09
2.620607806038126717e-09
2.504933152356626113e-09
2.670917894034706226e-09
2.567990491283933877e-09
2.723683496762225375e-09
2.631421273448530521e-09
2.778604383488534114e-09
2.695190686881316555e-09
2.835406366294203139e-09
2.759288732899259589e-09
2.893849409303230148e-09
2.823720834544617575e-09
2.953729925178598501e-09
2.888501461852001136e-09
3.014879350337860716e-09
2.953649794732158553e-09
3.077160614681465258e-09
3.019186948167423181e-09
3.140463739140488457e-09
3.085134146708173287e-09
3.204701376052561615e-09
3.151511582605554011e-09
3.269804433936308212e-09
3.218337751315184893e-09
3.335718158370306757e-09
3.285629123886224142e-09
3.402398972078738710e-09
3.353400015378303800e-09
3.469811640968239206e-09
3.421662579588068879e-09
3.537927173159372934e-09
3.490426868004315751e-09
3.606721131616634757e-09
3.559700925852702760e-09
3.676172526732151060e-09
3.629490914249934218e-09
3.746262741700898873e-09
3.699801251511106332e-09
3.816975142601903284e-09
3.770634771333448428e-09
3.888294600545465477e-09
3.841992786280912530e-09
3.960207196832930010e-09
3.913875330962330151e-09
4.032699995459392145e-09
3.986281257215046079e-09
4.105760909045523959e-09
4.059208366748080108e-09
4.179378340529484663e-09
4.132653525867626105e-09
4.253541400282729307e-09
4.206612768712691432e-09
4.328239523791383029e-09
4.281081387104857986e-09
4.403462408487873096e-09
4.356054010538759218e-09
4.479199955074987135e-09
4.431524675356519659e-09
4.555442177623694489e-09
4.507486887097017203e-09
4.632179154778844664e-09
4.583933672413655870e-09
4.709400956048901109e-09
4.660857627232802878e-09
4.787097626023263994e-09
4.738250959521397006e-09
4.865259159773393654e-09
4.816105528448635965e-09
4.943875479791528792e-09
4.894412874581159933e-09
5.022936427008984022e-09
4.973164251790091151e-09
5.102431756364323774e-09
5.052350636253161947e-09
5.182351133987019099e-09
5.131962768474246606e-09
5.262684137492251534e-09
5.211991172509579074e-09
5.343420257789135709e-09
5.292426173302950583e-09
5.424548904882556722e-09
5.373257912114197243e-09
5.506059408772337792e-09
5.454476364692726191e-09
5.587941027410565559e-09
5.536071353801350183e-09
5.670182950252066817e-09
5.618032197683978414e-09
5.752774304593477358e-09
5.700349186494727419e-09
5.835704160259620502e-09
5.783011396343688709e-09
5.918961535542236241e-09
5.866008164708649707e-09
6.002535402400521168e-09
5.949328734356746326e-09
6.086414691765520942e-09
6.032962262178956229e-09
6.170588297894368494e-09
6.116897827618545664e-09
6.255045084658616925e-09
6.201124442115198966e-09
6.339773888769072610e-09
6.285631055005330126e-09
6.424763532555261683e-09
6.370406561711771392e-09
6.510002806516924384e-09
6.455439811097057359e-09
6.595480495381445126e-09
6.540719610935174264e-09
6.681185374463817740e-09
6.626234733930586037e-09
6.767106215033040081e-09
6.711973918263692911e-09
6.853231786437554613e-09
6.797925914333213034e-09
6.939550861344629435e-09
6.884079433807455095e-09
7.026052218808099030e-09
6.970423151493967366e-09
7.112724648409684531e-09
7.056945765702332351e-09
7.199556952975311756e-09
7.143635972729501212e-09
7.286537952055385122e-09
7.230482472317091381e-09
7.373656488271996777e-09
7.317474345954975242e-09
7.460901426986140258e-09
7.404599577126420916e-09
7.548261662146550751e-09
7.491847281363886636e-09
7.635726117265395221e-09
7.579206228914911388e-09
7.723283751429106075e-09
7.666665217732114533e-09
7.810923560773050624e-09
7.754213079426408060e-09
7.898634580047268183e-09
7.841838685535959391e-09
7.986405888037758866e-09
7.929530947862471732e-09
8.074226609505075648e-09
8.017278823669605598e-09
8.162085920164581965e-09
8.105071323199287798e-09
8.249973046832981797e-09
8.192897508515630574e-09
8.337877271729579442e-09
8.280746500033216358e-09
8.425787936158268876e-09
8.368607481272666648e-09
8.513694442102797882e-09
8.456469699594885571e-09
8.601586254211043647e-09
8.544322475002350933e-09
8.689452905296731637e-09
8.632155193578408947e-09
8.777283999360805429e-09
8.719957323435849149e-09
8.865069208306298758e-09
8.807718410856176199e-09
8.952798678796141037e-09
8.895428082693616769e-09
9.040461446190610842e-09
8.983076053719272397e-09
9.128047812495407964e-09
9.070652124892358321e-09
9.215547767795118520e-09
9.158146191758907388e-09
9.302951386923328392e-09
9.245548243275615171e-09
9.390248832843470861e-09
9.332848365798271624e-09
9.477430358031533447e-09
9.420036746806289021e-09
9.564486309343223377e-09
9.507103675300630430e-09
9.651407127288303537e-09
9.594039545793692236e-09
9.738183349023550307e-09
9.680834861629600500e-09
9.824805613897912651e-09
9.767480236235243879e-09
9.911264660802948391e-09
9.853966393094245569e-09
9.997551338899738787e-09
9.940284173265262475e-09
1.008365659368399714e-08
1.002642453226123957e-08
1.016957148227064102e-08
1.011237854593443266e-08
1.025528717308374676e-08
1.019813740820775805e-08
1.034079494638962603e-08
1.028369243864066948e-08
1.042608619776061979e-08
1.036903507718774805e-08
1.051115243618628932e-08
1.045415654388227471e-08
1.059598529190966043e-08
1.053904923253679047e-08
1.068057651168182725e-08
1.062370461524950457e-08
1.076491796548784550e-08
1.070811464167852828e-08
1.084900164400781408e-08
1.079227138602977520e-08
1.093281966449044470e-08
1.087616711508800391e-08
1.101636426857850665e-08
1.095979412627180955e-08
1.109962782594170479e-08
1.104314491875814173e-08
1.118260268892221594e-08
1.112621212251373169e-08
1.126528177033001325e-08
1.120898848825020475e-08
1.134765769060887972e-08
1.129146691302531856e-08
1.142972334049594368e-08
1.137364077757221145e-08
1.151147174346817356e-08
1.145550255910413964e-08
1.159289605935234796e-08
1.153704591471603353e-08
1.167398958181737652e-08
1.161826429450340973e-08
1.175474574116062644e-08
1.169915128843337103e-08
1.183515810496285756e-08
1.177970062696372797e-08
1.191522037786784826e-08
1.185990618143633977e-08
1.199492640438952879e-08
1.193976196332408544e-08
1.207427016605039957e-08
1.201926212507816978e-08
1.215324578543808946e-08
1.209840096058487589e-08
1.223184752471591117e-08
1.217717290395962688e-08
1.231006978669969656e-08
1.225557253025780531e-08
1.238790711435077629e-08
1.233359455479693329e-08
1.246535419235044201e-08
1.241123383383871429e-08
1.254240584610086605e-08
1.248848536326997955e-08
1.261905704285612531e-08
1.256534427782079722e-08
1.269530289124301717e-08
1.264180585311197436e-08
1.277113864062002103e-08
1.271786550191897657e-08
1.284655968345246138e-08
1.279351877697495525e-08
1.292156155042426411e-08
1.286876136686506141e-08
1.299613991588070901e-08
1.294358909806004773e-08
1.307029059270543884e-08
1.301799793295226055e-08
1.314400953616821237e-08
1.309198397016988740e-08
1.321729284021108346e-08
1.316554344246134336e-08
1.329013673893318199e-08
1.323867271618390468e-08
1.336253761064734323e-08
1.331136825941028125e-08
1.343449196282949044e-08
1.338362676329827027e-08
1.350599644302205159e-08
1.345544496776987353e-08
1.357704783747233236e-08
1.352681976185467996e-08
1.364764306892698964e-08
1.359774816681933506e-08
1.371777920040173010e-08
1.366822733273615584e-08
1.378745342108050625e-08
1.373825453627708976e-08
1.385666305775826980e-08
1.380782717871590976e-08
1.392540557085135053e-08
1.387694278705686582e-08
1.399367855216401735e-08
1.394559901130740429e-08
1.406147972444572988e-08
1.401379362222885703e-08
1.412880694031558031e-08
1.408152451187446449e-08
1.419565818076736959e-08
1.414878969202356912e-08
1.426203155462579902e-08
1.421558729786603169e-08
1.432792529642126627e-08
1.428191559467952103e-08
1.439333776620142041e-08
1.434777291866614206e-08
1.445826744710424868e-08
1.441315774382843978e-08
1.452271294530465887e-08
1.447806865672275348e-08
1.458667298692255759e-08
1.454250435448425355e-08
1.465014641846872707e-08
1.460646364397607369e-08
1.471313220415493310e-08
1.466994543970137141e-08
1.477562942436319087e-08
1.473294876236070020e-08
1.483763727506338191e-08
1.479547273747882855e-08
1.489915506537920224e-08
1.485751659297433438e-08
1.496018221684810551e-08
1.491907965971969896e-08
1.502071826092499753e-08
1.498016136786833219e-08
1.508076283734645855e-08
1.504076162469123103e-08
1.514031569379774183e-08
1.510087929818298555e-08
1.519937668322042153e-08
1.516051448835943299e-08
1.525794576155734282e-08
1.521966700992552185e-08
1.531602298737754515e-08
1.527833676978734498e-08
1.537360852004291231e-08
1.533652376525987411e-08
1.543070261546391540e-08
1.539422808299371617e-08
1.548730562843010810e-08
1.545144989649817389e-08
1.554341800770724859e-08
1.550818946447870538e-08
1.559904029566701705e-08
1.556444713130806308e-08
1.565417312545638376e-08
1.562022332168829213e-08
1.570881722069517206e-08
1.567551854331841429e-08
1.576297339240766490e-08
1.573033338223827129e-08
1.581664253708370344e-08
1.578466850154218290e-08
1.586982563662460266e-08
1.583852464140516853e-08
1.592252375420929641e-08
1.589190261593737127e-08
1.597473803361140387e-08
1.594480331217365348e-08
1.602646969748116874e-08
1.599722768908061939e-08
1.607772004597579713e-08
1.604917677515965413e-08
1.612849045277202010e-08
1.610065166601879462e-08
1.617878236607132662e-08
1.615165352581192786e-08
1.622859730466326539e-08
1.620218358252394416e-08
1.627793685723737620e-08
1.625224312758795105e-08
1.632680267983656551e-08
1.630183351573037545e-08
1.637519649413173340e-08
1.635095616108584187e-08
1.642312008680451158e-08
1.639961253748804887e-08
1.647057530611898354e-08
1.644780417547836630e-08
1.651756406092074971e-08
1.649553266313443205e-08
1.656408831821425436e-08
1.654279964181804004e-08
1.661015010306643236e-08
1.658960680688446084e-08
1.665575149466080946e-08
1.663595590519681353e-08
1.670089462606996809e-08
1.668184873394455403e-08
1.674558168134694537e-08
1.672728713968185447e-08
1.678981489599778820e-08
1.677227301564447411e-08
1.683359655203196255e-08
1.681680830214308707e-08
1.687692941130859809e-08
1.686089498370625670e-08
1.691981455099428590e-08
1.690453508873715563e-08
1.696225570121065863e-08
1.694773068715183613e-08
1.700425488014612819e-08
1.699048389145900184e-08
1.704581458083183601e-08
1.703279685167737006e-08
1.708693734035440747e-08
1.707467175697063724e-08
1.712762573203799987e-08
1.711611083413933351e-08
1.716788236550803175e-08
1.715711634423630731e-08
1.720770988326026270e-08
1.719769058476943127e-08
1.724711095918897107e-08
1.723783588517168658e-08
1.728608829984355708e-08
1.727755460799633304e-08
1.732464463845625251e-08
1.731684914603989552e-08
1.736278273672533019e-08
1.735572192254195123e-08
1.740050538304960938e-08
1.739417538891816847e-08
1.743781539072969532e-08
1.743221202553366751e-08
1.747471559430451868e-08
1.746983433685013732e-08
1.751120885319163173e-08
1.750704485521029266e-08
1.754729804544381121e-08
1.754384613585684394e-08
1.758298606901288439e-08
1.758024075805579195e-08
1.761827583978659460e-08
1.761623132284108350e-08
1.765317029015282741e-08
1.765182045278782830e-08
1.768767236847770602e-08
1.768701079112527346e-08
1.772178503651757800e-08
1.772180499972712852e-08
1.775551126930859995e-08
1.775620575900646052e-08
1.778885405413693734e-08
1.779021576698496698e-08
1.782181638876595099e-08
1.782383773851612091e-08
1.785440127972699049e-08
1.785707440310426615e-08
1.788661174320270397e-08
1.788992850554388896e-08
1.791845080087981260e-08
1.792240280499692128e-08
1.794992148251821444e-08
1.795450007176097911e-08
1.798102682295183930e-08
1.798622309064792548e-08
1.801176985952341279e-08
1.801757465619324734e-08
1.804215363477927838e-08
1.804855757435791679e-08
1.807218119151243488e-08
1.807917465956772307e-08
1.810185557609024433e-08
1.810942873636150934e-08
1.813117983359780316e-08
1.813932263616476794e-08
1.816015700926511661e-08
1.816885920062202019e-08
1.818879014664370480e-08
1.819804127489904896e-08
1.821708228706781367e-08
1.822687171161910711e-08
1.824503647005783098e-08
1.825535336890242330e-08
1.827265572951422646e-08
1.828348910882867841e-08
1.829994309574014076e-08
1.831128179811030405e-08
1.832690159334913799e-08
1.833873430629206776e-08
1.835353424239303999e-08
1.836584950576952569e-08
1.837984405308201265e-08
1.839263027081871004e-08
1.840583403124446085e-08
1.841907947745540571e-08
1.843150717328088925e-08
1.844520000256227958e-08
1.845686646695257933e-08
1.847099472276416305e-08
1.848191489047208107e-08
1.849646651500236347e-08
1.850665541321870441e-08
1.852161825510810855e-08
1.853109099265669239e-08
1.854645281716141180e-08
1.855522457675425793e-08
1.857097307383968954e-08
1.857905910052301417e-08
1.859518189487281907e-08
1.860259748755369816e-08
1.861908214742787366e-08
1.862584264913236145e-08
1.864267669520780663e-08
1.864879748336124583e-08
1.866596839736016859e-08
1.867146487479755692e-08
1.868896011719336757e-08
1.869384769453593399e-08
1.871165470727831573e-08
1.871594879869590728e-08
1.873405500205565817e-08
1.873777102978540262e-08
1.875616384155330750e-08
1.875931721433735410e-08
1.877798405908658582e-08
1.878059016413392472e-08
1.879951848020038645e-08
1.880159267475655147e-08
1.882076992495499487e-08
1.882232752648495827e-08
1.884174120441027669e-08
1.884279748266792450e-08
1.886243512288081678e-08
1.886300529036231844e-08
1.888285447661756882e-08
1.888295368034475055e-08
1.890300205193532015e-08
1.890264536503377523e-08
1.892288062737639446e-08
1.892208304009370795e-08
1.894249297315322800e-08
1.894126938458925512e-08
1.896184184630690462e-08
1.896020705818016414e-08
1.898092999823701065e-08
1.897889870459444224e-08
1.899976016741066648e-08
1.899734694734208528e-08
1.901833508109821948e-08
1.901555439366326702e-08
1.903665745861781362e-08
1.903352363017825255e-08
1.905473000489021322e-08
1.905125722780406057e-08
1.907255541485573236e-08
1.906875773616273570e-08
1.909013637189062734e-08
1.908602768712240280e-08
1.910747554588909650e-08
1.910306959538412845e-08
1.912457559547798018e-08
1.911988595314027971e-08
1.914143916553749196e-08
1.913647923695278574e-08
1.915806889063484211e-08
1.915285190274194189e-08
1.917446738874168832e-08
1.916900638740996351e-08
1.919063726600764613e-08
1.918494510846532679e-08
1.920658111535229516e-08
1.920067046561281504e-08
1.922230151537818772e-08
1.921618483792735687e-08
1.923780103002575564e-08
1.923149058607394736e-08
1.925308220954952569e-08
1.924659004971019834e-08
1.926814758910943761e-08
1.926148555313438717e-08
1.928299968944972778e-08
1.927617939759788501e-08
1.929764101563751517e-08
1.929067386685184614e-08
1.931207405894965658e-08
1.930497122759381936e-08
1.932630129358723820e-08
1.931907372634117070e-08
1.934032517903714314e-08
1.933298358661178387e-08
1.935414815881602070e-08
1.934670301577655022e-08
1.936777266225956737e-08
1.936023420187779382e-08
1.938120109640059591e-08
1.937357931528223977e-08
1.939443586135479326e-08
1.938674050674776405e-08
1.940747933278302247e-08
1.939971990740458341e-08
1.942033387336343109e-08
1.941251963157855187e-08
1.943300182868930697e-08
1.942514177458303514e-08
1.944548552668458583e-08
1.943758841198711058e-08
1.945778727800406111e-08
1.944986160226561231e-08
1.946990937778258640e-08
1.946196338562917358e-08
1.948185410231395851e-08
1.947389578348362788e-08
1.949362371075566395e-08
1.948566079929302625e-08
1.950522044411797152e-08
1.949726041975274160e-08
1.951664652607765312e-08
1.950869661171249243e-08
1.952790416284093307e-08
1.951997132609139861e-08
1.953899554220319890e-08
1.953108649545401133e-08
1.954992283319663228e-08
1.954204403518565071e-08
1.956068818899739816e-08
1.955284584246202661e-08
1.957129374154783593e-08
1.956349379841003623e-08
1.958174160654983109e-08
1.957398976689743676e-08
1.959203388011446911e-08
1.958433559388506035e-08
1.960217263967833647e-08
1.959453310985203492e-08
1.961215994589597422e-08
1.960458412738493977e-08
1.962199783764579823e-08
1.961449044325179221e-08
1.963168833723437881e-08
1.962425383761569002e-08
1.964123344867046875e-08
1.963387607351765473e-08
1.965063516554140393e-08
1.964335889965767249e-08
1.965989545289140581e-08
1.965270404696342971e-08
1.966901624546638687e-08
1.966191322959178399e-08
1.967799946901218050e-08
1.967098814989687038e-08
1.968684703329548250e-08
1.967993049132319389e-08
1.969556082523978066e-08
1.968874192088100387e-08
1.970414271509361736e-08
1.969742409340556278e-08
1.971259455137712158e-08
1.970597864654984146e-08
1.972091816566378118e-08
1.971440720207749502e-08
1.972911536986557659e-08
1.972271136898085075e-08
1.973718795589323455e-08
1.973089273969197748e-08
1.974513769591050012e-08
1.973895289122082988e-08
1.975296634465583748e-08
1.974689338773694204e-08
1.976067563533587518e-08
1.975471577797769521e-08
1.976826728237435236e-08
1.976242159588688471e-08
1.977574298195444812e-08
1.977001236139816914e-08
1.978310441036373536e-08
1.977748958103588811e-08
