# -0.15J_-0.85g_0.5236theta_1.0472phi_10Chi_0.01delta_500N
-5.772533404069183360e-01
7.260335153027759336e-01
-3.518078324902310650e-01
5.154244722089405817e-02
-7.357865859574977407e-02
3.025050466393701398e-02
6.097324175369934346e-02
6.265172981759700721e-03
-3.603445726572877816e-02
3.534564190611827993e-03
4.872830352842549839e-01
-7.969256874378216615e-01
1.020969772394187264e-01
-5.534762155572038544e+00
-5.463202805891803848e+00
-2.138720554352221637e+00
7.876795228777129232e+00
-7.042357704377693040e+00
-9.073809837726400929e+00
5.700358280577344505e-01
6.493694171866319920e-01
-1.143779260481312399e+00
1.225861832558041042e+00
1.031185372204840434e+01
-2.950939947126071772e+00
9.121790928213759031e+00
7.210033541100668408e+00
2.727599149922128596e+00
-2.136355042839920060e+00
5.533534490409247608e-01
8.218573036093926309e-02
2.708891910730355512e+00
-1.168012017553905402e+01
-2.892981499442408335e+02
6.585497847026967122e+01
-2.494298885471694689e+02
-6.012164062617874549e+01
2.902037555208873414e+02
-1.413641458559837005e+01
2.661194488602896399e+03
4.452455346245102336e-02
4.536326728360908334e+00
4.012574330807384015e+00
1.487027602550439553e+02
1.966049154097495943e+02
5.194250174008355003e+01
-4.875373022262699010e+02
2.454465121650339654e+02
3.560182888955447424e+02
-6.587009080038384923e+01
3.093250128971366392e-02
2.281191331154595936e+00
-9.293720294907735990e+00
-2.349089419561775287e+02
3.153235809088587871e+01
-2.723802298279994716e+02
6.118731271348215728e+01
1.049924000735960021e+02
-7.451624505819958699e+01
1.494355978984049671e+03
5.705601623971538056e-02
1.200235406115799996e+01
4.751574312187950566e-01
5.318753091081334787e+02
5.028446059536668145e+02
3.505790837590532192e+02
-2.207191034567711995e+03
-2.273242827135895823e+02
1.283021642989997645e+03
-7.087672506036913546e+03
-1.964644786851080585e-02
9.425067708522714138e-01
5.352430501265096119e+00
-2.049897202496113380e+01
2.715084483682452969e+02
-7.074579235295432511e+01
-6.885335057211985941e+02
1.330359329973282001e+03
2.106491741648359550e+02
9.466808500034669123e+03
3.683855414736413730e-02
9.143214339646627664e+00
2.205943627887903880e+00
2.293018747277034493e+02
4.117699030570910281e+02
8.708026491101489341e+01
-1.436186206797092154e+03
4.520336557586011850e+02
1.248966928575088104e+03
8.189631801349204352e+02
9.489188545400503369e-03
2.293122065621711947e+00
8.884072217384213488e-01
-3.320603478344744417e+02
-1.462588786732725339e+03
3.180251457757680669e+02
8.010783459954560385e+03
4.196971558482236020e+01
-4.274839939260280516e+03
2.359360141589782506e+04
-5.773469997839828505e-01
-5.809251093128913607e-02
8.046206629851472281e-01
-8.949196715861304496e-02
-7.881605678970653867e-03
3.020623067221345909e-02
-3.596839017900094887e-02
4.963346173036194825e-02
-3.600863488750222219e-02
-1.285293646057726266e-02
3.189330206955950375e-01
-5.789642819629934323e-01
-1.017903850482971606e+00
-5.696448134962888155e+00
-1.021721243016606451e+01
8.953982264308294248e+00
-6.251503578191582200e+00
-9.452580145286553215e-01
2.686794110352717091e+00
1.700348873726732768e-01
-7.465353949010500312e-01
-2.361406653258800448e-02
1.443207473907168747e+00
5.556941336682961641e+00
-2.793306451477436170e+00
-2.703221441742940989e+00
1.116508617749946364e+00
-1.140171658173871450e+01
8.932821181399972943e+00
2.463793403220953415e+00
-7.962191792333761509e-02
5.918449625629370603e-01
-5.761312083521707095e+00
-1.839214849241923559e+02
8.763657819959107087e+01
7.979988147985045543e+01
8.551683814900272296e+01
5.725241135551577827e+02
-3.006470192606117280e+02
1.778694057138353628e+03
4.890056909343212799e-02
1.045499546407365798e+01
6.128530601016311863e+00
1.269682484617512017e+02
3.020237024138512538e+02
-2.420427127060429200e+02
-2.048142969238532487e+02
9.782749277516001030e+01
-1.901232577589789514e+02
-3.561854735276629071e+02
3.087213782864917447e-02
6.900081013847393585e+00
6.615138611502170640e+00
1.448733185695637644e+02
1.876911825484844485e+02
-2.722537195810060098e+02
-1.209875459773487876e+02
-2.197950669792126277e+00
-7.457004652865563799e+01
-5.626293210678533114e+02
-4.553541700732680747e-02
-1.223644400226828521e+00
-6.694813275436961142e+00
1.285380666146066631e+02
2.572643410277721614e+02
-2.386825400652078883e+02
-1.354515340042505386e+03
-2.127889096340959441e+02
-4.650265992759476035e+02
-2.534931455328449374e+03
-3.954073247156852239e-02
8.105310804922924106e+00
-7.872452560032463076e+00
-2.651823396904257493e+02
6.760878866651338512e+02
-2.713220725013465540e+02
-7.104133371645406214e+02
2.168338223478432610e+03
-1.208048570511579783e+03
8.661456938970657575e+03
3.681013066503275449e-02
-6.481068725811347520e+00
6.822675591269143247e+00
2.413470033632236493e+02
-4.049825005472030170e+02
8.776749811815838598e+01
3.217625187596158867e+02
-1.470088939788534390e+03
1.247083138455080643e+03
-5.105564082682284607e+03
-5.287100012586983845e-03
1.501324245878052466e+00
-9.183319145377202286e-01
-1.630555142763702179e+03
-1.507197188715641460e+03
1.372142048665528819e+03
9.608787925024011201e+03
6.050180902445353240e+03
5.150565017715023259e+02
4.408692292902895861e+04
-5.776005910411048383e-01
-6.675309260223503127e-01
-4.526718185429913222e-01
3.790597721962239708e-02
8.139332298058103710e-02
3.020367069610266700e-02
-2.502227067325325793e-02
-5.593014998440139912e-02
-3.601222638771366807e-02
9.452980064772192534e-03
-8.057917087164091496e-01
-1.656336194381121452e+00
-6.455120394640886383e-01
-1.495071562161393919e+00
-7.975690867822037511e+00
-6.817138924709079006e+00
6.093840177229833621e+00
8.237821946071306911e+00
6.386847665749379566e+00
-1.311641430772438444e+00
9.722169511003748987e-02
-3.953460498569639214e-01
3.650558974101449361e-01
7.801280785656771855e+00
-6.990748364854951546e+00
-6.412704202671954512e+00
-8.070764987987924854e+00
9.485870648684916473e-01
-6.794812245223799785e+00
1.158787253932841432e+00
-2.548959709242337116e-03
6.775229638757158668e+00
-6.892368550952562956e+00
-2.555917917087633953e+02
1.680333177583152349e+02
1.696506876290586376e+02
2.573238379401385600e+02
3.041396083167915663e+02
3.148271848401128068e+02
1.964054727072691094e+03
-9.335461342284474828e-02
9.325966154727554525e+00
-6.073520754416794620e-02
4.639026165385292444e+01
2.303952460208669777e+02
1.898546212602261676e+02
-4.729761981776624111e+02
-7.280044766719606741e+01
-1.657554311902666768e+02
4.852362904816217224e+02
3.085389196605448081e-02
-9.175904660953275283e+00
2.680146214550176431e+00
9.046093328612995776e+01
-2.190814740148404098e+02
-2.722081340438072630e+02
5.898644469414330871e+01
-1.039271025850281518e+02
-7.489976177661230849e+01
-8.920011371849501529e+02
-1.150651037706277614e-02
-8.025865814261409215e-01
8.346366164095709195e+00
5.428266946130639781e+02
3.125119168065951314e+01
-1.128283340171615379e+02
-1.770596155775780971e+03
-9.508211172224985148e+02
-8.175204388947803409e+02
-4.324643760008008030e+03
5.920600331808079791e-02
-6.931896697540333108e+00
-7.463569642970566242e+00
-4.935396168309658265e+02
2.617830386659711621e+02
3.417336699961851423e+02
3.291441062868874923e+01
1.771487755363323913e+03
9.967736652393363102e+02
1.296202214873555386e+04
3.680219376368306511e-02
-2.666823772794772562e+00
-9.024853490791235444e+00
-4.709059422525623972e+02
-6.678575579146476038e+00
8.786306871730951684e+01
1.113236970836436058e+03
1.021812016374599239e+03
1.246058425559635907e+03
4.536989233366733970e+03
-4.282532676942995067e-03
3.379667473202103700e-01
6.971075084307188918e-01
-9.744905035999140637e+02
-2.617066326867638509e+03
-1.665276381941765067e+03
1.407506835041054728e+04
1.836337083341712741e+03
3.913702164792543499e+03
7.061923188474596827e+03
