# -0.9J_-0.1g_0.10472theta_1.0472phi_30Chi_0.01delta_500N
3.856807459693001872e-01
3.617841505119604703e-05
3.223125247847243859e-07
7.855741841997562528e-09
4.883361348716164399e-10
3.714806978614264340e-10
2.567542406037659892e-10
3.310098851518775797e-10
2.429275168899841412e-10
3.008901677865579604e-10
2.326881259181013295e-10
2.802751481386339239e-10
2.239503390556918037e-10
2.661097798945123204e-10
2.162777709358735607e-10
2.558853598982766803e-10
2.100303861840598619e-10
2.482531668891910612e-10
2.054298575553530075e-10
2.424902168954417567e-10
2.023426457527398806e-10
2.381763336510954392e-10
2.004790303268884505e-10
2.350786372115439833e-10
1.996037344237054953e-10
2.331073803682535158e-10
1.996369707684764742e-10
2.322631786768360323e-10
2.006748382234422967e-10
2.325353381650372044e-10
2.029694691224238891e-10
2.337119093532053430e-10
2.068954682960838448e-10
2.350789770468301598e-10
2.128812274114590592e-10
2.351317447998038474e-10
2.212086666310670204e-10
2.317684614142804349e-10
2.314727531039090158e-10
2.235185051096783627e-10
2.415090947778890575e-10
2.110217137405310511e-10
2.464312256423697215e-10
1.967061159920921974e-10
2.405388616480701724e-10
1.829264672105622028e-10
2.232663684292625019e-10
1.709090805249888582e-10
2.009609725395883850e-10
1.609806908707068244e-10
1.801722540251451069e-10
1.530973267690862326e-10
1.631640222614433222e-10
1.471290434246011758e-10
1.493853059074351600e-10
1.428976999749202030e-10
1.377700556564699655e-10
1.400819327740525077e-10
1.276080873729475107e-10
1.380803976550401842e-10
1.185117841798405508e-10
1.359326756487837483e-10
1.101920002690259675e-10
1.324297671862101979e-10
1.023555664840900265e-10
1.265078079262475289e-10
9.474245715147488136e-11
1.177774757413721292e-10
8.720389922042644528e-11
1.067881110207853318e-10
7.973198179218537185e-11
9.474183674150724241e-11
7.242468419770672246e-11
8.288552132492238999e-11
6.541952900484787117e-11
7.206574507847393557e-11
5.884147962714102534e-11
6.264443695051375050e-11
5.277430597279050125e-11
5.464008084528295535e-11
4.725672865263051548e-11
4.790017976423650801e-11
4.229000263251487209e-11
4.222020467824296164e-11
3.785002614236591239e-11
3.740295477685175225e-11
3.389715209900262174e-11
3.328100194569407777e-11
3.038501706955833866e-11
2.972048392030192678e-11
2.726651251721233581e-11
2.661724497993744212e-11
2.449635460120779532e-11
2.389195817921747857e-11
2.203331435686768888e-11
2.148395130796668260e-11
1.984031011948555841e-11
1.934749706144973147e-11
1.788522856874294261e-11
1.744819926961708692e-11
1.613986875221337260e-11
1.576025987621918149e-11
1.458012285452696351e-11
1.426521567731254618e-11
1.318529700787605781e-11
1.295004684899067076e-11
1.193738070041745133e-11
1.180674227759580902e-11
1.082093434514621009e-11
1.083052781215562008e-11
9.822698241701514006e-12
1.001908656408933739e-11
8.930817169116804809e-12
9.369948610134182347e-12
8.134926366585463092e-12
8.878654631961735184e-12
7.425712240601362599e-12
8.535878329008992249e-12
6.794755429362886798e-12
8.326601783463770893e-12
6.234131466340828038e-12
8.229878333376603113e-12
5.736717398121238901e-12
8.220058139692519912e-12
5.295260033365091147e-12
8.267172158198869062e-12
4.903231829827759010e-12
8.336456423185704695e-12
4.553857875599199185e-12
8.386080542752484662e-12
4.240520661521182164e-12
8.364743489694789009e-12
3.957329430252655589e-12
8.214235972164681782e-12
3.698410814842545459e-12
7.879775573058705698e-12
3.458637104933443543e-12
7.334363872708170175e-12
3.234014993527907786e-12
6.602654187881775696e-12
3.021292253671718656e-12
5.760027407158626360e-12
2.818272690262007969e-12
4.901650246114759283e-12
2.623660701107847428e-12
4.104408291876913623e-12
2.436547500257442521e-12
3.408776097043898942e-12
2.256212139481447097e-12
2.824139335390019112e-12
2.081930850817202223e-12
2.342068131372032432e-12
1.912899153594752026e-12
1.947561436205689993e-12
1.748612154362894658e-12
1.625190197132060792e-12
1.588762296374373169e-12
1.361464585601040861e-12
1.433663172760066782e-12
1.145499995929611738e-12
1.284370332413296951e-12
9.684662247785779813e-13
1.142115578897297458e-12
8.232156760141988865e-13
1.008856281366265404e-12
7.040176074425954177e-13
8.859060448690101212e-13
6.061148583459448153e-13
7.744258974182030229e-13
5.254942223619499065e-13
6.751630695861600229e-13
4.591022319363448417e-13
5.878779404952590008e-13
4.041533776006298743e-13
5.119708024890871808e-13
3.586626130741928466e-13
4.468050557493089133e-13
3.209194195045450544e-13
3.911776004949548924e-13
2.894377425545221540e-13
3.439676726372739112e-13
2.631947173178280097e-13
3.038531334969101716e-13
2.412993645600619401e-13
2.699791209414180049e-13
2.229691272447873709e-13
2.414447474636322988e-13
2.077887594206145446e-13
2.175222047345140415e-13
1.951687621340380687e-13
1.977527370496471150e-13
1.846889245088402856e-13
1.815812115312659472e-13
1.760698658228793328e-13
1.688151821996899303e-13
1.689065126416143310e-13
1.588601508148278105e-13
1.630240651039937181e-13
1.516864033110156497e-13
1.580489158787879109e-13
1.465717042358461832e-13
1.538351601813726696e-13
1.429979294357024027e-13
1.501202230473096793e-13
1.405662729055299904e-13
1.466797857774387740e-13
1.385668833286362939e-13
1.434553527004906673e-13
1.363600657393147795e-13
1.400272559971097140e-13
1.337653726947411606e-13
1.362317579964862395e-13
1.304316157196799737e-13
1.319037833609186620e-13
1.260439432852862218e-13
1.267877263410035929e-13
1.208053960697183536e-13
1.207921964588498103e-13
1.148292779320597321e-13
1.138683273822764694e-13
1.085923057962701544e-13
1.062151639149789829e-13
1.022678689162918248e-13
9.808941776683860907e-14
9.615075069973787707e-14
8.986053926971178880e-14
9.038106872083798389e-14
8.171972251165733258e-14
8.498293878028126263e-14
7.406097217429865662e-14
7.971883220394103757e-14
6.693842095381157888e-14
7.495421371282484043e-14
6.041708163734842836e-14
7.040368073740801612e-14
5.442655551969063700e-14
6.582964803029922191e-14
4.898370027641475924e-14
6.139517382423229258e-14
4.421999746468909370e-14
5.717173142912869047e-14
3.987970316213489680e-14
5.309064729292408598e-14
3.610044991866980375e-14
4.904538466226789717e-14
3.264734167976113666e-14
4.516346916253361333e-14
2.937840542764377512e-14
4.132707668263450041e-14
2.631107147053837698e-14
3.759507346967449460e-14
2.335644071383196720e-14
3.404304423677480245e-14
2.064753670523952977e-14
3.058837020248656734e-14
1.835932449071213027e-14
2.727898228550220242e-14
1.643048507132252391e-14
2.422345885285199446e-14
1.473462562256011019e-14
2.149516326780470246e-14
1.334551150568951878e-14
1.922856180333159378e-14
1.218749690713868070e-14
1.748208322723250603e-14
1.117254222153054744e-14
1.588010789905331049e-14
1.032041347874214725e-14
1.500345353385105547e-14
9.664714762272918053e-15
1.366506201535511211e-14
9.069632317002096039e-15
1.279233740722701389e-14
8.578879873714748670e-15
1.208337342274642470e-14
8.311626274917775063e-15
1.143344371229198328e-14
7.928214537331914915e-15
1.053112218808235825e-14
7.597408874003054091e-15
9.925539722791785062e-15
7.388795728086229418e-15
9.074864306001545813e-15
7.142986599571954956e-15
8.458853636540367588e-15
7.046563403661161089e-15
8.016374645521238749e-15
6.817609064460152635e-15
7.527730277533789377e-15
6.657358350713101929e-15
6.949767356232866340e-15
6.531913782323924453e-15
6.599945902307888543e-15
6.589556641410076587e-15
6.445807486596593111e-15
6.379956324766082536e-15
6.499081021922362225e-15
6.478634294691061695e-15
6.365533144896394306e-15
6.348656626427269389e-15
6.280623026900389717e-15
6.323155441221359433e-15
6.037606505288033375e-15
6.146514199511397496e-15
6.034572029621151315e-15
6.117924825214366387e-15
6.098041139611468429e-15
6.144778749815581536e-15
6.094410756529829498e-15
5.953043544158356754e-15
6.051933031239233387e-15
5.960795827774396301e-15
5.990820012997680697e-15
5.926309970233590251e-15
5.942817868352289057e-15
5.844921482458279173e-15
5.924986510234462773e-15
5.800517030615857768e-15
5.857559204315309572e-15
5.773355151914177778e-15
5.838102994423839856e-15
5.800687695049002871e-15
5.754799346535574226e-15
5.786496481107308569e-15
5.698645183642434769e-15
5.658711927288242962e-15
5.657777118679475176e-15
5.699132739176082389e-15
5.630661962743171021e-15
5.569923277123809782e-15
5.552464805946949641e-15
5.514539818834853924e-15
5.496059121766860455e-15
5.581002977195011804e-15
5.494542587333892978e-15
5.553573853839796363e-15
5.382921171077502841e-15
5.331676934586964708e-15
5.322520714719914370e-15
5.269750245773205216e-15
5.323199221160731062e-15
5.321987713595511988e-15
5.204946416741211020e-15
4.854110133296250047e-15
5.195663166281868920e-15
4.833436633958573167e-15
5.126567680941231382e-15
4.767698385639337883e-15
5.009861667410843548e-15
4.671352647503297029e-15
4.983281167804206239e-15
4.727308882511264636e-15
4.907659932291045901e-15
4.589161393771508838e-15
4.776079022825573027e-15
4.421466179586667983e-15
4.699141967104178108e-15
4.279055462191430930e-15
4.679271089205826716e-15
4.383176792093338010e-15
4.767704026913929409e-15
4.549993936968749596e-15
4.845937714280043362e-15
4.644939431705563231e-15
4.560052245612535509e-15
4.658616968321195633e-15
4.753746800355690450e-15
4.724671918744456837e-15
4.754515724723181389e-15
4.769668988868925161e-15
4.844145331802802452e-15
4.887296209607936375e-15
4.994988182275969290e-15
4.970808138007349528e-15
4.991447407610290995e-15
5.037471917322537298e-15
5.064549345423091295e-15
5.076024721235345856e-15
5.269714209651296879e-15
5.160841737473236063e-15
5.194178336364086277e-15
5.309668639909056568e-15
5.254583676766962846e-15
5.294705479289743197e-15
5.272122878637183267e-15
5.328485940658888848e-15
5.358766394838841202e-15
5.364472652918415861e-15
5.383196489149123021e-15
5.638735069703328243e-15
5.533175852499854129e-15
5.448523069218211896e-15
5.640189118084988887e-15
5.524242782318142220e-15
5.569322067426385439e-15
5.695445310102255247e-15
5.586059420578358896e-15
5.590077972430359635e-15
5.593564093242337608e-15
5.598160771066299434e-15
5.629673348136683737e-15
5.687391142661064589e-15
5.653600290290536043e-15
5.775933939070194937e-15
5.743326390605521786e-15
5.731405639449105078e-15
5.699768847868800099e-15
5.768390623604260244e-15
5.777660084004896221e-15
5.794519136632830344e-15
5.764191664086624490e-15
5.820419561989236724e-15
5.827973922477749784e-15
5.861644646643305616e-15
5.880599617858399048e-15
5.848389060732390033e-15
5.899064467325994282e-15
5.870003743604038494e-15
5.888477928072310467e-15
5.999488612559898054e-15
5.900531018511630363e-15
5.848456280237467109e-15
5.902481745878209756e-15
5.828298465471297793e-15
5.885215548705250309e-15
5.899022423616149152e-15
5.895638215803177957e-15
5.891738902606024844e-15
5.941218274999879548e-15
5.882245838909803342e-15
5.916548464580517443e-15
5.984931614418417535e-15
5.945210407124050734e-15
5.940782081917860380e-15
5.962783295422758872e-15
5.955223692038203477e-15
5.959592546987881172e-15
5.943843091437315021e-15
5.966107920089402995e-15
5.960259545961337084e-15
5.968544694321000295e-15
5.966994910751720011e-15
5.966382836706373993e-15
5.981286425726753554e-15
5.993706474547590605e-15
5.969310824498020009e-15
5.987572668937828668e-15
5.982336260356975318e-15
5.967053325063230350e-15
6.011596214216997171e-15
5.983042914628504650e-15
5.985840755735626321e-15
5.992026305244994498e-15
6.018438189504353529e-15
5.989234471346248407e-15
5.982588021532081882e-15
5.986791281368994113e-15
6.002301686237056393e-15
6.003933977626495615e-15
6.001802732905645416e-15
6.002086847617725508e-15
6.006572902922068164e-15
6.001514231801315756e-15
6.029597281295665873e-15
5.994284065490887738e-15
6.020472743969238928e-15
6.019989238073587832e-15
5.995816612737659228e-15
5.998490676911320882e-15
6.035269105632896907e-15
6.019879349433871241e-15
6.039609954997575384e-15
5.967644480640137804e-15
6.018908513696987255e-15
6.002679462741915682e-15
6.042905484848434023e-15
6.002803699650232252e-15
6.017126076464119464e-15
6.034696587766937364e-15
6.021006918235271765e-15
5.967616208865574255e-15
6.019901235966388170e-15
6.002214492085208794e-15
6.072989018620851322e-15
6.021020935628455503e-15
6.080540166327372824e-15
6.012690222068231032e-15
6.034057156316943917e-15
6.012375556104888938e-15
6.016786296908739257e-15
6.000390045268395385e-15
6.052412417679093542e-15
6.013611511734525305e-15
6.068460959157883716e-15
6.018792718721910075e-15
5.992510856242557558e-15
5.993673678336876458e-15
6.016933022370980598e-15
5.981898136916285109e-15
6.027915159810818952e-15
6.017429969526481161e-15
6.012895148937653277e-15
6.008675559389523875e-15
6.008725825270763964e-15
6.016792138059447242e-15
6.021162786753452111e-15
6.009798001138076532e-15
6.018538328963246339e-15
6.014402762310517943e-15
6.004823785035496896e-15
6.012847163525122373e-15
6.020171002095119093e-15
6.026221141544455669e-15
6.039089651613472343e-15
6.008912472733072112e-15
5.989248449960797093e-15
5.988685584172162166e-15
6.009736865232714245e-15
5.999305614754994058e-15
6.008158593698210343e-15
6.020212716109351784e-15
6.030990312257117766e-15
6.007335385340020697e-15
6.015429844299407145e-15
6.007183155866776842e-15
5.974608881758578106e-15
6.034254631976602762e-15
6.034397219485169758e-15
6.002816464112663845e-15
5.976392225474665952e-15
5.994950858647937337e-15
6.025591796947046600e-15
6.014460019014659394e-15
5.990317890515209264e-15
6.009337414221296877e-15
5.981593260687079350e-15
6.012943514851568327e-15
5.977344393421859514e-15
6.020068662294599421e-15
6.017389993384853589e-15
6.041269481505548676e-15
5.991504338045271742e-15
6.034895588164409335e-15
5.974925420094236020e-15
6.102298854896095174e-15
6.021832974041184270e-15
6.055657467433716294e-15
6.026212448764303933e-15
6.050082671351304731e-15
6.050043043142905701e-15
6.041116476886760123e-15
6.088274414694405362e-15
6.046897789920886825e-15
6.070751709960928485e-15
6.033766016970973858e-15
6.089839249519620495e-15
6.061320156801515755e-15
6.047021732108750510e-15
6.061927286596744374e-15
6.082604143249964065e-15
6.062393351188896683e-15
6.050808748142208540e-15
6.050979756451430317e-15
6.052882534876317845e-15
6.047162049208302213e-15
6.016619750599518886e-15
6.052039884767356683e-15
6.023463958836428923e-15
6.080992392931447156e-15
6.029574837947218850e-15
6.008335088752369366e-15
6.033250849915128640e-15
6.005926597850460503e-15
6.055253380309781848e-15
6.049412854808180681e-15
6.032430128831801194e-15
6.060899977038455569e-15
6.032664020190302991e-15
6.015308260650437744e-15
6.059218718548569407e-15
6.016666193618216152e-15
6.043802227219407804e-15
6.024612140727649541e-15
6.092458141716751386e-15
5.982240626298087819e-15
6.084541496526406989e-15
6.027942339373095652e-15
6.066568846783280521e-15
6.002229300377007512e-15
6.095309136470096132e-15
5.988481623603329201e-15
6.070003982368292670e-15
6.043675360978157222e-15
6.102608004909165371e-15
6.040932667259413243e-15
6.102610782258517287e-15
6.075378522483545542e-15
6.102613299974407158e-15
6.061984584003293878e-15
6.102615582864383686e-15
6.047519101582213849e-15
6.102617653338252848e-15
6.101059325868470288e-15
6.102619531641086903e-15
6.071629712554203488e-15
6.100534785994213703e-15
6.052960155679887286e-15
6.102622783132055516e-15
6.083692370173425178e-15
6.102624187779435228e-15
6.102624777688563867e-15
6.099124151108480953e-15
6.102625997538930144e-15
6.102626622490425341e-15
6.077527534834801899e-15
6.086312430396611303e-15
6.082005604181082312e-15
6.017748943450412724e-15
6.101395105070944823e-15
6.039637429878588914e-15
6.083674694906380800e-15
6.021770172145023240e-15
6.093008312687265213e-15
6.020607038410125360e-15
6.036885360050879373e-15
5.987022217600411740e-15
6.034514980321363992e-15
6.025297458753024664e-15
6.023124111678157206e-15
6.028835973969303824e-15
6.036804666889037629e-15
6.026312268057067427e-15
6.030671996823035732e-15
6.011970375456258688e-15
6.037524503880420516e-15
6.016816615067003120e-15
6.029956070168296165e-15
6.009341943764288428e-15
6.032299560083043294e-15
5.978891267902649377e-15
6.034470917492207485e-15
6.014997016258142292e-15
6.032420204726925816e-15
6.012621618891499729e-15
6.030471961465193164e-15
6.019268585335719427e-15
6.025381169659209613e-15
6.014612470759384010e-15
6.025011244106730427e-15
6.014269852757971945e-15
6.033424460184306422e-15
6.012951269913435714e-15
6.039241032394073441e-15
6.028446962479264521e-15
6.038121979152702673e-15
6.028954511596583728e-15
6.022523300819822995e-15
5.989590513482353372e-15
6.029714118803290872e-15
6.018630698942768234e-15
6.034327725218913630e-15
6.027388096937941592e-15
6.015763006461654347e-15
6.029438383186750266e-15
6.029799157390903729e-15
6.016381789233770556e-15
6.029059443302486799e-15
6.019836836512104551e-15
6.017369195259399104e-15
6.026082099218542467e-15
6.021506297802618657e-15
6.018736094900318324e-15
6.030588310209173915e-15
6.031013146435782446e-15
6.031668079326566803e-15
6.031463749490813666e-15
6.028979590726821410e-15
6.023356436164510919e-15
6.032833635466790289e-15
6.023522597140642731e-15
6.018859348183571509e-15
6.035845568330534122e-15
6.031305516676258231e-15
6.034528623925398800e-15
6.021729681705268975e-15
5.988216966156862803e-15
5.988698557302109045e-15
6.017853244326610941e-15
6.021324494784920004e-15
6.024895570671579921e-15
6.033661919060854743e-15
6.019845619990865967e-15
6.023972750072879944e-15
5.998316240348517071e-15
6.021521753968196516e-15
5.995296937087424538e-15
6.017480709285261238e-15
6.013529306435213146e-15
6.005248929163044321e-15
5.989341634362518460e-15
5.996730495974420545e-15
6.019520673704288389e-15
6.003063700629570455e-15
6.008869941206663894e-15
5.996445913198770022e-15
6.047991263016031842e-15
5.969418996412450777e-15
6.034638418070750793e-15
6.011284096954224002e-15
6.035245234093947964e-15
6.014773864956563552e-15
6.011533514879065496e-15
6.012439528987816931e-15
6.027366836162500672e-15
6.023489608613693372e-15
6.044777615145182768e-15
6.026446075212447988e-15
6.013578422325613695e-15
6.013009264668484750e-15
6.083447432554375341e-15
5.989118700190611690e-15
6.055987229645145641e-15
6.016539002766044448e-15
6.053917162173827796e-15
6.024779241681581060e-15
6.044082505862901550e-15
6.022680715722255158e-15
6.045120303753212290e-15
6.033608921308233552e-15
5.998391836428744341e-15
6.005451618221836815e-15
6.031913304014647283e-15
6.045133527781427937e-15
6.033172638822559323e-15
6.042503251038779218e-15
6.063193059915510691e-15
6.031963032065623357e-15
6.014387733050815333e-15
6.022754989186792665e-15
6.022255556172968497e-15
6.019410670463187179e-15
6.018110130080208479e-15
6.031700413996653040e-15
6.012504811898391895e-15
6.015751818748628812e-15
5.983717391386728142e-15
6.009881644468244096e-15
6.054980676884744411e-15
6.039057502580048099e-15
6.046464295247098114e-15
6.019079534902008550e-15
6.030620003994828075e-15
6.001915252161497399e-15
5.989318191798138615e-15
6.006513492928347149e-15
6.011524260393462060e-15
6.023109116763249598e-15
6.032409578737311190e-15
5.983866068213875202e-15
6.029911597758531322e-15
6.015144670201783624e-15
6.015038708658915411e-15
6.036057938182905534e-15
6.025869015136799936e-15
6.021293294192311221e-15
6.029999798760163688e-15
6.025639076915406343e-15
6.032184830124955620e-15
5.983837418395883193e-15
6.020366480708994546e-15
6.007372405831897994e-15
6.036969756741084653e-15
6.039146996711913437e-15
6.031428667929239843e-15
6.028342186705518911e-15
6.038837578207585524e-15
6.030675595518704064e-15
6.031970418806357999e-15
6.028184824816282172e-15
6.033331374757326973e-15
6.017606373596919608e-15
6.021900895766261746e-15
6.053840388462621034e-15
6.033999996582036716e-15
6.058800664654682884e-15
6.029614928152709898e-15
6.043124787979815768e-15
6.001785682698351617e-15
6.031140959402924835e-15
5.987241646379665203e-15
6.024484667736930405e-15
6.029938495298238131e-15
6.020594599585641578e-15
6.020408465368949282e-15
6.021221367007844473e-15
6.019166018935942082e-15
6.010446841907577936e-15
6.013554580193636194e-15
5.968398472732556580e-15
6.015062021238266282e-15
6.023377887489271152e-15
6.020643826223845169e-15
6.016511551417094087e-15
6.018706072246368451e-15
6.015142168030640859e-15
6.019190627181843897e-15
6.015602548833033827e-15
6.008866151216293413e-15
6.010607870582249212e-15
5.967588110804672784e-15
6.011508252136221187e-15
5.974822067911519101e-15
6.011495440025028185e-15
6.002969185522728373e-15
6.014587759536374010e-15
5.986565803092234303e-15
6.016209788246689617e-15
6.008362794810822442e-15
6.015190327055357140e-15
5.966601157074003822e-15
6.010223697345644173e-15
5.989633377472610796e-15
6.023977182616029443e-15
6.012199987770751022e-15
6.018464047310864329e-15
6.013529378131985887e-15
6.015711648318121516e-15
5.998675887868617577e-15
6.012221808570124303e-15
5.997590062245807015e-15
6.000783901091287837e-15
5.983447842718893739e-15
5.993144532833101022e-15
5.979904621091037978e-15
5.954542357275916062e-15
5.973200927491202171e-15
5.958855274837222518e-15
5.969863435724669433e-15
6.028962851987763361e-15
5.954579807605075732e-15
6.002780681720447226e-15
5.977982620960905635e-15
5.940074717322868228e-15
6.001774492763620827e-15
5.945365826814779022e-15
5.973241098877635335e-15
5.937085810105441877e-15
5.964289438895119673e-15
5.921559582220568507e-15
5.996480212610566279e-15
5.967542178363220449e-15
5.999012667036968175e-15
6.000322738198854584e-15
5.959696664732606128e-15
5.986183006018152033e-15
6.010132046494211544e-15
6.007098661400357849e-15
6.000875809111437099e-15
6.024159745524043160e-15
6.052448519131076258e-15
5.959691407226635003e-15
6.011323100631279097e-15
6.026956440966978865e-15
6.020480641356554643e-15
6.003467812691685812e-15
6.007634335196101521e-15
6.010907856758804120e-15
5.962949570487080264e-15
6.017760773923152058e-15
6.024304964828548563e-15
6.017556049628393490e-15
5.979043865650315155e-15
5.961158654797535163e-15
6.016546316652047682e-15
5.971977454135529270e-15
6.080859398852859060e-15
5.949222259489684748e-15
5.955519353084090665e-15
5.955255676573642265e-15
6.000483749072689419e-15
5.996957329578713581e-15
5.978459784146206140e-15
5.956755457783731785e-15
6.004357142766124327e-15
5.992841224280946527e-15
6.071313266339215086e-15
5.979359615559490394e-15
6.004309209516507232e-15
5.954808184951034372e-15
5.966205901272985157e-15
6.002454836752467379e-15
5.964153351504756003e-15
6.005203712525725110e-15
5.961628903135811243e-15
6.008404760765930594e-15
5.927139605750454798e-15
5.993644095562003596e-15
5.944061538056857617e-15
5.951442129440307073e-15
5.960161003680117393e-15
5.936475990000192985e-15
5.937709332706621330e-15
5.916666482733342886e-15
6.006064367434694169e-15
5.986452394045196329e-15
6.005797279207539113e-15
5.984764395623842093e-15
5.984292677051304566e-15
5.948588654577222755e-15
5.958906824919859038e-15
5.975158727824292514e-15
5.951013154761650276e-15
5.945970198518265033e-15
5.956718510689109996e-15
5.972532677777998481e-15
5.970892243627125516e-15
5.929081867793204369e-15
5.947196497793019546e-15
5.949385213706739360e-15
5.952331255464713226e-15
5.931115492264514418e-15
5.934277823448556191e-15
5.953821946311432173e-15
5.939804947288610025e-15
5.960332681060143733e-15
6.004746552512910330e-15
5.958764860151024787e-15
5.956665158736273131e-15
5.994086131822593946e-15
5.987547589436928912e-15
5.959823174016865628e-15
6.009477495854043336e-15
5.967825366970449735e-15
5.961268437761762013e-15
5.956852855944624676e-15
5.957937157745603219e-15
5.973600332152391812e-15
6.043042108630109209e-15
5.905086458070020755e-15
5.955994607637018367e-15
5.976795985320054619e-15
5.962833234854689565e-15
5.948891534741794029e-15
5.937343405229225362e-15
5.966703438644568815e-15
6.005217391084672566e-15
5.987741558739506239e-15
5.955120174170378247e-15
5.941453983194392456e-15
5.957493718218510506e-15
5.998318607483007805e-15
5.978973203078110423e-15
5.959980274779792057e-15
5.987044084093832726e-15
5.951570089884520009e-15
5.954420610725424772e-15
5.956355042346294518e-15
6.005236454287033413e-15
5.925999178162659138e-15
5.971389778294146893e-15
5.961610985925633682e-15
5.987715042807851295e-15
6.063678707384631252e-15
5.950770728158560536e-15
5.949935022303173990e-15
5.996972234789275228e-15
5.961254530986962375e-15
5.944473792450469636e-15
6.029966588286565190e-15
5.964437099060532209e-15
5.932544443849004554e-15
5.966820912519656469e-15
6.002171859383435711e-15
6.006982875237291643e-15
5.960921492596713523e-15
5.956936306586660387e-15
5.951646650240152331e-15
6.024212620400624241e-15
6.003530660266854913e-15
5.941559299773974372e-15
5.975266218464933924e-15
5.958658269433810854e-15
5.969806716474089616e-15
5.971245721261563843e-15
5.967609287904055821e-15
6.003908710550716821e-15
5.948681374966223351e-15
5.961614399512010103e-15
5.955204951585488255e-15
5.954455800511278988e-15
5.968210155211905369e-15
5.937891622229472813e-15
5.931740939565935058e-15
5.954913896255320327e-15
5.945751967551844007e-15
5.966796151843946341e-15
5.943658090040047685e-15
5.952970649557979992e-15
5.976435538266289381e-15
5.929353299470155455e-15
