# -0.2J_-0.8g_0.2618theta_1.0472phi_10Chi_0.01delta_500N
-5.774117008491097547e-01
7.678823060145756330e-01
-2.422673606135946067e-01
-9.182410030739850126e-02
-1.072577338336607178e-01
5.172247645318700515e-02
-9.374351515042013416e-02
-1.529993581465299499e-02
5.126578302888295385e-02
5.275762509039597613e-03
7.019444765546797305e-01
-1.268997921497235115e+00
4.512143225338329233e-01
-1.567257376661448931e-02
-3.541238422116744555e+00
1.730660859351510261e+00
-7.151432700815405497e+00
2.677655420038515643e+00
5.862893546488735730e+00
1.429713952284132061e-01
3.848601805732589365e-01
-8.846731431358042519e-01
9.501064345433760661e-01
-7.898342652518548945e+00
-2.014576839931813690e-01
5.971828673937205068e+00
-1.216253224627592555e+00
-3.591027399215159566e+00
-1.670908577388114491e+00
5.517995426389671332e-01
-1.154646281197368868e-01
-2.511837354495374264e+00
7.576954291249188067e+00
-1.376088286937485066e+02
-6.661879921970056628e+00
1.086062542071294388e+02
4.669556124606052805e+01
4.658593168138698815e+01
-4.864536883286842794e+01
-7.503286469444442446e+02
-8.246900584299267367e-02
-2.600155074442695557e+00
-1.607381857825559202e+00
3.857160298379635321e+01
-7.331049857073891474e+01
-6.572711418410474848e-02
-2.004119225421891599e+02
1.026671600598938596e+02
1.422237372147472172e+02
-9.245080318420038168e+01
-4.980353354971302215e-02
-2.721800188443904034e+00
5.483391284760458895e+00
-1.016947499909358754e+02
-1.630362133715112805e+01
1.153688259649409673e+02
3.997406998407044654e+01
2.173726942499111914e+01
-2.797630917022553376e+01
-4.823710970668836353e+02
-8.801354660434060340e-02
-7.093911861376679617e+00
-6.603098070746156179e-01
1.789484210710192258e+02
-1.923992702358452505e+02
-1.020087550441265165e+02
-9.515774566367589387e+02
8.560949001770427458e+01
5.867547734981646954e+02
1.259872206479639999e+03
-6.949770995950691789e-03
1.971833274180005313e+00
3.532094851604522745e+00
-2.321295068863563316e+01
1.415211916027344898e+02
-1.027356228488756429e+01
3.952003774270756935e+02
-4.935437341108251985e+02
-1.925064535784484860e+02
2.309410584061466125e+03
-5.047954676319819922e-02
-5.308920692299388122e+00
-2.550544770216904844e+00
1.002705053364750540e+02
-1.552949447970319454e+02
-2.735272357233526819e+01
-6.299521051843481700e+02
1.553940362459975120e+02
5.710895916855785117e+02
-2.114555500349601118e+02
1.457861083190492915e-02
1.119531425810670333e+00
2.242528702813729458e-01
-4.376101170897421753e+02
-4.631574172348440470e+02
4.464714232468410273e+02
-1.828762740777848649e+03
2.122543615474741273e+03
1.032106841465454863e+03
-1.867499971921152246e+04
-5.769635257990330945e-01
-1.733560637223992285e-01
7.866190223413768168e-01
1.389864560464927901e-01
-2.604562099065908104e-02
5.164475737675174039e-02
6.034162579979178431e-02
-7.331880687890847403e-02
5.116890845363653018e-02
-2.367245398785011029e-02
-1.680892009225908382e-02
-4.497090401775243329e-01
-4.128163749808737570e-01
2.034103537043881804e+00
-6.703239157400454395e+00
4.281736287664248408e+00
2.589091832211105171e+00
4.411957311995679198e+00
-4.375839301385505031e+00
1.028534707350183597e+00
-8.006685964965352120e-01
-2.125080713157159046e-02
1.770787169543149409e+00
-4.736676499184368616e+00
1.845758957592421146e+00
-4.480134734424670029e+00
-2.959769165533933766e+00
6.159480088670242992e+00
-4.255119200565526505e+00
1.627141506458823272e+00
1.292750634450078873e-01
3.211894134532384260e-01
4.248799093813221184e+00
-7.555532677349995652e+01
-2.573744363547312730e+00
-5.436145662060776118e+01
2.214999356491617633e+01
1.869816319086979490e+02
-9.821177852771374717e+01
-4.725146208178185816e+02
-5.881777563863391928e-02
-5.927572346313515261e+00
-4.445739584862669069e+00
4.273536133265557169e+01
-1.354120701957818085e+02
9.403428568445880842e+01
-5.930722819955873604e+01
1.257525782500473923e+02
-1.130905526660701383e+02
9.383710094102652022e+01
-4.967913507752049623e-02
-3.368048924318729487e+00
-5.094702215639125065e+00
6.513751253948477427e+01
-7.982624814408828229e+01
1.151680240890880214e+02
-3.834827797014834516e+01
2.197916243827442528e+01
-2.777359203894281237e+01
2.441547287226351841e+02
5.015056950744446046e-02
1.444065302022673247e+00
2.969238504328937989e+00
5.487279559589453015e+01
-4.578815669678304801e+01
5.818856690548802391e+01
-3.856734610821079627e+02
-7.454643259429310831e+01
-1.292002909181324242e+02
6.982530654856388992e+02
-7.250622169221440649e-02
5.580035410645670879e+00
-5.008428610689671601e+00
1.222251035903805274e+02
2.645768093909128993e+02
-8.322999841034904023e+01
2.300157595076465782e+02
-1.054215822457296326e+03
6.058021436776386963e+02
2.326416142366702388e+03
-5.040762075680216281e-02
4.861953085591453672e+00
-3.332594379325164002e+00
8.448626130943667079e+01
1.641566233635403478e+02
-2.676123348615722009e+01
1.748437510292835952e+02
-6.255569540022966066e+02
5.693894011313733472e+02
1.337274119590434111e+03
-2.133135622109839230e-02
2.024709229030649205e+00
-1.172104492172652890e+00
-1.203667026071249069e+02
-3.191171227349029778e+02
2.600977809745448255e+01
-1.291879292102273439e+03
1.489611995047461960e+03
-1.060810241124617278e+03
-9.658705638540210202e+03
-5.782485888990062106e-01
-5.938362195595394688e-01
-5.429956183320672203e-01
-4.675759931057404950e-02
1.331047770555219834e-01
5.144122946934188978e-02
3.334086593265608162e-02
8.872813122355056870e-02
5.108372070486685845e-02
1.880058745843207757e-02
-6.842144196342311302e-01
-1.605085308365663987e+00
-6.861789533145851161e-01
-1.735658028858367619e+00
-6.897013534562826287e+00
-6.004115133646127589e+00
-7.880366419068389749e-01
-4.900936003282776454e+00
-1.492975378203426962e+00
-3.830378788073633411e-01
4.146040672436865915e-01
2.534034021745437126e-01
6.096380956419457098e-01
-4.545145654255972723e+00
-1.928786408824655130e+00
-1.486427371505269823e+00
6.362563615004486195e+00
2.780815260623731078e+00
5.924625725393247500e+00
1.867002358510897020e+00
-1.355916398737146145e-02
-3.981778295399253764e+00
3.459169716091878399e+00
-1.030978151168097128e+02
-5.855190335695970560e+01
-5.436964650974963575e+01
1.560196761462513564e+02
1.370966786568659757e+02
1.466769106694038953e+02
-4.516770522170839968e+02
1.410284387512615867e-01
-6.720515227838635752e+00
-1.304232352740124778e-01
-1.331842539645893631e+01
-1.079820291032266084e+02
-9.392513383966172569e+01
-1.093330749772388799e+02
-7.944196827842584518e+00
-2.914795501730321803e+01
-2.148307612708488534e+02
-4.947080597888727643e-02
6.081734138856250915e+00
-3.924035906027272258e-01
3.690627034233758508e+01
9.623525110792701298e+01
1.151078626408423986e+02
-1.475600581274780776e+00
-4.458850270486502865e+01
-2.795990535888831729e+01
2.231524602163818258e+02
3.778871113022233552e-02
2.927814865867396366e-01
-6.254685764643256540e+00
2.436125648385018678e+02
-1.221692890684809818e+01
4.396710243297773246e+01
-8.092402407101773179e+02
-4.819141132508759142e+02
-4.553750116176600500e+02
1.114470674308685602e+03
7.948321292166858620e-02
-3.626613963256821282e+00
-3.863593344951514741e+00
1.564657444494783078e+02
7.689230635703371775e+01
9.422686572800586191e+01
-1.746775194022714572e+02
-6.337950687103156042e+02
-4.140587168831885378e+02
2.782727866106126839e+03
-5.030122380324725945e-02
4.569314509321432682e-01
5.883870354757970489e+00
-1.844639019634482224e+02
-9.175520423164979178e+00
-2.767269350650922632e+01
4.528352040038575979e+02
4.715071742299393804e+02
5.701130868182780205e+02
-1.207465057993666051e+03
6.855496267131024751e-03
4.076109871417649688e-01
-1.319734116211049857e+00
-1.704036201257799235e+02
-6.930186091341697647e+02
-5.145529564796898967e+02
-2.129203513842172470e+03
1.429713787848564380e+03
7.315907858714450640e+01
-1.664712091411815709e+04
