# -0.7J_-0.3g_0.10472theta_0.10472phi_10Chi_0.01delta_500N
-1.485214921274276845e-01
9.087362178849445193e-01
2.470140911983148280e-01
2.098250432291273448e-01
5.540654678771113860e-03
-4.129041135759960179e-02
-6.295506572465475736e-02
4.274430141985387926e-03
8.054516588480974950e-05
7.892075254426493894e-03
9.331648733723540978e-01
-1.208706769052009200e+01
1.139514584641685424e+01
3.353520986885498445e+01
2.313076510951850018e-01
-6.672382869066146860e+00
-1.009895338941410614e+01
1.825332724084890446e+00
-6.052128845986912836e-02
2.172655444890908782e+00
2.297692399033951227e-01
1.262099524311845400e+01
-5.464153466156403738e+01
-1.543813083444015319e+02
8.048960864676812932e+00
-1.557266116572191095e+02
-3.007912710184281764e+02
1.682011280120160279e+02
2.483367956948428557e+01
-1.068403011368447508e+00
2.209314860171310291e-01
3.400729251861425695e+01
-1.467947063005201755e+02
-4.326085769061924111e+02
1.488801601930262919e+01
-6.958634023144680896e+02
-1.018437532505580521e+03
6.471539264557402475e+02
-2.679694296364110073e+01
1.530400112479681063e+01
4.702100436463549187e-03
1.903501252207426275e-01
9.247987033435038029e+00
1.994606198175801381e+01
-2.617612429493131003e+02
3.181710648956383807e+02
-1.086106592965334805e+01
-9.301879652297431278e+01
-1.834824891396831163e+03
-1.481271006509195729e+02
4.233766494087836535e-02
6.839802766793114053e+00
1.658408706583724381e+02
7.169467041851746671e+02
-2.466636191724475111e+02
2.269302766143924237e+04
-1.024851598666039899e+04
2.397027814234087145e+03
1.245986302708043212e+02
-1.437139349922925703e+03
-6.346813043813614996e-02
-1.016295382239498579e+01
-2.995530317943412228e+02
-1.045087921009656611e+03
-2.645097501220959213e+00
1.056186515218862405e+04
-2.342782110589602598e+04
1.252005104859221865e+04
-6.355176801858441848e+01
-2.683775918963080130e+03
3.603062162470518134e-03
1.908994740555808090e+00
1.735847198678015104e+02
6.608277381662053358e+02
-7.133555099675994882e+01
-2.505786884040923269e+03
1.220840746314602620e+04
-7.493585750354419361e+03
-1.759995458809373190e+02
1.276719060747557933e+03
-1.101256907691535814e-04
-4.580472660981849131e-02
1.884109426789389019e+01
-2.219508219067229149e+01
-1.466808408858453504e+03
-8.847895095939641408e+01
-5.592113249156192722e+01
-2.000978948131638333e+02
-1.633695854783532013e+04
-1.025871927803283370e+03
-7.069406566843766671e-03
-1.803776228477384613e+00
-4.884817690759382103e+00
-3.383652970301516660e+01
1.319318996427505226e+02
-1.418159744707455729e+03
2.646548171290687606e+03
-1.341341443856311571e+03
1.166105871138295925e+03
1.887640365700821576e+03
-9.887124820978963058e-01
-1.495659507399286769e-01
-1.392215345010329106e-02
-2.007172317358327240e-02
2.265857087644401129e-06
2.439214235664807860e-03
3.136581743834037164e-03
-7.673501570611319803e-04
1.445415326880452418e-03
-1.030091861489831201e-03
-1.498770043434874411e-01
-1.362887892823950176e-01
8.347326596811361910e-01
2.931978265719451526e-01
-1.242010477504064403e-01
2.600492747532010540e-01
1.930273156943290491e+00
4.477730341221948684e+00
-2.490866684028794964e+00
2.455012234937231419e+00
-7.337795034185088175e-03
1.010320490524594383e+00
-1.159040736414387140e+01
-2.121087506196187356e+00
2.557675266730858965e+01
-9.690793452959198362e+00
-4.445144330930087051e+01
-8.205162972146966638e+01
1.784940626810024469e+02
-1.072582307784362001e+02
-2.269505155861040180e-02
2.076845872575996399e-01
-7.747748012371251658e-01
-5.166709859755118650e+00
-1.659615193909283093e+01
-1.447526134496178152e+01
-2.416486066409249034e+01
-2.206235879126624866e+01
-9.172963905626006920e+01
-4.413894111521444508e+00
7.510664148165659387e-05
-1.517602312189783309e-01
2.520739616295123398e+01
-1.620420496547604472e+01
-1.787745162497206138e+03
-3.602803264239119585e+01
-1.201850456503279645e+02
-2.063859521295304660e+02
-1.089787229880234008e+04
-8.080195558630575761e+02
-2.428801166555428267e-03
-2.744202031884060422e-01
8.665519019786584565e+00
1.594830111327537381e+01
4.144473029700479572e+01
5.032406298782637464e+02
-1.315802493750138353e+02
4.237852519255738457e+02
1.670468832853321430e+02
1.963843075753051835e+03
2.690039596197066080e-03
1.953036893948766783e+00
-3.689763312617167657e+01
-3.020949028407061476e+01
-9.213124345860305198e+01
1.383609250504252941e+02
-7.720107399179960339e+02
-3.639248376807728960e+02
-4.183152493897024442e+02
1.851973271139035262e+02
-1.742689959559614232e-03
4.145125795842700356e+00
-6.108759690899098160e+01
-3.215225443124025162e+01
-1.486209815966072654e+02
-4.132167525838539177e+02
-3.493809504764879534e+02
-1.119246567740276987e+03
-7.239214266692504225e+02
-2.863982128861414367e+03
3.126739720278396404e-04
-3.087218940332777439e+00
1.815631851798526384e+02
-8.713216229553734138e+01
-1.118049239808648053e+04
-1.124803358411453758e+02
-5.900309134870670960e+02
-1.005130567940314450e+03
-1.435904173185037216e+05
-8.569951802690067780e+03
7.706546008266781890e-04
-5.234439237272488832e+00
1.221005035252525630e+02
1.957048090402302876e+01
9.191818926570479107e+02
1.614175053728499279e+03
2.278910264302287487e+02
2.949354748214411757e+03
9.559408016738389051e+03
1.329312607736337668e+04
-2.162842870210580914e-02
1.561049460134409927e-01
-8.718018874133949270e-01
3.710396429596035106e-01
-3.604464424105617570e-02
3.673482094490978025e-03
7.103107270378131166e-02
1.678332298663465505e-01
4.081512695810866204e-03
-6.077238408336338438e-02
1.255714837534319950e-01
-1.411473720056460213e+00
7.696908438578174305e+00
1.152377503178174445e+00
-2.621613951632423833e-01
1.391119214760112355e+00
9.983634085624158772e+00
2.200152173835959957e+01
1.447111025949041396e+00
-2.581957132547907463e+01
-8.712136739199640711e-01
1.037914001522485030e+01
-1.072770215621006002e+02
3.051863671275231393e+00
1.685188537787344956e+02
-7.062211887746639150e+01
-3.227642144970815821e+02
-5.814253207502524674e+02
-6.625225602444268169e+00
-4.778665236059489985e+02
3.917653199391359919e-01
-3.236876453307002133e-01
1.799408092691398764e+01
-5.280023874178969123e+01
-1.163304576009690123e+02
-9.390136983863759212e+01
-1.260504203453588588e+02
-3.620351824396216500e+01
-6.998035049631699422e+00
3.632245342396923320e+02
-3.857286091050053656e-02
-1.753430260058950196e-01
1.655530252270159792e+02
-1.160752624457230553e+02
-1.189816716192589229e+04
-2.891250989119746464e+02
-8.338620044190959106e+02
-1.413994457111305792e+03
1.850582233713674441e+03
-1.088381026804504700e+03
-7.812229463178470799e-03
-1.795662360305988470e+00
6.357033552029421486e+01
1.090735179140035598e+02
3.024882774774085874e+02
3.488991882708957746e+03
-9.504775995950560628e+02
2.619845429706277628e+03
-2.998089270793515766e+02
1.035721245830254338e+04
1.002344927530386953e-01
1.224358038715503838e+01
-2.720173055649948992e+02
-2.071072975091908006e+02
-6.608994157220024590e+02
9.249863931938282349e+02
-5.505666135021800983e+03
-2.877156272794505185e+03
6.906458198342423316e+01
1.194534438753888935e+03
2.281972259383774904e-01
2.661600664524061344e+01
-4.667203740459752339e+02
-2.267854543755930479e+02
-1.006855139670532935e+03
-2.939649920361352542e+03
-3.192861931848535733e+03
-9.899797397041573277e+03
6.674608593142772861e+02
-1.838680888422564021e+04
4.080475499433230957e-03
1.292610672296352403e+00
1.005778712902783534e+00
-8.532707556819513428e+00
1.867760950290300570e+03
3.330716786610246913e+02
1.449081328609943569e+02
8.736956024385863202e+02
-1.715164670699188491e+03
3.374759159445436126e+03
5.687469600829075239e-02
2.185271139083025815e+01
6.082933998244226359e+02
-3.631069779183951027e+02
1.316762076232605978e+03
1.056265755558909586e+04
-2.403236085499872559e+02
1.921322137129367184e+04
-3.153424282545600363e+03
9.814905768008546147e+04
