# -0.4J_-0.6g_0.20944theta_1.0472phi_30Chi_0.01delta_500N
-6.498517895689162049e-01
6.641855166207074612e-01
-1.691811481962478270e-01
4.338177347941347684e-01
-1.824857572219061863e-01
2.268346796159464440e-01
8.852209586181766093e-03
-3.812970571968778422e-01
1.776171082429022219e-01
-3.032188612082452675e-02
-1.161986577801323722e-02
-1.148798197939620569e-01
-1.700003559673848516e-02
1.357575230607551697e-01
-7.241035895117819976e-02
1.578159198620080264e-02
-1.851762520346520932e-02
3.028122056751116065e-02
-1.084855835892839168e-02
-3.756916793810537863e-02
2.430467343458943968e-02
-3.091485540338984733e-02
4.897687665844695313e-04
1.570772006265388696e-02
-1.418929583439462565e-02
-2.504813229362175264e-02
-1.677511984982972201e-02
-1.211455144572099775e-02
-1.669197979406534388e-02
-2.750187974295500038e-03
6.742647204731582189e-01
-1.351147919194260139e+00
-5.956342284903737294e-02
4.638814400263474580e-01
-6.730600622105201714e-01
1.173024930518561826e+00
2.122338415893403052e-01
-1.230922397705080051e+00
6.501369612407675858e-01
9.632058624999947916e-02
-6.592834253222473739e-02
-4.248527304382491709e-01
-8.953142184324422437e-02
4.454579141838105327e-01
-2.500042142334909512e-01
8.357226238210627156e-02
-3.531577513941239893e-02
9.614274900697006299e-02
-6.513224606291917462e-02
-1.291567735367727399e-01
6.799555061845601045e-02
-1.089149208933725410e-01
-1.610439245953596693e-02
4.019377248526488644e-02
-4.178330727643629616e-02
-7.573972493282013496e-02
-3.959219973732735348e-02
-3.978603979247145872e-02
-3.763400319842215291e-02
-1.882983011045646221e-02
-1.160367430549635037e-01
-1.688698865926088477e-01
-3.422101041629567186e-01
3.510343028580259483e-01
-1.346086347343399270e+00
6.038900197314369667e-01
-8.108251837603666079e-01
5.636710008219135704e-01
-1.267309362651052984e+00
3.493968446670007166e-01
-1.317281957070097986e+00
1.101534996059652244e-01
3.009051051031682578e-01
-2.025972627536346826e-01
4.645905801962857962e-01
2.573738165924035481e-01
1.178363668935320796e-01
-4.470671189618482533e-01
6.786584336490039671e-02
1.218889527921766386e-01
-1.061905480562172210e-01
1.658255481233815998e-01
-9.812915741032844641e-03
-7.918494052065303337e-03
1.040343634774711506e-01
2.995878368227063160e-02
1.658576986614125059e-01
5.408057385871361741e-03
1.029998616136912765e-01
-2.492140123552548034e-02
4.171372060994855135e-01
4.389859375588819890e-01
3.657543129707475638e-01
-3.255486756195571374e+00
2.612630558977299344e+00
-4.180581974714674409e+00
-2.722478029309093550e+00
1.380297447007822864e+00
-1.393991492002274235e+00
-8.645057928796646696e-01
-1.133214830135070450e+01
-4.322621068408916578e+00
-3.701423851081130589e+00
9.532950351085411000e+00
-5.040703161094751472e+00
3.714602615319334333e+00
-4.041717472638063136e+00
3.954095529735156322e+00
5.781480062104291662e+00
-2.635127306245869772e+00
8.485276060382560104e+00
-4.024991862841535983e+00
8.355274524394149083e+00
7.032074753907573417e+00
-5.217631678377351534e+00
-4.991076647749226325e+00
-6.331369134741543725e+00
-3.696045268669348349e+00
-7.565343947276685910e+00
2.778384474221323952e+00
2.290904021366232668e-01
8.571362730559558551e-01
1.203017409238133384e+00
-3.068217085368212249e+00
8.717551382124190340e+00
-5.222341829331422325e+00
4.300398222040167973e+00
-8.401406761001911860e+00
7.079604156568768403e+00
-6.609310978876140608e-01
-1.500375948101094359e+01
-2.784445990656723602e+00
2.704638613263859792e+00
2.489036015794997780e+00
4.029228216519570083e+00
8.382903831556403063e+00
-1.252324286755008287e-01
-1.116506071634612951e+01
4.832206838531336146e+00
5.063803305639702046e+00
-5.403319844413589479e+00
7.956841218491685908e+00
-1.652094609336498321e+00
-2.209040234689990445e+00
2.339658210653333903e+00
-1.070207108419878095e+00
5.172061179787343477e+00
-7.347759245492743174e-01
3.387767361380619846e+00
-3.959134667113722306e-01
-2.094139032201232375e-01
-1.160559552593079413e+00
-6.217129320213380383e-01
4.114579049671223565e+00
-5.113811716032539145e+00
7.234686498769609564e+00
-1.809842964063597751e-02
1.548304323444884556e+00
4.753580211458020843e-02
-9.634163695042253783e-01
1.879068837378237689e+01
1.025900933393061010e+01
-3.544918590439885886e+00
-4.049223798920054129e+00
4.400124436764211389e+00
6.222210507369665855e+00
-8.955986822259337288e+00
-4.623990483899862447e+00
2.381376558814643118e+01
1.778517961716673668e+01
-2.821731853281397306e+00
1.467029448425910765e+01
1.179953653907702993e+01
5.474331903864652071e-01
-4.220353349551696276e+00
-5.653873507024666623e+00
-2.352531832772696507e+00
-4.148848947076072768e+00
-6.017729977300549038e+00
7.378081663617949815e+00
4.281851967983635668e-03
8.727028103141527826e-02
-6.023221657686960162e-01
-3.020949943002150917e+00
-4.996935253746878303e+00
-6.957969345005917683e-01
-2.013610840296281168e+01
1.474381891028695080e+01
-1.063958436163980714e+01
-5.674494249369153032e+00
-8.988595952524988775e+00
-1.154374743229936229e+01
-6.801172637347461603e+01
5.347982164862654741e+01
-4.141975007680842680e+01
-2.459369758672605499e+01
-1.617219993204106743e+01
6.955835004620864481e+01
1.072971789815873791e+02
5.560198515747076797e+00
4.098650554924346778e+01
-1.348638103044637271e+00
4.583505335768700917e+01
7.243934111930391495e+00
6.500558436813263086e+01
5.483636417437477917e+01
4.670826157240791332e+01
3.980412501060789765e+01
8.602925724306317079e+01
-2.290466219439433360e+01
-3.481550023215614353e-01
-1.090753189804544387e+00
6.060258930427240287e-01
1.367779016771278888e+00
1.224007519895055829e+01
-1.033686900963750155e+00
1.944830564188586663e+01
-5.173229599540820089e+01
3.613578599123810164e+01
2.912636690135021134e+00
-5.428528599845282798e+01
-8.289727067631455171e+00
4.568960433007858768e+01
-1.341518033888980597e+02
1.073122121083259515e+02
-4.686517111903244626e+01
3.272956783921340218e+01
6.801626207108971300e+01
3.062717307037650016e+01
-6.255414604570576742e+00
1.488402200136881071e+01
-1.175051233580854282e+00
5.335556261965138702e+01
4.833204565060082558e+01
1.880829387771387751e+00
4.583725672201818924e+01
-6.053114724340988317e+01
3.674177444524252678e+01
-1.052490267459351614e+01
5.524211644844000801e+01
-1.757623921827042301e-01
-6.037273099588595926e-01
1.116702873871621149e+00
2.144646245092752146e+00
9.251932748374152027e+00
2.409156749618383664e+00
1.484373359274900217e+01
-3.612470017299122560e+01
3.723482175463545474e+01
-7.395252066838610139e-01
-1.986703744253985437e+00
4.767027224888828130e+00
2.470148767845143922e+01
-9.722945583529205749e+01
1.215969396247541283e+02
-2.033295528214053860e+01
2.306348033823503485e+01
-2.204318918338727507e+00
7.253970485308367699e+01
1.514480666095066770e-02
7.417971002591116303e+01
-1.030017521534736318e+02
1.031728368569007301e+02
1.456844473643639333e+02
4.311276584076185259e+01
5.966668296230351842e+01
1.129972378087727236e+02
-1.398899096286589927e+00
-4.715069950241710828e+00
-1.086477929340516511e+02
-2.807695126076025297e-02
1.308272534467397052e-01
2.796033527633910443e-01
-6.999040460740466596e-01
5.800739789208599895e-01
7.600167014628341766e-01
-3.334942133024617394e+00
2.586580267700675950e+00
-6.201206497436610732e-02
-1.006577674795089550e+01
7.731673713174876283e+00
2.683362515017616357e+00
-2.452410867448765686e+01
3.229060712508946551e+01
-1.194190536202733099e+01
5.276062121016049389e+01
-2.239657753402404339e+01
1.182192361226254818e+01
3.672327227822837870e+01
5.470713710204424984e+01
3.632754307996768972e+01
1.300273689919772124e+01
6.150024207338676518e+01
6.615132341342806477e+00
4.673865461899275431e+01
4.279664610401300706e+01
-6.578488026714043713e+01
1.041134868407432208e+02
-7.826564230486413010e+01
1.045850664588292744e+02
3.714361926350106223e-03
-9.243436032216652276e-02
-1.351344091378129830e+00
-1.319750541017781487e+01
1.199472322032959148e+01
-2.069429258610177769e+01
-1.645632343534351705e+01
-3.739791478742712627e+01
-4.875154099053126799e+00
6.852567911553165025e+00
-2.414417836097636041e+02
-7.191562552184930723e+01
-3.750323307866261757e+01
-6.470806339757976389e+01
-6.643646945836619011e+01
-2.597862736521475995e+02
4.225085441913144280e+01
4.907827954101645105e+02
2.057828210167810425e+02
1.464766516753630299e+02
-9.285370735175948198e+01
3.606387495176103357e+02
-2.232180614927789009e+02
-3.863130994636969717e+02
-1.428923331790633995e+02
1.018666547802869360e+01
-7.847282024932640354e+01
5.732728240208273007e+01
-1.004638008643911746e+02
3.924326865976481571e+01
1.065479262286903456e-01
3.826150286109031851e-01
-1.025984414671977235e-01
3.388383858563338791e+00
-3.767192835740412526e+00
9.946436966371797084e+00
3.229925201887239083e+00
1.653130897718545000e+01
-5.838232125226292979e+00
-5.314074044282179443e+00
6.724916831390278560e+01
7.296840015078454655e+01
8.742196690365545919e+00
2.653730650047249995e+01
4.951399944705898548e+01
2.340423490597708280e+02
-1.404205485106095921e+02
-2.146428125158642217e+02
1.576306331818497597e+02
8.383555608826191019e+01
-8.657749731126409642e+01
-1.007572072647445971e+01
3.436859926798996412e+01
5.386086398540810194e+01
-4.570428895653167700e+01
-7.735168145351154578e+01
-1.518858185296576266e+02
1.024060375573656927e+02
4.253201064278815124e+01
-9.930799578098323366e+01
-3.356354053057758469e-02
-1.049124738812712843e-01
3.883278210936826902e-01
-3.765139751533817858e+00
-3.485418206638720040e+00
2.445576696459732080e+00
-5.941482042388059170e+01
3.155634207115171819e+01
-1.419019018810893940e+01
-3.903898164529123704e+01
-7.749588894000509320e+00
-4.777541805303334854e+01
-5.173654883088298675e+02
3.247687365444545549e+02
-2.389160004209456361e+02
-2.132838591403877899e+02
1.242691772764959381e+02
3.826244163108866019e+02
7.085503955619271892e+02
2.328564127920228088e+02
1.062591625707384253e+02
2.371038531460706622e+02
5.259210426514087544e+01
-3.619479058495923596e+02
2.294636042270731195e+03
1.220178761588871794e+03
1.507606138014436965e+03
3.532358876957482607e+02
6.963540624011598084e+02
-9.291143267977149662e+02
1.606293142234090365e-01
5.049437558628973033e-01
-4.766999554716953025e-01
9.253657246120416957e+00
8.070527079215892297e-01
6.629189661544087286e+00
5.966216038728785520e+01
-1.197565054227051746e+02
7.756561900450323321e+01
3.395339749569208720e+01
-1.426233365519913150e+02
3.680635665820660307e+01
3.799910109821862534e+02
-1.246420221163241422e+03
8.135284039799417997e+02
-6.415680202102321346e+02
1.742627666937947879e+02
1.214685188686455149e+03
3.662477083378016687e+02
-1.633161799325822585e+02
1.900021076563070732e+00
1.014709839260776221e+02
1.474094941434123882e+02
4.907689126287934869e+02
-1.438817013556001257e+03
-3.911142620458262627e+03
-1.112238768570545972e+03
-2.784216950687854023e+03
8.454577578913894058e+02
-3.700591503525845837e+03
9.891827302023249724e-02
3.063703362124551299e-01
-6.527640647710422073e-01
4.625190891183191155e+00
5.825224845652031469e+00
7.756026080665439970e+00
4.623195606305623073e+01
-8.561311149984922508e+01
8.383758739675440097e+01
8.045407386519524806e+00
4.130522406274464764e+00
1.132938172482782448e+02
3.004550891934261472e+02
-7.870250992956390519e+02
1.012441177452948523e+03
2.370646765437860211e+02
-6.667272997970401605e+01
-1.671028873680064919e+02
3.929039776231261385e+02
-1.079505024255639540e+02
2.814005031514664665e+02
-8.887940849263361542e+02
6.394614499665499352e+02
1.357927850178756444e+03
-8.826041215561865556e+02
-2.251666112602133580e+03
-1.776326185492356217e+03
-1.135170065105725826e+03
4.629542470681263353e+02
-1.967813965915624294e+03
-1.047537469235412105e-02
-8.135321935557587869e-02
-2.565775053304206743e-01
-3.891991221337613993e+00
7.090621121295264118e+00
4.103024961437275131e+00
1.250335509637967135e+01
6.262385836183447907e+01
-4.351025135217738438e+01
-4.872920914305375106e+01
2.554688596929653386e+02
2.275960304203748592e+02
1.252103814657238843e+02
7.810780783340276230e+02
-2.880059598838318990e+01
2.435366780559068502e+03
-1.025521954579276780e+03
-2.500839667777695013e+03
-2.080522347180055363e+02
1.466414917769160411e+02
-3.765986286937504701e+02
-9.519866581398707694e+02
4.919653813064110750e+02
6.056586148697879253e+02
-3.790218690452718420e+02
2.727282498096646123e+03
-4.641733874292215660e+03
6.585568425319940616e+03
-2.346180420813515468e+02
5.360755978346512165e+03
2.293772170490800469e-02
4.156582562356884308e-02
-1.529560694964245404e-01
3.369298252904443736e+00
6.365856390671323917e-01
-5.702625896233474379e+00
1.350939605124175813e+01
-3.265686429914936895e+01
2.787076546253564757e+01
2.512680517711049788e+01
-5.315999973770509257e+01
-1.088711806792018422e+02
-8.748100417658813299e+00
-3.243806962812409438e+02
1.382804332228443798e+02
-9.366599634327309332e+02
7.472612339619436170e+02
6.050709370297606711e+02
-3.586492939637239488e+02
-2.226012934818058397e+02
3.834351639207880567e+02
4.081682817634355587e+01
9.837211929129951216e+01
1.830555446520817213e+02
9.286491125327409009e+02
-1.036020989009338336e+03
1.981620774296644868e+03
-2.861555753571529294e+03
-1.582500359268362899e+02
-2.026059615717352699e+03
-5.352770643979131576e-02
-1.453616835007019714e-01
5.905776265005556747e-01
-2.110479279114043205e+00
-1.144726294498477337e+01
-7.110363530367902030e+00
-4.748193662848974839e+01
-8.547425864200505430e+01
3.111775641773669676e+01
-1.309561325134520615e+01
-4.464012313219995463e+02
-2.681445231076440336e+02
-3.376002996153324034e+02
-1.056287818892455334e+03
-1.464968401674214533e+02
-2.570626959104120033e+03
7.840201811928766347e+02
4.595428115313017770e+03
1.116689863947017102e+03
3.131751121050534152e+02
2.681007058925066531e+02
1.645626667065752372e+03
-7.940861144512371084e+02
-1.440701092478068858e+03
3.830110582783743212e+02
-4.655160345976973076e+03
3.721487592909453724e+03
-5.474226182929280185e+03
1.526402075118274524e+03
-8.547680013973696987e+03
9.478737067459943114e-04
3.758026201583687664e-02
-9.759312790231899903e-03
-9.237096603668559780e+00
2.496893518433838999e+00
2.382041281259598620e+01
-1.066408322132217990e+02
-3.068029146774374638e+01
5.315195480285063923e+01
-7.292669230672296976e+01
-2.022072465473453917e+02
1.503847045302620700e+02
-8.470125914856621421e+02
-1.840690492776109579e+02
3.560662094122265557e+02
-4.340652982929571380e+01
-6.591036524954495235e+02
1.552874836151317140e+03
4.695447042026762574e+03
1.413254669417339528e+03
-1.742085871217109627e+02
7.820505001495923807e+02
4.928741205721014467e+02
-3.969800134169433363e+02
2.634572035108241835e+03
-1.620033728854260460e+02
2.405726372001687196e+03
1.264681181922831229e+03
4.483465669211746899e+03
-9.624965335327551657e+03
3.783895302335022609e-02
1.242121143753842916e-01
-1.611212317303516994e-01
8.904995715451293758e-01
4.528518036334545194e+00
1.617181202134931794e+01
-2.426796713744905887e+01
1.108007274355028571e+01
-2.687441667763985720e+01
-5.069923032111809391e+01
-2.081794009436537181e+02
7.890965319293752600e+01
-3.349179845657978944e+02
2.632770389009040741e+02
-3.213790740597651165e+02
3.346776471866126457e+01
-2.540722654089437071e+02
8.483733168031067180e+02
1.755710141968191920e+03
2.071230419615798837e+03
-6.871857776171642627e+02
2.134995435571416238e+03
-9.647625865827301368e+02
-2.296352192689984804e+03
3.994425788346336503e+02
1.358783850904727387e+03
5.752638319461893843e+02
1.979372668682562789e+03
-2.700509886353712318e+03
-1.545989028492539319e+03
-2.190534990956252009e-02
-5.966052442286207819e-02
9.613944768727619716e-02
-6.777069442068303751e+00
-4.021178417216510148e+00
-1.449770743151033381e+00
-2.186952034824437163e+01
-2.173045648093224713e+01
6.990316516057202989e+01
-3.520569745470958622e+01
1.069341523712095778e+02
-7.262230439770875989e+01
9.903212880242676874e+00
-1.697651576087517356e+02
5.188831489363955143e+02
-1.390527937741067035e+02
3.631779862408713484e+02
-1.320418829852076499e+02
-2.550444433755934313e+02
-5.038468562116831890e+02
1.537851789881815648e+03
-1.660369020330896092e+03
1.686748648442692229e+03
2.247938938517776478e+03
3.217106445905616852e+02
-2.086250937188204801e+01
8.289965466818747473e+02
-5.179848006608096966e+02
4.646452822799653859e+02
8.891894290292194682e+02
3.045796022138110362e-02
1.010737713258885173e-01
-1.629974283302085547e-01
2.633477132559468359e+00
6.016727981867714625e+00
1.154442501441150881e+01
-1.230736997592186022e+01
2.682385164833107183e+01
-1.292835896260304480e+02
-6.943284074266831141e+00
-3.791554150968393628e+02
-5.462234565264540542e+00
-2.851883179304851410e+02
1.295906589313160850e+02
-1.232254984966534266e+03
-1.078051126443849171e+03
2.925366701785078050e+01
2.140167207149549540e+03
9.664378725439576101e+02
1.872902357989931488e+03
-1.922055136204740847e+03
5.248768680943891013e+03
-2.255131034416738657e+03
-4.740018026043869213e+03
-3.898303909665208380e+02
-2.381056608662392591e+03
1.328092957980892606e+03
-4.366170953876474414e+03
-2.491789536934054013e+03
-4.267583118812182875e+03
-1.237742397422830331e-03
1.006506258265473484e-02
1.028921696479681049e-02
-8.233346013261213514e+00
-1.496402997887010367e+00
1.226374145589062081e+01
-2.571234884883619998e+01
-5.415948535067590086e+01
9.579583934607056506e+01
-7.196803243176216824e+01
1.897155087016964501e+02
5.636311498934144026e+01
1.001605015464733270e+02
-3.924652056716294055e+02
9.364392798406582870e+02
7.463229996032482632e+02
-1.476010963154731996e+02
-8.957871351518302845e+02
4.626948204642688438e+02
-6.357928270981940386e+02
1.711822590471433386e+03
-2.127141666361375428e+03
3.723480664669894395e+03
3.595747509852155417e+03
-9.516517872228909027e+02
-3.365031477466932301e+02
-2.131243596774112120e+03
1.534598224165088368e+03
2.205066851221563866e+03
2.910938793045002967e+03
-1.722108143394938604e-02
-4.862970858721976652e-02
2.813193660846954880e-02
-6.354564142717841868e+00
-2.191379636174722201e+00
7.313169633594085450e-01
1.379189589746311206e+01
-5.896366812653795364e+01
1.446186651328360711e+02
-9.474227745343437590e+00
3.787310987194272798e+02
7.987268532625509465e+01
5.044389891284274654e+02
-8.318306317041784723e+02
1.766111131274894660e+03
8.892683539825926573e+02
-1.300757606665445998e+01
-1.661138512425560293e+03
-6.009740820764096725e+02
-2.223038233693758684e+03
2.322488690127411701e+03
-4.801149485164479302e+03
3.610607973065609713e+03
6.342398940694632984e+03
-1.772268290969570899e+03
-4.194799201804980839e+03
-3.117770187528840779e+03
-1.862460830688175065e+03
5.082748257623164136e+03
-3.952421000060474512e+02
2.122695057987218636e-02
6.142070402877214397e-02
-1.576155513364409233e-01
3.986610762076547410e+00
2.826578920577936582e+00
-1.583587900022383144e+00
-5.465777551931406464e+01
-6.348189658660089663e+00
4.315169662333057232e+01
-9.886648805589871358e+01
1.659931773968598065e+02
-1.317510034927933589e+02
-1.973021288048091719e+03
1.036186791164700026e+03
-2.693615667292909279e+02
-6.458255509015793905e+02
1.999083976863810449e+03
-3.668131417338803431e+02
1.883533002433679485e+03
3.574044906319894608e+02
9.447823115632113513e+02
-6.117693365519972986e+02
6.374896525675418388e+02
-6.824355115871046564e+02
2.535900068095271126e+04
1.357203946544539394e+04
1.441089607809363952e+04
1.979810999473108041e+03
3.033137269966839540e+02
-5.736115280962842007e+03
4.079641234284246687e-02
1.241644461051483322e-01
-1.465291757054430766e-01
5.914400107822753938e+00
1.407494352730482845e+00
-2.742461026655445000e+00
-6.690962112267075668e+01
-4.755892846306981880e+01
7.164313047818809821e+01
-5.418654392721807511e+01
1.048938225756082687e+02
-2.169604520261657967e+02
-1.507979897500540346e+03
3.149438122468847268e+03
-1.718009109900484191e+03
1.658613794149400064e+03
2.788271222102271736e+02
-5.740881867706121739e+03
-5.734198045100573609e+02
9.946512077809735501e+02
9.106164076041679891e+02
-2.014196023774319201e+03
1.155247026971477453e+03
-2.068044571813264156e+03
1.702372436604650647e+04
4.616200213669468212e+04
8.200198421551818683e+03
3.576044612174325448e+04
-1.051753833059431236e+04
4.750364470224360412e+04
2.749557669723830949e-02
7.203847807922036939e-02
-2.297213621712812237e-01
5.391754361458451328e+00
5.292479966085503307e+00
-4.607350119608514261e-01
-5.654840086990517278e+01
5.355515687648682643e+01
9.541609156790811141e+01
4.890478245451417649e+01
1.176580552796556987e+02
-2.077318988311949681e+02
-1.539205407652806343e+03
2.146276721756470636e+02
1.666485996236221183e+02
-5.377567200517416495e+03
3.233113525711529292e+03
3.300741799636963606e+03
3.499575927287268314e+03
1.195439159251424002e+02
2.474450240597699121e+03
-5.291761286574596852e+02
-2.719361224393498944e+01
7.082593010716323079e+02
1.743351301259126922e+04
-5.317076695952805210e+01
4.194503836323622090e+04
-2.829828604130603708e+04
7.262235178326650384e+03
-3.782670552771292569e+04
1.789625373226942304e-02
5.887586755126558019e-02
-5.053113649582618300e-02
4.446334514710587271e+00
4.825838440386566175e-01
-3.278947465098061009e+00
-5.257990420828501499e+01
-3.815212868054437934e+01
1.872174480359882764e+00
-7.840110877824304225e+01
-2.585726014322425215e+00
1.389798343784076273e+01
-7.397449466806539249e+02
2.569294062185851089e+03
-1.281438867319104020e+03
5.955396442421379106e+03
-2.412010296881242084e+03
-6.334961341998619901e+03
5.001692027722359626e+02
1.194758381846745124e+03
-8.130224881496600347e+02
-3.946004774076190643e+03
1.112928646608042300e+03
-1.207354449916148269e+03
6.399378980054166277e+03
4.020708836655456253e+04
-1.917750150891677549e+04
6.870196485837694490e+04
8.167680279608977116e+02
5.332803251843846374e+04
1.682435926308512367e-02
4.293037191925430651e-02
-1.103886497213083934e-01
5.575021352107834005e+00
3.032327850889054321e+00
-4.101307778232176737e+00
-7.786185174055526659e+01
1.567217747790183502e+01
1.438783267661752774e+01
6.808444326583247630e+01
7.997402986975873773e+01
1.273165243555426862e+01
-7.114746780496277552e+02
-1.227382489834773878e+03
1.309369384991451170e+03
-7.583297422105576970e+02
-2.738978088338309362e+02
1.735654780566772388e+03
4.378556892069719652e+03
-4.062440723191626148e+03
9.210786644652815767e+02
-4.381147668954471555e+03
2.777612628064628097e+03
6.614358955958488878e+03
1.708188888875761904e+03
-1.478320285921038703e+04
3.312583590471924254e+03
-3.205013903464170653e+03
4.347292678052146221e+04
-2.985955679351119761e+04
1.262008399422540192e-03
9.244296306260264481e-03
3.257276138271711363e-02
-2.521873257313734573e+00
-7.739059010940947392e-01
5.748942489479986762e+00
2.068525770986949297e+01
-5.349115936167418539e+01
-1.035401058727913437e+02
-3.702641054129448150e+01
-2.901624533271868245e+01
-1.268882276505251809e+02
1.369311485468050478e+03
3.284841286276430765e+03
-2.408937572553840255e+03
5.814371478494887924e+03
-1.997434164156443330e+03
-1.197448937768527321e+04
-1.240023262704624358e+04
-1.362822258384741190e+03
1.162773916391700823e+03
-3.314387104337125038e+03
4.236611929056275585e+03
1.202107740728658200e+03
-1.225657967459464271e+04
5.327331355826560321e+04
-3.397940484296905197e+04
5.788888953171682078e+04
-3.561335086654021870e+04
1.443978579798697319e+05
-5.718590891414427890e-01
-4.921965051921431411e-01
-4.911785616117162467e-01
-8.964840464534831743e-02
4.907548665587602166e-01
2.267199667317093270e-01
-3.946904174294312839e-01
1.913731282622388175e-01
1.684418491477466251e-01
1.170391407710444365e-01
3.541072987298840569e-02
-4.667429331090341277e-02
1.455067649945454566e-01
-5.474223672205451308e-02
-7.639104342531166658e-02
1.604904141563010672e-02
4.187172525651544630e-02
-5.774290301487265339e-03
5.000248913491234237e-02
1.318806649762020071e-03
-2.134654728850620894e-02
-2.760792652999886562e-02
-1.318227182882352778e-02
-8.352060607280312535e-03
3.059682124498520547e-02
-1.109052289446636275e-03
-1.882928817999283619e-02
-1.400642964631849952e-02
9.155994962620487426e-03
1.477277932630530720e-02
-4.498269760416703789e-01
-5.704196658934823638e-01
-4.256137179956306915e-01
6.387521491059761081e-01
4.797049146451520807e-01
-1.071565822063700636e-02
1.437178271193361168e+00
1.485751943489250770e-01
-1.228514662288091586e+00
-6.139368584981024224e-01
6.165921997598491217e-02
-8.392547900041772424e-01
-4.959059480694810174e-01
-6.914819030490144958e-02
4.738950716285184606e-01
1.718716960135971972e-01
-4.097464499851526387e-01
1.031661360744361849e-01
-2.047859305158687693e-01
2.818955202858922093e-02
7.205853545686602413e-02
1.395184327012975178e-01
5.387109967600164223e-03
1.084542845638276735e-02
-9.596551371405633024e-02
6.616958227138390602e-02
1.473223220151219648e-01
2.178710923369445510e-02
-7.209453748437649745e-02
-7.320096016421190344e-02
-5.235541961245701037e-01
-5.518626201735326031e-01
-1.332572913709882734e+00
-6.649327270380945842e-01
-1.168482257692567750e+00
-1.394712660035273499e+00
5.595457477362293375e-01
-5.933844517794498730e-01
1.440332517628544473e-01
-4.147098424790210403e-02
3.715141065157158418e-02
8.389078048840118429e-01
-2.166985132378914103e-01
2.102911927835952044e-01
-2.619786676604539746e-02
-2.062741145870308213e-01
1.400119067119928451e-01
-2.002879168499515153e-02
-4.225464099343554519e-02
4.117134584301575598e-03
5.428230588171571724e-02
1.378781503849737557e-02
1.903580561199127996e-02
3.431294535449130184e-02
-3.861552790416016706e-02
-4.221621929675318380e-02
-4.702280721557347554e-02
3.525519293797792914e-02
3.632698032102171792e-02
7.412552635031165876e-03
-3.302039641799699166e-02
4.402032823723809329e-01
-7.603167265248327311e-01
-4.285825019571595895e+00
-3.403817985123644529e+00
-2.171831874192118761e+00
-9.456097515290814215e+00
-6.343508859036107728e-01
5.098177530588628770e+00
-2.483290436892575670e+00
1.644874383551369945e+00
-5.071762089100245952e+00
-4.865555950414340636e+00
-2.073375954506925467e+00
6.076223460653565667e+00
6.139538324508814426e+00
-1.108298142275137543e+01
4.706805843709791048e+00
-1.188003038233624231e+01
2.718992924895097252e-01
9.653288546988917362e-01
8.022542178262266788e+00
6.551552839359669811e+00
-1.466724825707087732e+00
-2.833831086653423093e+00
3.432549074016190804e+00
6.983510775682682414e+00
1.077270637114892571e+00
-4.794748875375836050e+00
-4.600648681744979207e+00
-5.015439154187799620e-01
-3.918399421146782635e-01
1.203546084040113984e+00
2.905283981342905886e+00
7.616284736584733039e+00
6.650723285601774393e+00
2.381172716456845251e+00
-1.697391613928336485e+00
-1.588506781350655928e+00
9.305693146855817943e-01
-6.276135408883202871e+00
1.791468813753288813e+01
-9.610039806039642585e+00
3.354911104055545490e+00
2.022439277245448697e+00
-7.905476833495195699e+00
4.459436848507906115e-01
-2.994613221778213763e+00
-3.449317711973010958e+00
-5.950179186079769700e+00
-4.741238974099124093e+00
4.074292163947674239e-01
8.582780400332433501e+00
-2.925857299053939098e+00
-5.722761802328050429e+00
6.281535771883602903e-01
2.682766919185965104e+00
3.884215065040974579e+00
-4.882266518329333671e+00
-2.710091941864810394e+00
-2.165408408791907602e-01
2.446929157401939864e-02
1.403436041065599271e+00
2.083853044417396383e+00
6.617203662845779100e+00
7.317559922421609464e+00
2.229905954469115326e+00
-6.565654996076639716e-01
-8.662628443314689120e-02
-2.743523482881319975e+00
-4.675147456795264667e+00
2.100809098633047611e+01
-1.176429976319453452e+00
5.035146634901617624e+00
3.610159607677099203e+00
7.538251910474770057e+00
4.762964742178595334e-01
9.886216116886673788e+00
-1.410155745144219352e+01
1.456034190475959988e+01
2.045451129936652990e+01
9.988853094720679948e+00
-1.019039785942917220e+01
1.050068167841719280e+01
7.391532410335259762e+00
-1.395477446954474177e+00
-2.713832489225052935e+00
-4.659147552095717515e+00
1.095098998977506533e+01
1.823345269515369127e+00
-3.598848357135600584e-01
1.275909597850392929e+00
4.222525076713068426e-01
-1.290120997411509052e+01
-4.201427658273061638e+00
-1.799048042649839640e+00
-6.215356021263400521e+01
2.096207702572640663e+00
2.864884663722552816e+01
-1.366944619267735384e+01
5.882572932997462978e+00
-4.066963496725417571e+01
-1.661064607378586970e+02
6.683746551806033942e+00
1.065625158349018449e+02
-3.529584596205033620e+01
3.900634330736509892e+00
-3.949131408692569067e+01
3.780700951403221932e+00
-2.089707182104083216e+01
-1.915982577274655441e+01
-1.001937457660046960e+01
-4.960135032330720151e+01
7.168541254793814321e-01
-1.996832289063732446e+00
-3.382917556902888379e+01
-6.079321423588996964e+01
1.506877580104298708e+01
7.139410926630944232e+01
2.412736936370043139e+01
1.815432879522303478e-01
-4.011531380555599657e-02
-5.253729898925149078e-01
3.041099431342804138e-01
2.618445392760624379e+00
1.133479388206642957e+00
7.000498915430073410e+00
-1.354956801488530260e+01
-7.149109985230754916e+00
-1.477470204432622003e+00
-1.385004945359617778e+01
3.612087925206260763e+01
-2.343484871261519054e+00
-4.298649743115842625e+01
-1.588297305234615386e+01
4.652953727347038182e+01
-8.292968090637724288e+01
4.260629989715588550e+01
-1.180351565981100137e+01
-9.951578138155603881e+01
-6.848782685702472861e+01
-3.969363149619454800e-01
6.368811504061348217e+01
-4.411186767919795670e+01
8.827394368241938594e+01
-1.662620770129842640e+01
-9.959376499405387051e+00
-6.064413419174598374e+01
3.726884927133965419e+01
5.883496801648444574e+01
-1.708146822049974034e-01
1.101597292761691715e+00
-1.087845380797016620e-01
-7.226002328222606685e+00
-1.763745201874063362e+00
1.807097423053947161e+00
-3.183858410256809535e+01
4.181833165924864204e+00
2.755230174880082217e+01
-2.572992902183373065e+00
-8.507671579322391153e-01
7.371083378352618176e+00
-7.429486870078667948e+01
2.489633914394457292e+01
9.885744378916366770e+01
-1.930090006293068683e+01
-1.010818958645155163e+01
-1.203836357500794740e+01
6.001026035975442596e+01
6.251723470669162452e+01
5.178999115312413437e+01
-1.151963929058101570e+02
-1.712590424258320354e+02
1.399042923199305122e+01
-7.697139631900779477e+01
1.968582298748547998e+01
1.209726410828479573e+02
-2.106525884235772139e+01
-1.161449310563731672e+02
5.037873507257907590e+01
1.133582026915568447e-01
-5.917347190745624319e-01
1.795125902430369860e-02
-1.333183200464190532e-01
-1.434135488337837216e+00
2.223707228434986138e+00
2.851230493545852340e+00
1.095092338147341193e+00
-6.638042006527695271e+00
-4.377139286563033238e+01
6.519563479875544409e+00
-2.393769654881446218e+00
-1.203527485272916531e+00
3.318306132247208939e+00
2.717915105099186235e+01
1.409534595280534575e+02
2.291133067903746223e+01
1.078208841742919333e+02
-1.802591406286587130e+02
1.519020130070687173e+02
1.162731973756107351e+02
8.085287292906866696e+01
5.593917659519298269e+01
9.749744746519054317e+00
1.013101824790270626e+02
-5.272208730081501216e+01
-1.658983704513277644e+02
1.195248229701450811e+02
-5.306640752428199903e+01
5.579835324532268004e+01
2.778043694615921905e-02
1.357023713755530769e-01
1.963374911073632878e-02
7.286396298186174070e-01
6.235798159826380527e+00
5.313766217445510698e+00
2.592080536105882516e+00
-1.146558929755198086e+01
2.536510144749213769e+00
2.032679486120301249e+00
-2.632850837212768980e+01
6.139251761620686665e+01
-3.159808374396276420e+01
-2.499376362349125813e+01
3.135743304474987880e+01
2.702281953952657290e+01
-1.267112910183493284e+02
6.278968727791250615e+01
6.535088286915146227e+01
-4.802407009406442739e+01
-1.321794413324860216e+02
-1.130843408955767728e+02
-7.587272820446811750e+01
-5.628148079212068922e+01
5.504425260803920139e+01
1.966897873254765372e+01
7.525558458491001090e+01
-1.331010606595810088e+02
-1.575841445202059674e+02
-5.978891097495906592e+01
2.848267565271752483e-02
8.432832567803608681e-01
-8.711761697765656454e-01
2.433121619674359248e+00
1.810328743964945986e+01
2.188129804716508886e+01
2.682374508070145680e+01
-3.328613768249351068e+01
8.233465076077933986e+00
-1.097313193584594337e+00
-6.030007624785022102e+01
2.540914418434333015e+02
4.918275386737531107e+01
-6.747422044361489668e+01
7.696958192722091496e+01
3.418342622409781484e+02
-3.837658712824684244e+02
2.763266574840327507e+02
1.689309375472611237e+02
-9.690429774337455626e+01
-1.413904785157518518e+02
-3.481595814321522653e+02
-4.127312793806165701e+02
6.433545906824408078e+00
-3.601994210442056499e+01
1.202505925731501151e+02
-1.623397061181613310e+01
2.584590212625161598e+01
-7.966572744221723212e+01
-4.546472168385019330e+01
1.824116464639030100e-01
-7.618858287733673018e-01
-1.143444440221083463e-01
-7.752066577102698197e+00
7.709580014350576604e+00
3.653198015528512865e+00
-1.480811076961449544e+02
-1.388221199852172028e+01
4.848275768762555771e+01
-9.573830833401025586e+01
-1.889598830965605814e+01
-1.021494000898557175e+02
-1.373280835736601830e+03
9.028036565449059481e+01
7.087821376397295126e+02
-4.634171621301538835e+02
7.121536635456506019e+02
-4.231508215089113492e+02
5.603205285706928152e+01
2.971378556365306878e+01
-2.054664402538785453e+02
1.313164401831415518e+01
-5.434786071882629130e+02
-2.061711195937599825e+02
4.634737888371518238e+03
-2.055880930887763327e+02
-1.885538854088232938e+03
-2.905405691407278937e+03
-1.973179489296744578e+03
3.636828504202003955e+02
-5.372744432125702713e-02
-1.008225029677173486e-02
1.940964299683876904e-01
-1.282087277480351784e+00
-2.703770948354001558e+00
-5.318977045967960393e+00
1.641106640030005082e+01
-3.612252885788985424e+01
-2.270012011076409664e+01
2.807846954866900280e+00
-4.012945546110322681e+01
7.719242256449616946e+01
1.478825265410309839e+02
-4.068002407350558656e+02
-1.721207329463214535e+02
5.420566610611559781e+02
-7.318984693519390703e+02
5.560963373545727109e+02
2.022416783231136037e+02
-7.163810987726674284e+02
-5.093329928346266797e+02
-2.887904319952780838e+02
7.239922295405425423e+00
-1.516111342768932673e+02
-8.496573372921511691e+01
-1.609597832929652213e+03
-6.188683652515921949e+02
1.339571826648480737e+03
2.807424749982401863e+03
-1.827736837110980161e+02
1.058067156943713893e-01
-6.401103926901975383e-01
7.374899293553226209e-02
-7.399401858024936551e+00
8.243714519991699463e-01
6.638339754974621698e+00
-8.972289841869618954e+01
1.790466682621343342e+00
6.225209948095565693e+01
-9.523720931540030676e+01
-1.241507901785324108e+01
4.848585744126064867e+01
-7.313348477604815798e+02
1.120408292658842697e+02
8.852497447601652993e+02
2.821115338049417005e+02
-1.295994339582360340e+02
1.420728381133308744e+02
2.866904657299107271e+02
3.565864453124634679e+02
1.195727758889701420e+02
-9.382151041763681860e+02
-1.399473862767141554e+03
-1.055094811213809720e+02
2.008731480931590795e+03
3.070875988059341921e+02
-1.767516954143761041e+03
-1.045654183082712962e+03
-1.375634651878609475e+03
3.267260400267551290e+01
-1.133866132266396487e-02
-1.630739530070388354e-01
2.022420808966278460e-01
-4.424324522972234774e+00
-7.530100735335321538e+00
5.278430194301395595e+00
5.635786520206195149e+01
-4.285067102699620278e+01
-3.925495047297720674e+01
-1.314370712900789044e+02
-2.738051345046098817e+01
3.415843466332296998e+02
6.633623381191690669e+02
-5.254837739315108820e+02
1.356938198296273512e+01
2.752569927947218730e+03
-1.718811395871279501e+03
1.933127496441128642e+03
-1.880745633241700148e+02
-2.249207147042534132e+02
-3.352026102263995995e+02
-1.123604042569352259e+03
-7.522915872395442420e+02
1.678102405943968733e+02
-2.337132502264306822e+03
-1.958321532268340206e+03
-4.705708074407186359e+03
8.210190742772016165e+03
4.780232727073908791e+03
-1.150193398282382532e+03
-6.727714007917254269e-02
5.407178598099077194e-01
-1.761241725942301051e-01
1.066678435164775607e+01
2.364216314965534860e+00
-2.832788278000662796e+00
-3.000304641801378480e+01
7.174784431796403794e+01
1.507040345112467961e+01
4.633302402949600918e+01
1.193748904432740687e+02
-3.678358203276796985e+02
-5.303608415037880377e+02
6.472652090930652093e+02
-1.824781325677734856e+02
-1.832002961946413279e+03
2.904706767286477771e+03
-1.769528496867217200e+03
-4.732809313449940873e+02
9.768585751457052311e+02
9.876442878858644008e+02
1.344573590909538780e+03
1.191949834504461705e+03
3.014832987201022618e+01
3.032251620654011276e+03
1.763589394234143356e+03
2.005191638611526514e+03
-4.203629892400544122e+03
-6.372071859567120555e+03
1.105563842589898286e+03
1.316331591565366062e-02
-1.401964593702737794e-01
2.509920616696544038e-02
-3.843879694107120493e+00
-3.292690361044027458e+00
8.610657063586362625e+00
5.061208913414165522e+01
-3.829017370641583540e+01
-2.842540583380471730e+01
-1.103482323062799821e+02
-5.461174179782244664e+01
2.688612054084359215e+02
5.353971468604725032e+02
-4.727210187435366606e+02
-1.432963259218530361e+01
1.896560844314562473e+03
-1.591404932598381492e+03
1.753969232861473529e+03
-2.583519717615120044e+02
-1.272406141558060284e+02
-3.679079394488089179e+02
-7.263026777605780353e+02
-3.613023679418106440e+02
-9.053637340378278608e+00
-2.018271854910080719e+03
-2.298006955105804082e+03
-2.696226330070500353e+03
5.350088268892007363e+03
4.588955542898555905e+03
-9.515212296561296625e+02
-4.606513034066942597e-02
1.969058509557108927e-01
2.778479357843520112e-02
8.573587147336903413e+00
-1.544739486582871413e+00
-1.276600096753340985e+01
-2.579387413555666697e+01
-5.724333298334133069e+00
7.139191586033611259e+01
1.826560506956829215e+02
-8.417287885731352048e+01
2.084074146211522702e+02
-3.478241323961781291e+02
-2.368437009525060830e+02
5.732328604181179799e+02
5.066957611467948652e+00
-1.113163939140481716e+03
3.482626138658303283e+00
2.883033446365857344e+03
-1.299288703225685595e+03
-1.530981113766260705e+03
-2.860895037085756030e+03
-3.569518989264603988e+03
-1.240532649226645106e+02
3.947618350567966559e+02
-3.030893755067491497e+02
-9.622172520397988649e+01
-4.734552283672007320e+02
2.832930545687740505e+03
-3.520036770751305085e+03
-1.150532255577884667e-02
3.491216882152953921e-02
-1.786828846975177174e-02
2.584606530585364492e+00
-7.412706340342158029e+00
1.609456211800873859e+01
1.593817512940905878e+01
9.476764820780415732e+01
5.551114060394505145e+01
-1.353010808003310501e+02
7.635240180918425779e+01
-6.271582728434589171e+01
1.279906185896192454e+02
7.289044110604321531e+02
4.103042751651672688e+02
-3.233163281253929711e+00
1.291593574511463430e+03
-3.627037002868162574e+01
-9.472767180534419822e+02
3.278625485779397877e+03
1.854908241789281874e+03
-6.988510004466874648e+01
-8.096661401593675009e+02
4.981057147389335000e+02
-7.192555577765577937e+02
2.430018232071388866e+03
1.622122905205641700e+03
1.288440481684960446e+02
-9.800674442225137682e+03
-1.385314491684179927e+02
1.755601045245624298e-02
-6.920786875654558190e-02
-4.010317895862401671e-02
3.417449429003912020e-01
-5.838138550640276314e+00
1.984660982780402350e+01
2.324443511756807723e+01
7.119682306861008669e+01
2.425726010423244006e+01
-1.192774669047869196e+02
1.497980913872999906e+02
-1.670553598766428536e+02
3.242377883115099166e+02
5.228293222671017020e+02
4.582175593461838758e+01
-2.240499705101950383e+02
1.342723246062996623e+03
-4.465231346855847505e+02
-1.597482692278173090e+03
2.045941787010331836e+03
2.858387169396382433e+03
1.301785908506343958e+03
7.191826805619043625e+02
7.319021793185113438e+02
-1.352178191104492726e+03
9.586070707407501459e+02
1.743754544594399931e+03
7.787546275004126528e+02
-3.906703771049430088e+03
3.134739418426060638e+03
2.629282009320050434e-02
-1.261382992843491369e-01
-1.147140374400518366e-02
-5.931657474232284954e+00
3.069920033255976177e-01
7.392306253011586392e+00
3.729285633394294308e+01
-3.454584250391577793e+00
-1.318143315197739298e+02
-8.432689802691994885e+01
1.088575485247796593e+02
-3.534816526953375728e+02
2.355117351509193497e+02
1.966447387876127380e+02
-1.252788767148683519e+03
-1.210891136819563599e+03
1.685037104930238229e+03
-9.060939929722950410e+02
-2.934921585838612373e+03
1.419567267413579543e+02
1.067129863226740554e+03
5.135983388572332842e+03
4.810524171512673092e+03
4.242418323548023977e+02
2.351276692538817315e+03
9.582273758980910543e+02
1.324816949962470062e+03
-5.711859807941206782e+03
-2.060930936018823104e+03
3.924655634912795904e+03
1.592252220482498482e-02
-2.963287800980913059e-02
-1.866127153423185331e-02
-6.387687797905315712e+00
7.957556586715496927e+00
-1.008977281385263503e+01
7.023851855367193764e+01
-4.333697639819553871e+01
-1.581383573967863470e+02
-2.480256014444817581e+01
6.280467373271994092e+01
-4.039414712621884291e+02
9.854890495036856919e+02
-3.879269766097622352e+01
-1.794064615045750543e+03
-1.079153949819856507e+03
1.189479510952042801e+03
-6.361180686626014449e+02
-3.571315718807598387e+03
-5.109032579049799665e+02
6.426618359757682128e+02
4.746630673292945175e+03
7.953107268090592697e+03
-6.841119639244078598e+02
-4.307737618259572628e+03
-9.872154850192129061e+01
3.508498194802469698e+03
4.659988051799672348e+02
1.777759780784853774e+03
6.124741256761149089e+03
7.979236274774058335e-03
-1.510477463319624680e-02
-2.844765774426223290e-02
1.505947862232875689e+00
-3.168458511981390391e+00
1.068769174559099611e+01
5.036900553934790803e-03
3.600164707135023434e+01
9.112519386721993797e+00
-1.784791627654728075e+01
6.990707658036646421e+01
-1.002791215612304399e+01
1.614899869127535226e+02
1.150904598555656406e+02
-7.422782446185422600e+01
2.448714863177767427e+02
9.197020161633339796e+01
6.764491844004687948e+01
-2.359959705636609613e+02
4.483977245505299720e+02
9.309975289508291780e+02
4.939773506206714160e+02
-7.124518292949261422e+02
1.317997944102844258e+03
-1.677483021925618004e+03
-9.098831380562924096e+02
-2.611012307527218468e+02
2.917966386439567941e+03
2.619517000887113682e+03
-1.359262874162072023e+02
-5.181705068994294644e-02
2.314225726785090198e-01
1.545958793394542480e-02
5.421420166466270452e+00
-4.866367956792762683e+00
4.020146218939419036e+00
-8.825815860821539793e-02
-9.712255220173676662e+01
-9.232477027717204976e+01
-2.823094766287205175e+02
-5.905697404023299413e+01
-8.816696554456693491e+01
-3.912249887416646743e+03
-4.107802856749720490e+02
1.202335946297139799e+03
-1.094230596137539123e+03
4.996757969495729412e+03
-1.260364701807371830e+03
-6.449508692158813119e+02
-1.497908145622834013e+02
-1.178936014295121367e+03
2.394172670135587850e+03
-1.273756957540577787e+03
-2.074614429143124653e+03
5.327744038718903903e+04
-1.491382668610648352e+03
-1.544978728049979691e+04
-3.659253640582022490e+04
-3.213396624777172474e+04
3.041053290872357593e+03
-6.726514944812279581e-05
-5.678257169621429151e-02
4.261119118540197120e-02
-2.013616583329138177e+00
-3.752858256620560939e-01
-1.751367880270138788e-01
2.456432199481303513e+01
4.632484673957836918e+00
1.079762256017351341e+01
4.946993648153863887e+01
3.062383387050338968e+01
9.610574020173034171e+01
-4.188691340623182668e+01
1.228065812084652180e+03
6.195884558717925756e+02
-1.751496489679198703e+03
1.457744159643982584e+03
-2.546426616477648167e+03
-1.187924398185689938e+02
1.987164343714600818e+03
9.524198890799245873e+02
5.284245094464780550e+02
-3.987581689194637988e+02
-2.742624007572420055e+02
2.216167710935112609e+03
1.821909520963543400e+04
7.937592978347909593e+03
-2.070979192544981925e+04
-2.766252332450181711e+04
5.749845014822567464e+03
3.163776952237610379e-02
-2.147983908798564434e-01
5.256061233788927173e-02
-6.783239326215952048e+00
1.865240758255159559e+00
-8.871225746710994509e-01
6.289514936057181416e+01
2.247357265018503725e+01
1.058229839636791496e+02
2.220453127538447688e+02
-7.975731407800967077e+01
4.003826882916199814e+00
9.755018808884846067e+02
1.078944113671449259e+03
1.590720748328566572e+02
-5.565871284908289454e+03
1.045275586715157488e+03
-3.420227810522052550e+03
1.277946761850810390e+03
2.719245774865337353e+03
2.382310787087766130e+03
-5.711390295255296223e+02
-6.897996086972322018e+02
-5.139767782796844813e+02
-9.504621677117022045e+03
1.413133310170291770e+04
3.927893999320134753e+04
-3.184359362464043079e+04
-3.068445823367125558e+04
5.258872823865734063e+03
2.054525531204795530e-02
-6.693724182697240177e-02
-2.816494909526710833e-02
-2.451833488893087054e+00
3.923234869381317935e+00
-4.136778017139170593e+00
-9.144447704825090284e+00
7.402816843731528706e+01
-1.080554720791380419e+01
-1.529021087553756963e+01
8.945771394738960680e+01
3.205535618919529384e+01
2.850693900412769835e+03
-9.018416226533495319e+02
-1.153580039438907761e+03
7.578620478855629699e+03
-5.476498739810383995e+03
5.609229394702980244e+03
1.961096822005617968e+00
-7.030151862609993714e+02
-6.947428109415183144e+02
-5.527440133447986227e+03
-4.107086865532323827e+02
2.083885094246481458e+03
-4.309883327296959033e+04
-1.956920240769220982e+04
-2.245092556866600353e+04
9.224499862181654316e+04
5.583992966692365007e+04
-1.933346839291568540e+04
-1.302177188708954041e-02
9.758898213113093023e-02
-3.379726995022763053e-02
4.541150947977977914e+00
-3.532320116858967740e+00
7.906577401548591233e+00
-6.921545675229141636e+01
-3.102580851649749505e+01
-1.170055727228129712e+02
5.344537904272461759e+01
9.062700722707924683e+01
-8.128779862701439640e+01
1.878386579661148744e+03
-3.122727724163249604e+03
-2.409459234168248713e+03
5.506417962312546479e+03
-8.878985623610078619e+03
5.882606866690423885e+03
2.517035870854302630e+03
-1.240821858411895846e+04
-4.292118781228535227e+03
-5.060442313898635689e+02
1.368326929290568842e+03
2.922131152400539122e+03
-3.591352826795292640e+04
-3.714769679078738409e+04
-2.516179639739162303e+04
6.107318171867256751e+04
1.393632330118181999e+05
-1.021113437102866919e+04
-1.314270978313690323e-02
6.680453425852291016e-02
-7.232361522128604760e-03
3.169402132445459319e+00
-1.471982796724353726e+00
7.395130873309859743e-01
-2.376061901842417967e+01
-4.765821995036298375e+01
3.397179011919496361e+01
-5.872493211849739936e+01
7.191638993855332274e+01
-1.075676125028109276e+01
2.285883108576730081e+02
1.686938445347600464e+02
-4.357047613957228691e+02
-9.866599253267531822e+02
2.042414987693359080e+03
-1.703147047249069828e+03
-4.703265167131739872e+03
7.855639710291578695e+02
4.227608314997123671e+03
4.932216628790924005e+03
8.079094789883606609e+03
-1.640916555103655128e+02
-2.200282700378075447e+02
7.692194484916024521e+03
9.336740386565266817e+03
-1.758975694855892289e+04
-1.850922648849961479e+04
3.488465911732241511e+04
-6.037159757984820185e-01
-2.121495311801617767e-01
6.521819770589497578e-01
-4.348827312177078186e-01
-3.011548622287421040e-01
1.953858083929316536e-01
3.342676674849420770e-01
2.134661436110436294e-01
1.741536129191207927e-01
6.303297136153890312e-02
-1.037296312205678445e-01
-1.794862275343753893e-02
-1.131742630340054345e-01
-8.577809854363142861e-02
-6.988503190003027277e-02
1.861780201838326640e-02
-1.713973183199445083e-02
-2.496725437787348026e-02
-2.414677017502194281e-02
4.324509726609047228e-02
3.229924262119621050e-03
-2.618074780933925955e-02
1.449781745228167530e-02
-6.695787309687265335e-03
-1.507501048388771095e-02
2.412682148730274645e-02
-1.473932541881994504e-02
-1.105162539083305584e-02
8.957767477421720373e-03
-1.508877224002862227e-02
-2.632913303421786644e-01
-7.213649474487834334e-01
6.486327916738389154e-01
1.548265867445912436e+00
-2.174439803107863778e-01
-9.331440527322434342e-01
-4.432267333452774016e-01
4.817821152879820934e-01
6.596437509261411369e-01
-1.081264553990801014e+00
-3.002693782402532929e-01
2.802456685177095452e-01
1.539111783772292574e-01
-1.620679355538567901e-01
-2.461027825983642114e-01
-2.795287145831184539e-01
-2.088469949169175777e-01
-2.100169134318942699e-01
-1.287994263168309138e-02
8.920533967142836584e-02
6.694505700326402672e-03
-7.179762670185629858e-02
-1.609522311079436899e-02
-5.701998649433978605e-03
4.797167690758077918e-02
4.570846919882547849e-02
-1.094083699793856751e-01
3.090528809904488292e-02
8.035822328250232308e-03
-7.363642604760133048e-02
6.350339145914390970e-01
5.272011254283134329e-01
-1.102037300449543844e+00
-1.074505313508321847e-01
-3.020216634652727050e-01
7.085008056172223956e-01
8.317877257238670552e-01
1.330183413064039533e+00
1.171082245483415107e+00
-4.784153433504626518e-01
-5.672815178419028381e-01
-1.129989702860981632e-01
-3.046592288456605457e-01
-4.761106019889006502e-01
-4.499737744356893665e-01
-8.418353707393654017e-02
-2.244874149472939062e-01
-2.145393770043499404e-01
-1.035536003629091428e-01
2.360748845115709094e-01
-1.995946409874187893e-02
-1.555625977295914120e-01
4.193667701167134998e-02
-2.518066778746763483e-03
-2.185714268471970062e-02
1.165373340589820617e-01
-1.150684004763292134e-01
-2.513501867863219760e-02
3.887881129316381190e-02
-8.530947746839986912e-02
-4.630894586844991334e-01
1.525940527685409220e+00
-3.041433258570746534e-01
-1.036849158966765927e+01
5.889730267516608830e-02
5.916230049445424299e+00
-4.113424911609566692e+00
-5.546950943640192477e+00
-5.190286533825398507e+00
-1.945681350851926084e+01
-6.383586052643432929e-01
3.230012459474272402e-01
6.424309679051315669e+00
2.863160065108780739e+00
-5.244333235688615202e-01
-9.193576666305490974e+00
-5.615732558527121832e+00
-1.798460950514966905e+00
-7.307439125797096091e-01
4.365921575975094449e+00
-4.672624678324948988e+00
-3.085363903539493524e+00
-2.706680567554846650e-01
3.159792958972916121e+00
2.479909108510828464e+00
-1.897814482351318333e+00
-1.204243661633135565e+00
2.130534032574839198e+00
5.127187141146967164e-01
1.137613102422785571e+00
2.611456362417471921e-01
1.997030437848123230e-01
1.509181916301849113e-01
-5.323256393839121969e-01
2.395243140432694151e+00
-1.390235527201568289e+00
-2.029708870177875824e+00
-7.080766424882374288e+00
-4.075597465891299898e+00
4.382861439613609633e+00
-1.966022555074659728e+00
-3.709775579374119392e-01
-3.993227077071452413e+00
-7.968018672594531893e+00
-6.525013254232719717e+00
-2.035131175225289635e+00
-6.573660362451687611e+00
-6.537984071964330290e+00
-2.121327162661088117e+00
1.090253400410270856e+01
6.344150419147432274e+00
-8.132069637849657084e+00
2.758124931750332021e+00
-1.049398558554753969e+01
6.686777933622155279e-02
6.458369502801756923e+00
-7.633445790502280559e+00
-1.404820195651517389e+00
1.951417342224009088e+00
-9.059210309934204730e+00
-1.790756298053442497e-01
9.472593328634020260e-01
-6.926187037906953448e-01
-5.858636420592707061e+00
-1.353652942550588989e+00
5.621095532155169217e+00
-1.175852576639483837e+00
-7.818314263370115258e-01
-1.089108270729769734e-01
-1.768884707368941278e+01
3.505870566760252327e+00
3.725735035300218101e+00
3.621141259274986091e+00
-2.113209843028472701e+00
3.659374007985602084e+00
7.774166112014674113e+00
7.132527218453288853e+00
-6.666496983914293573e+00
1.050398568509733188e+01
-2.171127972604758227e+01
1.964372094997368023e+01
1.065472494932656389e+01
-5.071857790934736876e+00
-1.437904555611665103e+01
-2.965899558149353243e+00
7.147618603236249868e+00
-2.698945665043035014e+00
-2.898031434519298344e+00
-3.455192756820597122e+00
-1.042002828592103114e+01
3.036961102993404604e-01
-2.934200426202920875e-01
8.590218199086425699e-01
-6.568298999082466949e+00
3.251371879445169366e+00
1.059164625108208746e+00
-2.571015497917123582e+01
-2.421545985581127169e+01
-2.348169606166381485e+01
-4.996305896053020490e+01
-2.592381252203065589e+00
2.972488082015453337e+00
-6.681425507869785463e+01
-4.675708948098932893e+01
-6.673609225512340970e+01
6.017208595082124845e+01
8.307564983730928532e+01
2.668296414878182432e+01
6.584484519858730067e+00
1.301712357260762332e+01
-7.236601820606550461e+01
9.354733591993072750e+00
-3.285902029098071608e+00
7.804425583406049327e+01
-3.927536674281346052e+01
6.042906365936541846e+01
2.980293348098882333e+01
-5.493003120190597599e+01
4.376789276535711082e+01
-1.904024512454092743e+01
1.933183158035308991e-01
4.305816030192060051e-01
1.071781920283490619e+00
-7.612712780560501713e+00
8.756929900946875733e+00
-2.967393924400231198e-01
-1.956987388352458268e+01
-4.810591627516081559e+01
-2.606381551325476664e+01
-1.458925562342076176e+01
-1.386313177964895260e+01
4.394214458477403440e+00
-5.752946734948237406e+01
-1.383350209701005156e+02
-9.323978134866707990e+01
6.909212622800167125e-01
-1.485523437476306619e+01
-4.073106380391710246e+01
1.924648238831935920e+00
-2.238688474874260947e+01
8.061195214133063303e+01
-1.927615443778594173e+00
-2.510683805004984848e+01
-1.813107748613681514e+00
-1.114656375497973961e+01
-5.694502969164866357e+01
5.969917230309133771e+01
1.206742533505023918e+00
-7.171486762903148460e+00
9.743861943638698619e+01
-1.762593797658380812e-01
-5.793825072392597697e-01
-1.072684223347971644e+00
6.449986400931513764e+00
-5.950044725124740808e+00
2.105148610142005605e+00
2.182596683582618269e+01
3.060378641734094529e+01
3.464228468466263422e+01
4.012626576612630558e+00
3.305914435324879275e+00
1.297293594158549945e+00
6.656088568544375050e+01
6.214154395758359328e+01
1.159243059421317241e+02
-2.795744152773838564e+01
-1.855452378600326924e+01
1.331601685609392405e+01
1.092717528244932090e+01
2.781104325344185568e+01
1.052365327902467129e+02
-1.134867895994301108e+02
7.431600233681511725e+01
-1.671200747859678870e+02
2.898628504030109454e+01
-7.879322925748114415e+01
1.199819630080067583e+02
-1.981912885255615109e+01
9.081348126974427259e+01
6.685500002061114344e+01
4.506428552600040549e-02
-1.122572584986150757e+00
-4.796888436811320156e-01
-1.808973468445421773e+01
-7.263213749971723310e+00
1.927315475741103867e+01
-4.118043374899751541e+01
-2.944002465669218527e+00
-1.145339804116606519e+00
-2.438526979135811246e+02
8.325220466846323220e+00
2.616816500332438977e+01
-7.600778895540470614e+01
1.061250848957936022e+01
6.871267482913870595e+01
3.453513863341586898e+02
4.409010586295360667e+02
1.749210703013231978e+02
-6.457489402960275982e+01
1.919160973331643163e+02
-1.039520162670601167e+02
-3.104513306652070241e+02
2.161338497910213903e+02
-3.248294057542307200e+02
-8.588032799872652845e+01
-8.141175340965173746e+01
3.055836534893856182e+01
-5.346714595583220131e+01
4.724488805761996701e+00
1.231339606993117712e+02
-9.909646929012805305e-02
-3.215503846183269676e-01
-5.034799990077443166e-01
-4.322192320958175016e-02
-1.815280293081895091e-01
-2.968162270347547871e+00
1.775905903739034120e+00
1.755868172336616739e+00
6.230949179331255472e+00
2.043622782444567854e+00
-4.249717406311265222e+01
-1.530485451226015492e+01
-2.766095124244606573e+00
-1.101295391530738499e+01
-3.173672285590679110e+01
-1.253149814397320370e+02
-7.976888009832359216e+01
8.016397310724640590e+01
-2.114258776959358599e+01
2.260641816709116370e+02
-1.094182610062928660e+02
-5.873148489389816973e+01
2.043245895499048359e+01
-5.268117630780854910e+01
1.692251805795184083e+01
-1.256317151601315771e+02
1.435739125730131889e+02
-6.640409975094205208e+01
-7.221267564222256397e+01
-7.220387685667064659e+01
1.752355080945127222e-02
-2.456472939770916186e-01
1.555767284591634825e-01
-5.934020665688205520e-01
1.279356495591926213e-01
3.304813909355899249e+00
-4.710221396992309906e+00
-6.679009000179833677e+00
-2.850044568054193039e+00
-2.460954115982315216e+01
1.234838078815356077e+01
1.901427448677332066e+01
-2.336033442115427050e+01
-4.051422565041242763e+01
-2.541277913625489965e-02
1.255840478104084639e+02
5.172200212673462261e+01
-4.832974446586722195e+01
6.423583369079535998e+01
-8.396794218567238488e+01
8.352295348527107421e+01
1.264083877798773159e+01
-2.649488467626413168e+01
-7.334486413928266302e+01
9.574531764221775987e+00
-3.382188785156950672e+01
-1.122464478921770450e+02
1.587671694196378098e+02
-6.948462071289126740e+00
-9.576200911427110896e+01
-1.231819903520870452e-01
2.315340648074433808e-02
-4.339810176942716646e-01
4.431397943605443146e+00
5.021660738355569364e+00
-5.330543071156927937e+00
-5.877601838889195562e+01
-6.357764808154040281e+01
-5.464134672876463128e+01
-1.141813421920237914e+02
-4.164984352517198829e+01
5.792636094920797341e+00
-7.049966645438709065e+02
-5.040002570927896954e+02
-5.661634858393019840e+02
7.767093457492761672e+02
1.082713967613968862e+03
3.957062766882978053e+02
1.053707375291533594e+02
2.773782976703436702e+02
-5.305617507783522342e+02
-1.179229478125691344e+02
-1.186709615459102309e+02
2.728132684763478437e+02
2.251862541011396843e+03
-1.403138767912445701e+03
3.736306708360504558e+02
2.873627456873911797e+03
-2.166147198993151960e+03
-2.116880231481148712e+03
-1.116783419832041296e-01
-3.227961336882768095e-01
-6.247341311885205029e-01
9.710621602685859388e-01
9.173881017413314964e+00
-4.066489171259252688e-01
-3.300207538233001259e+01
-1.235439432306539800e+02
-4.020600869806487765e+01
-3.616997781908552412e+01
-9.405902859694094786e+01
2.873403311789457604e+01
-4.470151974400106383e+02
-1.069909705024617097e+03
-6.060351032638051265e+02
1.328455609848761299e+02
1.512236457270661276e+02
1.458337061071768517e+02
2.101494418799542814e+02
-3.133928244705654151e+02
4.492063477106858613e+02
1.118758862372427103e+02
-4.913860302111049805e+02
2.928898952187496434e+02
1.203523145404576326e+03
-4.012297557533296640e+03
2.194733228189172678e+03
1.749421891682856995e+03
-5.620697513844260129e+02
1.892268004179531999e+02
9.495050014085600065e-02
3.728297528088029833e-01
5.920292660612729296e-01
2.028997265912543480e+00
-7.195138801396293360e+00
7.256738597331303886e+00
4.817901344866129421e+01
8.660208062573248355e+01
7.732107819523885439e+01
-2.606167019668692930e+01
1.002124225320347790e+02
2.828874383376703960e+01
5.156186776948701436e+02
6.596898514252624182e+02
9.977616781991119979e+02
1.950089767756020080e+02
7.407314242844623209e+01
-3.056252443897513871e+01
-5.633710435141985329e+01
1.094792196560849789e+02
4.804426468447784373e+02
-9.054513830468544029e+02
8.435990101944846629e+02
-1.193136573670909002e+03
-1.529770001636469942e+03
1.807560611063687475e+03
-1.854319487324443344e+03
-1.485345569230836873e+03
1.127168499174437329e+03
9.474197283462375481e+02
-1.010529565812440939e-02
2.897519336072440499e-01
9.980359154105863939e-02
8.426035017420575812e+00
-9.640384711805556339e-01
6.088570456082609716e+00
-6.673869745521109564e+01
-2.240163700555741144e+01
-5.216210846388887745e+01
-3.380666707471323207e+02
1.289087433137478911e+02
1.238001901052415263e+02
-8.244418590451315367e+02
-2.777601867466914882e+02
-6.001820022308973535e+01
2.950487126836072548e+03
2.706279301720299372e+03
2.988424243981846757e+02
1.586088579539112331e+01
-1.175564172396109512e+02
-4.309620552035522678e+02
-1.045526104674522003e+03
3.817677121726086398e+02
-7.860867677430352387e+02
3.033606664187000206e+03
-1.166018764176139030e+03
-4.770062499181590283e+03
8.368019175213414201e+03
-4.317898965428633346e+03
-2.588673803688323005e+03
3.523406083851459564e-02
2.852454054049347598e-01
3.196439628314360348e-01
6.293998709888048104e+00
-5.720392590966342006e+00
8.276504972147678885e+00
-8.449882028480963925e+01
-7.228551870625993025e+00
-4.500063468459697447e+01
-4.129467562281113260e+02
1.224135077850071980e+02
6.510364774224390771e+01
-9.645063365606021080e+02
-1.679230089790382294e+02
3.745260540639660185e+00
2.712734589566257000e+03
3.511891619041221929e+03
1.021204133389009144e+03
-1.730152517354736972e+02
3.279808396665590067e+02
-8.850697530821464625e+02
-1.181791878598317226e+03
6.826566030208771281e+02
-8.289634164537573042e+02
4.074654093311532961e+03
-1.222949501305858348e+03
-3.430326844330483254e+03
7.117106513098786309e+03
-5.703436385302742565e+03
-4.487615809152301154e+03
4.023862042082279600e-02
2.792470623418542575e-01
2.929526505318522656e-01
2.947651174931266826e+00
-6.095333746322935120e+00
-2.360057339880533345e+00
-2.729378053661653425e+01
2.608844907047640049e+01
3.138429415577610904e+00
-1.612023597512136917e+02
-1.948497715454679025e+01
-3.166272322291073849e+01
-2.541221504925971715e+02
6.324516863050633475e+01
1.622542110947340745e+02
4.368212899830671745e+02
1.201760038087705880e+03
1.116060151250206445e+03
-1.585418558394417801e+02
8.729373227053199571e+02
-6.930055202049117042e+02
-6.178644841656840754e+02
5.150564418807203992e+02
-7.400012103083228112e+02
6.796944330832019432e+02
-1.044775454683363478e+03
1.874179513848929730e+02
2.123352898757141816e+02
-1.700559175597953299e+03
-1.846817265924843241e+03
2.583644980751059403e-02
4.931356340419169176e-02
1.270024026899599645e-01
1.245243419402718432e+00
-1.871920257461780590e+00
9.493768931609695372e+00
-1.523593419225150791e+00
-1.414587647088258038e+01
-8.633312510896276493e+00
1.097346357717497369e+02
3.568153733254923310e+01
5.696366465343023577e+01
-9.829743621796245634e+01
-2.583134541899569854e+02
-1.698394702199446158e+02
-6.698235412076962803e+01
-4.309208498587746590e+02
-2.681334500933710387e+02
1.176574509940671305e+03
-1.110279028671239303e+03
5.639353821975887513e+02
1.100143481965199726e+03
-9.197579946464484237e+02
8.382600124077731607e+02
1.035865888423898696e+03
-7.176163969456425775e+02
6.243712799914195557e+02
1.631499351075148979e+03
1.525762821321269939e+03
-2.732127457293029693e+03
-3.703525725640791078e-02
-8.477116827004924082e-02
-2.054137467311422105e-01
-4.243120895450214647e+00
5.721466158928722123e+00
-2.073945407650032635e+01
-1.743955448946255160e+01
5.010943519642446375e+01
4.368774215232734548e+01
-2.295962852166342998e+02
-2.171537068007322944e+02
-1.013525467365167430e+02
-1.592776846935549315e+02
6.429946294298550811e+02
3.949559896533114056e+02
6.527061584585553078e+01
9.104803491432611509e+02
1.396395798687373599e+03
-7.891255640404743872e+02
4.066747889718662009e+03
-2.112469599960781125e+03
-2.427378052185153592e+03
1.935489716734020476e+03
-2.510526413653192321e+03
3.836482954398870788e+02
1.370996080848028441e+03
-8.453765068082179823e+02
-3.988030465586231799e+02
-5.518289250235138752e+03
-3.611376556122020247e+03
-1.007496533691808194e-02
-3.508938185172419399e-02
-2.004503828682091537e-02
4.532904194582301649e+00
8.827079478446300698e+00
2.051421981759088098e+01
7.050318507193782125e+01
-7.120900610658591745e+01
8.619571020465406264e+01
9.180904416204107577e+01
9.138322442692229686e+01
1.132825678946880430e+02
4.881248520634439387e+02
-5.502773093247035376e+02
5.483204283749331580e+02
-1.794546446497620309e+02
-9.345309041874153309e+02
-1.003940715384840701e+03
4.253062551192431329e+02
-1.925457893047136849e+03
3.476916963792628849e+03
-5.304799365816401178e+02
2.389946008884832196e+01
-1.581116542033462110e+03
-1.277455608546141548e+03
-2.081461293458366072e+03
2.243728723046834602e+03
-7.346428059690624650e+02
4.441909842179555199e+03
6.845565562592274546e+03
2.670382385739012224e-02
7.605976352823580477e-02
1.517673568111519433e-01
2.330847542489568713e+00
-6.383848209294075815e+00
7.608638448315099723e+00
-2.230295588076001323e+01
-2.424435306142721558e+01
-1.356547418965070619e+02
3.248387724780839108e+02
6.773217358445272396e+01
4.982942968402305439e+00
-3.414721204103486230e+01
-2.776208582878238076e+02
-1.254099512693308725e+03
-1.223207927093918215e+03
-1.558666804613136947e+03
-7.908753368333938170e+02
8.154936921741051492e+02
-2.640542246200419868e+03
-5.378072738051619126e+02
4.878557783893688793e+03
-2.902198046923822858e+03
3.950374874726114740e+03
-1.575035105150130221e+03
1.684986456287314923e+03
9.789228307891224858e+02
-4.806300041886436702e+03
4.024404314001335933e+03
-1.869274407086866631e+03
-1.510633832361507438e-02
4.559716038596491570e-03
-5.299457451644216249e-02
-8.748017202574027290e-03
2.277468166818709339e+00
-5.188160880335503933e+00
6.369500273832652937e+00
3.837164587226146750e+01
7.581009606426792402e+01
-2.293757335034741516e+02
-1.269391599952628447e+01
-2.580262777826977327e+01
2.337569949526426285e+02
6.299698541282357382e+02
1.052647223198812299e+03
5.104868133890167314e+02
8.251587752948581738e+02
5.369806115274924423e+02
-9.634442460420381167e+02
2.128262748910030950e+03
-9.358010522942504394e+01
-2.980547562618564825e+03
2.618373048147140253e+03
-2.634000308163345835e+03
-2.307689774034021411e+03
2.613772898527280631e+03
-2.006671494529136453e+03
-2.558841459601847419e+03
-1.022860381628558798e+03
3.297770170996407614e+03
9.032995841748728272e-03
1.375139250905032737e-02
2.244107648208153172e-02
-2.898224394371610391e+00
-1.019763810436812257e+01
-1.437686467076861696e+01
-6.813305884353979991e+01
-2.605575828798321680e+01
-1.530013001547105489e+02
3.026674228631855499e+02
2.217840131634319789e+01
-9.306680508492631532e+01
-4.528443973976866346e+02
-6.587242170723618528e+02
-1.590899974651069897e+03
-1.142843665085912789e+03
-1.091793559964035239e+03
-5.083778661311723681e+02
5.560219961276551430e+02
-2.548768073495103181e+03
-1.473391084609951577e+03
3.808922344994445666e+03
-2.641421417570027188e+03
7.043587643833216134e+03
1.199297119689567808e+03
-2.779971136742539784e+03
3.553781359887708277e+03
-5.357456940713746008e+02
4.245573768895990725e+03
-2.500244979253307520e+03
2.432045745247505414e-02
-4.867495561772950535e-03
8.520508098023404919e-02
-1.728297176002803859e+00
-2.311535632050166544e+00
-2.163375933310474952e+00
4.610874441378751243e+01
-3.616271376569692553e+00
4.332539733872718557e+01
2.524495505627755065e+01
-9.755677158982560115e+01
-3.560623694204168999e+01
-1.681094565454576241e+03
-1.352169420789095739e+03
-1.385199169101741745e+03
2.370222810505912094e+03
4.332227848771742174e+03
1.531367493228182184e+03
8.647317774912368122e+02
7.165312756748875245e+02
-1.076254264170425358e+03
-1.150487524387539906e+03
-1.526042610327919419e+03
3.349011794063833918e+02
2.745019954956936999e+04
-1.783001119083772574e+04
1.205673966502003395e+03
3.931054193970254710e+04
-2.920535171261491996e+04
-2.386915496486407210e+04
-3.787305863101691344e-02
-1.147004686052339878e-01
-2.081721368240134484e-01
3.956966872898589060e-01
7.084408989897686304e+00
3.391990731550142968e+00
-6.138040077256137295e+01
5.366876787792543979e+01
-8.879318931928098380e+01
1.119244231278569401e+02
2.899834057911527339e+02
-3.132593361063258186e+01
8.690569279828956724e+02
3.485760533656061398e+03
9.466085434780122796e+02
-5.583835800585553670e+02
-1.729646574240896825e+03
-3.206965743124265373e+03
-8.487178503334996549e+02
1.571171447066654139e+02
-1.695561366053514121e+03
1.825408586573916182e+03
1.945480095371410243e+03
4.359751840063725581e+01
-1.446406842874256836e+04
4.466495191143189004e+04
-1.905521412982535185e+04
-2.310293500195960951e+04
1.013378309930162322e+04
8.501044949820747206e+03
2.655707762045924139e-02
1.527330922616882691e-01
1.834468740879019732e-01
1.753166516276802200e+00
-7.247306897018209071e+00
-5.715108363254014501e-01
-1.835768978357804215e+01
-6.827963525551355417e+01
1.054797777756443651e+02
-5.476879758862573766e+01
-2.163260738371727143e+02
-1.249173730902272013e+02
3.816568108594822775e+02
-1.653033203912631734e+03
1.406387162651754750e+02
-5.480501006120279271e+03
-3.416285747495111991e+03
1.749466272115168067e+03
5.394992396021988270e+02
1.407499335218073213e+02
3.775151789118236138e+03
-9.622804384810160627e+02
3.476066557001360025e+02
-2.131086496181382302e+02
-7.015857675863492659e+03
-1.760786182771894164e+04
4.169168267019891209e+04
-3.260436325190855132e+04
2.267916172986619495e+04
1.863272346085446407e+04
1.562664319671886945e-02
-6.870541671851768638e-03
5.780104683441537883e-02
-1.746960826206060302e+00
-2.970594579370364308e+00
-3.018864923501826336e+00
6.434404163717607616e+01
-1.450292031540821114e+01
-1.223489914075561380e+01
1.900555960952851464e+01
-8.650692155399534400e+00
9.759626947506943395e+01
-2.509480403089128686e+03
-1.980762737578431143e+03
-1.795289817860287030e+03
8.150371930271314341e+03
8.197562152163700375e+03
1.295013076609685641e+03
1.054338890729549121e+03
1.263531465147546982e+02
-1.908257729904128610e+03
-4.091077347385025860e+03
-1.784219026818795783e+03
-5.028867758228273033e+02
4.240342364500949770e+04
-2.856743494906239721e+04
-2.302535983987224972e+04
9.510889961443877837e+04
-5.569893027161506325e+04
-3.434581802208856971e+04
-6.327137626401137596e-03
-2.395664881942236838e-04
-2.233758096552466640e-02
-3.047040712699360943e-01
7.469074650928785308e-01
-2.693095885980421489e+00
-3.947241431462162353e+01
5.587087629519549736e+00
7.830838937562758417e+01
-1.472470084361390086e+01
6.494936022976590095e+01
4.298977449451574273e+01
1.920672901955146244e+03
1.054647469337734300e+01
1.150237752380509846e+03
-4.787633081970629064e+03
-7.976856943157670685e+03
-2.839638805840302666e+03
1.519676950092155948e+03
-7.099453665804216143e+03
6.118433736215149111e+03
3.864545317467438053e+03
-1.929661676400729903e+03
5.981063053215300897e+03
-3.367357112086162670e+04
6.163045517153116634e+03
2.346181900852943727e+04
-5.860063150160451187e+04
7.844234260145731969e+04
4.745155884652199893e+04
1.843441866764343115e-02
8.875055618988643424e-02
1.136564946481499749e-01
-2.137363012011179175e-01
-7.643438297819351135e+00
-7.129683404257021628e+00
1.241598340022479086e+01
-9.316368678747066667e+01
7.807852223378306178e+01
-1.023182768252020196e+02
3.357618126935270908e+01
-6.843210316561933837e+01
2.494571614312175370e+03
-1.981350345835836890e+02
2.220129217042737764e+03
-3.374127281949838562e+03
-5.546724413920558618e+03
-2.479234932376538382e+03
-4.016827775978820227e+03
-3.053936616882729595e+03
8.038354197168690916e+03
-4.314329843997814351e+03
4.463348812487650321e+03
-3.387880084025480755e+03
-3.172920323645997269e+04
7.357694477354013543e+03
1.364839577937446120e+04
-3.940319534163841308e+04
4.017613441467224766e+04
8.441800988713298284e+04
