# -0.9J_-0.1g_0.15708theta_1.0472phi_10Chi_0.01delta_500N
-1.878237093116944326e-02
9.988703209801600424e-01
3.195250099699433605e-02
-2.971740369905711068e-02
-1.425781887470865122e-05
8.024482957957082248e-04
8.228903728544373786e-04
-1.161160169328880591e-04
-2.207595142320144786e-05
8.408517368691350354e-06
9.750977876098884112e-01
-1.038132301892648144e+02
7.807035528464164145e+02
-2.646034658841211694e+03
-7.206709793799518371e-01
8.021103372845878710e+01
8.274558845510347282e+01
-1.226358016320237532e+01
-4.390023869917993871e+00
9.644741451074476668e-01
2.602901438914037580e-02
8.677906839777671166e+02
-2.241024686488127918e+04
8.340551642149774125e+04
-6.044807276572319097e+03
1.090391067783240462e+06
1.363923129936791491e+06
2.946379176178838825e+05
1.061103362530596496e+05
2.208979815153052623e+05
-2.973644296273451545e-02
-2.549319620549022147e+03
7.110251952693436760e+04
-2.710852899841010803e+05
2.440161143979116969e+04
-5.429981596978869289e+06
-4.930315723345108330e+06
-1.557766059732316528e+06
2.681459346660073497e+05
2.752284680540328845e+05
-1.191418541300374359e-05
-5.785897795857073422e-01
-5.661844070734315210e+03
2.730473956522854496e+04
-2.153757897726130672e+06
1.003333279973319173e+07
-6.875918055292046629e+06
-1.256586182952488307e+05
-9.276804961527466075e+05
1.339639031609509587e+08
-8.095018044890111208e-04
-7.507600161963212315e+01
-9.548724681897353148e+05
5.303335343827500008e+06
-1.010378617659618333e+07
8.526268752507349968e+09
-8.134166840440708160e+09
-9.079350569547092915e+08
-1.452230300227635540e+07
-4.887462635458113998e+07
8.950565104985090019e-04
7.840170815730236598e+01
1.099244750060092658e+06
-5.086634846139428206e+06
-7.220678780499045737e+06
7.904962427049354553e+09
-8.928313916490705490e+09
-1.312510766391657352e+09
3.242173040702756643e+08
4.375820640780261159e+08
-1.244646317895423333e-04
-6.024801060851582513e+00
3.356468627411418129e+05
-1.837412632598098135e+06
-5.536744594089685706e+05
1.030774596956134081e+09
-1.431433887259385347e+09
-2.875711607651411295e+08
1.496432715344381034e+08
2.020303997463751435e+08
-2.358393963647186241e-05
-2.364834537212061605e+00
-8.096795418125548167e+04
9.075608306773951335e+04
-1.442520633921115950e+05
-5.772457265818075091e+07
-5.160725474209035933e+07
-5.127886999773699790e+07
5.934095585108843446e+07
1.102064823822268844e+08
6.219796186735197655e-05
8.363461084288704717e-01
1.860545171136190183e+05
1.967469362343313114e+05
9.312317733179853857e+07
8.202708195231105387e+07
4.117837231827269197e+08
2.501530291695508957e+08
-2.699588828151416779e+08
-9.168679947191310883e+09
-9.998235371725701093e-01
-1.878553223901614430e-02
-1.636399734961389624e-04
3.199809033650490345e-04
4.579451369657324842e-08
-5.058036867272308081e-06
-5.008600681464172392e-06
-1.906263295195524651e-07
7.899250577793331996e-07
8.367516496493009917e-08
-1.873211269697612827e-02
-1.391717966949814270e-02
7.394062937143820458e-01
-4.408707146015855560e-01
3.699702801098021521e-01
-4.906565885304640773e+00
-1.177490665376465628e+01
5.622808448467051079e+01
-2.648778794159261452e+02
-4.903824237340507608e+01
-5.191847386457087337e-04
1.073180274794538480e+00
-9.550790169282890929e+01
3.258897678056466418e+01
-1.441024895045031553e+04
1.298449612785899035e+03
2.571838976457953322e+03
-8.313882199942980151e+03
7.588758778872921539e+04
7.667418469321238808e+05
1.939044650769176838e-04
-2.901664559795674170e-01
8.731359014867949853e+00
-4.872739470378817117e+01
-9.900448202957162721e+03
-1.658186088033452506e+03
-1.464087114311017103e+03
3.915914693997515315e+03
-3.345223335468130699e+03
5.244590993008720689e+05
-3.462637352014698634e-06
4.974054133133793409e-01
-1.316151077931126019e+04
-1.038124857087222153e+04
-1.142770819628357142e+08
-8.129509452964756638e+05
-1.293390665888296673e+06
3.873633071339691058e+06
-1.886162453399456665e+07
6.060718434769238472e+09
7.606723134546015024e-06
4.829048148796469597e+00
-8.296123920042913369e+02
1.845272963991990991e+03
6.425411103360207053e+05
3.012353665545866359e+06
-2.818335286225554068e+06
-7.140929979226340074e+05
1.898273903720143437e+07
-3.454879824817835540e+07
-1.145072193075198404e-05
-1.017775589467355246e+01
1.393452265974529837e+03
-1.864448332174814141e+03
-8.402991371388743864e+05
2.748992956059843302e+06
-3.178470669369927607e+06
-1.210063454204996815e+05
1.445939831378271990e+07
4.413298899745582044e+07
1.918726663504106021e-05
1.391565981695822529e+01
4.451649972989998787e+02
3.249357399536739194e+03
8.213336953647381160e+05
5.962272623338899575e+05
-4.464236399940823321e+05
-3.764801494936119998e+05
2.396656535354841966e+06
-4.320352905456746370e+07
-1.416508825453501692e-04
-4.439650147082934382e+02
7.768611223002377665e+04
-1.829052815533330067e+04
-1.875713598610078916e+07
-1.996175041388053447e+07
1.342430602309192158e+07
1.460059036748779751e+07
-4.004940077810642719e+08
7.026146508070418835e+08
1.897199733415843648e-04
-5.793416358519891673e+01
6.838053053446216509e+05
5.362280798608443001e+05
5.919668042415903091e+09
4.206478165413095057e+07
6.747235174571165442e+07
-2.003603063895245492e+08
6.199433561926759481e+08
-6.286347945784918213e+11
-3.513151834043465533e-04
2.221307635342923206e-02
-9.584519155467648988e-01
-2.838415212145942168e-01
5.909815308999331451e-04
-5.898367141270787015e-04
-2.677558054021285296e-03
1.735707770347359735e-02
9.067763909664579725e-04
2.694199966052235819e-05
1.544799143201935378e-02
-1.448936728979261179e+00
5.619457414773357584e+01
-1.967268899818292738e+01
1.179927556123654675e+01
-2.212665276321905594e+02
-5.354289903629170340e+02
2.666143987597126397e+03
4.186769919464798022e+02
2.348977591730434966e+00
-9.186192174062214333e-01
9.146249246783058595e+01
-7.054616976868009260e+03
6.460409255225569041e+02
-7.671110843532611616e+05
7.419652377769688610e+04
1.507744389114525402e+05
-5.206157432072235970e+05
3.485664616187672131e+06
-3.880323278541627951e+04
-3.136727703055537386e-01
-2.990786511521732027e+00
-1.023071036274692005e+03
-3.647090134139489237e+03
-5.277989203698226484e+05
-8.402946147002656653e+04
-6.572489498602785170e+04
1.346001282476298511e+05
1.016748402865699842e+06
2.629065351728882160e+04
4.984940853030008162e-04
1.681237182269827812e+01
-7.005659525468575303e+05
-5.539361741532388842e+05
-6.083188286873721123e+09
-4.362119412195092440e+07
-6.829087973967468739e+07
2.063121718134193420e+08
-1.313559055850743771e+09
-1.068199226058617234e+08
2.349033711475439264e-03
2.624264867216870130e+02
-4.597260347314460523e+04
1.007272748973315174e+05
3.423009758138800412e+07
1.610961599794128537e+08
-1.506099444366747141e+08
-3.682043294448772073e+07
6.539133053207819462e+08
-1.639653433893100917e+07
-6.681144423208810849e-03
-6.205271947458466002e+02
8.212744457816865179e+04
-1.095497743570442108e+05
-4.477197417788612098e+07
1.465558810457894206e+08
-1.705678747413438261e+08
-4.219428154127229936e+06
4.593385395388219953e+08
-3.602480033103034832e+06
3.048555684532081728e-02
2.539542588021898155e+03
-8.111733405119519739e+04
3.262249645454747370e+05
4.404933869043887407e+07
3.598285777229423821e+07
-1.669279583611160144e+07
-4.703039325896949321e+07
1.541635858941819668e+08
-6.244318817110540345e+06
-1.648780681000429956e-04
6.400284010787797229e+01
3.397528803961736150e+06
9.081218651065370068e+05
-1.236933322621728897e+09
-9.082735141455315351e+08
6.112816054512256384e+08
7.696215056433132887e+08
-2.229313834354747009e+10
3.566114494744725227e+08
6.854632450390734774e-06
6.696238599856633167e-01
-2.964628548012580359e+04
5.366286944217872951e+04
-1.112330024329838157e+08
2.023671913670087233e+07
-4.243381211382621899e+06
-1.062954972626285627e+07
3.215085813585072160e+08
-1.004875536928531677e+08
