# -0.3J_-0.7g_0.73304theta_1.0472phi_30Chi_0.01delta_500N
9.801279295269095249e-01
1.403512300201075480e-01
1.401207124035596385e-01
2.845657706587239374e-03
2.842332339239488428e-03
7.355295627058761011e-04
3.269496639503341549e-04
3.265336712481005594e-04
1.639082119478950156e-04
3.031172959241013295e-05
3.018312755064939316e-05
8.767697593793603788e-06
3.568273727030184743e-06
3.565088759016724197e-06
2.296608189998699402e-06
3.704595258345105386e-07
3.694313334681864615e-07
2.456305742115240595e-07
1.041630216077523877e-07
1.037844268610510860e-07
9.405970746011259077e-08
5.960612232063682166e-08
4.370888958295201508e-08
4.357016846942921261e-08
2.291947932467285599e-08
2.287658845308515767e-08
1.618188280632134859e-08
7.179134130539456792e-09
7.172910224435242299e-09
4.716816345501438962e-09
