# -0.8J_-0.19999999999999996g_0.5236theta_0phi_10Chi_0.01delta_500N
7.896867582783839712e-02
2.777162236310416451e-04
7.546905609205507159e-06
1.205410293792183854e-06
7.278211524289495663e-07
5.192778192998558619e-07
4.930620141206208230e-07
3.699872681041296073e-07
3.649872876956828172e-07
3.105097244532453156e-07
2.905080235144799246e-07
2.891022774990294767e-07
2.476177035852066149e-07
2.829199993115415151e-07
2.222349410900229285e-07
2.819460590988905717e-07
2.062493415141414574e-07
2.832699813979119964e-07
1.954823617081192153e-07
2.869824396469078604e-07
1.880446722013403292e-07
2.942644000256693489e-07
1.833665236874779269e-07
3.065033411413386121e-07
1.817279889421207937e-07
3.247741597662393595e-07
1.840226663493387930e-07
3.495054400296285109e-07
1.916188822358310577e-07
3.800791847534792210e-07
2.065245424337754564e-07
4.141441418590683999e-07
2.323038375820021129e-07
4.467243910598936064e-07
2.762115957885728759e-07
4.698805334405496153e-07
3.536497087761289772e-07
4.747898598742452536e-07
4.959307872092564892e-07
4.575268052928886394e-07
7.429230791438524360e-07
4.240495905820806546e-07
9.862705460561825028e-07
3.866398987232663728e-07
7.959305735871998945e-07
3.555161374402296638e-07
4.795897242354157874e-07
3.346004632062583763e-07
3.604113425389534393e-07
3.224204433064065621e-07
3.274361100628088132e-07
3.155569464967804169e-07
3.220168555251818622e-07
3.106234418950991552e-07
3.227218243703687227e-07
3.052099387068792277e-07
3.191290545783688491e-07
2.980506192399822423e-07
3.047553098996148608e-07
2.888005977417374746e-07
2.774574883016276294e-07
2.776990600829353615e-07
2.408987709912306499e-07
2.652612672721437164e-07
2.020760104211105284e-07
2.520615206146210329e-07
1.666846478927222783e-07
2.386160054508888882e-07
1.371852278068841382e-07
2.253379649552094615e-07
1.136906322873376869e-07
2.125325919295317461e-07
9.533053541222236374e-08
2.004101340891549713e-07
8.105451099174428072e-08
1.891025720073444690e-07
6.993773319373628562e-08
1.786797762990608811e-07
6.124814810662100127e-08
1.691640320059471528e-07
5.442998317065383510e-08
1.605423504502024666e-07
4.906918394831363261e-08
1.527766183853917683e-07
4.486117680634009846e-08
1.458118272085465163e-07
4.158304027788327538e-08
1.395825825623879810e-07
3.906774015203704001e-08
1.340180636254279984e-07
3.718228226270729399e-08
1.290456554986257658e-07
3.581652788406819279e-08
1.245935746072948303e-07
3.488175833862797967e-08
1.205928806552386299e-07
3.431028058739257066e-08
1.169792715982795491e-07
3.405257144816106216e-08
1.136948981875851347e-07
3.407361419061082244e-08
1.106900030892557443e-07
3.434966869162861305e-08
1.079240941732903589e-07
3.486554302155806639e-08
1.053675431574958545e-07
3.561221237039234357e-08
1.030041509845320722e-07
3.658475918554122935e-08
1.008325504581758798e-07
3.778059066425180116e-08
9.886495867686279603e-08
3.919808910156514313e-08
9.712404686872745765e-08
4.083548251003528703e-08
9.563934010898250434e-08
4.268995592622597104e-08
9.444394867524302396e-08
4.475692700404776688e-08
9.357210064205344018e-08
4.702945974348405737e-08
9.305824652216610384e-08
4.949781773156104389e-08
9.293892681063830279e-08
5.214916435725677073e-08
9.325882966623149149e-08
5.496740467906366836e-08
9.408255056887162039e-08
5.793312753990423099e-08
9.551407313079241304e-08
6.102367624417624605e-08
9.772696608535001227e-08
6.421329239525791374e-08
1.010100671335091552e-07
6.747343463265550999e-08
1.058356465707554252e-07
7.077312714128774784e-08
1.129566519390593859e-07
7.407994377092123077e-08
1.235278107005398614e-07
7.736154463276318004e-08
1.391909478995260259e-07
8.058801497707361883e-08
1.618748973251448817e-07
8.373490283858706617e-08
1.925526410548478567e-07
8.678611340389689431e-08
2.275627740807801674e-07
8.973200443075163090e-08
2.528787118690490355e-07
9.255707320098287891e-08
2.465708902850452904e-07
9.526376312331364965e-08
2.062354282437068216e-07
9.794148697277993092e-08
1.615298031479622476e-07
1.006685309805635906e-07
1.322651892756838109e-07
1.034702837090318715e-07
1.176953763151362226e-07
1.063703730338128360e-07
1.125659579139118164e-07
1.093973821589395183e-07
1.128532258961161842e-07
1.125778175152254738e-07
1.159447380214564161e-07
1.159320277213270647e-07
1.202703078747268280e-07
1.194729544585349522e-07
1.249286886538547484e-07
1.232066832100792464e-07
1.293940674312282639e-07
1.271342946851970984e-07
1.333747819250426315e-07
1.312545338396169817e-07
1.367787654207967084e-07
1.355666175548847714e-07
1.397057485091754394e-07
1.400724614756524268e-07
1.424057677259043373e-07
1.447778565377536978e-07
1.451926904883531489e-07
1.496925114941260289e-07
1.483498406071597582e-07
1.548291945971701444e-07
1.520715250362894169e-07
1.602022474142963249e-07
1.564529069472726340e-07
1.658260561671753294e-07
1.615112364891592823e-07
1.717136988465963163e-07
1.672156661452057061e-07
1.778760108152878008e-07
1.735122321217427684e-07
1.843210821715653915e-07
1.803401773223478302e-07
1.910540946011847130e-07
1.876408178071475459e-07
1.980773924144161105e-07
1.953614481160788331e-07
2.053907049214640891e-07
2.034564429251804261e-07
2.129914773518261339e-07
2.118869869123744177e-07
2.208751412032952720e-07
2.206202310198318640e-07
2.290355253978849500e-07
2.296283328696357665e-07
2.374651693984951403e-07
2.388875302072598339e-07
2.461555369803023931e-07
2.483773321507184101e-07
2.550971831261202412e-07
2.580798336426228488e-07
2.642798860543816773e-07
2.679791403517564762e-07
2.736927797309627851e-07
2.780608900637294244e-07
2.833244880060049340e-07
2.883118586434775716e-07
2.931632345130918931e-07
2.987196343898467154e-07
3.031969115054225809e-07
3.092723488659712374e-07
3.134131129375091534e-07
3.199584604100277782e-07
3.237991471477804127e-07
3.307665881482716359e-07
3.343420423307897227e-07
3.416853908332747406e-07
3.450285522701851417e-07
3.527034799169506423e-07
3.558451651633249830e-07
3.638093545565981734e-07
3.667781155239974485e-07
3.749913496158386078e-07
3.778133978777031704e-07
3.862375929938149125e-07
3.889367809683206074e-07
3.975359726025823072e-07
4.001338220347230215e-07
4.088741135453870169e-07
4.113898820775877699e-07
4.202393625578400418e-07
4.226901438395322829e-07
4.316187737751851698e-07
4.340196337494789552e-07
4.429990924640710593e-07
4.453632323440136802e-07
4.543667575029063308e-07
4.567056774189214321e-07
4.657079378725036912e-07
4.680315869544702610e-07
4.770086007603332073e-07
4.793255224749353440e-07
4.882545857407715559e-07
4.905720279907413767e-07
4.994316647924998217e-07
5.017556634608460676e-07
5.105255895110506514e-07
5.128610260909769144e-07
5.215221256195673379e-07
5.238727697923237024e-07
5.324070809123757520e-07
5.347756298818038098e-07
5.431663289727900033e-07
5.455544494218360167e-07
5.537858301214838462e-07
5.561942083860450305e-07
5.642516523053862915e-07
5.666800439166273314e-07
5.745499992054094761e-07
5.769972843964312580e-07
5.846672414809216478e-07
5.871314798377540277e-07
5.945899411772492975e-07
5.970684306339943222e-07
6.043048804938429709e-07
6.067942182162016100e-07
6.137990917392906097e-07
6.162952361189405879e-07
6.230598880458961488e-07
6.255582218977668888e-07
6.320748988424250360e-07
6.345702877866967053e-07
6.408320900720296829e-07
6.433189502050238705e-07
6.493198030952926031e-07
6.517921634077841070e-07
6.575267880579359228e-07
6.599783490936125502e-07
6.654422323153951582e-07
6.678664260856017483e-07
6.730557907436834872e-07
6.754458393075807154e-07
6.803576152782622508e-07
6.827065877373892016e-07
6.873383834657034491e-07
6.896392511792715680e-07
6.939893258568708866e-07
6.962350156615401056e-07
7.003022520269846770e-07
7.024856973015762811e-07
7.062695750748421148e-07
7.083837644665277907e-07
7.118843344002989211e-07
7.139223580744044927e-07
7.171402166144859452e-07
7.190953098833068724e-07
7.220315744186643575e-07
7.238971586259025334e-07
7.265534433021945152e-07
7.283231638649681671e-07
7.307015559362853129e-07
7.323693174521372372e-07
7.344723541377555103e-07
7.360323524757482995e-07
7.378629982925126511e-07
7.393097496274500948e-07
7.408713741644052808e-07
7.421997409050621937e-07
7.434960969949475382e-07
7.447013105906743283e-07
7.457365128666383777e-07
7.468141934946809177e-07
7.475926972766036139e-07
7.485388704137308956e-07
7.490654509109589297e-07
7.498765608443138696e-07
7.501562926486584509e-07
7.508292129388866369e-07
7.508674501607633204e-07
7.513994907783835421e-07
7.512018462493997750e-07
7.515907592554985642e-07
7.511630851493110818e-07
7.514070656426760023e-07
7.507554334895970979e-07
7.508531196656045930e-07
7.499838011852579842e-07
7.499342703258764683e-07
7.488537185959487436e-07
7.486564814708586554e-07
7.473713118651875557e-07
7.470263049281237782e-07
7.455432762447254635e-07
7.450508516058681430e-07
7.433768475545869086e-07
7.427377610397448736e-07
7.408797719927389897e-07
7.400951694434396035e-07
7.380602744499816681e-07
7.371316764486632162e-07
7.349270255666864675e-07
7.338563107604479588e-07
7.314891077184292955e-07
7.302784949202796333e-07
7.277559801419697386e-07
7.264080093875229549e-07
7.237374434318552315e-07
7.222549561615154489e-07
7.194436035886725815e-07
7.178297221424119277e-07
7.148848358624670215e-07
7.131429424362070621e-07
7.100717485639549528e-07
7.082054638089688415e-07
7.050151470705532065e-07
7.030283084664595280e-07
6.997259981864206436e-07
6.976226383733893382e-07
6.942153950686018367e-07
6.919997202345338338e-07
6.884945228601688253e-07
6.861708913414767390e-07
6.825746252054910388e-07
6.801475264137582152e-07
6.764669717851925995e-07
6.739410055676437927e-07
6.701828270009474271e-07
6.675626835357254908e-07
6.637334199277913874e-07
6.610238602406687935e-07
6.571299156298644113e-07
6.543357528180753432e-07
6.503833879420330215e-07
6.475094691584371806e-07
6.435047937669438456e-07
6.405559830337637390e-07
6.365049489581518289e-07
6.334861108598361290e-07
6.293945058426563643e-07
6.263104901177895452e-07
6.221839323881214015e-07
6.190395594677569563e-07
6.148834930476048160e-07
6.116835405512698065e-07
6.075032312944928959e-07
6.042524214885599965e-07
6.000529538165390148e-07
5.967559420522543111e-07
5.925422163729412769e-07
5.892035804892012035e-07
5.849803112788851258e-07
5.816045419627014653e-07
5.773762564813822940e-07
5.739677485761613735e-07
5.697387861840665147e-07
5.663018309116889339e-07
5.620763429710499327e-07
5.586151210562119041e-07
5.543970713709371191e-07
5.509156470320797827e-07
5.467088128007866243e-07
5.432111285718000406e-07
5.390191018260132819e-07
5.355089741805782586e-07
5.313351636624796834e-07
5.278162793979866086e-07
5.236639128587855509e-07
5.201398262019852253e-07
5.160119530719725650e-07
5.124860834671141964e-07
5.083855778764244193e-07
5.048612084117283396e-07
5.007907725225796446e-07
4.972710489572370111e-07
4.932332165743621323e-07
4.897211469235853450e-07
4.857182873563614956e-07
4.822167419852298364e-07
4.782510641268531160e-07
4.747627763290152930e-07
4.708363329234746878e-07
4.673638999219637379e-07
4.634785919947443124e-07
4.600244763480846394e-07
4.561820577672845800e-07
4.527485891304081779e-07
4.489506712769348865e-07
4.455400484789085307e-07
4.417881050015641478e-07
4.384023984164018451e-07
4.346977700466625209e-07
4.313389242103068038e-07
4.276828236195963411e-07
4.243526600724756055e-07
4.207461767471550085e-07
4.174463970659370436e-07
4.138905021847827557e-07
4.106226911762182442e-07
4.071182424739011539e-07
4.038838715059891606e-07
4.004316181052358888e-07
3.972320485506910411e-07
3.938326357487155596e-07
3.906691225141391340e-07
3.873230965161255083e-07
3.841967916393049118e-07
3.809046042181370315e-07
3.778165605124405795e-07
3.745785735914903282e-07
3.715297483226901496e-07
3.683462384729450794e-07
3.653374970403435843e-07
3.622086598771617684e-07
3.592407795049736730e-07
3.561667339855357512e-07
3.532404073842831244e-07
3.502211999950531496e-07
3.473370390044560198e-07
3.443726478384536940e-07
3.415311870273920193e-07
3.386215257384291592e-07
3.358232259567914214e-07
3.329681475968931575e-07
3.302133994696096625e-07
3.274127002037477854e-07
3.247018275588650321e-07
3.219552502518286461e-07
3.192885134797374399e-07
3.165957511615218326e-07
3.139733504931843785e-07
3.113340496931910046e-07
3.087561283989520449e-07
3.061698923567046588e-07
3.036365398619350391e-07
3.011029316114456694e-07
2.986141865157167935e-07
2.961327318432418916e-07
2.936885848575035748e-07
2.912587751369768002e-07
2.888591719205721005e-07
2.864804668257411376e-07
2.841253107317721690e-07
2.817971408292733104e-07
2.794862955558246381e-07
2.772080647778690513e-07
2.749413569206675804e-07
2.727124449230129504e-07
2.704896664362696017e-07
2.683094308425867609e-07
2.661303414019301906e-07
2.639981199384535714e-07
2.618624492119288412e-07
2.597775617312343394e-07
2.576850115562800285e-07
2.556467619589713086e-07
2.535970084288489102e-07
2.516046864815004925e-07
2.495973819396512228e-07
2.476502649933484943e-07
2.456850399426069853e-07
2.437823945569420352e-07
2.418588594802268251e-07
2.399999429501615708e-07
2.381176900491936641e-07
2.363017518477330637e-07
2.344603566970698840e-07
2.326866398236445264e-07
2.308856629488679715e-07
2.291534051978269013e-07
2.273923935745723045e-07
2.257008287204484810e-07
2.239793171990677330e-07
2.223276761021466611e-07
2.206451887617297631e-07
2.190327003971234534e-07
2.173887518283774026e-07
2.158146442426729372e-07
2.142087407666905941e-07
2.126722419596618206e-07
2.111038827804529326e-07
2.096042215193512997e-07
2.080728998161575812e-07
2.066093063824828019e-07
2.051145103432956673e-07
2.036862172110107117e-07
2.022274310104160998e-07
2.008336734643611322e-07
1.994103781880044468e-07
1.980503948736159942e-07
1.966620693905230877e-07
1.953351028081260716e-07
1.939812245992120051e-07
1.926865215315089058e-07
1.913665674674556591e-07
1.901033793515199338e-07
1.888168264317319455e-07
1.875844096687865321e-07
1.863307357181854395e-07
1.851283519239842406e-07
1.839070362540471295e-07
1.827339524472983645e-07
1.815444764797222784e-07
1.803999652139232856e-07
1.792418130761305482e-07
1.781251524983960232e-07
1.769978115830234553e-07
1.759082854471508278e-07
1.748112469457962297e-07
1.737481445367162014e-07
1.726809039578882536e-07
1.716435199572609715e-07
1.706055776060889329e-07
1.695932118844497539e-07
1.685840733359714854e-07
1.675960306643817705e-07
1.666152072096093637e-07
1.656507968804816761e-07
1.646978059673460274e-07
1.637563413240303565e-07
1.628307069778284427e-07
1.619115048519302286e-07
1.610127580875368411e-07
1.601151381082532714e-07
1.592428173355163578e-07
1.583661011278679870e-07
1.575197525485960793e-07
1.566632627842633875e-07
1.558424407933914440e-07
1.550055000805071642e-07
1.542097676514397032e-07
1.533916972596431938e-07
1.526206263416381865e-07
1.518207447053373496e-07
1.510739166211763034e-07
1.502915376206908095e-07
1.495685434571544986e-07
1.488029744303188868e-07
1.481034154406976728e-07
1.473539548811154643e-07
1.466774428815919170e-07
1.459433777773911587e-07
1.452895355489343988e-07
1.445701383085434254e-07
1.439385999871062338e-07
1.432331248724224382e-07
1.426235363344401114e-07
1.419312153263538151e-07
1.413432345514124654e-07
1.406632725472737322e-07
1.400965699492118406e-07
1.394281391775768550e-07
1.388823978843637770e-07
1.382246313954874851e-07
1.376995474529184365e-07
1.370515315253669657e-07
1.365468139912250550e-07
1.359075792585733341e-07
1.354229501407894076e-07
1.347914612111389867e-07
1.343266551813056569e-07
1.337017984842052430e-07
1.332565622959787354e-07
1.326371318278888087e-07
1.322112233230961187e-07
1.315959039552095116e-07
1.311890905002408569e-07
1.305764383941308010e-07
1.301884945798783250e-07
1.295769142705037588e-07
1.292076186055983738e-07
1.285953361934486624e-07
1.282444664705273479e-07
1.276294983808100692e-07
1.272968252952668499e-07
1.266769420092700259e-07
1.263622204790431171e-07
1.257349046854459308e-07
1.254378621998851282e-07
1.248002609257948577e-07
1.245205820311324573e-07
1.238694525572381547e-07
1.236067584238027165e-07
1.229384082030157283e-07
1.226922299580844538e-07
1.220024515238959967e-07
1.217721958330871381e-07
1.210561988384972630e-07
1.208411040062872046e-07
1.200934483349282351e-07
1.198925291515223746e-07
1.191070656831662378e-07
1.189190453816497646e-07
1.180888746730326325e-07
1.179121029728121420e-07
1.170295670615498615e-07
1.168619245671136185e-07
1.159186533256902753e-07
1.157574448816949166e-07
1.147444853942245894e-07
1.145863288900206930e-07
1.134943931774861786e-07
1.133351159067717547e-07
1.121549866316657839e-07
1.119895488552501070e-07
1.107126805112135243e-07
1.105351545903946230e-07
1.091544937748252952e-07
1.089581351026695140e-07
1.074691515248656726e-07
1.072466009378130274e-07
1.056484668609539640e-07
1.053921177776078862e-07
1.036889001786025656e-07
1.033914419903201516e-07
1.015930936537553101e-07
1.012482034170615164e-07
9.937108602159955640e-08
9.897418835512615046e-08
9.704087064550569729e-08
9.658983633064084026e-08
9.462801280842856958e-08
9.412364293882449294e-08
9.216420854357328650e-08
9.161037323526567837e-08
8.968491480230426515e-08
8.908828658799398174e-08
8.722642652308170238e-08
8.659584750286387730e-08
8.482292244335739940e-08
8.416853346791430528e-08
8.250398890081918698e-08
8.183629448486597163e-08
8.029297195429711384e-08
7.962200419356576690e-08
7.820627663615968875e-08
7.754096837115321019e-08
7.625351797861171759e-08
7.560132719103039908e-08
7.443829315805336879e-08
7.380506217471345407e-08
7.275930257988927102e-08
7.214930031884784081e-08
7.121157847085314198e-08
7.062766235963467182e-08
6.978764719646634662e-08
6.923148660153623249e-08
6.847852487713167516e-08
6.795084156226218073e-08
6.727450650552856592e-08
6.677530297213722312e-08
6.616575002754534409e-08
6.569450981463156727e-08
6.514267989013539996e-08
6.469853359034693401e-08
6.419624400001282422e-08
6.377810091048100485e-08
6.331805876653103874e-08
6.292470750533900787e-08
6.250047312841042547e-08
6.213065598435381765e-08
6.173657678752925597e-08
6.138904287771163504e-08
6.102017212116380316e-08
6.069371401925747492e-08
6.034572402105413670e-08
6.003920189947899102e-08
5.970829773233317159e-08
5.942065428182457264e-08
5.910349143940233593e-08
5.883376016858427154e-08
5.852736795814112407e-08
5.827467684522341355e-08
5.797638811239180956e-08
5.773996008828779922e-08
5.744734717975809930e-08
5.722649851395605312e-08
5.693731494998631103e-08
5.673145228676165307e-08
5.644357938513219675e-08
5.625219593496988853e-08
5.596359355210819489e-08
5.578626473694678709e-08
5.549492525352178610e-08
5.533130394291014999e-08
5.503520871898944784e-08
5.488502005941904812e-08
5.458209766566892584e-08
5.444513337073197591e-08
5.413321907570502490e-08
5.400933094469447963e-08
5.368612718021435851e-08
5.357521945600166480e-08
5.323825728732649547e-08
5.314027735315614364e-08
5.278687943302629047e-08
5.270180619711598396e-08
5.232905226014391028e-08
5.225688140773402086e-08
5.186157816806458082e-08
5.180230334145341721e-08
5.138096171422810013e-08
5.133455050003171749e-08
5.088337440657564911e-08
5.084973800115676700e-08
5.036463065768320779e-08
5.034358610249093805e-08
4.982018158793053199e-08
4.981140576267674600e-08
4.924513560093729369e-08
4.924811078878936104e-08
4.863431693504996597e-08
4.864826888423175504e-08
4.798237518828105394e-08
4.800620635683299027e-08
4.728395938202018917e-08
4.731618249867015687e-08
4.653396820979026301e-08
4.657264837629487965e-08
4.572788235415207838e-08
4.577059919204348666e-08
4.486217379445900241e-08
4.490601783113745486e-08
4.393477039825563716e-08
4.397638865498586935e-08
4.294553303540403125e-08
4.298123611629444264e-08
4.189668096492299794e-08
4.192261662001013872e-08
4.079308610602838250e-08
4.080547217305906701e-08
3.964235626304772244e-08
3.963775105552456878e-08
3.845464792347980739e-08
3.843022254609454745e-08
3.724219139642034780e-08
3.719596129046272690e-08
3.601856665425384724e-08
3.594954287148823160e-08
3.479782165611150670e-08
3.470605645324452878e-08
3.359355877132138469e-08
3.348008129120704408e-08
3.241811791166445999e-08
3.228477728178984817e-08
3.128195725250206144e-08
3.113120576841564891e-08
3.019328490734870327e-08
3.002793946129043700e-08
2.915794377443773420e-08
2.898095971789105171e-08
2.817951112108418485e-08
2.799379259983587658e-08
2.725955165533601054e-08
2.706781044373602381e-08
2.639795793021143914e-08
2.620262227681197029e-08
2.559332012360326533e-08
2.539648791628807259e-08
2.484328213193576438e-08
2.464670901300124651e-08
2.414485708070694321e-08
2.394996928997605116e-08
2.349468930096625764e-08
2.330261199189238825e-08
2.288926009470329706e-08
2.270085369245981918e-08
2.232504111103833610e-08
2.214094030516388875e-08
2.179860256460832432e-08
2.161925434891911060e-08
2.130668470403632100e-08
2.113238334494880423e-08
2.084624074720507583e-08
2.067715862385976807e-08
2.041445857082160488e-08
2.025067255531677733e-08
2.000876720499313277e-08
1.985028070167412510e-08
1.962683294021330838e-08
1.947359395275636926e-08
1.926654871540686407e-08
1.911846442306222429e-08
1.892601949567950145e-08
1.878296785610166207e-08
1.860354558106724506e-08
1.846538445089173167e-08
1.829760518958253966e-08
1.816417941134947454e-08
1.800683721337679240e-08
1.787798405580249537e-08
1.773002471070282398e-08
1.760557799574074787e-08
1.746607947173243554e-08
1.734587265467894569e-08
1.721402782302068799e-08
1.709789625734904263e-08
1.697299773256282519e-08
1.686078029515978806e-08
1.674220720230286272e-08
1.663374742310298325e-08
1.652095388953428560e-08
1.641610070272763822e-08
1.630860587351418543e-08
1.620721407874702806e-08
1.610459347363459941e-08
1.600652397944618253e-08
1.590840201923051823e-08
1.581352191869799422e-08
1.571956546761838697e-08
1.562774799709029802e-08
1.553766078380242152e-08
1.544878519209962370e-08
1.536230299473651360e-08
1.527625434714930213e-08
1.519314083536012923e-08
1.510980978067523106e-08
1.502985292912165184e-08
1.494913544295708124e-08
1.487214444530448740e-08
1.479394156244494097e-08
1.471974416105392633e-08
1.464396171279581870e-08
1.457240190992863942e-08
1.449895026772781181e-08
1.442988634380493189e-08
1.435868016874794388e-08
1.429198297660033208e-08
1.422294112674184803e-08
1.415849269916443179e-08
1.409153751468813814e-08
1.402922940656255461e-08
1.396428667281021484e-08
1.390401926491049499e-08
1.384101921281863348e-08
1.378270057785097906e-08
1.372157554411090408e-08
1.366512057330895521e-08
1.360580628242099486e-08
1.355113596770565993e-08
1.349357092433543240e-08
1.344061175809402238e-08
1.338473720245525836e-08
1.333342042608879777e-08
1.327917993259134670e-08
1.322944120870736856e-08
1.317678075802643116e-08
1.312855968941206490e-08
1.307742747057372885e-08
1.303066721709529124e-08
1.298101349310487378e-08
1.293566043725323042e-08
1.288743742985853375e-08
1.284344088007828918e-08
1.279660266097246507e-08
1.275391459217645843e-08
1.270841698117316838e-08
1.266699179855612240e-08
1.262279226419210723e-08
1.258258660991812367e-08
1.253964418221652593e-08
1.250061674285088145e-08
1.245889193562091301e-08
1.242100328690781729e-08
1.238045801229430382e-08
1.234367047450099004e-08
1.230426797797955867e-08
1.226854548578727477e-08
1.223025027614559812e-08
1.219555826162463331e-08
1.215833604709177607e-08
1.212464134069554329e-08
1.208845896898560195e-08
1.205572970031183096e-08
1.202055510557483936e-08
1.198876062355512646e-08
1.195456277037228117e-08
1.192367356097848412e-08
1.189042239941834967e-08
1.186041001840036967e-08
1.182807643228087525e-08
1.179891343967946107e-08
1.176746920587509771e-08
1.173912910879883256e-08
1.170854685131274338e-08
1.168100404629800377e-08
1.165125719968594153e-08
1.162448692583688065e-08
1.159554969117197328e-08
1.156952798153755749e-08
1.154137529710205985e-08
1.151607893160605904e-08
1.148868643078620041e-08
1.146409289987611394e-08
1.143743688063833105e-08
1.141352434612137682e-08
1.138758173202806585e-08
1.136432898712454238e-08
1.133907730220186676e-08
1.131646373842381079e-08
1.129188107064152168e-08
1.126988664431957580e-08
1.124595161530349617e-08
1.122455681294947007e-08
1.120124854744828628e-08
1.118043435669386333e-08
1.115773245086206907e-08
1.113748032758105372e-08
1.111536481867166450e-08
1.109565665910043378e-08
1.107410799733618903e-08
1.105492610377690502e-08
1.103392511590204338e-08
1.101525216928336498e-08
1.099478003276979514e-08
1.097659906166418965e-08
1.095663726566074198e-08
1.093893161656311477e-08
1.091946193648846218e-08
1.090221523987502863e-08
1.088321969532450995e-08
1.086641583375240644e-08
1.084787665685415601e-08
1.083149973271235285e-08
1.081339932790068511e-08
1.079743362784846295e-08
1.077975453325926391e-08
1.076418448805657295e-08
1.074690932938262111e-08
1.073171947750372276e-08
1.071483092480171963e-08
1.070000586778963501e-08
1.068348659233410702e-08
1.066901095115834779e-08
1.065284355720508733e-08
1.063870192107852518e-08
1.062286889529179198e-08
1.060904576929588345e-08
1.059352941969230269e-08
1.058000916364251933e-08
1.056479154524723480e-08
1.055155830846691713e-08
1.053662114702775757e-08
1.052365879911851422e-08
1.050898340215284310e-08
1.049627544818589476e-08
1.048184260798704451e-08
1.046937210455342791e-08
