# -0.25J_-0.75g_0.83776theta_1.0472phi_10Chi_0.01delta_500N
-5.769125330338862323e-01
6.651422657754320067e-01
-4.434194878720415511e-01
-1.075214142180455114e-02
-1.518087205804224127e-01
4.111678677130327364e-02
-8.048167532274969060e-02
5.568467368806340884e-02
7.007029375661733006e-02
-3.807980562987571538e-02
1.711494383634097338e-01
-3.464949954727287174e-01
-4.218034423435845781e-01
5.951750650396625986e+00
-3.481903981338572707e-01
-3.922961790424407624e+00
2.512047125874532938e+00
3.832224950130534769e+00
3.522798759117089951e+00
-5.054139741647726281e-01
-7.852292554655285750e-01
1.155868285993958189e+00
-1.262381395014893437e+00
1.540743203644769466e+00
4.075969434378816203e+00
-3.554054318263375922e+00
3.716505616044794458e+00
-4.007081187924885768e+00
-3.821394586863987364e+00
2.105630731411634038e+00
-1.272106722750309393e-01
-4.476405600043950606e-02
6.568509883886030742e+00
-6.979258770485091645e+01
-6.006805137292298014e+01
7.927495750293385868e+01
-2.759617623655423913e+01
1.667824960842119140e+02
1.366938402742984771e+01
4.900467037251743818e+02
-9.343580244460157613e-02
-3.180145222006103278e+00
-1.560783292836832370e+00
6.779394423297797800e+01
-5.516357259920727074e+01
-1.675012816541175553e+01
-6.168045472548582353e+01
1.279528358345699530e+02
1.077321603415215634e+02
6.242336752935268152e+01
-4.449120759709304651e-02
1.964235451162649193e-01
5.406251654930991357e+00
-6.461028612577358388e+01
-3.024119935341568777e+01
8.818263282905492417e+01
-1.072430124814977326e+01
4.099202476175263854e+01
-2.369522778180884615e+01
2.377469595211541673e+02
-8.755166020250598757e-02
-6.501150757332331054e+00
4.918935982336509749e-01
1.865701953254582577e+02
-4.660329919061727821e+01
-1.232250468445691922e+02
-1.961821291597222228e+02
-2.001181331268226131e+02
2.221318781711763961e+02
-1.782907394823549566e+03
5.730520937781744678e-02
6.136323780596563138e-01
-3.272015463634738275e+00
4.957782164546550518e+01
1.177417437595202010e+01
-3.479213918738248879e+01
-8.697693601074267633e+01
-4.290491829939747248e+01
-1.124605704038357068e+01
1.003625677720423539e+02
-6.912486052978042417e-02
-5.118673877678765471e+00
2.346157806445691718e-01
1.095098512613873822e+02
-1.095908549644702390e+02
-3.235948848012173329e+01
-2.253999868665261488e+02
2.902537557247784434e+02
3.221526766928837446e+02
2.551777143126360841e+02
-4.155592708178331568e-03
-1.021581341552047384e+00
-9.615350919562357657e-01
-2.337563149491269314e+02
-6.060193117648768890e+01
1.161161121341996250e+02
7.866679221479531634e+02
8.627875481445676087e+02
-3.391323763226677102e+02
3.435768712492169470e+03
-5.778051375615942398e-01
5.204341184961448069e-02
7.970920149042728386e-01
1.368424785184433889e-01
6.628915007280450356e-02
4.124791174456370058e-02
-7.226171014737136841e-03
-9.718482830768615521e-02
6.997587754061659893e-02
4.045356011183112027e-02
5.945455090788426267e-01
-7.156132945861257699e-01
-1.365709434576339421e+00
5.057112849962145162e+00
-2.066628664450653297e+00
5.026831985366978728e+00
9.164212868481320662e-01
-4.630771317270427900e+00
1.540164029003282975e+00
1.379178402717470719e+00
5.400172520829619183e-01
2.090182814530383848e-01
-8.905689974653681062e-01
-1.734370205714609037e-01
4.973854076667088009e+00
-1.612314643671578063e+00
-4.755221306852099872e+00
-2.372047456491725104e+00
4.981839112727177721e+00
1.204550463849334951e+00
1.441034949700147616e-01
2.870066357207305408e-01
3.373096853348628077e+00
-5.577459083766836301e+01
-5.942349292612389178e+01
-2.555576029603345489e+01
1.369354725136253137e+02
1.572708820359082154e+02
-1.002578619992811895e+02
2.340523076885346256e+02
-6.340744980711029988e-02
-6.374936722595513139e+00
-1.886779060729278257e+00
6.847658510360150785e+01
-6.924687058231867809e+01
7.699310663523199594e+01
-7.238261667702890634e+01
-3.774566866803719023e+01
-4.197939559744096982e+01
6.920634747902823847e+01
-4.423099296013031229e-02
-4.763205208868360074e+00
-2.521595510388894734e+00
5.823444415647809080e+01
-4.068694979873563256e+01
8.773201849734977031e+01
-2.924409454519004825e+01
-3.078664925197254121e+01
-2.395091660481361373e+01
7.804392261109185380e-01
9.338836474523591613e-02
7.789184923267480354e-01
4.831156544302698030e+00
1.059143022925957744e+00
-5.893813507562695975e+01
3.411059408229567680e+01
-8.900684018244075446e+01
-4.081168961022331843e+01
-1.175162110108609994e+02
-4.793710367684616926e+02
4.678490874235162467e-02
-3.721413930650046442e+00
4.013757593530017154e+00
6.095462172841847348e+01
-1.758060804010935954e+02
1.226521543287782947e+02
-2.500304680641329185e+02
7.568138607464916845e+01
-1.845793691862015748e+02
7.232012899255350931e+02
-6.890577806020557750e-02
2.360572787480508694e+00
-4.567740197592427442e+00
3.947938492273824096e+01
1.496143983251222949e+02
-3.206605733156962401e+01
-1.386935851058562434e+02
-3.380534251279188993e+02
3.217183420597948498e+02
-6.223207854890302997e+02
-8.547092649017776211e-03
-9.211068219415767810e-01
-7.632147852032193647e-02
-5.548251413825307736e+02
-6.860135521669677416e+01
-3.084340488491995416e+02
2.446896706520283715e+03
1.698938282290067718e+03
-3.322001933060536203e+02
2.949435075689252244e+03
-5.781716973739173815e-01
-7.157741163409293561e-01
-3.541416788907971736e-01
-1.257937887093446006e-01
8.496666664949338588e-02
4.114274342631635967e-02
8.800569782106559824e-02
4.177947350059730419e-02
6.985181762458862742e-02
-2.668264727961368321e-03
-7.649503429957965617e-01
-1.345613078334747748e+00
-5.738533438492202654e-01
4.016133091541066236e+00
-4.277226638256695357e-01
-1.123054233212140707e+00
-5.625645678869067190e+00
9.957167228125570757e-01
-5.063196160468546481e+00
-3.092500426059270890e-01
2.439756954263679611e-01
9.993607383194439420e-01
-2.603134209341694261e-01
1.475890424211194540e+00
6.007268473175969348e+00
5.174140914027287153e+00
8.689879053920738228e-01
4.160386030208622188e+00
-1.155092356974828816e+00
6.438209390648834407e-02
-1.715145270877052597e-02
-2.642028397944289786e+00
4.696287463756275038e+00
-6.243036956350221800e+01
-7.193467465343393030e+01
-5.375127221032519031e+01
4.697401022463420617e+01
1.852375324092701803e+01
8.677103242107368430e+01
3.881180314455234566e+02
1.564465138754950191e-01
-5.054109655830316683e+00
1.047544171954030823e+00
5.569864094987428871e+01
-6.269275437076761648e+01
-6.032220685984847819e+01
-2.087044682058964327e+02
5.448833322824206959e+01
-6.543819364950803674e+01
2.955301213147801604e+02
-4.429748843367366934e-02
4.565419025668855824e+00
-2.879336054477606321e+00
6.445592071723917904e+00
7.073201443329395488e+01
8.784504406133849841e+01
3.857299707410438572e+01
-9.552956576013164280e+00
-2.428026762075505829e+01
-2.517555099620193744e+02
-6.146353439280246092e-03
8.815166782970855763e-01
-3.646520343440828871e+00
8.382625356400548355e+01
1.074458778759948530e+02
8.823901258898513333e+01
-9.857163099265076056e+00
-2.070760744589419744e+02
-1.082836279360257947e+02
-1.718768369079570903e+03
-1.043370655342553688e-01
4.761676259833749647e+00
4.136288572425732113e+00
-1.081187314594013600e+02
-9.246821027740134014e+01
-8.737721925180838412e+01
-5.582793992469153466e+01
1.626161048730325831e+02
1.972262274768687575e+02
1.634384431873837229e+03
-6.875197782286406045e-02
2.760382334262147630e+00
4.315839973349146597e+00
-1.498959328731253606e+02
-3.922888434058639007e+01
-3.111190549945813899e+01
3.729370281664189974e+02
4.828946314178172372e+01
3.212090041372892983e+02
4.160003131489583552e+02
1.264889270788240559e-02
-1.812249663283023449e-01
-6.573868863387559713e-01
-3.982823761538882081e+02
1.895244649572784112e+02
1.590234719022752472e+02
2.228578280411051310e+03
-8.020887918266893735e+01
6.896225196443350569e+02
-1.890786165004786312e+02
