# -0.7J_-0.3g_0.68068theta_0.0phi_10Chi_0.01delta_500N
-9.772440104834370089e-01
-5.306532910459038632e-01
-2.043597059516649717e-01
2.293960675561710072e-01
7.828106677067517977e-03
1.272213024891784006e-01
-2.098219022181025406e-01
2.381166483511599485e-01
2.670204410091749914e-01
4.526419896883637946e-03
-5.721106917394082059e-01
-5.979480964077857896e-01
1.476846274211545372e-02
-1.093398811537964338e-01
3.040987928075369884e-02
-8.736172958105431485e-01
4.020098308257540887e-01
-9.429179162161748229e-01
-1.314255683175978406e+00
1.071372714663200998e-01
-4.255531312778589731e-02
2.117969982802363760e-01
-2.865868397477630003e-01
-1.077591563361320753e-02
1.666806778718928017e+00
1.135179361962164180e+00
-5.191642095061699269e-01
2.067279916447366528e-01
-9.889597526712846642e-01
-6.841074323501545873e-01
2.578967366102106751e-01
-1.389999894197619101e-01
1.746535712176117972e-01
-1.035532199515364127e+00
-7.595153138694801243e-01
-3.198998279675501877e+00
4.850883423552924123e-01
-1.478955341204968743e+00
-6.785009736130456215e-01
-3.159087184179584895e+00
1.456399373728918256e-01
-8.064069991064092280e-01
1.193828247867689596e+00
-2.933538199452472295e-01
-1.161004217795303894e+01
-9.309576188888362580e+00
4.295086458399018703e+00
8.098318901259151659e-01
7.364914753263237301e+00
-3.714314316615948020e+00
1.611429587269449237e-01
-1.086242690673931310e+00
9.805887562018560377e-01
-1.723479916837192594e+00
-7.671742795674587612e+00
-1.194244582004267308e+01
4.093729043577973847e+00
-2.345350152585685688e+00
2.921707675817069028e+00
-9.903789304733759735e+00
-1.025900478812754452e-01
3.438745053600633650e-01
-2.234943991376290295e-01
-1.436724730440893882e+00
-1.041144839029596314e+00
-1.864591070621961943e+00
-4.316534098149419130e+00
2.790375040735043832e+00
8.747303144158017574e+00
-7.286746574362456208e+00
1.791549101745189554e-01
-6.245997480325454765e-01
-1.949941864274429559e-01
-2.441593189421939147e+00
1.638769683200192873e+01
3.562919907303163214e+00
-3.432887005367332378e+00
-2.177484922699835934e+01
-3.176172935341733705e+01
3.684612874492868340e+00
1.694131822597567394e-01
-8.521280497239854812e-01
-5.559732623038700083e-01
-2.252158113961882702e+00
2.428857745359335141e+01
7.043183122355455517e+00
-6.167491743196551468e-01
-3.147136299843882767e+01
-5.754600979967362662e+01
9.035252559503206271e+00
2.685936501535832535e-02
3.645067517591044776e-02
-5.487250067537216003e-01
-3.190175433180179709e+00
1.559241856018713568e+00
-1.564355762264096228e+01
2.106797700935333584e+00
-3.479671377062747428e+00
-2.803923514577271625e+00
-5.756723618601893122e+01
-3.082024866360877913e-01
5.636759956099249846e-01
-4.016975791635648552e-01
-4.373043692980179697e-01
-1.700993804953218960e-02
-1.074788528124779735e-01
-4.887811779839539850e-01
-5.836934982203704214e-01
2.765981830291215915e-01
-1.039063192884575465e-02
4.254278700392273294e-01
-9.798793950984071577e-01
4.890301659595867600e-01
-7.960676707327426493e-01
9.294678534934911474e-01
-6.044433110773657081e-01
-3.057814647877107883e-01
8.668706102159336180e-02
6.461946395308145741e-01
2.191420461316957446e-01
-3.923545014163817291e-01
9.456566716321778143e-01
-1.198435082692001830e+00
-1.751633686318946614e-01
6.793016830831329900e-01
-1.019657877200423446e+00
1.102644104562546135e+00
1.274968061199591496e+00
-1.195847012246940427e-01
3.880869226431122310e-01
-5.772575326654021122e-02
-2.372812572157688149e-01
-7.814691774134244762e-01
-4.741121146033711042e+00
4.418262063390840488e+00
-4.239427224762451374e+00
-2.338146330237476089e+00
6.178209216593875119e-01
1.898462388051381788e+00
1.787614804340185826e+00
-3.232811271050948787e-01
6.559615177071961289e-01
1.315972942370743803e+00
4.138901666493811859e+00
-9.868306029444301686e+00
9.761935830880275944e+00
-2.136256854228212543e+00
-3.527645108153331321e+00
-2.924866652432506875e+00
8.760969539547582841e+00
9.853706449413074386e-02
-2.528243599343237835e-01
-1.398597070498184491e+00
-4.913756704726634617e+00
8.584891856635383789e+00
-9.335810483936102244e+00
-1.285613484652725180e+00
2.063204937416843077e+00
3.462440731547646866e+00
-8.461545742178600449e+00
-4.028456285766984224e-01
-3.042560027530076816e-01
5.042774858071920052e-01
-1.316260158937173763e+01
5.427649378491446797e+00
-5.799782045589002344e+00
-2.564157086329719704e+01
-1.285586371203605083e+01
7.293800864771687209e+00
6.965430425541581982e+00
-4.628417564917365890e-01
-1.847205970345943693e-01
7.514174603439809363e-01
-1.002143035190925602e+01
9.232323712671689719e+00
-7.717250972793359587e+00
-1.986176277331545847e+01
-2.208302490577709776e+01
1.210351418618221686e+01
-1.420375937562242008e+01
1.977994071748689353e-01
3.322909548190169371e-01
-9.773961518094206880e-02
7.256509283084752404e+00
-4.432106654151506397e+00
4.182916644123049643e+00
1.486524146852900685e+01
1.346669475447043673e+01
-1.000501618725687614e+01
3.304505539071628029e+00
8.530022029436752640e-02
2.805442131989623333e-01
3.129242844555077396e-01
1.555234246953319355e+00
8.059057249516431654e+00
-1.442468601506009307e+01
-3.171163551166848560e+00
-3.463215348822039075e-01
3.603046955792346129e+00
-7.614672631630550370e+01
-4.217520382508329613e-01
2.033390519779186001e-01
5.247047541829178430e-01
-4.724268562786839154e-01
1.269510351402083348e-01
3.853406743276406865e-01
6.986428838435592148e-01
-1.714543143895256305e-01
2.179983077113726020e-01
-1.334016415077625972e-01
3.578702662437418525e-01
-7.556448085560503181e-01
-1.036460764078753760e+00
-1.080865920206305786e+00
-6.541567876912303126e-01
5.113131451600297916e-01
2.611471672210675110e-01
2.079023957644549614e-01
-2.312379746796001945e-01
-7.960274945179153239e-01
5.686621973347721903e-01
-6.035279558104016395e-01
-1.246523804671574753e+00
7.495923280146299383e-01
6.281732362782060930e-01
4.812032334119880073e-01
9.523628792993147352e-01
-1.171385924497468700e+00
8.702927249484042616e-01
7.414100256165312430e-01
-7.089705228063573061e-01
-1.150803554070282342e+00
-3.351946002228556321e-01
-1.149672020266415551e+01
-3.307858958840039332e+00
5.981847354270296790e+00
-4.240381034256663351e-01
3.558856486799362173e+00
-4.179079048771090044e+00
1.970472159172190274e+01
6.176917833329444163e-02
-4.165686128152546464e-01
-1.187429359617419300e-01
-2.878002528013301031e+00
-3.311476999744847216e+00
-8.269040958626193705e-01
-2.510628534138633849e+00
4.102059465093652157e+00
-1.047800260682069551e+00
-2.566256821781994102e+00
2.646527250102203022e-01
4.933000840307578683e-01
4.910710921048571098e-01
2.765583736119557212e+00
-5.537383409222932373e-01
-3.760655938816687360e+00
-2.535872625825897675e+00
1.002143593455123050e+00
-1.937806705870628310e-01
-6.954452968052273754e+00
4.222553145031412436e-01
6.484693628062419835e-02
7.612043674366184565e-01
-1.377292584736073522e+01
-1.018503424168515892e+01
-8.272699006801209620e-01
-2.879716931876039610e+01
2.463347254689859867e+01
-1.906020668682784347e+01
3.709376024837326469e+01
-1.424790334791780078e-01
1.347640529161847345e-01
-6.046828042217413657e-01
9.058822270527217668e+00
1.060334482103032094e+01
2.926840005024234692e+00
1.900390023594036393e+01
-2.240272103828116101e+01
7.595596687883244158e+00
-1.447084016241334092e+00
1.684940168762872337e-01
-2.336699263979008859e-02
5.319556276868915301e-01
-9.501547232268144683e+00
-4.595434173577945813e+00
8.226242964243146716e-01
-2.125459877280495746e+01
1.452908597190955575e+01
-2.160424099447391200e+01
3.299793897829803768e+01
-3.176925385081251496e-02
-7.912972348916681442e-01
6.477495410034286305e-01
1.129992180349421460e+01
-1.360900468845658828e+01
-2.923106335292441571e+01
-6.423804061908570340e+00
1.870583228716309065e+01
8.997566721863305972e+00
-2.331342612001730572e+02
