# -0.5J_-0.5g_0.73304theta_0.0phi_10Chi_0.01delta_500N
3.396841168849652759e-02
2.759332122216451668e-04
7.229637208231073627e-06
8.464513000412852495e-07
7.613797662737868870e-07
6.024742088609110384e-07
4.764698336278405742e-07
5.459669799165342350e-07
3.536693679783134156e-07
4.934893142064214066e-07
2.918315980500832713e-07
4.448888711824871500e-07
2.583236543147696919e-07
4.007803863781720902e-07
2.399400632194396941e-07
3.615919055794323948e-07
2.307617947381326534e-07
3.274794235714490735e-07
2.280016083556888147e-07
2.984038106505019032e-07
2.304081151331848413e-07
2.742355095586854755e-07
2.375563636281607253e-07
2.548332616314702455e-07
2.494040286363115285e-07
2.400676295404161593e-07
2.658379148218014308e-07
2.297836967052294382e-07
2.860443178691636174e-07
2.237423956865988152e-07
3.076984661864957205e-07
2.216093209147469899e-07
3.265633823779416740e-07
2.230031222118268673e-07
3.379412339726493030e-07
2.275382496550316868e-07
3.403198601748904274e-07
2.348167783468483382e-07
3.374018177203164649e-07
2.443882236120945878e-07
3.350300364580563344e-07
2.557177236471276808e-07
3.368114378213320432e-07
2.681926584413676681e-07
3.429045789794062142e-07
2.811889344811504380e-07
3.510205410345762353e-07
2.942110974437993602e-07
3.574746928593168946e-07
3.070879424860949813e-07
3.577205981549797143e-07
3.201213691409311683e-07
3.469584624939217040e-07
3.339553595315048698e-07
3.221164249418320013e-07
3.488215063475346864e-07
2.853529243812010533e-07
3.629189665026635808e-07
2.448589863246033124e-07
3.703435711791962287e-07
2.096555354996369577e-07
3.606724231562170832e-07
1.843298349884882074e-07
3.249694882986717844e-07
1.689123438440905641e-07
2.683277296125715163e-07
1.612383555232824179e-07
2.092748238733460450e-07
1.587214669909897753e-07
1.612579593869818620e-07
1.590674272881303981e-07
1.262757495927599312e-07
1.604179023705428638e-07
1.014626189337919552e-07
1.613646147667179900e-07
8.378400139923237785e-08
1.609788896189080183e-07
7.112887478387509432e-08
1.588363335845871444e-07
6.219141854472108991e-08
1.550006280647179229e-07
5.618051598833320295e-08
1.499466449278917629e-07
5.256033104792802767e-08
1.444256084525539341e-07
5.087904202676586593e-08
1.392978412367030791e-07
5.073391677142205084e-08
1.353661201844099330e-07
5.179540509179429885e-08
1.332320842823709252e-07
5.379241081967653049e-08
1.331800528663937204e-07
5.645642552393437283e-08
1.350697538127652849e-07
5.944897043508171146e-08
1.382068591669102571e-07
6.229420770207834442e-08
1.411928425498729262e-07
6.436020756001813437e-08
1.419271404627553569e-07
6.496964003023429494e-08
1.382369561527862362e-07
6.367745692312946888e-08
1.294142277387834332e-07
6.057451365510882572e-08
1.173835313869408301e-07
5.632364075039227131e-08
1.055606287668841638e-07
5.183469455872357414e-08
9.654285570805850104e-08
4.785750055523841197e-08
9.128973846881364636e-08
4.478880786518447910e-08
8.977113631114848129e-08
4.271111092437437399e-08
9.174348956253790352e-08
4.152271212225429170e-08
9.713666106918086607e-08
4.105188022533303570e-08
1.061503069051692976e-07
4.112351035061821173e-08
1.191894096807305060e-07
4.158665575610842678e-08
1.366097909141251130e-07
4.232010046587212112e-08
1.580603314218339322e-07
4.322921964090270489e-08
1.811151892041467076e-07
4.424117727432564142e-08
1.994747512055399044e-07
4.530086365724861366e-08
2.034264148979960916e-07
4.636841926813381155e-08
1.869945676023926057e-07
4.741930686157467744e-08
1.563537981978342660e-07
4.844197498318392759e-08
1.243851920770756506e-07
4.943126015954551581e-08
9.894351865365123680e-08
5.038607914394513710e-08
8.123956464938389526e-08
5.130974507014550058e-08
6.975267740545690625e-08
5.220951689858431894e-08
6.269765862542264541e-08
5.309557207053461430e-08
5.870139793524655977e-08
5.398020796796678666e-08
5.681153485297015500e-08
5.487753858235679864e-08
5.638107260323030612e-08
5.580359664146147039e-08
5.697148572251396903e-08
5.677654403236540653e-08
5.828701273751061600e-08
5.781662075852809468e-08
6.012947847506741046e-08
5.894561156528726550e-08
6.236596664910702299e-08
6.018587005102771187e-08
6.490574637403489078e-08
6.155902148366626739e-08
6.768425429807953059e-08
6.308472433221164577e-08
7.065229081826168261e-08
6.477978151192433450e-08
7.376890539381591499e-08
6.665777577565557667e-08
7.699685469132514139e-08
6.872922328994921913e-08
8.029993603907420277e-08
7.100208888831887269e-08
8.364182462122668121e-08
7.348245305048694681e-08
8.698629424022797032e-08
7.617510116719277747e-08
9.029884513399411427e-08
7.908378674136377380e-08
9.354973442602624730e-08
8.221096870030102993e-08
9.671813425129454776e-08
8.555711162333711320e-08
9.979666377300460890e-08
8.912015513807787126e-08
1.027950760600584073e-07
9.289587111127661953e-08
1.057417158827775589e-07
9.687904244847368761e-08
1.086817302419009167e-07
1.010646517828968466e-07
1.116719905426943393e-07
1.054485078957673900e-07
1.147738684169925103e-07
1.100273617599991033e-07
1.180457340334924222e-07
1.147987503237298523e-07
1.215369612164334111e-07
1.197608231599346991e-07
1.252844615815900568e-07
1.249122133070482048e-07
1.293118317172281748e-07
1.302519348586521675e-07
1.336305360047115132e-07
1.357793410443056272e-07
1.382422940826111059e-07
1.414939952731095922e-07
1.431419082363440921e-07
1.473957319825997586e-07
1.483199676580096373e-07
1.534845924106806719e-07
1.537650899457753162e-07
1.597607964263844989e-07
1.594655616040819569e-07
1.662247153855678819e-07
1.654103867360442821e-07
1.728768449253103159e-07
1.715898438437276422e-07
1.797177787671134402e-07
1.779956873664733085e-07
1.867481851003868858e-07
1.846211259005536499e-07
1.939687919528834163e-07
1.914606824822984501e-07
2.013803573119548150e-07
1.985100049983931921e-07
2.089836582773952076e-07
2.057656751678099092e-07
2.167794877583546111e-07
2.132250345391845627e-07
2.247686386906884029e-07
2.208860332589053056e-07
2.329518946669147722e-07
2.287471051800325257e-07
2.413300217057550790e-07
2.368070661289134502e-07
2.499037609779564627e-07
2.450650318541347207e-07
2.586738223381485957e-07
2.535203521768869651e-07
2.676408785491517769e-07
2.621725582077100935e-07
2.768055601217440348e-07
2.710213200395470400e-07
2.861684519021217137e-07
2.800664151669536461e-07
2.957300954159555819e-07
2.893076942946424098e-07
3.054909566579635913e-07
2.987450631818627214e-07
3.154514538501826515e-07
3.083784659066828632e-07
3.256119461120274993e-07
3.182078675618360344e-07
3.359727258705007315e-07
3.282332390219599299e-07
3.465340189843066905e-07
3.384545508881379782e-07
3.572959857303044457e-07
3.488717634829766672e-07
3.682587190521470560e-07
3.594848179172350814e-07
3.794222430210106811e-07
3.702936302393414427e-07
3.907865035971077112e-07
3.812980865521308547e-07
4.023513789150066221e-07
3.924980384287379858e-07
4.141166746584973995e-07
4.038932987857747814e-07
4.260821250997447405e-07
4.154836391447686020e-07
4.382473974183030694e-07
4.272687856127733069e-07
4.506120717323352941e-07
4.392484157197125531e-07
4.631756591009311473e-07
4.514221585184658971e-07
4.759375973281161359e-07
4.637895924224385728e-07
4.888972519868913987e-07
4.763502491474530345e-07
5.020539191120971352e-07
4.891035971143847361e-07
5.154068156985673628e-07
5.020490459483731890e-07
5.289550901281866539e-07
5.151859524930085683e-07
5.426978201180905168e-07
5.285136162192265796e-07
5.566340131701653465e-07
5.420312787372232990e-07
5.707626073847890593e-07
5.557381235867712142e-07
5.850824723635072227e-07
5.696332761587122937e-07
5.995924101778099420e-07
5.837158036904525118e-07
6.142911563885821761e-07
5.979847153128490409e-07
6.291773811357397318e-07
6.124389621554513413e-07
6.442496902568641729e-07
6.270774375265968839e-07
6.595066264591501941e-07
6.418989771782298591e-07
6.749466705307157816e-07
6.569023596250643571e-07
6.905682425709931661e-07
6.720863065723770865e-07
7.063697032693962079e-07
6.874494833892506116e-07
7.223493552017697555e-07
7.029904996565542235e-07
7.385054441612424131e-07
7.187079097745095562e-07
7.548361604880553499e-07
7.346002136319347060e-07
7.713396404473086114e-07
7.506658573336785618e-07
7.880139676087510026e-07
7.669032339519012310e-07
8.048571742375757890e-07
7.833106843645435887e-07
8.218672427071637610e-07
7.998864981038144755e-07
8.390421069208292012e-07
8.166289142637818412e-07
8.563796537438133615e-07
8.335361224394584801e-07
8.738777244285227458e-07
8.506062636938606058e-07
8.915341160668513789e-07
8.678374315815167247e-07
9.093465830413492030e-07
8.852276731823957561e-07
9.273128384588375173e-07
9.027749901676184756e-07
9.454305556186738881e-07
9.204773399011329183e-07
9.636973694544455297e-07
9.383326365561695543e-07
9.821108779877497393e-07
9.563387601656426407e-07
1.000668656165943940e-06
9.744935440545777518e-07
1.019368224851727275e-06
9.927947708779417386e-07
1.038207074919396564e-06
1.011240193734379848e-06
1.057182671089770612e-06
1.029827528456782829e-06
1.076292448392943558e-06
1.048554454831475876e-06
1.095533813560665380e-06
1.067418617850319248e-06
1.114904146471298571e-06
1.086417628964526034e-06
1.134400801542980876e-06
1.105549067357830604e-06
1.154021109142028902e-06
1.124810481213510347e-06
1.173762376960764047e-06
1.144199389007534777e-06
1.193621891414180894e-06
1.163713280789478616e-06
1.213596918993974269e-06
1.183349619483733805e-06
1.233684707636788830e-06
1.203105842184716481e-06
1.253882488071856532e-06
1.222979361470030621e-06
1.274187475145379655e-06
1.242967566686250295e-06
1.294596869164002556e-06
1.263067825265758167e-06
1.315107857194675631e-06
1.283277484030477429e-06
1.335717614363963836e-06
1.303593870492235090e-06
1.356423305158110760e-06
1.324014294144228874e-06
1.377222084687976448e-06
1.344536047774424861e-06
1.398111099958428507e-06
1.365156408733813782e-06
1.419087491123349532e-06
1.385872640242524594e-06
1.440148392721778988e-06
1.406681992638917290e-06
1.461290934930392879e-06
1.427581704680883216e-06
1.482512244794483175e-06
1.448569004769866122e-06
1.503809447555680688e-06
1.469641112239190173e-06
1.525179668206418081e-06
1.490795238548798860e-06
1.546620034548605431e-06
1.512028588548564828e-06
1.568127691984690454e-06
1.533338361673999708e-06
1.589699843002963305e-06
1.554721753159451353e-06
1.611333544072118775e-06
1.576175955207156056e-06
1.633025939045092691e-06
1.597698158189328865e-06
1.654774148005262880e-06
1.619285551779522407e-06
1.676575318974625548e-06
1.640935326111793169e-06
1.698426609017221427e-06
1.662644672908059366e-06
1.720325184517860856e-06
1.684410786578937145e-06
1.742268221948244545e-06
1.706230865324999885e-06
1.764252908807619709e-06
1.728102112211144410e-06
1.786276444538842176e-06
1.750021736220964685e-06
1.808336041465439619e-06
1.771986953296048112e-06
1.830428925689134231e-06
1.793994987343303748e-06
1.852552338000224000e-06
1.816043071272578297e-06
1.874703534744370152e-06
1.838128447922248190e-06
1.896879788675626885e-06
1.860248371060041313e-06
1.919078389815969531e-06
1.882400106299659857e-06
1.941296646231190293e-06
1.904580932036326720e-06
1.963531884862833883e-06
1.926788140316207656e-06
1.985781452277746085e-06
1.949019037738188174e-06
2.008042715422501862e-06
1.971270946299268532e-06
2.030313062384573727e-06
1.993541204219956691e-06
2.052589903047113618e-06
2.015827166750222066e-06
2.074870669827525820e-06
2.038126206977387084e-06
2.097152818308370140e-06
2.060435716578784988e-06
2.119433827900684417e-06
2.082753106555525423e-06
2.141711202470329812e-06
2.105075807977492099e-06
2.163982470912700545e-06
2.127401272655536705e-06
2.186245187772186618e-06
2.149726973841437287e-06
2.208496933745227529e-06
2.172050406859200378e-06
2.230735316280165761e-06
2.194369089765495973e-06
2.252957970025665595e-06
2.216680563925163476e-06
2.275162557375845311e-06
2.238982394627389632e-06
2.297346768906011683e-06
2.261272171629076771e-06
2.319508323844211693e-06
2.283547509709505396e-06
2.341644970476952419e-06
2.305806049186911200e-06
2.363754486557447623e-06
2.328045456420512603e-06
2.385834679720355996e-06
2.350263424282117091e-06
2.407883387798137378e-06
2.372457672608887440e-06
2.429898479197089646e-06
2.394625948645043133e-06
2.451877853203378331e-06
2.416766027455477987e-06
2.473819440278034898e-06
2.438875712301800852e-06
2.495721202352985869e-06
2.460952835026988942e-06
2.517581133080122014e-06
2.482995256405455543e-06
2.539397258071481316e-06
2.505000866455153699e-06
2.561167635084545059e-06
2.526967584767576862e-06
2.582890354296718424e-06
2.548893360785486172e-06
2.604563538420656143e-06
2.570776174072371117e-06
2.626185342865679031e-06
2.592614034558338544e-06
2.647753955904053328e-06
2.614404982788112467e-06
2.669267598794120911e-06
2.636147090106224268e-06
2.690724525849325282e-06
2.657838458868370290e-06
2.712123024549353726e-06
2.679477222613801674e-06
2.733461415604877310e-06
2.701061546214748175e-06
2.754738052982931797e-06
2.722589626025933445e-06
2.775951323971205337e-06
2.744059689990311011e-06
2.797099649163590196e-06
2.765469997763268525e-06
2.818181482467647237e-06
2.786818840775170980e-06
2.839195311070978711e-06
2.808104542333253272e-06
2.860139655418092398e-06
2.829325457648724404e-06
2.881013069183288086e-06
2.850479973901548146e-06
2.901814139135098838e-06
2.871566510241978278e-06
2.922541485106690579e-06
2.892583517817088087e-06
2.943193759869203145e-06
2.913529479747664157e-06
2.963769649038350071e-06
2.934402911126617757e-06
2.984267870940468811e-06
2.955202358980604931e-06
3.004687176459029886e-06
2.975926402214454784e-06
3.025026348896282107e-06
2.996573651562475677e-06
3.045284203792443224e-06
3.017142749501709310e-06
3.065459588730508388e-06
3.037632370174288296e-06
3.085551383200563511e-06
3.058041219297669725e-06
3.105558498321980491e-06
3.078368034039460636e-06
3.125479876663711121e-06
3.098611582903302774e-06
3.145314492008723415e-06
3.118770665597101792e-06
3.165061349128692538e-06
3.138844112887666231e-06
3.184719483516058452e-06
3.158830786450933040e-06
3.204287961115696465e-06
3.178729578703667209e-06
3.223765878083711470e-06
3.198539412639422403e-06
3.243152360488018997e-06
3.218259241634345535e-06
3.262446564021218834e-06
3.237888049262069567e-06
3.281647673722578909e-06
3.257424849091376824e-06
3.300754903633781190e-06
3.276868684480890493e-06
3.319767496535306403e-06
3.296218628367051680e-06
3.338684723586910468e-06
3.315473783015022698e-06
3.357505884021674089e-06
3.334633279824882538e-06
3.376230304806662711e-06
3.353696279065905432e-06
3.394857340298058757e-06
3.372661969638999877e-06
3.413386371906985528e-06
3.391529568820317267e-06
3.431816807730430384e-06
3.410298322021497947e-06
3.450148082223537016e-06
3.428967502503784886e-06
3.468379655788795308e-06
3.447536411107330585e-06
3.486511014481690196e-06
3.466004376007510356e-06
3.504541669569533869e-06
3.484370752404157364e-06
3.522471157201651470e-06
3.502634922250758577e-06
3.540299038011938415e-06
3.520796293954953654e-06
3.558024896759607883e-06
3.538854302110652727e-06
3.575648341924553863e-06
3.556808407170474363e-06
3.593169005333566945e-06
3.574658095168131785e-06
3.610586541766573274e-06
3.592402877412944088e-06
3.627900628583721932e-06
3.610042290169770437e-06
3.645110965311703374e-06
3.627575894353876618e-06
3.662217273278633752e-06
3.645003275235633088e-06
3.679219295200009119e-06
3.662324042103123547e-06
3.696116794785090913e-06
3.679537827967391019e-06
3.712909556383166362e-06
3.696644289223492965e-06
3.729597384530200358e-06
3.713643105338545821e-06
3.746180103596414693e-06
3.730533978539386681e-06
3.762657557413892992e-06
3.747316633474679153e-06
3.779029608821122195e-06
3.763990816904270794e-06
3.795296139317156215e-06
3.780556297361037239e-06
3.811457048698439119e-06
3.797012864834785166e-06
3.827512254606020704e-06
3.813360330436049254e-06
3.843461692197080086e-06
3.829598526091765525e-06
3.859305313732134355e-06
3.845727304191155246e-06
3.875043088207311083e-06
3.861746537263442022e-06
3.890675000986465393e-06
3.877656117671856480e-06
3.906201053383276777e-06
3.893455957269526178e-06
3.921621262348134894e-06
3.909145987067225229e-06
3.936935660082342323e-06
3.924726156932387079e-06
3.952144293618550343e-06
3.940196435230840059e-06
3.967247224539169605e-06
3.955556808549947893e-06
3.982244528576464707e-06
3.970807281314796197e-06
3.997136295252211125e-06
3.985947875518003371e-06
4.011922627542824977e-06
4.000978630371905999e-06
4.026603641549370843e-06
4.015899601995059250e-06
4.041179466093014595e-06
4.030710863088096006e-06
4.055650242472689814e-06
4.045412502651169372e-06
4.070016124033766585e-06
4.060004625616641925e-06
4.084277275942936403e-06
4.074487352565750651e-06
4.098433874766520206e-06
4.088860819428716621e-06
4.112486108242957019e-06
4.103125177135193979e-06
4.126434174897739389e-06
4.117280591352958582e-06
4.140278283835527784e-06
4.131327242148163087e-06
4.154018654387806905e-06
4.145265323700470448e-06
4.167655515875703763e-06
4.159095044008378785e-06
4.181189107383972175e-06
4.172816658257404167e-06
4.194619677545089156e-06
4.186430389196195987e-06
4.207947484473894462e-06
4.199936455288867893e-06
4.221172795742062715e-06
4.213335116714616153e-06
4.234295904959207025e-06
4.226626646001184786e-06
4.247317270728525568e-06
4.239811327741239116e-06
4.260236981526484860e-06
4.252889458320508857e-06
4.273055334885198323e-06
4.265861345618865101e-06
4.285772635762413990e-06
4.278727308734476418e-06
4.298389196403734429e-06
4.291487677729373711e-06
4.310905336056926936e-06
4.304142793348525808e-06
4.323321380632818970e-06
4.316693006716694841e-06
4.335638009357245213e-06
4.329138679130584526e-06
4.347855309610647969e-06
4.341480181771708700e-06
4.359973530705793682e-06
4.353717895405271952e-06
4.371992998313183694e-06
4.365852210189834547e-06
4.383914051489079269e-06
4.377883525379574415e-06
4.395737039114337912e-06
4.389812305196632712e-06
4.407462317646202430e-06
4.401638926586546058e-06
4.419090249855787308e-06
4.413363805198855232e-06
4.430621204038889643e-06
4.424987374071049259e-06
4.442055553490745712e-06
4.436510074101291287e-06
4.453393676110388653e-06
4.447932353812954434e-06
4.464635954084712799e-06
4.459254669143669083e-06
4.475782773652386120e-06
4.470477483171114599e-06
4.486834524872096920e-06
4.481601265933067181e-06
4.497791601461470195e-06
4.492626494147705344e-06
4.508654400530263267e-06
4.503553651058258151e-06
4.519423322496307083e-06
4.514383226173165150e-06
4.530098770865956118e-06
4.525115715054104684e-06
4.540681152121539721e-06
4.535751619105381689e-06
4.551170875525232485e-06
4.546291445370882887e-06
4.561568353036380440e-06
4.556735706344966516e-06
4.571873999120938124e-06
4.567084919730589528e-06
4.582088230674535967e-06
4.577339608262284485e-06
4.592211466857892474e-06
4.587500299509028728e-06
4.602244129022019520e-06
4.597567525680160333e-06
4.612186640544242700e-06
4.607541823428753810e-06
4.622039426760448859e-06
4.617423733664203902e-06
4.631802914869554329e-06
4.627213801375118617e-06
4.641477533772440764e-06
4.636912575436750521e-06
4.651063714068093520e-06
4.646520608429226860e-06
4.660561887897209724e-06
4.656038456476853852e-06
4.669972488887540935e-06
4.665466679069646004e-06
4.679295952077732173e-06
4.674805838868787202e-06
4.688532713820123198e-06
4.684056501560416734e-06
4.697683211719438568e-06
4.693219235697763525e-06
4.706747884598719128e-06
4.702294612525055610e-06
4.715727172377656740e-06
4.711283205805589383e-06
4.724621516061532878e-06
4.720185591689633120e-06
4.733431357659433361e-06
4.729002348544104744e-06
4.742157140166095593e-06
4.737734056804550277e-06
4.750799307476206613e-06
4.746381298826131263e-06
4.759358304361805952e-06
4.754944658738738934e-06
4.767834576446414707e-06
4.763424722304142106e-06
4.776228570125545729e-06
4.771822076744186024e-06
4.784540732606443028e-06
4.780137310661715066e-06
4.792771511808018375e-06
4.788371013851235459e-06
4.800921356367339582e-06
4.796523777189630251e-06
4.808990715626242292e-06
4.804596192491189615e-06
4.816980039602338590e-06
4.812588852388204618e-06
4.824889778978762813e-06
4.820502350198166853e-06
4.832720385075043790e-06
4.828337279817181202e-06
4.840472309864522375e-06
4.836094235549636826e-06
4.848146005942636841e-06
4.843773812049845751e-06
4.855741926546945044e-06
4.851376604157475374e-06
4.863260525540348937e-06
4.858903206803432941e-06
4.870702257418935554e-06
4.866354214902930176e-06
4.878067577303622722e-06
4.873730223198565350e-06
4.885356940963218686e-06
4.881031826227277130e-06
4.892570804830701239e-06
4.888259618131529085e-06
4.899709625975436731e-06
4.895414192627839865e-06
4.906773862165669927e-06
4.902496142851383997e-06
4.913763971834541045e-06
4.909506061278847513e-06
4.920680414147887354e-06
4.916444539602654570e-06
4.927523648968046069e-06
4.923312168691415241e-06
4.934294136918771803e-06
4.930109538426794602e-06
4.940992339383095270e-06
4.936837237651004301e-06
4.947618718536102608e-06
4.943495854068700908e-06
4.954173737348768206e-06
4.950085974148421763e-06
4.960657859662390268e-06
4.956608183044825664e-06
4.967071550131979359e-06
4.963063064490292975e-06
4.973415274348247250e-06
4.969451200746261046e-06
4.979689498789702968e-06
4.975773172498371692e-06
4.985894690886157392e-06
4.982029558767630148e-06
4.992031319047809525e-06
4.988220936847894038e-06
4.998099852666248529e-06
4.994347882213716184e-06
5.004100762193870688e-06
5.000410968459377722e-06
5.010034519108510702e-06
5.006410767222485728e-06
5.015901595989636533e-06
5.012347848081080736e-06
5.021702466540218105e-06
5.018222778555877142e-06
5.027437605598129211e-06
5.024036123906865183e-06
5.033107661859402045e-06
5.029788447228612307e-06
5.038712951483298157e-06
5.035480309249651889e-06
5.044253937993415714e-06
5.041112268358986045e-06
5.049731100735354050e-06
5.046685078396918555e-06
5.055144920321252063e-06
5.052199235759290889e-06
5.060495878649642673e-06
5.057655157509431603e-06
5.065784458951181585e-06
5.063053391663018298e-06
5.071011145777389377e-06
5.068394483512360953e-06
5.076176425045421426e-06
5.073678975649404790e-06
5.081280784047136240e-06
5.078907407833308538e-06
5.086324711440856373e-06
5.084080317009828778e-06
5.091308697322110919e-06
5.089198237232089331e-06
5.096233233162600861e-06
5.094261699565802503e-06
5.101098811880929709e-06
5.099271232123244428e-06
5.105905927827410272e-06
5.104227359956866877e-06
5.110655076781179660e-06
5.109130605030680256e-06
5.115346755950981099e-06
5.113981486178366975e-06
5.119981464008282919e-06
5.118780519053635156e-06
5.124559701025731443e-06
5.123528216095343743e-06
5.129081968532447841e-06
5.128225086497481116e-06
5.133548769477394805e-06
5.132871636138302311e-06
5.137960608211860748e-06
5.137468367557590424e-06
5.142317990472741072e-06
5.142015779960608866e-06
5.146621423404064664e-06
5.146514369098826416e-06
5.150871415477604037e-06
5.150964627345601312e-06
5.155068476511097550e-06
5.155367043532518391e-06
5.159213117626812557e-06
5.159722103051818241e-06
5.163305851230357725e-06
5.164030287741539535e-06
5.167347190954196097e-06
5.168292075872732220e-06
5.171337651643926555e-06
5.172507942133134348e-06
5.175277749297232217e-06
5.176678357604856989e-06
5.179168001048651636e-06
5.180803789727836456e-06
5.183008925081490763e-06
5.184884702267853729e-06
5.186801040605830579e-06
5.188921555313077712e-06
5.190544867800296127e-06
5.192914805248362868e-06
5.194240927729453006e-06
5.196864904709175705e-06
5.197889742309228101e-06
5.200772302601063832e-06
5.201491834234120655e-06
5.204637444030970055e-06
5.205047726889861310e-06
5.208460770356817686e-06
5.208557944311756724e-06
5.212242719093945591e-06
5.212023011071044853e-06
5.215983723965355876e-06
5.215443452217846434e-06
5.219684214828769108e-06
5.218819793188652050e-06
5.223344617707743453e-06
5.222152559732949591e-06
5.226965354776013040e-06
5.225442277811521858e-06
5.230546844273713861e-06
5.228689473496024874e-06
5.234089500613778733e-06
5.231894672876176796e-06
5.237593734289661528e-06
5.235058401990153825e-06
5.241060020005954557e-06
5.238181186644726148e-06
5.244489077489089966e-06
5.241263552419111092e-06
5.247880910179259883e-06
5.244306024447258553e-06
5.251235912700457758e-06
5.247309127380627282e-06
5.254554475790507665e-06
5.250273458036296645e-06
5.257836986283200379e-06
5.253199622564963837e-06
5.261083827080186283e-06
5.256087993193880253e-06
5.264295377206465341e-06
5.258939091014542905e-06
5.267472011758168365e-06
5.261753436043735944e-06
5.270614101933493198e-06
5.264531547053284658e-06
5.273722015018383084e-06
5.267273941452584710e-06
5.276796114357686040e-06
5.269981135184902435e-06
5.279836759436951135e-06
5.272653642571231090e-06
5.282844305794634372e-06
5.275291976199030540e-06
5.285819105095311981e-06
5.277896646775847255e-06
5.288761505069857022e-06
5.280468163014412598e-06
5.291671849604221146e-06
5.283007031481145902e-06
5.294550478645396992e-06
5.285513756483153494e-06
5.297397728316052244e-06
5.287988839922158717e-06
5.300213930806134822e-06
5.290432781155775714e-06
5.302999414504899059e-06
5.292846076877595825e-06
5.305754503889225256e-06
5.295229220968977997e-06
5.308479519648852656e-06
5.297582704390851332e-06
5.311174778585127666e-06
5.299907014998401226e-06
5.313840593753829706e-06
5.302202637487345450e-06
