# -0.55J_-0.45g_0.57596theta_1.0472phi_10Chi_0.01delta_500N
4.536629846620612860e-02
2.676546286689708131e-04
1.082442522113869231e-05
4.811383587953940651e-07
1.280905453282682287e-06
2.297838429919508851e-07
7.038629183680143234e-07
2.053177099584233277e-07
5.210540286299428207e-07
1.912573336331108260e-07
4.387492263113208513e-07
1.804872875787710771e-07
3.937213653337857037e-07
1.711952354080160858e-07
3.657331978558247092e-07
1.627691243997579866e-07
3.465791158017939661e-07
1.550274131165415610e-07
3.323722397049890425e-07
1.479590346936820783e-07
3.210907199570122737e-07
1.414583613793829149e-07
3.116322201254732651e-07
1.354809138079456286e-07
3.033936106713363820e-07
1.300534516815417955e-07
2.960734598645331552e-07
1.252553517554338465e-07
2.895856748009850253e-07
1.212231832942897937e-07
2.840336564525614025e-07
1.181522747764906003e-07
2.797113279981813221e-07
1.162814287728095924e-07
2.770895384845688813e-07
1.158544142075331365e-07
2.767371268124444418e-07
1.170679082277693667e-07
2.791798422098428820e-07
1.200313386802980650e-07
2.847951685864154718e-07
1.247573885868726683e-07
2.937872894229802472e-07
1.311776947139418765e-07
3.061601133786187208e-07
1.391659138060129868e-07
3.216449162345467639e-07
1.485582320385280815e-07
3.396283709092646111e-07
1.591740669976051182e-07
3.591316437208379468e-07
1.708454660017328857e-07
3.788563327240939246e-07
1.834639421756012679e-07
3.972863137505566873e-07
1.970518048854072855e-07
4.128269256399766836e-07
2.118630093612482516e-07
4.239731000804102401e-07
2.285155492997644684e-07
4.295098984161271566e-07
2.481492074968317187e-07
4.287321702021061758e-07
2.725732220157399893e-07
4.216161531369443238e-07
3.042669926940447199e-07
4.088407509421974374e-07
3.457803115303560015e-07
3.916098452720963816e-07
3.972888146018879722e-07
3.713428691127085001e-07
4.503866551365937912e-07
3.493748944302849313e-07
4.819323868464822181e-07
3.267726917230272986e-07
4.688352577938135048e-07
3.042672408723816832e-07
4.196261777323909108e-07
2.822755636259886971e-07
3.627817770939901216e-07
2.610152623858674564e-07
3.142794679366530611e-07
2.406187977860850326e-07
2.757756557532136852e-07
2.211921865413118097e-07
2.442370666172530453e-07
2.028345626638272138e-07
2.167854068456651039e-07
1.856376935797925262e-07
1.917890604529975913e-07
1.696779867974811174e-07
1.686783471403871991e-07
1.550084315527511317e-07
1.474849537908688544e-07
1.416535833881713258e-07
1.284351536294373009e-07
1.296114969165241466e-07
1.117016357871372518e-07
1.188594735336763917e-07
9.731033735721901367e-08
1.093585273640554736e-07
8.514669385049511448e-08
1.010575186995852131e-07
7.500350148541936615e-08
9.389527931243767238e-08
6.663195118268354465e-08
8.780147715972233244e-08
5.977962896743884993e-08
8.269763969549286792e-08
5.421299461558775416e-08
7.850194151942111220e-08
4.972771657267963983e-08
7.513611034801075955e-08
4.615108620222991860e-08
7.253191302931627946e-08
4.334012146747780635e-08
7.063489969508590493e-08
4.117774003099738548e-08
6.940520398673577237e-08
3.956854033674328922e-08
6.881626325374900849e-08
3.843509910500898547e-08
6.885276914796663411e-08
3.771513981439530389e-08
6.950898776031536491e-08
3.735949294436080671e-08
7.078806718070995611e-08
3.733056530295948081e-08
7.270246702960078206e-08
3.760104541426387427e-08
7.527531989712111216e-08
3.815267995022676392e-08
7.854237473810807993e-08
3.897507292338486080e-08
8.255409067584378507e-08
4.006454755683699746e-08
8.737725859629704514e-08
4.142314378797293543e-08
9.309495518320254233e-08
4.305777351683676482e-08
9.980233160057262314e-08
4.497944534593955978e-08
1.075932623691635342e-07
4.720237851009160807e-08
1.165288033667012200e-07
4.974277135335758885e-08
1.265731268778561437e-07
5.261691770696156775e-08
1.374800990886126423e-07
5.583816864791089426e-08
1.486263907474038025e-07
5.941199268668676516e-08
1.588454362375516447e-07
6.332818860621678533e-08
1.664359590295252714e-07
6.754861711491108886e-08
1.696120728699017451e-07
7.198900167812482406e-08
1.674172921335503580e-07
7.649406710960875149e-08
1.604525547890079190e-07
8.080943325488331946e-08
1.505939948081333659e-07
8.456422696786157643e-08
1.399216466356823584e-07
8.729477370842382619e-08
1.298861426703906200e-07
8.854903320256461559e-08
1.211672662465545102e-07
8.808194186992363405e-08
1.139224919535755707e-07
8.606051994277715203e-08
1.080613385252446533e-07
8.311161675165836754e-08
1.034155619330448021e-07
8.011290587603298328e-08
9.981694716045920113e-08
7.784283426559501334e-08
9.712325022553603090e-08
7.672410679552380836e-08
9.522134865476356996e-08
7.679150989634595739e-08
9.402265766015147991e-08
7.783517542240852279e-08
9.345737732924479571e-08
7.957922415486014129e-08
9.346993963045098315e-08
8.179300336917316334e-08
9.401611725950926972e-08
8.432276872662614070e-08
9.506099034261800803e-08
8.708025915188173856e-08
9.657717294687037195e-08
9.002065432126470576e-08
9.854275156721583256e-08
9.312416194603357148e-08
1.009388109616455846e-07
9.638393363474279344e-08
1.037466947875918254e-07
9.979904807938356509e-08
1.069453611162852970e-07
1.033709292725616633e-07
1.105090783922896566e-07
1.071015910893772362e-07
1.144056509545784572e-07
1.109929770756386022e-07
1.185953715679548810e-07
1.150468708545028409e-07
1.230306926261092906e-07
1.192650882674364962e-07
1.276567690975626300e-07
1.236497962206448300e-07
1.324130542170469185e-07
1.282038611041845494e-07
1.372362179870441237e-07
1.329311706846227926e-07
1.420646399201671311e-07
1.378368893849091219e-07
1.468445037127868140e-07
1.429276186869235090e-07
1.515370000507191837e-07
1.482114519455241361e-07
1.561253495269444628e-07
1.536979013467080181e-07
1.606200568797858415e-07
1.593977368725601422e-07
1.650601381923369307e-07
1.653227156809515735e-07
1.695093787549758787e-07
1.714852515855529903e-07
1.740480761120934109e-07
1.778980575949972259e-07
1.787623316464562658e-07
1.845737965953767025e-07
1.837336848293710012e-07
1.915247745226655614e-07
1.890314116157517151e-07
1.987627030220261644e-07
1.947085377054503988e-07
2.062985366636005221e-07
2.008013129382317334e-07
2.141423744908381952e-07
2.073311075498398802e-07
2.223034209290483586e-07
2.143075223882402799e-07
2.307900025823965326e-07
2.217317420730360052e-07
2.396096331915519003e-07
2.295995263970501275e-07
2.487691080281654506e-07
2.379035731204881573e-07
2.582746242733440312e-07
2.466352269522984801e-07
2.681319165704653822e-07
2.557856344009409618e-07
2.783463736667656215e-07
2.653464682859341589e-07
2.889231345568631852e-07
2.753103452143200109e-07
2.998672209399334282e-07
2.856710328294037840e-07
3.111835955893864117e-07
2.964235211270375423e-07
3.228771974103985140e-07
3.075640060889729321e-07
3.349529355791694425e-07
3.190898207400923537e-07
3.474156402590256233e-07
3.309993360312630458e-07
3.602699741939509517e-07
3.432918467316335739e-07
3.735203186531093210e-07
3.559674525545843921e-07
3.871706571473843082e-07
3.690269415277467736e-07
4.012244860121671612e-07
3.824716808481080066e-07
4.156847826642445702e-07
3.963035187969597193e-07
4.305540201667244315e-07
4.105246827569621003e-07
4.458342701987253582e-07
4.251377146889250624e-07
4.615273293263463657e-07
4.401453970398549771e-07
4.776348600109100194e-07
4.555506936530613953e-07
4.941585217433709980e-07
4.713566995974018524e-07
5.111000796301082721e-07
4.875665991829983602e-07
5.284614641947751985e-07
5.041836311217158767e-07
5.462447285338551127e-07
5.212110591883354167e-07
5.644520695363464930e-07
5.386521461646090726e-07
5.830858899639728653e-07
5.565101287578298821e-07
6.021487711645360614e-07
5.747881930818422658e-07
6.216434331207407472e-07
5.934894543369520165e-07
6.415727002205866436e-07
6.126169457820939204e-07
6.619394704838944577e-07
6.321736164870639195e-07
6.827466875284023353e-07
6.521623325732339147e-07
7.039973154251829632e-07
6.725858785768030127e-07
7.256943164535440244e-07
6.934469584933423580e-07
7.478406315804774667e-07
7.147481963453064658e-07
7.704391635003775569e-07
7.364921358587995202e-07
7.934927619166238012e-07
7.586812390979016126e-07
8.170042108840167307e-07
7.813178841980715722e-07
8.409762178614747455e-07
8.044043625713971210e-07
8.654114043012123036e-07
8.279428759453555135e-07
8.903122975593037999e-07
8.519355334724881992e-07
9.156813239311604574e-07
8.763843490750165894e-07
9.415208026543796184e-07
9.012912390286086839e-07
9.678329407382628283e-07
9.266580198406659342e-07
9.946198284523639872e-07
9.524864063781530024e-07
1.021883435426386495e-06
9.787780102338849753e-07
1.049625607226017092e-06
1.005534338300965197e-06
1.077848062351251584e-06
1.032756791566216482e-06
1.106552389617183678e-06
1.060446664023328470e-06
1.135740045888749196e-06
1.088605141810420115e-06
1.165412354099536133e-06
1.117233302428203497e-06
1.195570501546036688e-06
1.146332114123556657e-06
1.226215538436270082e-06
1.175902435361496807e-06
1.257348376642728975e-06
1.205945014416904522e-06
1.288969788701350645e-06
1.236460489042435155e-06
1.321080406931377324e-06
1.267449386232158952e-06
1.353680722772769765e-06
1.298912122066018486e-06
1.386771086281730720e-06
1.330849001610118902e-06
1.420351705715665152e-06
1.363260218894061318e-06
1.454422647333970152e-06
1.396145856963450394e-06
1.488983835253734196e-06
1.429505887957636712e-06
1.524035051443497056e-06
1.463340173273715486e-06
1.559575935848478532e-06
1.497648463767788783e-06
1.595605986586620215e-06
1.532430400008655287e-06
1.632124560267474956e-06
1.567685516482498360e-06
1.669130878251352395e-06
1.603413236774246263e-06
1.706624010824433426e-06
1.639612866289886673e-06
1.744602891875848581e-06
1.676283607876478229e-06
1.783066316841179018e-06
1.713424556044229423e-06
1.822012942463912771e-06
1.751034697467572797e-06
1.861441287634201765e-06
1.789112911535697182e-06
1.901349734244857853e-06
1.827657970946453747e-06
1.941736528160111594e-06
1.866668542308354593e-06
1.982599780200515914e-06
1.906143186815755207e-06
2.023937467241427551e-06
1.946080360930951680e-06
2.065747433356667771e-06
1.986478417100081931e-06
2.108027391031014028e-06
2.027335604500076853e-06
2.150774922424262388e-06
2.068650069834412392e-06
2.193987480686878484e-06
2.110419858130556558e-06
2.237662391388441083e-06
2.152642913588913702e-06
2.281796853924716275e-06
2.195317080433902887e-06
2.326387943034383467e-06
2.238440103830066799e-06
2.371432610373108052e-06
2.282009630766879403e-06
2.416927686089494061e-06
2.326023211024047127e-06
2.462869880562210249e-06
2.370478298138116612e-06
2.509255786022007369e-06
2.415372250373804234e-06
2.556081878435757038e-06
2.460702331750463664e-06
2.603344519239181721e-06
2.506465713058285697e-06
2.651039957256900120e-06
2.552659472931134087e-06
2.699164330627200708e-06
2.599280598888180078e-06
2.747713668749982450e-06
2.646325988456558182e-06
2.796683894320051469e-06
2.693792450247102675e-06
2.846070825405309602e-06
2.741676705102533797e-06
2.895870177520579895e-06
2.789975387223307684e-06
2.946077565813044780e-06
2.838685045324059866e-06
2.996688507247257771e-06
2.887802143812496399e-06
3.047698422813177940e-06
2.937323063972602340e-06
3.099102639870388658e-06
2.987244105146461494e-06
3.150896394388875393e-06
3.037561485963378730e-06
3.203074833326862348e-06
3.088271345551010881e-06
3.255633017025816746e-06
3.139369744759683420e-06
3.308565921617008352e-06
3.190852667421322818e-06
3.361868441482251568e-06
3.242716021594472585e-06
3.415535391690538429e-06
3.294955640815587086e-06
3.469561510557623943e-06
3.347567285373695428e-06
3.523941462150740205e-06
3.400546643586535791e-06
3.578669838834932020e-06
3.453889333088966659e-06
3.633741163843317823e-06
3.507590902108823743e-06
3.689149893889603135e-06
3.561646830754773022e-06
3.744890421770211939e-06
3.616052532344209795e-06
3.800957078972595052e-06
3.670803354671203054e-06
3.857344138299369526e-06
3.725894581349135031e-06
3.914045816530583445e-06
3.781321433081960434e-06
3.971056277059831528e-06
3.837079068981801771e-06
4.028369632528587736e-06
3.893162587924361307e-06
4.085979947483042273e-06
3.949567029817926345e-06
4.143881241012869258e-06
4.006287376914089184e-06
4.202067489395289190e-06
4.063318555166239736e-06
4.260532628699771504e-06
4.120655435506925090e-06
4.319270557431266944e-06
4.178292835183459536e-06
4.378275139090761906e-06
4.236225519042096816e-06
4.437540204790515536e-06
4.294448200887599320e-06
4.497059555797579389e-06
4.352955544728111393e-06
4.556826966066794398e-06
4.411742166130621275e-06
4.616836184720502704e-06
4.470802633512272987e-06
4.677080938591764922e-06
4.530131469421000530e-06
4.737554934556256243e-06
4.589723151837108357e-06
4.798251862063334718e-06
4.649572115472720710e-06
4.859165395371081679e-06
4.709672753044431682e-06
4.920289195958156907e-06
4.770019416563133112e-06
4.981616914758095366e-06
4.830606418600608357e-06
5.043142194399044426e-06
4.891428033542379573e-06
5.104858671358339547e-06
4.952478498884224627e-06
5.166759978105249459e-06
5.013752016428334999e-06
5.228839745160970449e-06
5.075242753577272115e-06
5.291091603089827180e-06
5.136944844577308370e-06
5.353509184485053348e-06
5.198852391684538240e-06
5.416086125794277273e-06
5.260959466467677631e-06
5.478816069219643811e-06
5.323260110951948842e-06
5.541692664372432224e-06
5.385748338893941382e-06
5.604709570053184015e-06
5.448418136860238973e-06
5.667860455817859221e-06
5.511263465572097059e-06
5.731139003551843861e-06
5.574278260927661647e-06
5.794538908914265619e-06
5.637456435270686599e-06
5.858053882780800128e-06
5.700791878483252717e-06
5.921677652544821144e-06
5.764278459182115385e-06
5.985403963398874999e-06
5.827910025792475532e-06
6.049226579488780782e-06
5.891680407730571456e-06
6.113139285077674681e-06
5.955583416463997211e-06
6.177135885515348561e-06
6.019612846659218792e-06
6.241210208269967433e-06
6.083762477201806694e-06
6.305356103743674937e-06
6.148026072351227262e-06
6.369567446178589101e-06
6.212397382754376061e-06
6.433838134311297922e-06
6.276870146513557674e-06
6.498162092097474878e-06
6.341438090214640550e-06
6.562533269335985507e-06
6.406094929989233776e-06
6.626945642138616306e-06
6.470834372475217365e-06
6.691393213449255106e-06
6.535650115889472205e-06
6.755870013409627190e-06
6.600535850927388399e-06
6.820370099753031787e-06
6.665485261837307070e-06
6.884887558017115896e-06
6.730492027320696162e-06
6.949416501752678076e-06
6.795549821507607978e-06
7.013951072760719087e-06
6.860652314878858348e-06
7.078485441109817071e-06
6.925793175239790954e-06
7.143013805184327122e-06
6.990966068570488346e-06
7.207530391737403004e-06
7.056164659960964922e-06
7.272029455770997993e-06
7.121382614510162808e-06
7.336505280491203372e-06
7.186613598152064785e-06
7.400952177077200711e-06
7.251851278596005892e-06
7.465364484552390889e-06
7.317089326085841952e-06
7.529736569568583651e-06
7.382321414323223954e-06
7.594062826091745840e-06
7.447541221219315232e-06
7.658337675119752236e-06
7.512742429749227477e-06
7.722555564357003776e-06
7.577918728744007557e-06
7.786710967868797455e-06
7.643063813650116903e-06
7.850798385667360994e-06
7.708171387363776746e-06
7.914812343322591228e-06
7.773235160927565479e-06
7.978747391538995029e-06
7.838248854301625208e-06
8.042598105698293208e-06
7.903206197134091584e-06
8.106359085428821155e-06
7.968100929426588956e-06
8.170024954063481959e-06
8.032926802331888068e-06
8.233590358258003906e-06
8.097677578773929103e-06
8.297049967422245948e-06
8.162347034190344308e-06
8.360398473284666915e-06
8.226928957174149833e-06
8.423630589352221727e-06
8.291417150208179197e-06
8.486741050431520123e-06
8.355805430262163588e-06
8.549724612181977814e-06
8.420087629455589359e-06
8.612576050525983396e-06
8.484257595733247454e-06
8.675290161268053705e-06
8.548309193448474892e-06
8.737861759606727690e-06
8.612236304004218095e-06
8.800285679586820699e-06
8.676032826480218436e-06
8.862556773770914614e-06
8.739692678167086841e-06
8.924669912715103742e-06
8.803209795263023963e-06
8.986619984598651686e-06
8.866578133352263355e-06
9.048401894788030261e-06
8.929791668043724146e-06
9.110010565480249170e-06
8.992844395529537793e-06
9.171440935305484046e-06
9.055730333115963248e-06
9.232687959059364912e-06
9.118443519822837256e-06
9.293746607260620004e-06
9.180978016863430383e-06
9.354611865970247788e-06
9.243327908251761161e-06
9.415278736430391239e-06
9.305487301259079093e-06
9.475742234900596205e-06
9.367450327007314562e-06
9.535997392371687071e-06
9.429211140945082555e-06
9.596039254371452315e-06
9.490763923391811542e-06
9.655862880841645162e-06
9.552102879977902454e-06
9.715463345972115894e-06
9.613222242277387757e-06
9.774835738099564312e-06
9.674116268149895591e-06
9.833975159558351823e-06
9.734779242345243256e-06
9.892876726777705243e-06
9.795205476948148142e-06
9.951535570054181729e-06
9.855389311862713635e-06
1.000994683376866168e-05
9.915325115353149538e-06
1.006810567624930557e-05
9.975007284417215347e-06
1.012600726991872425e-05
1.003443024534850952e-05
1.018364680137873982e-05
1.009358845419027754e-05
1.024101947151107245e-05
1.015247639718821202e-05
1.029812049563616414e-05
1.021108859130359880e-05
1.035494510373188430e-05
1.026941958461918636e-05
1.041148854056786244e-05
1.032746395686396166e-05
1.046774606598588990e-05
1.038521631989859154e-05
1.052371295519888357e-05
1.044267131807420720e-05
1.057938449898953033e-05
1.049982362883875276e-05
1.063475600414324289e-05
1.055666796311351344e-05
1.068982279370014019e-05
1.061319906577991552e-05
1.074458020737950241e-05
1.066941171617722429e-05
1.079902360197064282e-05
1.072530072855706533e-05
1.085314835177587547e-05
1.078086095253004124e-05
1.090694984898290307e-05
1.083608727358537282e-05
1.096042350425602063e-05
1.089097461352731752e-05
1.101356474712822895e-05
1.094551793100298621e-05
1.106636902661356666e-05
1.099971222190852762e-05
1.111883181165661872e-05
1.105355251994513435e-05
1.117094859178424391e-05
1.110703389705739596e-05
1.122271487760037759e-05
1.116015146398653684e-05
1.127412620155622012e-05
1.121290037065762548e-05
1.132517811834478141e-05
1.126527580674775059e-05
1.137586620575757178e-05
1.131727300224102253e-05
1.142618606525210382e-05
1.136888722782381413e-05
1.147613332262736901e-05
1.142011379543043451e-05
1.152570362877557265e-05
1.147094805879158129e-05
1.157489266035787139e-05
1.152138541392655478e-05
1.162369612061089932e-05
1.157142129966819480e-05
1.167210973997974214e-05
1.162105119818278103e-05
1.172012927699165845e-05
1.167027063553400111e-05
1.176775051897958988e-05
1.171907518217616435e-05
1.181496928290720333e-05
1.176746045354400437e-05
1.186178141615466653e-05
1.181542211058196112e-05
1.190818279735106290e-05
1.186295586024805883e-05
1.195416933722301010e-05
1.191005745618095625e-05
1.199973697936202957e-05
1.195672269916347364e-05
1.204488170119687426e-05
1.200294743777436082e-05
1.208959951476307671e-05
1.204872756886917650e-05
1.213388646762837660e-05
1.209405903823965254e-05
1.217773864374172048e-05
1.213893784118825168e-05
1.222115216436615508e-05
1.218336002312011312e-05
1.226412318892191984e-05
1.222732168006290881e-05
1.230664791594472073e-05
1.227081895941337766e-05
1.234872258396504867e-05
1.231384806039396774e-05
1.239034347246914859e-05
1.235640523480115437e-05
1.243150690274551536e-05
1.239848678750981430e-05
1.247220923890685766e-05
1.244008907714132299e-05
1.251244688877024654e-05
1.248120851673722869e-05
1.255221630479171971e-05
1.252184157431080640e-05
1.259151398502777746e-05
1.256198477350129771e-05
1.263033647408485573e-05
1.260163469425740870e-05
1.266868036405208222e-05
1.264078797345711113e-05
1.270654229542780164e-05
1.267944130550542912e-05
1.274391895808948948e-05
1.271759144303649567e-05
1.278080709230121634e-05
1.275523519761165346e-05
1.281720348953219686e-05
1.279236944024082059e-05
1.285310499349879952e-05
1.282899110216085285e-05
1.288850850113948828e-05
1.286509717544425554e-05
1.292341096347006842e-05
1.290068471369294402e-05
1.295780938656449813e-05
1.293575083262608973e-05
1.299170083252570688e-05
1.297029271080615615e-05
1.302508242039319459e-05
1.300430759034029290e-05
1.305795132709054475e-05
1.303779277742901147e-05
1.309030478834267296e-05
1.307074564314948918e-05
1.312214009958042085e-05
1.310316362402542405e-05
1.315345461692759515e-05
1.313504422276998951e-05
1.318424575805514617e-05
1.316638500886544711e-05
1.321451100309534845e-05
1.319718361929113075e-05
1.324424789553580166e-05
1.322743775913181616e-05
1.327345404318305938e-05
1.325714520227056514e-05
1.330212711891608857e-05
1.328630379197615131e-05
1.333026486166826706e-05
1.331491144163619256e-05
1.335786507723790433e-05
1.334296613533101249e-05
1.338492563915486123e-05
1.337046592846227607e-05
1.341144448954926525e-05
1.339740894840618586e-05
1.343741963994168048e-05
1.342379339515809784e-05
1.346284917206659474e-05
1.344961754191846995e-05
1.348773123871774658e-05
1.347487973570336114e-05
1.351206406451625034e-05
1.349957839791015446e-05
1.353584594669035607e-05
1.352371202497137505e-05
1.355907525584544650e-05
1.354727918892174483e-05
1.358175043670694250e-05
1.357027853791284812e-05
1.360387000886260897e-05
1.359270879684131340e-05
1.362543256748672218e-05
1.361456876783911991e-05
1.364643678404851290e-05
1.363585733085933120e-05
1.366688140696758020e-05
1.365657344414863782e-05
1.368676526228416893e-05
1.367671614482441375e-05
1.370608725438191242e-05
1.369628454927047902e-05
1.372484636648709236e-05
1.371527785371723258e-05
1.374304166139057515e-05
1.373369533465294776e-05
1.376067228197130195e-05
1.375153634928165794e-05
1.377773745178748890e-05
1.376880033594418111e-05
1.379423647563929416e-05
1.378548681456944607e-05
1.381016874003167907e-05
1.380159538699797942e-05
1.382553371375094280e-05
1.381712573744281855e-05
1.384033094828870472e-05
1.383207763280292906e-05
1.385456007829804517e-05
1.384645092300111837e-05
1.386822082206321067e-05
1.386024554127432073e-05
1.388131298184895397e-05
1.387346150457726093e-05
1.389383644431047604e-05
1.388609891368169772e-05
1.390579118084036563e-05
1.389815795359274563e-05
1.391717724785459152e-05
1.390963889365614321e-05
1.392799478717266103e-05
1.392054208783023698e-05
1.393824402618886130e-05
1.393086797487032972e-05
1.394792527817539883e-05
1.394061707841191667e-05
1.395703894246958021e-05
1.394979000716263509e-05
1.396558550468009175e-05
1.395838745496432463e-05
1.397356553679718660e-05
1.396641020091974010e-05
1.398097969735024981e-05
1.397385910936840931e-05
1.398782873148768035e-05
1.398073512996507343e-05
1.399411347101685070e-05
1.398703929766891951e-05
1.399983483447539992e-05
1.399277273264149942e-05
1.400499382708207697e-05
1.399793664027703503e-05
1.400959154073681691e-05
1.400253231103797014e-05
1.401362915393578522e-05
1.400656112033822901e-05
1.401710793166748408e-05
1.401002452842830109e-05
1.402002922529117440e-05
1.401292408014004019e-05
1.402239447239577027e-05
1.401526140474082736e-05
1.402420519649135293e-05
1.401703821564757197e-05
1.402546300690978842e-05
1.401825631017168195e-05
1.402616959846182830e-05
1.401891756915967782e-05
1.402632675116128356e-05
1.401902395670398351e-05
1.402593632985733266e-05
1.401857751972614885e-05
1.402500028389463773e-05
1.401758038761527494e-05
1.402352064672444971e-05
1.401603477174942867e-05
1.402149953537892615e-05
1.401394296504569540e-05
1.401893915011589917e-05
1.401130734142196413e-05
1.401584177381355687e-05
1.400813035528798768e-05
1.401220977148351970e-05
1.400441454101109130e-05
1.400804558967930990e-05
1.400016251224144481e-05
1.400335175588204934e-05
1.399537696131138926e-05
1.399813087783072921e-05
1.399006065857531019e-05
1.399238564289782641e-05
1.398421645171461834e-05
1.398611881735764842e-05
1.397784726499206591e-05
1.397933324558994101e-05
1.397095609846229992e-05
1.397203184936694911e-05
1.396354602727617891e-05
1.396421762700323795e-05
1.395562020071060840e-05
1.395589365254081690e-05
1.394718184143667570e-05
1.394706307483518755e-05
1.393823424454834535e-05
1.393772911668841219e-05
1.392878077672768948e-05
1.392789507387356912e-05
1.391882487519366409e-05
1.391756431417324311e-05
1.390837004682079322e-05
1.390674027639903740e-05
1.389741986705338794e-05
1.389542646932781209e-05
1.388597797892493125e-05
1.388362647066161577e-05
1.387404809195666752e-05
1.387134392595413059e-05
1.386163398112302127e-05
1.385858254744088750e-05
1.384873948564103966e-05
1.384534611294038509e-05
1.383536850792463210e-05
1.383163846468264464e-05
1.382152501232058358e-05
1.381746350807432082e-05
1.380721302398451999e-05
1.380282521049541007e-05
1.379243662762428050e-05
1.378772760006592489e-05
1.377719996626135379e-05
1.377217476434669268e-05
1.376150723993519381e-05
1.375617084904092199e-05
1.374536270451832567e-05
1.373972005670451356e-05
1.372877067022205421e-05
1.372282664539134798e-05
1.371173550044216641e-05
1.370549492725587280e-05
1.369426161030825200e-05
1.368772926722832600e-05
1.367635346531958564e-05
1.366953408158916098e-05
1.365801557997489872e-05
1.365091383652981724e-05
1.363925251636645708e-05
1.363187304674521084e-05
1.362006888272790097e-05
1.361241627397158951e-05
1.360046933200962037e-05
1.359254812548834315e-05
1.358045856046327647e-05
1.357227325269742280e-05
1.356004130607730647e-05
1.355159634955957556e-05
