# -0.75J_-0.25g_0.99484theta_1.0472phi_10Chi_0.01delta_500N
1.131673975039215463e-01
5.818995541325330248e-04
4.326606123716371002e-06
8.614224081866919844e-07
3.566753135980332457e-07
3.402812269147937574e-07
3.131804415885332230e-07
2.807831243778447286e-07
2.902674632445244092e-07
2.451030043218836198e-07
2.712919816621649647e-07
2.179815961779789761e-07
2.546120656356482533e-07
1.958610457003207664e-07
2.399656675697380269e-07
1.773497381004569287e-07
2.273140374975341516e-07
1.616951934251077623e-07
2.166194303803586498e-07
1.484092032418485637e-07
2.078709390875455000e-07
1.371461631908651220e-07
2.011461975290480107e-07
1.276488162914825673e-07
1.966476502933985571e-07
1.197149020481860621e-07
1.946929012376676445e-07
1.131757828189546889e-07
1.956527486725210495e-07
1.078854091038959670e-07
1.998518895583669274e-07
1.037160689987439420e-07
2.074718718288218201e-07
1.005575867408961058e-07
2.184901870541554317e-07
9.831830266243552763e-08
2.326478757836888353e-07
9.692687788971773878e-08
2.494077045966749333e-07
9.633411499445902926e-08
2.678770816447939709e-07
9.651381952784732671e-08
2.867086859240686868e-07
9.746120812241088722e-08
3.040381755504559135e-07
9.918727956712092375e-08
3.175651001744657226e-07
1.017085613088249403e-07
3.249017269622130353e-07
1.050338550621998820e-07
3.242294192487207916e-07
1.091496692319743838e-07
3.150554165524667162e-07
1.140050993007551110e-07
2.985998573825356410e-07
1.194956552935415370e-07
2.774351895329034133e-07
1.254468009764455401e-07
2.545415843214391867e-07
1.316008824482834362e-07
2.323809107067069701e-07
1.376143406664135671e-07
2.124463430380554653e-07
1.430730346503314533e-07
1.952970612965761073e-07
1.475308809589659301e-07
1.808392357090835478e-07
1.505697670223238506e-07
1.686392361566660108e-07
1.518680550567485420e-07
1.581657476293573618e-07
1.512567448880161469e-07
1.489368664141382266e-07
1.487440141013912958e-07
1.405857814545564314e-07
1.445016477082127928e-07
1.328712854361696642e-07
1.388223830105242887e-07
1.256585733910127092e-07
1.320652581043271634e-07
1.188890699911585932e-07
1.246042816773270728e-07
1.125506275101193291e-07
1.167890723298495562e-07
1.066536652368344346e-07
1.089198934069023534e-07
1.012149538083573418e-07
1.012356828747985734e-07
9.624839422722171251e-08
9.391226615997621386e-08
9.176153572768293985e-08
8.706738180944064606e-08
8.775496531443281723e-08
8.076955731882551318e-08
8.422330069681180182e-08
7.504863054218348045e-08
8.115800527258844672e-08
6.990594422375575651e-08
7.854955849737690952e-08
6.532323033172352228e-08
7.638855977538933722e-08
6.126970894154048120e-08
7.466618578173844416e-08
5.770725858645507122e-08
7.337417742425255779e-08
5.459408372046768519e-08
7.250452634148585986e-08
5.188712256647898483e-08
7.204912862249544489e-08
4.954369617969397583e-08
7.199960630423148023e-08
4.752275247290308213e-08
7.234736246374255352e-08
4.578591782699204236e-08
7.308379529422752713e-08
4.429839574168525024e-08
7.420049890608755093e-08
4.302964600521614320e-08
7.568926703214115429e-08
4.195377150818449353e-08
7.754178220400051064e-08
4.104959804879318524e-08
7.974897397738349895e-08
4.030049812737802905e-08
8.230012160558763960e-08
3.969404611023131867e-08
8.518183932720443321e-08
3.922159412904001843e-08
8.837710935984516202e-08
3.887777408728805535e-08
9.186453810312051807e-08
3.866010035093285275e-08
9.561800298600354877e-08
3.856858346074420913e-08
9.960679421981457265e-08
3.860536533728063274e-08
1.037963237991990964e-07
3.877429873110136361e-08
1.081493698914355390e-07
3.908061496947300939e-08
1.126277606549271957e-07
3.953054225112197347e-08
1.171942787421303119e-07
4.013085810954866851e-08
1.218145501332715730e-07
4.088839454193297844e-08
1.264586729955418929e-07
4.180947518757564791e-08
1.311023606362237452e-07
4.289919366600008069e-08
1.357275279254198520e-07
4.416070837219362941e-08
1.403222930104626385e-07
4.559434175533158942e-08
1.448804736826272994e-07
4.719656320674219905e-08
1.494007143131173727e-07
4.895883985110529653e-08
1.538853642056313842e-07
5.086638539141000803e-08
1.583391599350339732e-07
5.289689276717291986e-08
1.627676479771530191e-07
5.501941784892363244e-08
1.671751535302611924e-07
5.719368390924119494e-08
1.715620272722424011e-07
5.937017859754504269e-08
1.759209242122851638e-07
6.149147974293361217e-08
1.802319461568023800e-07
6.349521672595555952e-08
1.844565168431987333e-07
6.531889500658882484e-08
1.885299061722756600e-07
6.690645070990303287e-08
1.923526867113681281e-07
6.821589637972757029e-08
1.957824301596016509e-07
6.922689101325458672e-08
1.986287023027821202e-07
6.994671084308659872e-08
2.006564747634156207e-07
7.041309567022009737e-08
2.016043100350200969e-07
7.069288900211703062e-08
2.012221258163305741e-07
7.087621595990749030e-08
1.993270041711622340e-07
7.106697144777053189e-08
1.958646669492901461e-07
7.137138911093024643e-08
1.909541252036091783e-07
7.188717296586751632e-08
1.848925844714501076e-07
7.269581822734642847e-08
1.781119264349009372e-07
7.386008722018806643e-08
1.711001154636020270e-07
7.542717141606952137e-08
1.643155797707947760e-07
7.743634425994875674e-08
1.581207607034108545e-07
7.992863554434874114e-08
1.527472835665766380e-07
8.295569087902308436e-08
1.482911250059290629e-07
8.658527891137894994e-08
1.447289058207584861e-07
9.090103570192013200e-08
1.419457247098242745e-07
9.599288733072191494e-08
1.397671721258179286e-07
1.019309232660897225e-07
1.379906048524795552e-07
1.087079144879729831e-07
1.364125532831090747e-07
1.161240493809356977e-07
1.348503798756267065e-07
1.235811784315894756e-07
1.331572843346278075e-07
1.297988217122157644e-07
1.312306845348680444e-07
1.326742816252252743e-07
1.290148990992499458e-07
1.298873831214353715e-07
1.264990266340594184e-07
1.205938001898411172e-07
1.237091754311196389e-07
1.067018338210682917e-07
1.206952114189380563e-07
9.167318760081246669e-08
1.175179949166148628e-07
7.819575731165630951e-08
1.142417090797022415e-07
6.733295944553221814e-08
1.109292823966414193e-07
5.904912447712376085e-08
1.076387595252593195e-07
5.289135164423765871e-08
1.044206830026511013e-07
4.836087805184793182e-08
1.013166814423301615e-07
4.504168623423831894e-08
9.835919650422284200e-08
4.261967758206725730e-08
9.557200333198759027e-08
4.086677267891169527e-08
9.297119336030177394e-08
3.961930914050131369e-08
9.056636328491100485e-08
3.875967631856526685e-08
8.836183646792899985e-08
3.820269526708839439e-08
8.635781904346392403e-08
3.788608405028158922e-08
8.455140983372559831e-08
3.776375753746978653e-08
8.293745150371930193e-08
3.780136421081360221e-08
8.150927508237197929e-08
3.797309526432148753e-08
8.025926362376065279e-08
3.825942916239777540e-08
7.917930198226176107e-08
3.864551189130272097e-08
7.826112030084594646e-08
3.911997737087231536e-08
7.749654936088798334e-08
3.967408150494111337e-08
7.687770444788209785e-08
4.030106313827672732e-08
7.639711229238010502e-08
4.099567064172597739e-08
7.604779344180957680e-08
4.175380991489129100e-08
7.582331029764479980e-08
4.257228154454054697e-08
7.571778909942835936e-08
4.344858350824790928e-08
7.572592253223633627e-08
4.438076212154299006e-08
7.584295816803760497e-08
4.536729857074044898e-08
7.606467681564664677e-08
4.640702177578014860e-08
7.638736385096989115e-08
4.749904083620504074e-08
7.680777581000479579e-08
4.864269212140155498e-08
7.732310385600875689e-08
4.983749743995393656e-08
7.793093524277387080e-08
5.108313067250512048e-08
7.862921346858810319e-08
5.237939098163192274e-08
7.941619758074693913e-08
5.372618123336927885e-08
8.029042093643669368e-08
5.512349060659079402e-08
8.125064964231186154e-08
5.657138066495915163e-08
8.229584096801704521e-08
5.806997678071951419e-08
8.342510899190129888e-08
5.961947240637655442e-08
8.463766675757790291e-08
6.122006457163074142e-08
8.593279617679955300e-08
6.287201717613739538e-08
8.730981448904919515e-08
6.457563247665954292e-08
8.876803377375333950e-08
6.633124928637220792e-08
9.030672591601027886e-08
6.813924232727613019e-08
9.192508891533772302e-08
7.000002245627321486e-08
9.362221408428094116e-08
7.191403758995894390e-08
9.539705365632030036e-08
7.388177407744892094e-08
9.724838820710706272e-08
7.590375831317693089e-08
9.917479346404309903e-08
7.798055836437524358e-08
1.011746062455429577e-07
8.011278541864853398e-08
1.032458895546131968e-07
8.230109481586189700e-08
1.053863972954984276e-07
8.454618651512108301e-08
1.075935394537061431e-07
8.684880481911465138e-08
1.098643490858443332e-07
8.920973725056130745e-08
1.121954530147238631e-07
9.162981247538472167e-08
1.145830485545850315e-07
9.410989736629064703e-08
1.170228892733709860e-07
9.665089323978723731e-08
1.195102833129304563e-07
9.925373150436612597e-08
1.220401083519957852e-07
1.019193690124453785e-07
1.246068478219545247e-07
1.046487834181400576e-07
1.272046532099927208e-07
1.074429688987643407e-07
1.298274372829894316e-07
1.103029324615166712e-07
1.324690024822985490e-07
1.132296910067441487e-07
1.351232074195811270e-07
1.162242691423892878e-07
1.377841723074389462e-07
1.192876977287610902e-07
1.404465208742294210e-07
1.224210129072605090e-07
1.431056523099375538e-07
1.256252555441362286e-07
1.457580317168400994e-07
1.289014708200425682e-07
1.484014826236120541e-07
1.322507078983943055e-07
1.510354603459104182e-07
1.356740195360482853e-07
1.536612821042929227e-07
1.391724615979626727e-07
1.562822891135418671e-07
1.427470924136471804e-07
1.589039187725860817e-07
1.463989720633878336e-07
1.615336713934929078e-07
1.501291615020346103e-07
1.641809654043856108e-07
1.539387216456373446e-07
1.668568864340823691e-07
1.578287123821898594e-07
1.695738470619224308e-07
1.618001916565499125e-07
1.723451835535561492e-07
1.658542145072340663e-07
1.751847217124654685e-07
1.699918322403377940e-07
1.781063450965272933e-07
1.742140916523443434e-07
1.811235954600742182e-07
1.785220344066933732e-07
1.842493281721543077e-07
1.829166964708079163e-07
1.874954364005949605e-07
1.873991077055077844e-07
1.908726485141392696e-07
1.919702915258732464e-07
1.943903953191989258e-07
1.966312646876132340e-07
1.980567381807692325e-07
2.013830371219685350e-07
2.018783465186566840e-07
2.062266118653550138e-07
2.058605130199755514e-07
2.111629850285489227e-07
2.100071968483356893e-07
2.161931458177170896e-07
2.143210883182668914e-07
2.213180765915713917e-07
2.188036913530823712e-07
2.265387529558654461e-07
2.234554224844366254e-07
2.318561438446322418e-07
2.282757259697848367e-07
2.372712116740391256e-07
2.332632040955756123e-07
2.427849124382707138e-07
2.384157601127081215e-07
2.483981958709658544e-07
2.437307491404979802e-07
2.541120055720937926e-07
2.492051307611643028e-07
2.599272791806549240e-07
2.548356162505047032e-07
2.658449484837301988e-07
2.606188036458401885e-07
2.718659396054313022e-07
2.665512954194092642e-07
2.779911731331968671e-07
2.726297952317500913e-07
2.842215642597001384e-07
2.788511826315136047e-07
2.905580229327293887e-07
2.852125663379661873e-07
2.970014539914245917e-07
2.917113181310107178e-07
3.035527573093731033e-07
2.983450903651839595e-07
3.102128279163756247e-07
3.051118204230309599e-07
3.169825561503904129e-07
3.120097254041262560e-07
3.238628277852186805e-07
3.190372904560260148e-07
3.308545241299661157e-07
3.261932662341270800e-07
3.379585542888896252e-07
3.334767743660408310e-07
3.451757771434564166e-07
3.408867741886389237e-07
3.525070314532077325e-07
3.484226202061175471e-07
3.599531772153669949e-07
3.560838387456447930e-07
3.675150703262628057e-07
3.638701057135921168e-07
3.751935624366228962e-07
3.717812283567228623e-07
3.829895008402455165e-07
3.798171287965571753e-07
3.909037284550198625e-07
3.879778290165443238e-07
3.989370837331185607e-07
3.962634368339454936e-07
4.070904006125663886e-07
4.046741328129104270e-07
4.153645084715884283e-07
4.132101585330996899e-07
4.237602320778187948e-07
4.218718069655849409e-07
4.322783915095435653e-07
4.306594152841192707e-07
4.409198020811133871e-07
4.395733594607867374e-07
4.496852742833874797e-07
4.486140497840251461e-07
4.585756137159744398e-07
4.577819266522963261e-07
4.675916209701128899e-07
4.670774565543478134e-07
4.767340916216470340e-07
4.765011283869806347e-07
4.860038160540678697e-07
4.860534500329692844e-07
4.954015794573978572e-07
4.957349454243834093e-07
5.049281617139249043e-07
5.055461519485875236e-07
5.145843373243855101e-07
5.154876182440481459e-07
5.243708753118622059e-07
5.255599023226257615e-07
5.342885392111028941e-07
5.357635699493908477e-07
5.443380869043240402e-07
5.460991932902783868e-07
5.545202706429980545e-07
5.565673497584783315e-07
5.648358369398116988e-07
5.671686210341165181e-07
5.752855265255078514e-07
5.779035922270368187e-07
5.858700742767971802e-07
5.887728511816079564e-07
5.965902091965331250e-07
5.997769879058058275e-07
6.074466543378595674e-07
6.109165940034483770e-07
6.184401268145194335e-07
6.221922622828337653e-07
6.295713377020049965e-07
6.336045863902378943e-07
6.408409920754095549e-07
6.451541604437939453e-07
6.522497889444663590e-07
6.568415788034290188e-07
6.637984212050097047e-07
6.686674357996391024e-07
6.754875757287836143e-07
6.806323255162350731e-07
6.873179332060773019e-07
6.927368416052922555e-07
6.992901682666297038e-07
7.049815771387402977e-07
7.114049493858751073e-07
7.173671243785165452e-07
7.236629389177251256e-07
7.298940747322361482e-07
7.360647931106049375e-07
7.425630185155710507e-07
7.486111620519887228e-07
7.553745449313191704e-07
7.613026897333917592e-07
7.683292418661056921e-07
7.741400140259829673e-07
7.814276958096239818e-07
7.871237666848987439e-07
7.946704917822895496e-07
8.002545733870812995e-07
8.080582131663786323e-07
8.135330536790953942e-07
8.215914416627162219e-07
8.269598210632623768e-07
8.352707571630307416e-07
8.405354829818353857e-07
8.490967376750114300e-07
8.542606407957962087e-07
8.630699592240567535e-07
8.681358898449603172e-07
8.771909957364582932e-07
8.821618194455121063e-07
8.914604190074159334e-07
8.963390128953738130e-07
9.058787985743252272e-07
9.106680475225019588e-07
9.204467016121838617e-07
9.251494946340563727e-07
9.351646929081819408e-07
9.397839196400588489e-07
9.500333347329959635e-07
9.545718819735522449e-07
9.650531867858419031e-07
9.695139351435744513e-07
9.802248060751270996e-07
9.846106267500223379e-07
9.955487468610054389e-07
9.998624985404985694e-07
1.011025560613748965e-06
1.015270086345635982e-06
1.026655795829068122e-06
1.030833920193219603e-06
1.042439998119035236e-06
1.046554524249235696e-06
1.058378709928118836e-06
1.062432416901335641e-06
1.074472470630689429e-06
1.078468110702062697e-06
1.090721816374135232e-06
1.094662112505211817e-06
1.107127280019761935e-06
1.111014923351502432e-06
1.123689391058290147e-06
1.127527038619628570e-06
1.140408675571682590e-06
1.144198947925803921e-06
1.157285656126752737e-06
1.161031135242768274e-06
1.174320851739655070e-06
1.178024078867784281e-06
1.191514777743672770e-06
1.195178251469210719e-06
1.208867945819996564e-06
1.212494120115157189e-06
1.226380863848543797e-06
1.229972146264592391e-06
1.244054035886476623e-06
1.247612785823008582e-06
1.261887964613344291e-06
1.265416500529462422e-06
1.279883147068419487e-06
1.283383726353959304e-06
1.298040072228919116e-06
1.301514900728279139e-06
1.316359228186420856e-06
1.319810457532195434e-06
1.334841098915907227e-06
1.338270825225033473e-06
1.353486164169756242e-06
1.356896426830185289e-06
1.372294899438835486e-06
1.375687679963546674e-06
1.391267775952688891e-06
1.394644996918407243e-06
1.410405260546587078e-06
1.413768784626972275e-06
1.429707815700226597e-06
1.433059444673965843e-06
1.449175899366572100e-06
1.452517373334108214e-06
1.468809965070642191e-06
1.472142961735896236e-06
1.488610461766051692e-06
1.491936595658660378e-06
1.508577833815832277e-06
1.511898655677079145e-06
1.528712520937125454e-06
1.532029517196722061e-06
1.549014958202970439e-06
1.552329550490565683e-06
1.569485575998932897e-06
1.572799120634165718e-06
1.590124799898988987e-06
1.593438587642751433e-06
1.610933050746121822e-06
1.614248306443054600e-06
1.631910744534360057e-06
1.635228626910929623e-06
1.653058292427221613e-06
1.656379893884477887e-06
1.674376100740855385e-06
1.677702447137576074e-06
1.695864570839104031e-06
1.699196621580701324e-06
1.717524099146487714e-06
1.720862747106617285e-06
1.739355077147653527e-06
1.742701148712596526e-06
1.761357891332082248e-06
1.764712146459442350e-06
1.783532923197541688e-06
1.786896055559027110e-06
1.805880549209013851e-06
1.809253186389533083e-06
1.828401140742131563e-06
1.831783844508209210e-06
1.851095064086712073e-06
1.854488330631805695e-06
1.873962680563477353e-06
1.877366940753961337e-06
1.897004346267106435e-06
1.900419966111283244e-06
1.920220412191179767e-06
1.923647693245089188e-06
1.943611224281562187e-06
1.947050403959909975e-06
1.967177123200479685e-06
1.970628375414215992e-06
1.990918444559512970e-06
1.994381880094190738e-06
2.014835518782428952e-06
2.018311185887930698e-06
2.038928671051335706e-06
2.042416556110882590e-06
2.063198221447236577e-06
2.066698249467947109e-06
2.087644484824192424e-06
2.091156520116964472e-06
2.112267770838549765e-06
2.115791617679835113e-06
2.137068383924893932e-06
2.140603787299300961e-06
2.162046623333332922e-06
2.165593269612523939e-06
2.187202783095893058e-06
2.190760300777662895e-06
2.212537152040775402e-06
2.216105112587944799e-06
2.238050013753906810e-06
2.241627932322867736e-06
2.263741646640735223e-06
2.267328982896022978e-06
2.289612323867559926e-06
2.293208482910921656e-06
2.315662313412370470e-06
2.319266646494366860e-06
2.341891877997982313e-06
2.345503683502704894e-06
2.368301275188200891e-06
2.371919799485862796e-06
2.394890757276997951e-06
2.398515195625317150e-06
2.421660571419651304e-06
2.425290068919709502e-06
2.448610959536461321e-06
2.452244611990058846e-06
2.475742158330814335e-06
2.479379013290753301e-06
2.503054399392122130e-06
2.506693457012368324e-06
2.530547909042235389e-06
2.534188123137975768e-06
2.558222908459838101e-06
2.561863187407346150e-06
2.586079613680121458e-06
2.589718821484742069e-06
2.614118235498768854e-06
2.617755192750102982e-06
2.642338979680491166e-06
2.645972464497556696e-06
2.670742046688108346e-06
2.674370795879820121e-06
2.699327632009954759e-06
2.702950341803910883e-06
2.728095925867366521e-06
2.731711253257451945e-06
2.757047113412439550e-06
2.760653676997654233e-06
2.786181374770364276e-06
2.789777755687964653e-06
2.815498884830585427e-06
2.819083627985058915e-06
2.844999813481408987e-06
2.848571428362173754e-06
2.874684325533067032e-06
2.878241287397658020e-06
2.904552580732026666e-06
2.908093331464629126e-06
2.934604733740200860e-06
2.938127682996793582e-06
2.964840934262869493e-06
2.968344460301829545e-06
2.995261326915134013e-06
2.998743777746400841e-06
3.025866051280667647e-06
3.029325745655486245e-06
3.056655242080684919e-06
3.060090470255785406e-06
3.087629028922114519e-06
3.091038053909165780e-06
3.118787536533316718e-06
3.122168594863608263e-06
3.150130884595304849e-06
3.153482187432090390e-06
3.181659187916138804e-06
3.184978921881756301e-06
3.213372575330160900e-06
3.216658957676852733e-06
3.245271230142170361e-06
3.248522351979008072e-06
3.277355155776235618e-06
3.280569136436396287e-06
3.309624446007719428e-06
3.312799385139355195e-06
3.342079189746097056e-06
3.345213168070396570e-06
3.374719471082762391e-06
3.377810551256098218e-06
3.407545369221140952e-06
3.410591596850930161e-06
3.440556958401151914e-06
3.443556362894515329e-06
3.473754308169437874e-06
3.476704903505197761e-06
3.507137483092778032e-06
3.510037268789311403e-06
3.540706542856501560e-06
3.543553504896606975e-06
3.574461542376725396e-06
3.577253653972948574e-06
3.608402531652297969e-06
3.611137754211607022e-06
3.642529555881486033e-06
3.645205839773236005e-06
3.676842655485379032e-06
3.679457940902289127e-06
3.711341865915613474e-06
3.713894083789388074e-06
3.746027217911295382e-06
3.748514290721411759e-06
3.780898737471770729e-06
3.783318579926021740e-06
3.815956445620736926e-06
3.818306965707869774e-06
3.851200358742195994e-06
3.853479458270128395e-06
3.886630488451034707e-06
3.888836064003647638e-06
3.922246841436985451e-06
3.924376785142647155e-06
3.958049419787062021e-06
3.960101620014369859e-06
3.994038220865835753e-06
3.996010562961466602e-06
4.030213237159962620e-06
4.032103604234214620e-06
4.066574456532254158e-06
4.068380730203488720e-06
4.103121862059677331e-06
4.104841923151863475e-06
4.139855432242811378e-06
4.141487161437459041e-06
4.176775140743278613e-06
4.178316419312528723e-06
4.213880956600296020e-06
4.215329667122963188e-06
4.251172844198958103e-06
4.252526871138012274e-06
4.288650763244905521e-06
4.289907993628497477e-06
4.326314668822207085e-06
4.327472992838824283e-06
4.364164511290186906e-06
4.365221823062559534e-06
4.402200236499688851e-06
4.403154434533696959e-06
4.440421785614435599e-06
4.441270773452620429e-06
4.478829095200685383e-06
4.479570781948321204e-06
4.517422097222335294e-06
4.518054398308847648e-06
4.556200719072155623e-06
4.556721556584718473e-06
4.595164883619819164e-06
4.595572186942164275e-06
4.634314509087881199e-06
4.634606215512448000e-06
4.673649509234269352e-06
4.673823564302393697e-06
4.713169793245497300e-06
4.713224151428656353e-06
4.752875265769216252e-06
4.752807890878235182e-06
4.792765827013886157e-06
4.792574692696902882e-06
4.832841372631507389e-06
4.832524462820214941e-06
4.873101793794042592e-06
4.872657103255077921e-06
4.913546977260810015e-06
4.912972511857854782e-06
4.954176805272649285e-06
4.953470582564312300e-06
4.994991155680667024e-06
4.994151205334508875e-06
5.035989901864108539e-06
5.035014265989728821e-06
5.077172912798653240e-06
5.076059646400638887e-06
5.118540053095057975e-06
5.117287224403177876e-06
5.160091182972690640e-06
5.158696873886808168e-06
5.201826158211885424e-06
5.200288464672254979e-06
5.243744830290897022e-06
5.242061862566135754e-06
5.285847046406847764e-06
5.284016929460173982e-06
5.328132649385280586e-06
5.326153523187101107e-06
5.370601477660062329e-06
5.368471497642184573e-06
5.413253365506533790e-06
5.410970702639324558e-06
5.456088142842693305e-06
5.453650984168813716e-06
5.499105635386508553e-06
5.496512184149418263e-06
5.542305664525980855e-06
5.539554140594389653e-06
5.585688047529058573e-06
5.582776687518034305e-06
5.629252597379488901e-06
5.626179654951953767e-06
5.672999122885138982e-06
5.669762869158597814e-06
5.716927428744160188e-06
5.713526152290016048e-06
5.761037315406379651e-06
5.757469322683724817e-06
5.805328579285935180e-06
5.801592194738251811e-06
5.849801012525569706e-06
5.845894578930388436e-06
5.894454403375134734e-06
5.890376281869880183e-06
5.939288535886528883e-06
5.935037106327892022e-06
5.984303190092845355e-06
5.979876851186647212e-06
6.029498141885549619e-06
6.024895311350393967e-06
6.074873163281231257e-06
6.070092278123692922e-06
6.120428022279286342e-06
6.115467538760137449e-06
6.166162482809735966e-06
6.161020876896389441e-06
6.212076304888916831e-06
6.206752072188128784e-06
6.258169244724501471e-06
6.252660900578885520e-06
6.304441054406425251e-06
6.298747134248269193e-06
6.350891482276011466e-06
6.345010541667762911e-06
6.397520272790749305e-06
6.391450887449674501e-06
6.444327166504737555e-06
6.438067932567420979e-06
6.491311900239338874e-06
6.484861434288915337e-06
6.538474206896823219e-06
6.531831146101881956e-06
6.585813815734078924e-06
6.578976817930656382e-06
6.633330452231004108e-06
6.626298195999775752e-06
6.681023838031819149e-06
6.673795022882850053e-06
6.728893691231354502e-06
6.721467037572684593e-06
6.776939726173265433e-06
6.769313975368327312e-06
6.825161653497757236e-06
6.817335568096093554e-06
6.873559180361360645e-06
6.865531543975042840e-06
6.922132010220774100e-06
6.913901627662938876e-06
6.970879842954279148e-06
6.962445540391871382e-06
7.019802374900954683e-06
7.011162999670552815e-06
7.068899298914302594e-06
7.060053719816561682e-06
7.118170304300242419e-06
7.109117411502431985e-06
7.167615076928109082e-06
7.158353781994454681e-06
7.217233299271306239e-06
7.207762535210907803e-06
7.267024650224784226e-06
7.257343371616714366e-06
7.316988805503552129e-06
7.307095988334396057e-06
7.367125437382005928e-06
7.357020079104620136e-06
7.417434214663103277e-06
7.407115334474948021e-06
7.467914803094221105e-06
7.457381441495603077e-06
7.518566864992041995e-06
7.507818084106677330e-06
7.569390059374019622e-06
7.558424942965335049e-06
7.620384042223571222e-06
7.609201695414623300e-06
7.671548466233777278e-06
7.660148015763826299e-06
7.722882980836422043e-06
7.711263574986892036e-06
7.774387232508389923e-06
7.762548041020421856e-06
7.826060864580818789e-06
7.814001078581449952e-06
7.877903517275232709e-06
7.865622349490054502e-06
7.929914827614032588e-06
7.917411512207580710e-06
7.982094429904439971e-06
7.969368222484798898e-06
8.034441955403603936e-06
8.021492132726687382e-06
8.086957032186804456e-06
8.073782892496357794e-06
8.139639285634994403e-06
8.126240148474162016e-06
8.192488338255941765e-06
8.178863544350589956e-06
8.245503809493332135e-06
8.231652720881430017e-06
8.298685316050455576e-06
8.284607315899285366e-06
8.352032471916286767e-06
8.337726964512260752e-06
8.405544888316008109e-06
8.391011298908873881e-06
8.459222173577957799e-06
8.444459948541460070e-06
