# -0.75J_-0.25g_0.99484theta_1.0472phi_10Chi_0.01delta_500N
-5.943708963036510307e-01
4.177254617789929458e-01
-6.513506954976834296e-01
-1.113772176930077212e-02
2.051285492764383378e-01
7.645255858701127671e-02
-8.427260481312491558e-02
4.497530430188989570e-01
-3.319066725973392473e-01
-3.689858617920352760e-03
7.205585412499098119e-01
-3.893201679904814694e-01
9.454355537528159603e-01
-5.463538310721595126e-01
4.418857770471500968e-01
1.364107804730751106e+00
1.760795717620893810e-03
8.060055020533588577e-01
-1.062960254223712875e+00
-7.812805594522199970e-02
2.882859866582148101e-01
-7.009148031988748917e-01
2.359485888763308281e-01
1.257259653057277493e+00
-9.091670523212647126e-01
-1.130138363638540921e+00
2.006850737748714364e-01
1.042328678877949999e+00
-4.149250239801020590e-01
-8.618756196314390772e-02
-7.176762887295069782e-02
-1.251312655879450952e+00
-4.076466490622009942e-01
5.480518743064068943e+00
-1.661419279075077249e+00
-3.886280470583370228e+00
2.901281285309273095e+00
4.452644964871363520e+00
5.681853986064854256e-01
4.497679674754148316e+00
1.530936355539626870e-01
1.902009179226622271e+00
5.963183064994631577e-01
-5.829661335379730858e+00
2.820864081541462731e+00
-6.928573746148058987e-01
-5.736648861374354702e+00
-2.480183450624840447e+01
1.203005147837385636e+01
-5.737657721212354289e+00
1.992437428734504523e-01
1.263199881993866958e-01
4.134640062534157834e-01
-1.103561261753948530e+00
1.777095952673741985e+00
4.699445731639616319e+00
3.880109821206958909e+00
8.638016890910218848e+00
-2.844350696826682956e+00
5.556262660113840290e+00
-1.731900662670638746e-01
-2.082811741545033957e-01
2.914612564602637179e-01
2.158586115775178005e+00
4.943273414536309751e+00
1.061844885784671888e+01
1.135168383602059627e+01
3.016772517161822975e+01
-1.256401913880366372e+01
7.489485010051046388e+00
-3.595301760796704160e-01
-1.502250490578632969e-01
1.122559238704367024e+00
-1.769804917408405398e+00
7.476018731948145479e+00
2.871867125990728553e+01
6.310598896899433541e+00
6.711293732801387080e+01
-4.862253328403243557e+01
-2.005238590133208376e+01
2.874620487108958122e-01
3.833986215937495445e-01
-9.447375072147287112e-01
3.671757450333464678e+00
-2.851164844874887638e+00
-1.905752360598098250e+01
8.175822319209512301e+00
-4.047517461295775831e+01
4.743742075601470987e+01
4.177317372566470510e+01
1.154550550866123709e-01
7.729529615743249704e-02
-4.526272509109107167e-01
1.130144914650691224e+00
3.416048756473132109e+00
7.553000348734329350e+00
1.591193615135100714e+01
2.634925405391683384e+01
-2.863299026966051652e+00
-4.721697959496741248e+01
-5.869407225589536869e-01
-7.793054696554980731e-01
-3.712131560862989149e-02
-2.628078207784027842e-02
-1.686907190895698405e-01
1.388099935693575815e-01
-3.392435776301691575e-01
-2.944344899488903211e-01
-3.222817684620595258e-01
3.321424641397521249e-01
-1.122684392139235154e-01
-2.818952207870466936e-02
4.938768562768550696e-01
1.487951390386004213e+00
1.819885882395733789e+00
-1.878125844573125258e-02
-5.028796574073389758e-01
-1.041228998916569615e-01
1.726133546730551083e-01
4.498549713444872089e-01
-7.649072886814204386e-01
-1.172769655421743051e+00
-1.215441861612397145e-01
-1.129965497370632871e-01
5.360377427256686200e-01
3.676525098689583104e-01
1.088260472601229489e+00
5.143166935769245551e-01
1.107303748647497699e+00
-1.123793586656741006e+00
-1.027037939845522468e-01
2.091749474082819915e-01
1.279283971765981409e+00
5.730911628200951569e+00
4.493070798072884564e+00
8.102246948258798875e-01
-3.157384526315331730e+00
5.513141672305402752e-01
1.099966949994333865e+00
-8.833967100405166306e+00
-2.372734533836527437e-01
-7.406918318553683267e-02
1.057960446821050615e+00
3.333380288057985918e+00
3.719521999565203352e+00
-7.242574682948501597e-01
-3.703599935745099714e+00
-2.898431472807711184e+00
-3.682192955520264821e+00
-1.065623054882905585e+01
4.741984103637868903e-02
-5.627301804173887589e-01
-1.672931717058594669e+00
-5.073945001637451213e+00
1.816852855417306012e+00
2.743678980959685987e+00
2.766200904559340756e+01
7.290745729779095186e+00
1.271170272234064313e+01
4.251822365787505476e+01
4.016509970949994068e-01
-1.067787413691778653e+00
3.679784599371938025e-01
2.218959001141505460e+00
3.095669690604557900e+01
7.791188209368260509e+00
7.258522877555830632e+01
2.750777735658233425e+01
4.891511666302110228e+01
3.409387672998264662e+01
2.808080510959652665e-02
-1.980650186433612625e-01
2.400727363314171803e-01
2.955255182386500756e+00
4.131910863882568563e+00
3.267935412981308296e+00
3.829017367804312677e+00
9.185885143542051878e+00
1.248641050905515471e+01
-2.276853112000693358e+01
2.777579172453934486e-01
-9.543122659745119085e-01
1.335923998009760361e-01
4.446538499541415668e+00
1.722409261065941877e+01
7.135167246409088726e+00
3.050155080621338044e+01
2.574011717711116276e+01
4.368545242686182917e+01
-4.559710880320405835e+01
-3.763442687658601904e-01
1.218980308212494812e+00
-3.780216035168997846e-01
2.275186783911129051e+00
2.857954919394443039e+01
1.659924613595679332e+01
1.164119662412140457e+02
2.968528181643413433e+01
4.041912150314714580e+01
5.364335219691637491e+01
-5.891714812636712484e-01
3.529620736805997305e-01
6.890478901387223631e-01
-2.284875196489122642e-02
-3.898449315994615555e-02
-2.098795495594505955e-01
4.295223137918234291e-01
-1.575760330617406169e-01
-3.370284878619483337e-01
-1.846821213208005019e-01
-6.109739832365908008e-01
1.918827824854656972e-01
1.042715160579882783e+00
-8.288638422074812162e-01
4.995616566742197909e-03
-5.716250459604217404e-01
-1.017122942285723974e+00
8.009621445793809746e-01
8.898139756674811052e-01
5.055085264519557642e-01
4.797568402948499400e-01
-6.161949406093677473e-01
-3.396050921117671484e-01
-1.137369907177522066e+00
1.162169040869814651e+00
-1.556078865613827134e+00
1.985801719688004008e-01
-1.129445012686715669e-02
-7.199122395414027098e-01
-7.120561091758481620e-02
-1.151888174921245900e-01
1.212160581946075677e+00
-1.057260540482637401e+00
6.378989977578131132e+00
-2.913816769472148405e+00
3.689672360450964472e+00
4.367772973909098688e+00
-6.159858669422474620e+00
-8.588257285844681510e-01
-1.231946029722948005e-01
9.282357263467228004e-02
3.852169690496190513e-01
-7.798868153297072725e-01
2.069345299301634356e+00
3.553965856835675119e+00
-2.341878145482251039e+00
1.414017577758624533e+01
-1.522133788216441275e+01
-8.642658276521835603e+00
5.038464670487764252e+00
-2.180020730584984467e-01
1.278014825498682283e+00
-9.585975556704781075e-01
4.664925489137558223e+00
4.091181787551920190e-01
2.776035166072536864e+00
1.295488271059538832e+01
-1.044644274885455637e+01
-9.076529520181912503e+00
8.525175075733692154e+00
-2.204297909694216961e-01
-6.966640476841292617e-01
-4.129945883455819478e-01
-2.953382481445995023e+00
1.493240909877568257e+01
-1.266731562624115526e+01
3.656647267663601752e+01
-2.107202223478239844e+01
-3.539652135198360838e+01
7.045459781054939086e+00
3.376696603124588192e-01
5.959213347640045511e-01
6.441541659613647663e-01
-8.261259543732459854e-01
-1.628731334013369292e+01
1.896888050476422904e+01
-4.528516767598569714e+01
4.142822746317067129e+01
3.569341246704543380e+01
-8.183794657936759975e+00
2.870213811845232499e-01
6.224775880487194435e-01
7.923415875201924585e-01
3.207488891435445133e+00
-1.464064986020253478e+01
1.175925733536284845e+01
-3.719577497960123935e+01
1.447690622403453453e+01
4.502916913857055192e+01
-4.727209404167547646e+00
1.132414943068304203e-01
2.387665341107949313e-01
2.170082315809088724e-01
-1.495460115867612494e+01
1.313267938838797377e+01
5.152676093604703134e+00
1.812733008395855450e+01
1.324197276033260096e+01
-2.263745930929693628e+01
1.130169551512180171e+01
