# -0.65J_-0.35g_0.20944theta_0.20944phi_10Chi_0.01delta_500N
-9.817393299652703575e-01
-1.245280777627470331e-01
-1.505632070195148386e-01
-3.144481126653697611e-02
-3.262896454372085902e-03
3.042868643896148645e-04
-3.196742111258012858e-02
3.973885833571321694e-04
6.005209583189943670e-04
4.761196120416717921e-05
-1.116240303068348205e-01
-2.749826569201853310e+00
2.126664499200979996e+00
4.340542194907205942e-01
-1.078778897450084484e+00
1.568036685518339013e+01
5.455085841166052996e-01
4.157130116073331827e+00
-4.756548873328381610e+00
-4.761461156185862187e+00
-1.595603457064237174e-01
1.733893125855137995e+00
-1.630950122011178394e+00
4.317923825480082245e-01
1.323329976711548506e+00
-1.073422802116647112e+01
-6.883991838573610966e-02
-1.496026417158806243e+00
4.153370652828321852e+00
2.977135844017258393e+00
-2.677496687997780317e-02
6.727085380164911088e-01
3.683827630603344061e-01
-8.444528401169057119e+00
6.012320359778722256e-01
-3.818918299807243955e+00
3.101026530029118433e+00
-3.820690775618678003e+01
-3.272708029106014749e+01
-1.102316282680164683e+01
-5.903039393440209781e-03
8.906533470916409012e-01
-1.683647000962603224e+00
4.567683802554923372e-02
8.837781751819825615e+00
-1.658845659311666410e+01
4.176261152866348247e+00
-8.779729579114079030e+00
-2.150320548306320845e+01
-3.772744593238182631e+01
6.938019731199518815e-04
1.464791211897742507e+01
-1.209245843721330260e+01
-1.652705412567711862e+00
1.448681699420133207e+01
-1.897664228457391005e+02
-4.435428308120054730e+00
6.966021066566517561e+01
-1.143757958199350213e+02
-3.830367142507520271e+02
3.340738003957813285e-02
-3.207767800423513282e-01
1.119041495290490212e-01
-4.085978637763720833e+00
3.167625608652478775e+00
2.086774812109180033e+00
8.062160128279810323e+00
-3.380074251729011792e+01
-2.592051016424199616e+01
-3.907789255068225387e+00
-1.154727598322044746e-04
3.254391917490013775e+00
-1.545462816962837271e+00
-2.613097311798858513e+01
5.841439576336174611e+00
7.904007011574991282e+01
2.231267396713706574e+01
-4.126457108812971910e+02
8.390230939422548317e+01
7.491613520374266955e+02
-1.770697732651375174e-04
3.796889304628508821e+00
-3.741776984198715628e+00
2.002689562065670614e+01
-1.728330411626474117e+01
1.298108054616162974e+02
-1.282629805252701516e+01
-9.746956115717776470e+01
5.668915394953264695e+02
1.249303864564817104e+03
-4.160868806836290508e-05
4.646139198034375362e+00
-3.500844260417127263e+00
5.993595921434180518e+00
-2.982674182476526070e+01
3.740428396543188683e+02
1.877151450941288768e+00
-6.946701464336340450e+02
1.189861199299408554e+03
3.491643477793544662e+03
-3.619333184572094686e-02
1.847361858743755414e-01
1.278342060953043535e-01
-3.982855689081280515e-01
-8.020734780890605986e-01
-6.021568294939991933e-02
2.697951255731130815e-01
1.032676886793028881e-01
7.251894497720136334e-02
-7.640119614609155139e-03
1.129642153733954879e-01
-1.417020694143297455e+01
1.061361017919407601e+01
1.332994510840396218e+00
1.299719660784930175e+00
-3.453007385933916762e+00
8.384173227787287130e-01
1.940627887315883093e+00
2.006809474408522753e+00
4.758004035159000278e-01
9.531989029304213656e-02
8.600907093924533342e+00
-8.508895643115566898e+00
3.550855656489425360e+00
3.386507027234184619e+00
2.631882074467637445e+00
7.011040964529443587e-01
3.298266353643709348e+00
2.044942926925407800e+00
-6.536731097858962114e-01
-3.468900245069200250e-01
2.544004799462469713e+00
4.424307560048574395e+00
-4.817802493737772096e+01
-2.363574394673541690e+00
1.306787917926885978e+00
1.889470340607478960e+01
-1.775895502271374653e+02
-1.236565186471685962e+02
8.742071853708203832e+00
7.574180492267288400e-01
-3.899446089018052675e+00
-5.402128356043613522e+00
8.266856499033671923e+00
5.660418101025510396e+01
5.595077908485654561e+00
1.709707704312854304e+01
-4.342712570598347810e+01
-2.772278583045149603e+01
-3.315976673966743338e+00
-6.039838907087527464e-02
-2.981496363670816052e+00
3.121946070465695389e+00
9.997295263404347432e-02
-5.452475389197386946e+00
-4.680444797836691428e+00
-1.814651674650804791e+00
1.983318685805786075e+01
-7.283508165532019518e+00
-5.021674058432462395e+00
-2.749782815300858552e-01
1.436912063749112289e-01
5.547974721292553424e-01
-2.726399491607801195e+01
7.809997075484742979e+00
1.565806718300219114e+00
4.946994890498551456e+01
-1.579165769706241633e+02
-1.070840878276560346e+02
5.634019827341821163e+00
1.469178980449322158e-01
2.599107189113915695e+00
3.384208732682609799e+00
-1.699272521641128435e+02
7.398768776300923378e+01
2.744486809407402461e+01
1.349885969538082691e+02
-1.732448025691133580e+03
-1.109594504500381390e+03
1.003246388796323600e+02
-1.006177594846596329e-01
-2.182665897151226275e+00
-2.149148607374197439e+00
1.176836919604752865e+02
-5.215348835882606693e+01
8.117594731453424473e+00
-9.025607797633831808e+01
1.074484289213564807e+03
9.432200117097737575e+02
-3.518542676948401038e+01
1.013485952891875382e-02
-4.467577650878095663e-01
7.878367293738908206e-01
-7.102250834465982265e+00
-1.206735772523502170e+00
1.422347083602796047e+00
1.780160992251645036e+00
-6.005305842363868862e+01
-4.930734610693276920e+01
6.843970644417572657e+01
-1.932908065432658029e-01
5.388452357642721235e-01
6.827601767838002988e-01
3.203025055406822919e-01
1.539702934427726599e-01
5.913205414850804037e-04
2.603387652987661505e-01
-2.391072834363311070e-02
-1.750895523951179894e-02
3.833508606150958214e-03
4.822632376769491747e-01
-3.584219291062417767e+00
-3.461088970466824843e+00
7.284624368389952309e+00
-3.186457283364062310e+00
3.198377686405256881e+00
7.633446549061846831e+00
-9.561119831599615537e+00
1.106627744710572969e+01
-7.419774313745511662e+00
7.263836096663045527e-01
-4.156997174395645089e+00
-5.948649355351736112e+00
5.934642369854310040e+00
-4.240813897436432334e-01
-3.096149719435390857e+00
1.430126716248502028e+01
5.679450318708467726e+00
-8.944778913550575083e+00
5.615121024170131925e+00
2.916110385857237919e-01
6.600415771200929704e+00
7.477272008416687044e+00
-1.696696052161680939e+02
1.095767999265814439e+02
1.775833029904995186e+01
5.280777319076014464e+01
6.542861866736162213e+00
4.477354793165435609e+01
-1.646505340364105763e+01
-1.039432349006583350e-01
1.503775568283869823e+00
8.077042685343929218e-01
-1.105023470050682590e+02
9.123975693663442144e+01
1.028977793177238098e+01
1.069149531793297854e+02
1.974140867697997237e+01
3.397877230658935588e+01
-1.499305974664325447e+01
-1.653937401776184877e-03
1.963413117756892756e+00
-2.409264357964151504e+00
1.345448774008436565e+01
-7.335714929416417895e+00
-3.086472068498333599e+01
-8.207302878124531631e+00
6.310874151754513406e+01
-9.799521201590668795e+01
-1.380211193690039906e+01
-2.566906520284280568e-01
-9.435751251277959994e+00
-1.230983114890003094e+01
-6.345778008050560715e+01
1.067075634676106972e+02
1.169107922253649434e+01
2.834342153870649099e+02
3.150776907703690455e+01
6.937369059397825310e+01
-2.256708109284157260e+01
-2.032641638173535853e-02
-7.990055981181611422e+00
5.827819064007100813e+00
2.567379453620126029e+01
-3.576387019518915622e+01
9.903677747632876560e+01
-4.733075960220697453e+01
-4.512798854507728947e+02
5.602153271994181978e+02
-2.858772450204087789e+01
1.491294234508114963e-02
-1.000910769109575682e+01
9.299508587117738756e+00
-2.316553540762684804e+01
1.253593640838159118e+01
1.503995626010977560e+02
5.058768160012531467e+01
-5.612644572902150912e+02
8.889161641819764554e+02
-2.867802417026489081e+01
-3.505461665236667048e-03
7.033747176049893746e+00
-6.238692250432287700e+00
2.312085780756827802e+00
2.225659724725914113e-01
-3.102239610822816118e+01
-1.090578127180547519e+01
2.029520494714155348e+02
-2.691649402753815252e+02
5.746467539337874086e+02
