# -0.25J_-0.75g_0.15708theta_0.0phi_10Chi_0.01delta_500N
-5.774140166918148021e-01
4.375437958970750385e-01
-6.730044400193719856e-01
8.789574498842017691e-02
-2.173353026832737511e-02
3.171528427349094154e-02
-5.680791145170217826e-02
1.351747474704244334e-02
3.295627389489958620e-02
-5.197964873951725455e-03
3.424484264477089535e-01
-5.193375339105691380e-01
1.625080667321510686e-01
-3.276340587687388783e+00
-7.356323785927413539e+00
-3.345761722817946371e+00
-4.967669432085503267e+00
8.902111798565833567e+00
8.570964484880743584e+00
-1.341394456221830733e+00
7.359158333169115718e-01
-4.781483966104782546e-01
1.728782121779537606e+00
1.003289804467565638e+01
2.800033320002796700e+00
8.651334760853048422e+00
-7.870365837247005558e+00
1.318079812254125516e+00
3.381076405527715600e+00
-3.131117303871476798e-01
9.392930002163109304e-02
-8.303873288704046729e-01
-1.008112074621896070e+01
-2.448409575542139578e+02
-3.238426692203426427e+01
-2.046892222662160350e+02
3.005036374002368760e+01
-3.142261637397982668e+02
-1.084185477386282486e+02
1.589429763900194757e+03
-4.228721097863577007e-03
-6.761744229693284147e+00
-5.848531430705869560e+00
-1.239406512230766424e+02
-2.618452055943363916e+02
-1.429636539582032242e+02
-4.374549146488242855e+02
3.358679151998325096e+02
3.626685348177294941e+02
1.630274526602450806e+03
-3.289079570512486173e-02
2.258211919977531235e+00
9.336283478429502125e+00
2.202134672958058275e+02
1.088994935839607905e+02
2.702673673926561833e+02
1.698035205876304872e+02
2.676198563701887068e+01
-6.773366487111447043e+01
-1.338061075554617219e+03
-5.861290096417783035e-02
-7.277282568450440081e+00
6.863203094191500320e+00
-1.291235038666194441e+02
-5.208368425919984475e+02
-2.580909750121815591e+02
-2.197451834135407353e+03
6.270993591969014460e+02
1.256667101413547698e+03
1.069503972370130032e+04
1.274819183946792472e-02
8.724862552164134755e+00
5.434335672325925071e-01
-1.846287822038447644e+02
4.529338769026537079e+02
1.276713786202487988e+01
9.045822761362304618e+02
-1.971479942837396948e+03
-8.867467396440367793e+02
4.495823368744130676e+03
-3.450000804317140957e-02
-9.210522948442067204e+00
2.264625649318130485e+00
3.915184536351681288e+01
-4.262150941801237423e+02
-6.931326953985775674e+01
-1.279488077735785055e+03
9.605740924246849772e+02
1.363680253777456301e+03
2.238146213667596840e+03
-6.633366501175337257e-03
-1.914756612501156807e+00
1.633413978524025090e-01
1.791541614605253471e+03
1.226545222543698856e+03
1.306046219480591617e+03
8.148417643296298593e+03
6.398532194760196035e+03
-2.013534116253395268e+03
-1.514525683676631597e+05
-5.774220030911844104e-01
3.640679821968858532e-01
7.154197167372411403e-01
-6.276762418457138004e-02
-6.525248888001353165e-02
3.171277421541826569e-02
1.671698763552791067e-02
-5.596977855089132342e-02
3.295548570128405824e-02
-6.272505441967450752e-03
4.660976389587892510e-01
-1.148997010707019317e+00
-8.416593156982277169e-01
1.220696731000847080e-01
-1.199494570227135526e+01
9.164875175039620459e+00
5.032238457500658235e+00
-2.096426806990561165e+00
-1.357431123882663959e+00
-2.304270956174077623e-01
-6.645204399988695609e-01
5.260245004989553275e-01
1.099082416063205780e+00
5.394310484690540086e+00
-5.985398181034115028e-01
-1.427637767889812004e+00
3.124664840348882144e+00
1.132166981686106766e+01
-9.113374472923981173e+00
1.256728572067406624e+00
-5.062476455608952430e-02
2.741546950063395993e+00
-4.699569941272254248e+00
-1.900200857030574184e+02
9.204845838945898606e+01
-2.135866492670815475e+01
-1.934112032488764044e+02
-5.630343242425710741e+02
3.682733588329057284e+02
9.531160076384901458e+02
-7.922929985615066728e-02
-1.214337440252508848e+01
-2.276381196327720513e+00
5.079325930277515111e-01
-3.165815976320789105e+02
2.486333210079045273e+02
-1.893471024770681765e+02
1.117881339885200873e+02
-8.735647375075218690e+01
2.212490355394224480e+03
-3.288787033179575714e-02
-9.214415269314168100e+00
-2.711852358448546330e+00
-1.586629482298025096e+01
-2.450115059983212404e+02
2.701472594327493084e+02
-1.097582327293896611e+02
1.321750065619603163e+02
-6.778802052677629320e+01
1.427687116962298205e+03
1.828197810404271276e-02
5.337412990509785793e+00
-1.438251559383485478e+00
-2.290996183715917596e+02
-1.310150114640576646e+02
1.200620942819004995e+02
-1.394920066827340861e+03
-4.479304910309384127e+02
1.452709781570057999e+02
9.793848608687019805e+03
-5.715040365327393040e-02
4.216877243235834793e-01
-1.207648946568023440e+01
-5.754784240384439045e+02
3.527018873011188589e+02
-2.286268930263177026e+02
-1.682988626052362235e+02
-2.771983019545205025e+03
1.523564776556770539e+03
4.301500481311243675e+03
-3.449929307041312704e-02
2.644105241407393336e+00
-9.109186675391176991e+00
-3.886200494813252817e+02
1.790758077426237378e+02
-6.931191408928734177e+01
-1.991418945532575435e+02
-1.578597771886988312e+03
1.361860834218233549e+03
3.583802608926269841e+03
-4.614715669206682393e-03
-9.093291972899546216e-02
-8.259269065618330963e-01
1.452419322929016289e+03
2.173540121716951035e+03
-1.663987391077881966e+03
1.032909411857810665e+04
6.575272445033925578e+03
-3.396160283014684410e+03
-1.537956957840287650e+05
-5.774226241782590696e-01
-8.016047822327733163e-01
-4.242455667911895767e-02
-2.512689002359129800e-02
8.698527126066216142e-02
3.171438064586105943e-02
4.009268497316114538e-02
4.245109761278241522e-02
3.295576480283698290e-02
1.140780907497114874e-02
-8.085404571584239308e-01
-1.703779414652664581e+00
2.057173321294991919e-01
2.439902764753894004e+00
-6.732443102423644632e+00
-5.819008114476414306e+00
-9.489879248904028231e+00
-5.259992898707769093e+00
-7.213442004205051994e+00
-2.130009609034114515e+00
-7.138535954910983639e-02
-5.213512581133254997e-01
5.443040441310865729e-01
1.065685974387984913e+01
-2.916325674637201715e+00
-7.223549507014462634e+00
6.287300013246900576e+00
-3.204869965637044071e+00
5.732159549114973274e+00
1.404096294823399260e+00
-4.330280116823875119e-02
5.616026540807500744e+00
-1.048389019807128619e+01
-3.251602156905904621e+02
7.725935316429381317e+01
2.259842753771756350e+02
-2.963908112976055804e+02
-2.444450571204894800e+02
-2.599062016102817552e+02
7.280240871452579086e+02
8.345758059974350829e-02
-6.359065210054791528e+00
5.980866908492246115e-01
-1.427471991741237822e+01
-1.814163342130582350e+02
-1.056910875143166351e+02
-5.068427398554221099e+02
8.192688082354802503e+00
-2.753134030854223511e+02
1.354995807695720714e+03
-3.288959672507245358e-02
6.955993458226513937e+00
-6.624253326201809955e+00
-2.042803977557246355e+02
1.361239943573779669e+02
2.701437129135912869e+02
-5.986163217795152747e+01
-1.586427069104830707e+02
-6.779410022412892545e+01
-1.270861262472354269e+02
4.033240087523452116e-02
-8.159462751229677124e+00
-8.212232276419976884e+00
-5.165911113606379104e+02
-4.125035430849652585e+02
1.378653577377473027e+02
-2.725603859233941876e+03
-6.025650933035298067e+02
-1.400899971720111353e+03
9.842114403245215726e+03
4.440127521735796196e-02
-6.355243314649956510e+00
1.423978279128629065e+00
-2.932686868095119621e+02
6.416026250370840955e+01
2.156576011049715760e+02
-3.279146824935446034e+02
-1.441623949668796286e+03
-6.370164272973190691e+02
4.954704161664290041e+03
-3.449882017223167285e-02
6.566339728393170816e+00
6.844286923645550580e+00
3.495132650976513560e+02
2.471779095469498486e+02
-6.924027680898117865e+01
1.477931671453448871e+03
6.187194400023993239e+02
1.362496268054850134e+03
-5.648517807757177252e+03
1.114953757954053638e-02
-1.840901453342086880e+00
-1.890404190452126043e+00
7.839705888570911156e+02
1.378855758806006179e+03
3.657236359245827657e+02
9.137608849022049981e+03
4.511775149882282676e+03
5.240451722223579964e+03
-1.157234876334552828e+05
