# -0.7J_-0.3g_1.0472theta_1.0472phi_10Chi_0.01delta_500N
-5.829848483582101837e-01
-5.305947049525724379e-01
-5.466374945891581127e-01
-4.877742593230364326e-02
2.030329270595463212e-02
9.662871263151490142e-03
-4.454651945467681395e-01
-1.642836115560305510e-01
2.737560911007720366e-01
1.864770683336107460e-01
4.976143610070826173e-01
7.846087759143681728e-01
2.268572234705579227e-01
9.930977614016940347e-01
-1.524488186514259880e+00
-2.447752679901247369e-02
-3.682506761616858859e-01
-9.959409543352341077e-01
8.364139892700069856e-01
3.298249277864276907e-01
5.775311839562581318e-01
3.383670873301346527e-01
1.018180157214483961e+00
-1.044415410547697931e+00
7.747342044776671655e-01
1.146191502497342363e+00
-8.860056883212816814e-01
3.603511216495393077e-01
7.379600181726163610e-01
7.277107889067353508e-01
-4.618354805690479820e-02
-8.434486461107684185e-01
1.079864333201546289e+00
-5.442411801719313047e+00
2.822948397968791490e+00
2.351561496356660896e+00
-3.302326272514849226e+00
3.626021341374447982e+00
-6.930159290870674393e-01
-2.581891019187225211e+01
1.994461176727383225e-02
-1.164349889591944853e+00
1.358086262374559317e+00
-3.756163137732293045e+00
6.310497354115054414e+00
6.756854288958416888e+00
-5.443123407653200019e+00
3.295236817855589084e-01
4.871236873711183968e+00
-9.682812568151248911e+00
2.358047700747692779e-02
-1.095440283892713973e+00
-2.921923598090889196e-01
-1.054929870279956106e+00
1.031278102503905458e+01
-1.934339318044133904e+01
3.032077906529480060e+01
7.823175298533501909e+00
-1.948219738884540675e+01
2.587799286561394396e+01
-4.180798385738074274e-01
1.485001343113633576e-01
1.069946109568160386e+00
-3.408913520989526269e+00
-9.088894241830573151e+00
2.741250721978833127e+01
-4.240971723001184301e+01
-6.836319177275596459e+00
2.585178563344494052e+01
-6.230813283467414010e+01
-2.414806823260445545e-01
9.250860318216189704e-01
-2.867054998032119162e-01
3.290238957693203847e+00
-4.477642116568182118e+00
8.250216007574062260e+00
-1.318598670637040726e+01
-1.162747256527559969e+01
1.832334649680269223e+01
2.786616560500636197e+01
2.881899462132843648e-01
-9.067588721493646808e-01
-7.271932276334301948e-01
-1.569289002151383006e+00
5.016530680450595803e+00
-1.788368192026665326e+01
2.772581888840123909e+01
1.669968402347240044e+01
-3.697923470031165749e+01
-1.456329152668179461e+01
-9.861740494052877171e-02
2.329833954423352893e-01
2.562774068478875789e-01
-1.978801899263955111e+00
8.230524025349987838e-01
-4.967828292266970536e+00
6.909711062264646486e+00
-5.613529090499450369e+00
5.907026643397636612e+00
4.912811924134229713e+01
-5.869170058834308756e-01
-2.165487559002110540e-01
7.299337957407467936e-01
-4.568379494129042040e-02
-1.751393296365421313e-03
-4.333928941632213261e-02
3.522169219806335905e-01
-3.109279249359823694e-01
2.782708975746265856e-01
-1.653438825626318276e-01
2.614523368805177217e-01
7.299416309303699002e-01
-2.911350519943867177e-01
-1.557756737105040257e+00
7.549537363717379046e-02
-1.584247931857963199e+00
-3.905084883749094238e-01
-8.493002280621420041e-01
2.382200082461917445e-01
-1.895526604624746536e-01
-7.210419585468507142e-01
-1.854607799005803526e-01
1.088898037027967280e+00
-4.054876191312013489e-01
-9.822745132276764490e-01
-5.265151984012363950e-01
-9.507668128048774037e-01
3.747106800227383294e-01
-1.115730314213292385e+00
5.172742120142874711e-01
-4.721341315134854055e-02
1.554985752089574236e+00
3.582758292602059025e-01
-6.238162939879291713e+00
-1.161950427476184267e+00
-3.571333941659083244e+00
-2.749106305906266812e+00
-3.106058600540319681e+00
-2.252684475185847024e+00
-4.036200991364040647e+00
-8.317885863754934453e-03
-9.790929303562504460e-01
-1.131366611186907623e+00
2.412264429711650671e+00
1.679945114704104014e+01
2.723379048397894131e+00
1.594777717460812205e+01
-1.705804715732838517e+01
1.340626356972631328e+01
6.167321881729175281e+00
-1.868213473652430637e-02
1.225139926529268397e+00
-2.673151165602046797e-01
-2.582559906936055416e+00
1.369599796594424213e+01
-7.794139139524229876e+00
1.326363857806127378e+01
-1.555121369191486913e+01
1.495008642227830897e+01
8.793360590753687589e+00
4.035803026472070676e-01
2.324178125148603224e-01
9.246259764853971275e-01
-9.244103162291429365e-01
-2.193888759689252765e+01
3.605055095101548979e+00
-2.601169550154044074e+01
2.203373642033504964e+01
-2.829103432020178133e+01
-1.095196855419658810e+01
-2.515240471677021583e-01
9.787556712389559044e-01
-3.109601909248559948e-01
-4.604210340737469487e+00
2.058732071982642609e+01
-4.558015071385296935e+00
1.582091295046344293e+01
-2.719496547674369324e+01
1.351938436582196168e+01
1.110159528701808007e+01
2.748547610579751832e-01
-1.577521736040482792e-01
1.146861016125442001e+00
-1.239335979048826086e+00
-1.916670536505644407e+01
5.758965774307764462e+00
-2.740886243557384105e+01
1.768752030068209891e+01
-3.786436515163238425e+01
-8.150822074654749727e+00
2.730102991833243675e-01
-4.076041671192253135e-01
8.973787056621652658e-01
-8.720703892045294836e+00
3.294404332827195248e+01
-1.193500076809194610e+01
3.979225749288639946e+01
-4.342296814754891443e+01
4.029093505729322544e+01
1.552288983428478844e+02
-6.060182884955174210e-01
7.360381947726011287e-01
-1.842063330306742130e-01
-2.447695841064995159e-02
-2.209087488325414336e-02
4.111705828275581676e-02
9.015810536664443930e-02
4.550628756667302044e-01
2.753577424710379473e-01
1.890790257053159562e-01
-7.424253151825167540e-01
1.142252087771857827e+00
-8.173266868633255466e-02
4.517957522083814736e-01
7.328041506836773245e-01
4.953635362052025704e-01
-3.562406365530851327e-01
-9.503443406225769996e-01
-1.094841183782039096e+00
-6.257330516312158419e-01
1.393169873756341381e-01
1.621266568287578480e-02
6.096043554501749950e-01
1.385116382346193609e+00
1.259084531742409085e+00
-1.301975360799664916e+00
-1.029303056980003683e+00
4.350071309115598472e-01
3.740755973259350942e-01
5.837340364857201286e-02
-2.596775889621650776e-02
-5.575048573420295916e-01
-1.449861965829739585e+00
-5.730435107166560904e+00
-3.837964413444607814e+00
1.957999972136187594e+00
5.166078202074992021e+00
1.685237782012517949e+00
-5.815951429416956753e-01
-2.110596102745761204e-01
-1.010311208786514141e-02
8.451526347847865273e-01
-3.916615399585424845e-02
4.961945373882830079e-01
1.284923517600468479e+01
1.336667222411647593e+01
-7.754637036255885185e+00
-2.693629207852270824e+01
-1.977936500910535145e+01
2.465225774398778213e+01
-1.427301319124726822e-03
4.184494875713362649e-02
1.778158938782392839e+00
3.229696116836344721e+00
1.942313723451466245e+00
-1.038361624695460961e+01
1.682174859222795638e+00
1.054148423573689186e+01
4.998764100131428911e+00
-3.833813914765563879e+00
1.295327706394859557e-02
3.225268381017599717e-01
1.095485406824902697e+00
4.828456364773256126e+00
5.359705174404242101e+00
3.536092552146901546e+00
-1.097061239675157118e+01
-6.108810870032201024e+00
3.307350255862374411e+00
-1.158653333581235856e+01
4.768019925077123800e-01
1.009037487754025131e+00
-1.602898240449182887e-01
2.075423776655288322e+00
1.898629895705606430e+01
2.204253870280255967e+01
-1.267863998503908185e+01
-4.587837786433106402e+01
-3.478976024159754843e+01
4.402601693209598466e+01
2.839251282447014524e-01
1.079504908277735042e+00
-4.502765458564650936e-01
-7.263900244089308567e-01
1.387603694865807036e+01
1.367237980000615316e+01
-1.827606408226489565e+00
-3.483234164026134039e+01
-3.987529620804690467e+01
4.117567470453955281e+01
7.874478727681637202e-02
4.323112741883010091e-01
9.780069043192325673e-02
-2.589240653794155378e+01
-1.511627192283475374e+01
-1.201686536892315615e+01
5.430114890823417539e+01
2.006225152205018603e+01
-2.560498347021711396e+01
3.306398172567956522e+02
