# -0.5J_-0.5g_0.94248theta_1.0472phi_30Chi_0.01delta_500N
-5.849861549011883266e-01
1.941788390639230810e-01
7.325039698004875977e-01
3.132019875772008577e-01
-1.147137400554613246e-01
3.400923372852732857e-02
-2.042215655361251936e-01
1.135781885262092117e-01
-1.956984920699208763e-01
-1.522030012373289387e-01
-9.403861147509050278e-02
-7.600045210377361082e-02
5.534364437027028405e-02
-8.391091772739048271e-02
-2.586425268225364064e-03
-3.925981656227395949e-02
1.191068777199875799e-02
-2.383895874860610456e-02
1.686638475191672322e-03
1.939620293651210959e-03
1.794615184099038196e-02
-2.594546505630453831e-02
-1.540207797824198581e-02
3.695535359344285023e-03
1.554556114899854555e-02
-6.984139476963528020e-03
-8.275383948873891657e-03
9.910888877613429487e-04
3.095277167229934338e-03
5.919654833564962602e-03
7.034353358591081129e-01
-6.985447269241448209e-01
-1.205530379392936169e+00
8.380262863292871067e-01
-1.801404142920812745e-01
1.019185966612943250e+00
-1.254410549400660102e+00
1.572158904551419711e+00
-1.482635846020527337e+00
-1.287423166695665477e+00
-3.876305103544733788e-01
-7.744871736385156025e-01
3.308280496299338957e-01
-5.644227258903332656e-01
3.938625054310362049e-03
-3.144187012549451432e-01
7.726744064863975969e-02
-1.353370494798441792e-01
2.630563018883815343e-02
2.512125747827145730e-03
1.454372344382859894e-01
-1.720467772911926374e-01
-1.200978937175964240e-01
1.647019112103021918e-02
9.512636736017980599e-02
-3.868523903368357997e-02
-7.333468217446917348e-02
3.168357845086135216e-02
2.847766841848236793e-02
2.575730920046331862e-02
2.777307579680808880e-01
4.919452791148284931e-01
-4.326626948812918316e-01
5.314667531420018687e-01
-2.449863240982874224e+00
-1.736194687329460695e+00
1.300646316346783848e+00
4.639751533250595084e-01
-1.043014847241006127e+00
3.077574302333977996e-01
5.666016342403004669e-02
2.125829706588613643e-01
4.556161210549609097e-01
-3.674915354981554416e-01
-3.583128690280584228e-01
3.187456691636185446e-02
1.835241349952716206e-01
-2.016631923743588684e-01
-3.611911071169573995e-02
-2.586915037124196126e-02
7.130028929704565477e-02
-8.466308525945641372e-02
-6.153927344884965733e-02
6.040441535365438652e-02
9.396023151983827482e-02
-1.863628212342019128e-02
1.124584787817178334e-02
-3.133009878234671586e-02
3.135642631565749034e-03
9.454516267723084288e-02
1.700054960360840306e-01
2.586962386903449485e+00
1.649622072623243840e-01
-8.269614492610255496e+00
-4.909041077833340871e+00
-1.067410077795778278e+01
1.629127625737912766e+01
-2.053172588355397110e+01
8.110283319647971112e+00
-4.684600680871348288e+01
1.680857316802582435e+00
-3.105155307093320971e+01
3.224656520376355306e+00
-9.009066965858774090e-01
1.760775684327740720e+01
-8.631007192270512274e-01
-6.254108491930014946e-01
2.433323650074432365e+01
7.477346430015053613e+00
-1.131869469201538791e+01
2.345311533999018927e+00
-2.578717227798291711e-01
5.264551969838475287e+00
3.982042945185729099e+00
1.110354616381642678e+01
-2.195674173706303467e+00
-4.721017887019223203e+00
4.023067879694859350e+00
-6.226114907403553778e-01
-5.082173765077752314e+00
2.866040730497258493e-01
-5.088823705834468608e-02
4.659732734959981526e-01
-7.036100619432049896e+00
7.246435870227496245e+00
-1.084908546797701989e+00
7.837774297279589852e+00
-9.636047136417056791e+00
1.271496149021965749e+01
-5.354290047224695037e+00
-1.625332226800146884e+01
-1.393784976903734929e+01
2.134227871049645486e+01
-2.750475186227083668e+01
-1.108121839338561720e+01
2.391747226611935506e+00
1.504842455742817897e+01
-2.064018362703491150e+01
3.023437413755849956e+00
3.980975202447380212e+01
-9.316297044110417147e+00
-6.368079898882842649e+00
-9.062337338479411031e+00
-1.037029811314163297e+01
6.821856551972192761e+00
-2.691413129414567340e+00
-7.800055467430214051e+00
-1.652889006892873525e+01
-6.186426094504716922e+00
-2.280937931022460230e+00
-6.734832125232216582e-02
-2.008554249428577521e+00
-9.086688350409592718e-02
2.029402115071940127e+00
7.868664188465145592e+00
1.137090050393999618e+01
-6.069972855163307202e+00
2.785954066893383096e+00
8.035308807431308376e-01
1.555905656682780602e+01
-3.406179860842464713e+00
2.667630051895529064e+01
4.408562209443983448e+01
-3.356738489930624780e+01
5.141628497349153726e+00
5.116904515434703882e+01
2.658403001730879112e+01
3.250730541733247492e+01
-6.064227881738085912e+00
-3.885167263698303941e+01
-4.902116834884671981e+00
4.781568325325042501e+00
1.634559878813752221e+01
7.581492449863953986e+00
2.917172732427748016e+01
-1.297467087033752620e+01
2.319065187051987387e+00
-3.770389984391252725e+00
-3.341587923655127579e+00
5.761473077863630721e+00
2.144440362184120707e-01
-3.605162224593754794e-01
2.068288425348523418e+00
-2.170189197818065097e+01
2.409291236310311035e+01
3.293089762877446258e+00
1.492504022647680806e+01
-3.805077199495228513e+01
3.112463034097770986e+01
1.064186576461861877e+00
-2.082326716409094303e+01
-6.271041930207291060e+00
2.703158878242298258e+01
-8.357258532054478906e+01
-6.938737571204919163e+01
-1.083020029807664599e+02
7.613290736785403467e+00
-4.132183295039972393e+01
-3.655843972188776547e+01
-1.180725385530977860e+02
1.243267147755827864e+02
-5.881818971743585678e+01
-4.188762282200232079e+01
6.200604050263298461e+01
-2.301529228876879074e+01
2.508276696254183591e+01
1.164844931787586724e+01
2.394980568806489174e+01
4.728167016361529917e+00
4.641014050403079949e+01
6.308259631788399463e-03
-9.802943220765873988e-01
1.598347665522865946e-01
-6.676162937307046352e-01
1.829363142254898156e+00
2.615414322695812643e+00
-1.184989648429124998e+01
5.643712112790933766e+00
-6.759468461351249680e+00
2.667917921852254182e+01
-1.955162910003539922e+00
1.085357694628997827e+01
-3.141685619878109748e+01
4.710700939555249533e+01
-5.633759895496252312e+01
-9.904688252324528719e+01
3.699830468373786374e+01
-1.433473404561252451e+01
4.021270675978693809e+00
1.260006351819061798e+01
-4.826629451157720752e+01
-8.702202042882282385e+00
9.452537411085668850e+01
1.098781132354055785e+02
1.410487212245736828e+02
6.484590154962845965e+00
-8.464140992468192337e+01
-2.018288586029721898e+01
4.525556291025721656e+00
-3.930372036625952603e+01
-1.699681020385034602e-01
1.092459252137586252e-03
-1.599142419076615251e+00
1.389324460776297343e+01
-1.895057217069976119e+01
-1.894986096692821143e+00
-1.871835788861080729e+01
2.252839732878287649e+01
-3.632451022765854276e+01
-2.183653759018563179e+00
3.562129908407192147e+01
1.909233768200039449e+01
-1.111820120462813009e+02
9.144076594723979667e+01
1.541292486773607173e+01
-1.569586171877751468e+01
-5.654482488017780639e+01
9.323101885463141514e+01
-4.009387124835440375e+01
-3.800925558481345234e+01
1.129905273699045836e+02
-5.450146114203435310e+00
4.427518733378961713e+01
-4.973527604798052693e+01
-4.510895755619735326e+01
9.095811730301609543e+01
-5.220323211600449653e+00
-2.755159555897986934e+02
-2.714221466100665339e+02
-4.698968048865942393e+01
-1.323127005246245158e-01
3.077040982342434811e-02
-8.420780092911375192e-01
-1.127568831113524439e+01
2.107811098024398078e+01
7.385982208965763185e+00
4.583715311692381533e+01
-3.457433502038485784e+01
3.925466025768533029e+01
7.545833958750029602e+00
-1.974734880076419472e+02
-4.091379460525301681e+01
3.137576628701865502e+02
-7.637224141396516188e+02
-3.367904885703907780e+02
-6.737144555953825886e+01
4.084813275564842456e+02
-2.285298665356796164e+02
-6.903729540035479317e+01
-5.598371578129276571e+01
2.575410619970963353e+02
5.202040991745515157e+02
6.695850895556353635e+02
6.363682514745588605e+02
-1.129557736491657806e+03
7.646501904736223878e+02
3.966842027573054565e+02
-7.577527044846630133e+02
-5.282582272944331407e+02
-1.124225557648283939e+03
-1.366496827508257295e-01
-2.514245336143264842e-01
-1.040114327795889082e+00
-3.136233293383785536e+01
-7.812221878985430024e-02
-1.636199958017125411e+01
3.857998939828400609e+01
-8.813570161225015909e+01
1.665911116010370208e+01
-3.038202075484773559e+02
-4.553375784313497121e+01
-2.342667139675180863e+02
-2.430606599302507576e+01
-1.275799743424243786e+02
-2.392637807406734112e+02
-5.786848231356817251e+01
3.158526973829477242e+02
1.446987358866995805e+02
9.720479279877206125e+01
1.215719556008045146e+02
-4.460965985309845792e+02
1.620487958601771936e+02
1.743914211076021047e+03
8.824793495036684590e+02
-5.701974538451783019e+02
1.407690430479920849e+02
5.538102355495046822e+02
-4.283836265002460664e+02
-1.872283952103278892e+01
6.193211717163704861e+02
-6.926981845194804532e-02
-3.006347782600047869e-01
-5.301014613008375731e-01
-2.555366368985348302e+01
-2.743134813150543749e+00
-3.741805562625086168e+01
3.521307642833488671e+01
-5.032040040314007712e+01
3.123606058668512020e+01
-2.736943357124983436e+02
-6.240070263142850848e+01
-4.399591673993577956e+02
-2.346542209457783770e+02
1.162993270057141046e+02
-2.197565999076064713e+02
-2.725017791025791780e+02
-9.806171516863001614e+01
-4.135567214449653193e+02
2.836716812713068521e+02
6.493555922833229488e+02
-1.005199251275461393e+03
2.157291327423520784e+02
9.681266198077815943e+02
7.591824266307311291e+02
-1.107593375918410857e+03
-4.085978787918136845e+01
2.449329202758564861e+03
3.113513582792597845e+02
1.071501587785506899e+03
2.506915807836532622e+03
-8.883335127779688756e-02
4.412620782762174398e-01
-9.246127758625859450e-01
-4.846187768246376315e+00
2.333841719679214322e+01
3.018842011271112469e+01
5.304617233833978673e+01
-3.365221854245214672e+01
6.797947194437827534e+01
5.793573700482789235e+01
-1.817628870493608986e+02
1.649034256756155514e+02
1.009911263887607902e+03
-8.842493082079878377e+02
6.916339507044210677e+01
2.274298384476757349e+02
9.494846990753143245e+02
-1.119945810019400341e+02
1.831146791923987962e+02
-5.162599486353427665e+02
-3.809636549349776828e+02
1.085610967679935129e+03
1.844081952488345522e+01
1.766378982754910112e+03
5.231290543499194428e+02
-7.318051348292610214e+01
-3.060361207282274336e+03
1.511803527196631876e+03
-1.615406161194150343e+02
-4.895111789810383016e+03
-6.508908064798285542e-02
3.282535403784004324e-01
-7.468797616330680178e-01
5.703066553211353362e-01
3.013235702457263798e+01
3.054700107836316647e+01
-5.404232362363402764e+00
-2.837763539820616998e+01
4.349283955973151983e+00
3.742615071494649897e+02
-4.308710413722931065e+01
3.143629616359543206e+02
9.089805200740927660e+01
-8.153902914111977225e+02
-6.774353663750075611e+02
-1.387589582133622798e+03
-1.483447670417709219e+02
-6.220886224469529679e+02
-7.773552112859433691e+02
-1.937709109702545447e+03
2.242758470586378735e+03
-1.074064762058397491e+03
-1.211761989312153901e+03
3.893413150042235316e+02
-2.044431462020468189e+03
1.678072480917135465e+02
-4.987961852497360837e+02
1.133964281994192788e+03
3.427684771881774282e+02
-1.392199673108056004e+03
-9.390462979178185827e-04
-4.635872918658016095e-01
1.923314407093247302e-01
-7.967080522380418195e+00
-2.293183165669732304e+01
-1.761660519056579233e+01
4.833926096168435294e+01
-8.375360064781541780e+01
-1.415061745515144409e+01
-7.676558296783584865e+02
3.055039012913996999e+02
-3.886419487167586908e+02
-4.330893765079989066e+02
1.533632698541685215e+02
7.023014370636710737e+02
2.031949567005555309e+03
-6.094406547620740184e+02
1.096723965973414806e+03
1.754153601087977563e+02
9.956916618132793246e+02
-8.826436658974449756e+02
3.143206949403967769e+02
5.275673919615282102e+03
1.287466645938290810e+01
-3.832375883301279828e+03
3.647569641881604525e+02
4.441278253639110517e+03
-2.332141735963286465e+03
-3.763792123622042709e+03
1.189276368724660870e+03
1.259713850994357426e-02
1.382673148040748090e-01
6.156170468609971878e-03
1.338107553525804860e+01
3.613590125038485645e+00
4.481232020852233688e+01
6.394535135411602766e+01
-4.022981237518256137e+01
1.410880187811748954e+01
-3.242670495326810283e+02
3.981936547309262409e+01
2.169214945910729568e+02
8.035223634808003226e+02
-1.197285505233808408e+03
9.666874934626712275e+02
2.287633255185257440e+03
8.800165974874174708e+02
1.317343151336685423e+03
2.071872102647057829e+02
-4.927719468384875086e+02
2.887882714923691552e+01
3.288398015843800749e+03
2.670429940712771895e+03
1.030076289053714618e+03
-3.334032516817619580e+03
2.059530716666477019e+03
-9.097715483416703819e+02
-2.561677605568369472e+03
-6.609874832722744941e+03
-1.210851565804426718e+04
-4.647182725287710842e-02
-4.518677474611595274e-02
-3.609854136530772362e-01
-1.702924723946827257e+01
1.435433339390356089e+01
-3.782213905537459908e+01
-2.384322170074674574e+01
8.283748878330999332e+01
5.275178152846993385e+01
6.037426452178074214e+02
-3.956797040430769812e+02
-1.135648165502444868e+02
-1.237089034558579925e+02
4.818088941430255545e+02
-7.282690599071939914e+02
-3.006029953358666262e+03
-4.070782826878378842e+02
-2.144597436515804020e+03
-3.210521393134818027e+02
7.708312444470915352e+02
1.418633138222271555e+03
-6.932555658941124648e+02
-8.103730254217217407e+03
-2.386843586638312900e+03
3.024530617554433320e+03
4.450395754200321221e+02
3.446749638150887449e+02
1.569438765264584845e+03
3.898168083412698707e+03
6.886167825097663808e+03
1.075439168351320293e-02
-1.147324022042146840e-02
1.052516951567044334e-01
-1.344972467042950548e+01
-1.716574617430577376e+01
3.170250993821681718e+01
-3.590015080898471211e+01
-8.451690130282199220e+01
-9.927584244971002647e+01
-3.072413108936109438e+02
3.183534876807238447e+02
2.334836260873669005e+02
-2.454660022025992987e+02
9.527577922426776240e+02
1.740610927832883021e+02
6.488058929826112262e+02
4.849143512549169941e+02
2.440030728819251181e+03
-2.403650759085772108e+02
-1.240538768665896896e+03
-1.295252110339555429e+03
-1.142705000130895087e+03
3.383895819758662128e+03
1.435931841009989057e+03
2.765753132523198474e+03
-2.234164481847953994e+03
-2.736538260858883405e+03
-1.276345101357359226e+03
5.189552842110796291e+02
2.165498588891470717e+03
-9.710396914244924169e-03
1.159567553977634835e-02
-7.926051994006452772e-02
-9.707893664618667984e+00
-4.492833678627594196e+00
1.786068093719810790e+01
1.473766056349707654e+01
-2.038854795207570447e+01
1.053304627640040358e+01
-1.840504369804152702e+02
-5.414739260750427263e+01
1.286367951932870426e+02
6.577925436607390566e+02
2.721211912554251171e+02
4.264898095526633028e+02
1.553598459298922990e+03
1.159561773230633889e+03
1.298531292327679466e+03
4.056215166297969290e+02
5.646152877887699333e+02
-1.262576872200062326e+03
-6.499680197926899154e+02
1.840657888880705968e+03
-6.474397196660058853e+02
4.591659179128099822e+03
-3.364987521495818328e+02
-4.199409790417127624e+03
-1.450684298826356326e+03
-1.691702737820290395e+03
-7.362617580987861174e+02
4.305154501053159305e-03
-6.121938219841927681e-02
4.275548914673788642e-02
2.068874712575918551e+01
1.354469254905937170e+01
-2.948134293438815234e+01
1.495510130789877792e+02
4.563613636040297905e+01
1.668656991092366582e+02
-3.770084028308799020e+02
-4.273411666207907444e+01
-4.098708957633261321e+02
5.479396157663903750e+02
-5.024622336282523634e+02
2.096572752541337650e+03
3.003285694892909305e+03
-2.237382471426646589e+03
-1.015755273601175759e+03
5.799085568959247894e+02
2.318544713652149767e+03
7.504436610831929784e+02
1.133356621071797690e+03
-8.167436870230455497e+03
-5.752184069431189528e+03
-3.331852304003350127e+03
1.142830151323717018e+03
3.941178398788403683e+03
1.687792536718645124e+03
-2.640471516086806787e+03
-1.572136156762183646e+03
-3.000858253969453104e-02
1.169031028992985471e-01
-2.955138009349048689e-01
-2.080107868199507948e+01
7.630061049816958985e+00
4.529992068712653253e-01
-9.618655920653139901e+01
4.810749351471975643e+01
-1.579799616688756103e+01
8.425698481187547486e+02
-1.707427300192649398e+02
7.430158594181303897e+02
3.640528286850617405e+02
9.264256458449463025e+02
-7.724244137332638047e+02
-2.922383895613038021e+03
9.595548560275590262e+02
-4.459232029843078067e+02
-5.765400903622304440e+02
-7.105388926119190955e+02
2.495461772748370095e+03
-3.426929638085136958e+03
-5.962247796811637272e+03
-3.580364026340372220e+03
1.325756931742438610e+04
-2.127021201248907346e+03
-1.577333693497488457e+04
2.285218650257855643e+03
4.648765431915281624e+03
3.164872259356713585e+03
5.375297468303203742e-03
-8.418703554715588344e-02
7.192891260782890983e-02
-1.684942434069364836e+00
-9.273629097631733487e+00
3.103914205317304997e+00
3.836184460135060448e+01
-7.089501315625123645e+00
5.067071169113142304e+01
3.766169169468310542e+02
-1.320153160343097731e+01
5.876376725264757397e+02
1.515080712785011883e+03
-2.325192719686323471e+03
2.132760177578979437e+03
-2.227336194920662820e+03
9.717308840679171453e+02
-1.312604326418322444e+03
5.684132003841926206e+01
-3.945098289798881524e+03
5.231826484662123221e+03
8.413803661706828279e+03
-1.220666965850833367e+04
1.508624613596741938e+03
-9.286880588498199813e+02
5.234610974586284101e+03
-1.375828727367588363e+04
1.576843678721801552e+03
-1.160160996857329701e+04
-3.732749933815545955e+04
1.188376857426356493e-02
-2.978763472917892938e-02
1.093600557053876904e-01
-6.509012062028961765e+00
-8.981384398776160793e+00
1.255833407318119299e+01
2.847727937679848864e+01
3.503717898008851250e+01
-6.339198825779499913e+01
-1.618867311431364442e+02
-2.011819312945302272e+03
-8.011311474155725136e+02
1.551362658578378841e+03
-6.761842262156753350e+03
-6.942000700937213878e+03
-1.475820688245658630e+03
1.293792870558035429e+04
-1.087075526446355298e+03
2.186697810531552477e+03
6.309506638487760029e+03
-8.606094879421814767e+03
1.642135244824978872e+04
3.953178353808553220e+04
2.243319550544200320e+04
-9.902557760305264310e+03
1.389869994470536949e+04
5.804056266848529049e+03
-1.871746770711500358e+04
3.109594033977985873e+03
-2.295874841881114480e+04
9.589037210388987389e-03
-4.781595117603829742e-02
1.071628356179068764e-01
-1.402891725480633411e+01
-1.325477973109878249e+01
2.001708324319432819e+01
2.698413389048406685e+01
8.177068528822869098e+01
7.160809817713683856e+01
-5.572885467394838770e+02
-8.213880505198453648e+02
-1.053507172797181511e+03
1.364266537748284463e+03
5.481946961602623105e+02
-6.422364475195840896e+02
4.489464377322614382e+03
3.074014854692711651e+03
1.130008907329216754e+03
3.716991725577264333e+03
8.949152825182076413e+03
-1.327724478365318100e+04
4.380876072662050319e+03
1.209342684805950375e+04
2.767813630864639890e+03
6.753924007747285941e+03
1.429049900186118521e+03
1.705760691616268377e+04
-1.118502597242487900e+04
9.373548722397559686e+03
2.037920488201598346e+04
-4.136421286685179437e-03
-1.754177813476986286e-02
-9.784275476722252216e-03
-2.086076056287534541e+01
-1.318600262590486594e+01
2.892629415707797946e+01
4.388602374596217714e+01
1.065660474871231003e+02
1.010378794097279496e+02
-5.069816134369294218e+02
2.592578057487936238e+00
4.325394385336649634e+02
2.502363436054352860e+03
2.971475303874018664e+03
3.915864653980763705e+03
8.421390669708469431e+03
-1.406676804717352297e+03
3.664368169443021543e+03
1.817683452660954572e+03
7.512434720866932366e+03
-6.543031345677242825e+03
-4.617136682881840898e+03
-1.281754782391764365e+03
-5.569448543945343772e+03
1.956880176041840605e+04
-7.317653052230224603e+03
-1.611412486210635143e+04
2.275309140997230770e+03
-1.837874327915289541e+04
-1.531750826236062721e+03
-5.774291832228231613e-03
-3.393618919386034993e-02
-3.315683023842022625e-02
-1.211113558447897987e+01
-7.182907983662232709e+00
8.629684598416950791e+00
8.523430481769544542e+00
2.546846623262874232e+01
1.022650236496938625e+01
9.055490819131669014e+02
1.976434286858376481e+02
1.590239311197384950e+03
1.338209078130432545e+03
-3.327248626742579063e+02
2.969161348842654661e+03
-3.214582585797961656e+03
4.606364960805264559e+02
2.918334388478863275e+02
-2.095714183674798733e+03
-7.182896953409249363e+03
1.036992556164918096e+04
8.630419674136463755e+02
-2.462140380738689782e+04
-4.939881272894204812e+03
1.217672929848089007e+04
4.504496979018069851e+02
-3.061716219055964029e+04
6.695228020100570575e+03
-4.602410394627242567e+03
-4.062139787930549210e+04
-8.130982587280491738e-03
1.352709759593662131e-01
-1.166471134422614048e-01
5.586481420621343119e+00
1.100319694769191159e+01
-1.262663587798362519e+00
-7.361079849229383854e+01
-2.832845440727461295e+01
-2.958546559036499879e+00
-4.020385597330538303e+02
-3.155701832397069779e+02
-2.417874891128232321e+03
-1.946616304599913747e+03
5.330333774116120367e+02
-4.564196430954986681e+03
-1.791326672361278725e+03
-1.557117890545582952e+02
-3.648827852714990058e+03
3.170840506507584905e+03
4.468345041882414080e+03
-1.805512822228796358e+04
2.422562106031813073e+03
2.109248890730430503e+04
1.772144448288145941e+04
-1.437087500757798443e+04
-2.505954789407462613e+03
5.416113134518843435e+04
3.292794270096834680e+03
4.015666855818570184e+04
4.756249736367386504e+04
-1.591628494984148601e-03
2.633826511866628646e-03
-1.870544092130379046e-02
3.923248802953668846e-01
-3.292958319683434887e+00
2.736343962162661736e+00
-3.323535951814822198e+01
-2.504640828867030322e+00
2.737150308120893101e+02
-1.381742892235393754e+02
9.223715650121007457e+02
-1.737494875869957411e+02
1.015618194602086533e+03
5.532282976279285322e+03
2.868253836038622012e+03
1.498319487368040427e+03
-4.760281497465852226e+03
-1.750493920064123131e+03
2.113870852677728635e+03
-2.809051707613801341e+02
-6.901287068731263389e+03
-1.172374395504290806e+04
-1.640905910280269745e+04
-9.103493240332692949e+03
1.213557346090630199e+04
-1.533824004780535142e+04
4.360350643275592120e+02
3.195291515473907930e+04
2.359386853506621264e+04
2.491726357428489428e+04
-1.073961681581551107e-02
1.476638617344329107e-01
-1.534933670262126626e-01
-2.103179806988165979e+00
9.291613333127564545e+00
8.149258145846291157e+00
-7.005007745751196069e+01
2.344549555056043033e+01
7.584067483244487562e+01
-1.222249537310332244e+03
1.930796777007971343e+02
-2.636189336701677348e+03
-1.876428192283030285e+03
2.578009616366018690e+03
-1.487364795271370213e+03
7.832817811369315677e+03
-6.858391843126121785e+03
-2.783934893385955547e+03
5.002225941276508820e+03
1.622788635357209569e+04
-2.061509868237828414e+04
-1.583961840856655954e+03
3.389897214053563221e+04
9.139811835091280955e+03
-1.030289380387950769e+04
-1.580838648246653747e+03
6.769446810593424016e+04
2.079324693432487948e+03
1.988004503325972837e+04
6.823403200785482477e+04
-1.197803681064253493e-02
2.910915321896799871e-02
-1.113938605825713912e-01
-9.586793085448888974e+00
-8.040083529640760229e-01
1.017113929043293297e+01
-1.440814776823784626e+01
4.216199993068367036e+01
1.094073181986663172e+02
-3.927041811298537937e+02
4.941734262707363996e+02
1.882865182127899004e+02
1.143258266608247595e+03
5.691463204116666930e+03
5.464555466477661867e+03
1.039139650782111676e+04
-3.471158843635936591e+03
3.939988779612327107e+03
5.030748932396885721e+03
6.195138886285811168e+03
-8.808177683247597088e+03
-2.709803177524777766e+03
-1.764931454166138792e+04
-1.426965144606835383e+04
4.316669016564292542e+04
-4.828412023051287179e+03
-2.046228079781939596e+04
3.370502754653018656e+03
4.110048663012395082e+03
2.956310414056916488e+04
-5.848812370616989220e-01
-7.317518332473718079e-01
-1.987015320117609674e-01
-2.564641663203375832e-01
-2.130652233509062188e-01
3.354440607571207433e-02
3.261566677909908795e-03
-2.326936306072915628e-01
-1.960210857009756502e-01
1.573615488559684805e-01
-8.415669744312484490e-02
-7.671290943653447103e-02
5.522034958274234934e-02
3.965900142509738019e-02
7.369587027576143812e-02
9.710911194277494288e-03
-4.010982054405851788e-02
-2.346746244189171215e-02
4.652837102863151535e-04
-2.019911822242535012e-03
1.823681755953425465e-02
-1.980398204899332711e-04
2.959777734296667115e-02
5.820203236746342504e-03
-1.396479160034472082e-02
-1.025057442888826532e-02
-7.302456769349754614e-03
1.005902968253364563e-03
5.663650547130376920e-04
-3.642782846950303084e-03
-5.924658862256813041e-01
-8.084087045237783320e-01
-5.561577881322794514e-01
2.349769912201900457e+00
-3.398996257273400601e-01
9.986956970865867866e-01
1.277310107888567359e+00
1.595173260113764702e-01
1.640601459892145897e+00
-3.142994684581438825e-01
2.569448593455567753e-01
2.081037365889527035e-01
-5.555884443984888676e-01
-3.164705103153613031e-02
-6.723525322149872530e-01
1.011270229531968934e-01
2.132891533020892794e-01
2.427456494999793990e-01
1.142727827552427605e-02
-3.007150287762810903e-02
-1.361336330538535089e-01
1.604194625153902362e-02
-1.872340290335928470e-01
-7.541538523112566172e-02
9.474051973359436107e-02
9.447860403044695821e-02
1.965905441065411707e-02
1.156532926658387916e-02
-4.332703167436578046e-02
4.043839603162698026e-02
4.695127743912078100e-01
1.141496846845367230e+00
-3.230292347329820069e-01
6.922301747144545825e-01
-9.292735207059350522e-01
1.756119247578231235e+00
-1.154468153011882908e-01
-2.071576052531064693e+00
-7.700668327754569553e-01
9.515487249353858923e-01
-9.110253469949765037e-01
-7.858229698204338698e-01
5.994654517218021839e-02
3.128467729690204147e-01
1.708784601160345806e-01
1.657932508637043056e-01
-2.372587908307485782e-01
-1.217032760175422619e-02
-9.265709920680993694e-03
-4.214124371659486168e-02
9.203956451751660328e-02
-1.053200559480260527e-02
1.305631499369660775e-01
-7.153928944627251790e-03
-4.048398327071060787e-02
-2.080539142330330854e-02
-6.607083984579736891e-02
4.373231429345172255e-02
-3.548300158946917499e-02
-7.820547336920717629e-03
-3.329584261110171695e-01
1.037723511551804423e+00
-8.322844828780726623e-01
-8.438288468246096130e+00
-6.896872857416031621e+00
6.220931174331283842e+00
-8.645945063365580552e+00
-2.217507251624777709e+01
-1.511717074529503435e+01
-2.543600092920141265e+01
1.747201494490962048e+01
2.773774657719339487e+01
-2.013157239887214800e+01
-1.142540431451904048e+01
-2.141760773190786793e+01
1.191664479348087013e+01
5.086402737602055524e+00
6.208350452657147578e+00
-2.160902548989104233e+01
1.967293410293676814e+01
6.761533806224365506e+00
2.082417607225845568e+00
-7.895327166554155340e+00
6.365695196644485243e+00
8.983195884129093756e+00
8.750717191214315349e+00
8.595397098938182268e+00
1.215304506407280272e+01
2.684622876814768411e+00
-8.232964274044855202e+00
3.700603865552398643e-03
-1.052054207783932549e+00
2.000889908188395072e+00
-4.933561439415819372e+00
7.039302807185522148e+00
-8.660184830071544937e+00
6.144532213361424411e+00
1.529386770462846457e+01
7.567019449564417188e-01
1.063510711214065907e+01
-3.736296894279664116e+01
-2.009308559522794013e+01
-7.631958708518187251e+00
1.161896723637583051e+01
-2.164227815731205240e+01
7.138629583818669744e+00
2.710285011762155083e+00
3.198985762769919816e+01
-2.823184044278775673e+01
1.016111336897960449e+01
6.597549952629187864e+00
6.754461216686075353e+00
-7.720247426710618477e+00
7.950566176292265475e+00
-3.517447681949824823e+00
-5.076679235992193284e+00
-5.870586016602646201e-02
1.180230459333043136e+01
-3.191394174151184426e+00
-1.299551122000056624e+00
-6.894118823089538661e-02
1.094117035188728160e+00
-1.710702686961580898e+00
5.760565492682500732e+00
-5.727674085929765901e+00
1.147729401766892288e+01
5.454842391010118474e-01
-6.853793313046792512e+00
6.767425076112353333e-01
-5.087257908335715229e+00
1.528053052137895129e+01
2.710190109893509813e+01
4.409783799042560304e+01
2.074959232572389922e+01
2.692649711424588688e+01
-4.934140741729588342e+01
3.095588842834910537e+01
3.164535002463443902e+01
-3.032335871984481201e+01
2.432221537706044501e+01
-4.859071541647845827e+00
1.184284777307925829e+01
-1.320285469778853127e+01
6.670552324830206103e+00
-2.537493303800207300e+01
-1.869794851367089450e+01
3.069392752031104177e+00
-3.710404396859577236e+00
4.609285252072163885e+00
1.692114586504615881e+00
-1.024005902649385152e-01
1.111881222268028324e+00
-1.309268824221108130e-01
-1.422198178471204955e+01
-3.668298466473398634e+00
5.999246453551744240e-01
-1.186512439365028015e+01
-2.733717011933924823e+01
-2.155664741638452853e+01
-1.880500290510621753e+01
1.513225040271443156e+01
1.286668407287251448e+01
-4.086349012608644671e+01
-5.319926433851512115e+01
-6.463279752973332393e+01
-8.742164988019482053e+00
-4.151096911436512471e+01
7.367581563017846946e+00
4.946562857326318863e+01
-5.382254109709178636e+01
-1.045286107473215367e+02
7.824515320507111937e+01
-7.348602769289200864e+01
5.608077520143633876e+01
-7.290986849335293130e+01
-1.158722913299239394e+02
-7.445496330933123375e+01
-2.794927383664639109e+01
-5.442063667132093485e+01
2.923345657429802102e+01
-1.892722073687298778e-01
1.215025537745173745e+00
1.631810633282138934e+00
-2.836504641609960942e+01
-5.709929914643485205e+00
-4.173173871778427468e+00
-2.258830136283438605e+01
-2.106181948563113693e+01
-2.355503022426056603e+01
-9.253060556898343947e+00
-2.173477221523544856e+01
2.494266484354519531e-01
-6.636708465467139995e+00
5.211617426075082449e+01
-8.621189933169260655e+01
-5.142822560526300180e+01
1.368119091289169091e+02
4.044723892057366754e+01
6.893881927959749589e+01
-7.428883416710358745e+01
-8.346150187880742521e+01
-4.129438418049210213e+01
-3.503288012262690643e+01
-1.103139869028772750e+02
3.031937928943086558e+00
5.742630725613056342e+01
2.931433788672240937e+01
-1.068451038953967647e+01
-2.310572568937378612e+00
7.569041505743165921e+00
-1.701278228439057350e-01
1.379570393931353722e+00
8.019308456576600408e-01
-2.333258514578660581e+01
-2.575010807594247719e+00
-1.913179823076318842e+00
-1.018651687605115619e+01
-2.747947583674959304e+01
-3.637792364616061036e+01
-2.978445561371620443e+01
-1.948034497377697605e+01
1.937345565040239492e+01
-1.109142359564708045e+02
-3.188167471336948822e+01
-8.738956023747387292e+01
5.542684152756518046e+01
1.569174388582666424e+01
9.535766310781602328e+01
-1.277236936344162466e+01
5.211186220473523889e+01
1.124704661868079256e+02
3.877579345370959629e+01
-1.368107128921536564e+01
-5.319308369587675145e+01
1.009014107946337333e+02
-9.213329474968778854e+00
-7.540073807170807108e+00
-2.740834291250221213e+02
7.502295941234592647e+01
2.725413484157069206e+02
-5.183075857919618862e-02
5.270870859269174424e-01
4.012220888575370598e-02
1.584223443392806852e+00
2.378165106340693313e+01
-1.766596479250841512e+01
4.568344751464039888e+01
3.837362972391922256e+01
-5.117715330837941501e+00
8.187312359738506018e+01
-2.588850246258685956e+02
-1.830978803939524937e+02
-1.779506617342895538e+02
-1.668315239150578293e+02
-2.170027825606960334e+02
-5.811778107193160281e+01
-4.572204627399379007e+01
2.360154082549243242e+02
5.658552841035802317e+01
-1.736809910971521447e+02
-5.174682800212265192e+02
1.088612124639345893e+03
-5.178709370018796108e+02
3.724067129688685895e+02
-2.509992197627771873e+02
6.468647086916990929e+01
2.537510831122905870e+02
-4.383702540386693158e+00
7.054493693760630322e+02
-6.542789144133730588e+02
1.833223432203312797e-01
-1.130334334002229157e+00
-5.394372694518111411e-01
-2.848870024450220129e+01
-1.298259425355504604e+01
1.873778613355436162e+00
-3.458072346852998180e+01
-8.815284216360841185e+01
-4.268075134707356710e+01
-2.408066584736880316e+02
2.965226823064465123e+01
1.568896083817683973e+02
-2.543024717803407100e+02
-3.602340367021371836e+00
-8.346934885298629752e+02
3.928661978589176442e+02
3.334467924985966079e+02
1.378724762361814555e+02
-1.895750548988336348e+01
-3.546506488312878069e+00
1.065341337416261602e+01
-1.033059871718054865e+03
1.240219550152956572e+03
-8.634327196494089094e+02
-1.284538665663503252e+03
-7.349281945696022831e+02
-5.613867951125363334e+02
8.746781103635191812e+02
1.175409991839832315e+02
-5.903820772008565427e+02
-6.926549399301246135e-02
6.089329672963238460e-01
5.178051387171219919e-03
1.039454478345109223e+01
2.355895181613556844e+01
-3.759646226662326995e+01
2.616050124490513795e+01
5.574179882389568519e+01
3.137641203071721918e+01
1.920315161608571941e+02
-2.063816834327347181e+02
-4.448718869815815538e+02
-2.393777621070057364e+02
-2.466757365154600734e+02
2.154287649542459882e+00
2.278153893413733613e+02
-1.876218795368794758e+02
-4.182257622548671065e+02
4.212213550759944383e+02
-5.720159160241083782e+02
-1.015722178045167993e+03
7.813585404150096565e+02
-7.546589767041464256e+02
6.924126077617706869e+02
5.479210476422825877e+02
1.071057973874804475e+03
2.370810461777840374e+03
2.773688365568398240e+02
1.534802729740929863e+03
-2.025199849339545608e+03
-8.846361033289716624e-02
5.738916157165685483e-01
8.398169599737019819e-01
2.236476864539624643e+01
-7.330968336870489210e+00
2.995304672871852603e+01
2.248889531579573831e+00
6.242079071405152035e+01
6.811474114588540374e+01
1.279526157788353231e+02
1.378164899723969938e+02
1.625146866248823585e+02
1.007516244438233002e+03
4.943097546977634806e+02
7.246364433134169758e+02
-9.328596685761748404e+02
-2.741369837217800978e+02
-1.251060159727854284e+02
-5.243435580953490671e+02
9.604760282357020174e+01
-3.999011057269476055e+02
-5.005442204211098556e+02
-9.741982701836494698e+02
1.683799749134123658e+03
-3.917677181925607215e+02
-5.505545829904309585e+02
-3.006597368103486588e+03
1.546428570683164935e+03
-3.015514699299771564e+03
1.692383692670408891e+03
3.408725540525370939e-02
-3.023851235004616500e-01
9.666735085898309210e-02
6.601732546785878952e-01
-8.136324223871600481e+00
-1.168258295941218550e-01
-5.544172226762604083e+01
-7.767776473719237629e+01
9.149228127637472952e+00
-3.141903630208718923e+01
5.343159877868660033e+02
1.872456176925934415e+02
3.250124371515247503e+02
-3.667868798004035966e+02
-1.070454166675335586e+02
3.115755019971186357e+01
-1.229503398972650757e+03
-6.310039333379274922e+02
-4.364963540739248060e+01
-2.279582566057331405e+02
-3.098491026465158029e+02
-3.640243798189301742e+03
1.811528622787195445e+03
3.668696403132410211e+01
-2.562750195826184608e+03
-3.647908542765843777e+03
-3.396658140013616958e+03
1.467067401734292844e+03
-1.769332526573316500e+03
-2.578384242601159258e+03
-5.665556029030225510e-02
3.877348924595657720e-01
8.250040490615152544e-01
3.033199275317919330e+01
-2.271051113280247336e+01
3.560120914233346667e+01
-6.911548734851262754e-01
-3.336165806012626689e+01
1.117064449810112592e+01
-1.904332828951021099e+02
7.094617190680938847e+02
4.752482231896609619e+02
3.013587164893854720e+02
-4.133674149699892837e+02
1.163056527857634819e+03
9.749640062450592950e+02
-2.016334927273272797e+03
-1.031077993110896614e+03
-1.530982057475933743e+03
1.783141092108046223e+03
2.421928279825468053e+03
-2.647180198714070684e+03
2.782025115981244198e+03
6.315749060643680650e+02
-1.360687509720069670e+02
-1.856638212004620812e+02
-2.660806428769886679e+03
2.154698183013259040e+03
-2.355061237864259510e+03
-1.175287449148150699e+03
3.420952448203759544e-02
-2.540055549258660172e-01
-1.827816620116895219e-01
-1.647070738005398027e+01
4.287225566241242292e-01
1.067925957282089300e+01
5.131111331443576518e+01
1.609821229856523317e+01
-5.380097573883296747e+01
-9.906941540582153038e+01
-4.796686546661215402e+02
-1.298819548804033808e+01
-3.006163278465559188e+02
2.822007316476491923e+01
-2.432077313701807100e+02
-6.879357133171913574e+02
1.328673933954825998e+03
1.206632799732262129e+03
-4.372726078377974659e+02
3.266486911525210957e+01
-1.296597570592418379e+03
5.561367227114168600e+03
-2.050210044138150352e+03
1.213489462661414791e+03
-7.593771819517872927e+02
1.467643464630800509e+03
5.406779595772555780e+01
-1.081969110679805794e+02
-2.862182178163253639e+02
2.266269732384548945e+02
3.400084074865276917e-02
-2.305661485706338165e-01
3.154282772750104102e-02
-1.350164036213985952e+01
-1.551842831258077204e+01
5.754776042142081849e+01
3.140802530082731892e+01
9.635061879585039435e+01
-1.269107145863140218e+01
9.057569007163738206e+01
-6.204780492648588961e+02
2.336383629394752006e+02
7.592140878983668699e+02
1.664100521215664230e+03
5.125163890251620842e+02
-2.599927828262518688e+03
2.558113479211355752e+03
2.129202701005651306e+03
-8.176269637429896875e+02
5.627212194956523916e+01
-7.451850944835933888e+02
3.971099810689410333e+03
-5.921464313503332050e+03
1.413538718122852742e+03
3.570073396391922870e+03
2.969430137683726116e+03
-9.612713525700111177e+02
-2.869226589866794711e+03
-6.894695562707169302e+03
1.232911142642351115e+04
1.047416968915661564e-02
-8.307561109651760700e-02
-5.881650517626859503e-02
-8.039183839395699138e+00
2.048771495955291400e+01
3.244282190366585183e+01
9.125256650914154477e+01
1.152935030306865904e+01
-9.926234029116415059e+01
-1.190696492814903138e+02
-4.236480215811905623e+02
2.376403808272186495e+02
-2.291911901072149362e+02
-3.179164127148475245e+02
-9.038685852342736098e+02
-8.260952271779087823e+02
3.277829817430285857e+02
2.451070563396266152e+03
-9.447798539469586103e+02
7.814261157882106090e+02
-1.318022369281573674e+03
3.533395819645199026e+03
-8.670664962669923170e+02
1.295291479082609840e+03
-3.296174016168404250e+03
-1.472281089671936797e+03
-2.749842603722126114e+03
-1.315657390350886317e+03
4.068038306338575580e+02
-6.526064289333783108e+02
8.749449436047607165e-03
-3.803842306156644815e-02
-9.020856142750301176e-02
6.331495719431136093e-01
-2.670463326970072515e+01
-3.412435858606495742e+01
-1.028703922053991704e+02
8.099995981733127337e+01
1.381945867059491491e+02
1.232095778893900473e+02
-2.033418381256394980e+02
-4.179520017734241151e+02
1.477307127978580468e+02
1.667418090977320844e+03
-3.279682908552194931e+02
1.287676273065067335e+03
2.841531511071319073e+03
-1.488097411975172690e+03
1.334674572290184642e+03
-1.090693862756110548e+03
1.310507943944205408e+03
-7.609862228280907402e+03
3.126259382740963247e+03
-4.178829425701070249e+03
3.550289466504720622e+03
4.211217280050225781e+03
5.416140654971331969e+03
2.134904592075942219e+03
5.041586529945642496e+02
1.446677159431900918e+03
6.278666824784721878e-03
-5.129491874801972440e-02
-5.891219271542085315e-03
-1.539820314724557715e+00
3.296207831337719885e+00
-5.761047979584092982e-01
4.856137031560396622e+01
-7.355839195008555009e+01
-9.331369847319875532e+01
-2.332040923848913394e+02
2.674140970174742051e+02
9.410016976309468362e+01
-8.548233039376411853e+02
-1.235391477354991366e+03
6.888577755328213925e+02
1.342942264827431700e+03
-2.519850855152395525e+03
-5.514664921935510620e+02
-1.122365815530110922e+03
1.387986120857216974e+03
6.890751388742583003e+02
2.326171761504484493e+03
-1.475107272429529985e+03
3.274851715756044541e+03
9.307730626145447559e+02
2.154810785568433403e+03
1.516850170363603183e+03
3.577643304048950199e+02
-2.114812118363467732e+02
-3.093070515395972052e+03
-3.006660082078011290e-02
1.969248375586269417e-01
2.492383391845691132e-01
1.699269175061384374e+01
1.429220595933912996e+01
4.289313050687133533e-01
6.096879276434533423e+00
-1.073299937213059394e+02
-1.621562170105094225e+01
-2.711422832562825533e+02
8.191535886397559807e+02
7.556786782021223416e+02
3.746540836358607862e+02
-1.121676431497598742e+03
-3.849806803399659998e+02
6.099224148555476859e+02
-3.043741334198106415e+03
-4.116073465112376084e+02
-3.607830510491715472e+02
8.850065936688631609e+02
2.553787665919204755e+03
-3.730161819535078848e+03
6.149739411959538302e+03
-2.941081919216844199e+03
-8.557464378326239967e+03
-1.103910926644064602e+04
-1.525365167845940960e+04
2.327225636097289225e+03
-7.101345430189219314e+02
-5.040092351441749997e+03
8.403659071494288743e-03
-6.432487453239116304e-02
-2.274085785967112222e-02
-7.178749251658094188e-01
6.874823240434229099e+00
1.056115316047732300e+01
-3.757819952694182319e+01
-1.251833018418349219e+01
-7.397410021783898060e+01
1.714131152691084026e+03
5.786945363812375263e+02
-1.033683510554338454e+03
6.696815640374173881e+02
-3.756106598347792897e+03
7.572808046654792633e+03
-9.437779099517067152e+03
-5.402147854222753267e+03
-5.806009767553983920e+02
5.758449087930745918e+03
-5.700742504181916047e+03
-1.086204226071688390e+04
3.049270785968498967e+04
-3.029588851419898492e+04
1.549233381899841697e+04
1.232211172686984719e+04
1.740391451682565958e+03
1.098181225389760584e+04
-1.730654232950994265e+04
-4.791509977926329157e+03
-7.315678180751148830e+03
-1.066200223569078315e-02
5.762410289975565536e-02
1.347340968143272144e-01
8.478749570901973343e+00
-1.059658225058440095e+01
-9.241868291274899505e+00
3.479508179939958978e+01
-3.528196049493012509e+01
-1.353262103514156323e+01
-7.631541395481598329e+02
-7.171421897996788175e+02
-1.008873821040046579e+02
-2.098777698470618361e+03
-1.286234227439312690e+03
-5.479684718032891396e+03
4.984281312187061303e+03
5.951291720658258782e+03
1.756447237152552816e+03
7.561865078675559744e+02
8.582285336222719252e+02
-3.189218055392216655e+01
-5.079014883513819996e+02
1.834950262062673573e+04
-1.096480156372848978e+04
-1.265846742732018356e+04
1.373707952160587865e+03
9.240412721410672020e+03
7.662204982255754658e+03
2.695096422759901179e+04
-2.377720612453740250e+04
9.069394825927834525e-03
-6.470959276259145854e-02
-9.288895515323510044e-02
-4.337650062341604773e+00
1.852421844133046136e+01
1.937433492908530752e+01
-8.285736955805553805e+01
-1.704757083805607465e+01
7.754810983805245428e+01
8.817634345070022164e+02
-1.112070934876036574e+02
-9.890189089359996615e+02
1.335105369673720134e+03
-5.959652577170840004e+02
-7.000050034226572961e+02
-4.358875604623965955e+03
2.715667862408003657e+03
9.147208857688019634e+02
5.569914392385639076e+03
-7.421578654272982931e+03
-1.271306201746302941e+04
6.237080914196910271e+03
-8.206201817192026283e+03
8.063232942599507851e+02
-2.905603761951978413e+03
-6.210946964763877077e+03
1.612868159279300562e+04
-9.976704875834999257e+03
9.882702961200568097e+03
-1.518338619215195286e+04
-2.967813276327475793e-03
3.096967943287186331e-02
-5.130590127132754821e-03
3.870921315288011200e-01
-1.643166484770964275e-01
-6.885877871197967792e+00
3.421351194728375589e+01
2.839506610190267288e+00
-4.267795453290986529e+01
-6.516086443956826315e+02
8.144577230541802919e+02
1.151322711989372692e+03
-1.009691757378269870e+02
1.370012258662033673e+03
1.300291397289143106e+03
2.513682623970542863e+03
-6.619491664979127563e+03
-1.319377110457805884e+03
-7.245017117913555921e+03
7.365911671515936177e+03
1.219307939295912183e+04
-1.912570338045716562e+04
7.774232761635810675e+03
-3.111624888962555247e+02
3.056597921088330168e+03
-3.127748479135957041e+03
-1.765386409493073006e+04
4.529833776505208334e+03
-2.858376717774749341e+04
9.283605708136485191e+03
6.891178591084744058e-03
-3.988165944167442606e-02
7.898604239894259013e-03
5.719040136989554934e-01
-2.800423608824477029e+01
-2.894371896855397353e+01
1.099000045448280076e+02
1.731620860639519677e+01
-9.194348796733521567e+01
9.045697305489942153e+01
5.614768634392201108e+01
-1.105632266225156400e+03
-2.774603212041885399e+03
-2.853023058933761149e+03
4.516711367112772678e+03
1.970423868144805965e+03
-5.441267458226062445e+03
-3.160839248454119570e+03
-2.387989409245946263e+03
2.088235015309628125e+03
9.558166111893442576e+02
9.762964184322499932e+03
-1.037724320961276680e+04
5.975736875596217033e+03
1.718705194924708849e+04
1.729364407203354494e+04
2.583247097889247379e+04
-5.883272209009469407e+03
7.513377631823895172e+03
-2.298702282148638551e+04
-7.863413772822359579e-03
3.123348061678666437e-02
1.754230179757964858e-01
6.687615127664381376e+00
-1.112396090436870111e+01
-1.961132463258550951e+00
6.412533856286650291e+01
-4.927687026373983770e+01
-6.066839216930061340e+00
4.881879774894782713e+02
-1.789896696623464436e+02
-2.460108245332088245e+03
-2.051480016695502854e+03
-4.290251519205336081e+03
1.969979290425683303e+03
1.104305096467650856e+03
-1.710162787305553138e+03
-3.838106905306637145e+03
2.178634178798532048e+03
-4.903209943926744927e+03
-1.803709661370645335e+04
1.826738748286140981e+04
-1.489514087957288393e+04
1.653147659460195791e+04
6.389123054217160643e+03
1.637498637690273426e+04
5.328172416762087960e+04
2.496646585502469861e+03
1.535356306424787181e+04
-5.322473069274314912e+04
-1.501465026966433431e-03
1.427164940224744105e-02
1.008086430978677103e-02
-3.105030157633086763e+00
1.272780465411693207e+00
2.563315672686998781e+00
1.906213651843426504e+01
-2.740554712756640399e+01
2.733216461845160552e+02
-7.305619112136392914e+02
-5.752425134355830778e+02
-1.569220502213962334e+02
1.043286618066098072e+03
-2.633445727835288608e+02
-6.213800654591798775e+03
3.352304059797740592e+03
3.615243674606202603e+03
-1.701511571172582535e+03
-1.365938913604395339e+03
-1.618796245914622432e+03
-6.710643236285867715e+03
-8.683567701946889429e+03
1.861492038991449226e+04
-7.222691274930430154e+03
-1.940254758926060822e+04
-2.399028030991025389e+03
7.850095900407266072e+02
3.180062543255265336e+04
6.303256132324347163e+03
-2.984072550307736674e+04
1.379103944504881697e-02
-8.782674535965004359e-02
-1.528463549086641615e-01
-6.611892260598045468e+00
-5.941582063691860149e+00
-1.245906913166620633e+01
1.013932677413630223e+01
6.417255702904040504e+01
-1.501496413167348578e+02
-7.750039113554892367e+01
9.763179780459782933e+02
1.142091753411400759e+03
-7.350749298335480262e+02
-3.872582807416828246e+02
6.646504658782344450e+03
1.704844694292675968e+03
-1.290340795281454666e+04
-8.406827518972070266e+02
-7.399049951734580645e+03
1.294877629694503594e+04
1.958445793910667999e+04
-2.680803859160347656e+03
1.329751158467882988e+03
1.865121176048918187e+03
2.097714780892712224e+04
2.481434552596572757e+04
-1.184518134649765307e+04
-8.506551880992828956e+03
-3.207400108896148595e+04
3.528892458579570666e+04
-2.722401039658795072e-03
6.233490409671954731e-03
1.312251382026992930e-01
5.347042730046128511e+00
-6.769949834713216319e+00
2.068198516639703222e+00
2.960430677681609879e+01
-4.606053671258723625e+01
1.718893737422919088e+01
5.161195392670496176e+02
-6.705147928344707680e+02
-2.388302694636651268e+03
-2.026416674462732544e+03
-3.120804054932680174e+03
2.727219499302496843e+03
2.740063573226426797e+03
2.974491267879937823e+03
-4.802238299586478206e+03
8.242671262794465292e+03
-7.060997057329213931e+03
-1.393841981413527537e+04
3.382408335988267208e+04
-2.156816809877315609e+04
1.412481697364523825e+04
1.689811932285484727e+04
2.828160673739794947e+04
6.500474994012704701e+04
1.160756683149876608e+03
2.506892171949827025e+04
-2.991629405165552089e+04
-5.838351575551503636e-01
5.379885004293897266e-01
-5.347949845565714844e-01
-5.712414209223552752e-02
3.289192035375081424e-01
3.337189434058539239e-02
1.999187238241945941e-01
1.200402966760261148e-01
-1.963216079256377977e-01
-5.727351163849529747e-03
1.790568213967141109e-01
-7.540739712694811969e-02
5.602327471452551305e-02
4.384582685565056870e-02
-7.108190033338689096e-02
3.031123249345489892e-02
2.848345699760869779e-02
-2.297496681163142818e-02
-2.043898274589270748e-03
7.729227132260240276e-04
1.806433939785907425e-02
2.637120887241301351e-02
-1.486810787920899574e-02
3.734415246724364073e-03
-1.701212217023244985e-03
1.665136274149040321e-02
-8.274590763316857708e-03
9.873732453100434858e-04
-6.418482528145200844e-03
3.126289015581019959e-03
-1.108018940540886343e-01
-1.886136529669452666e-01
-7.859932058757362894e-01
1.732625953549652431e+00
1.042206087146934745e+00
-2.020412734848471281e+00
-1.209583787136862654e+00
-1.319571917917146564e+00
-1.554693468675428236e-01
-2.390150375474050515e-01
-9.113747449455621430e-01
5.678657893672537371e-01
2.247033502336276967e-01
2.893100089624158766e-01
1.279011377360533552e-01
1.386114678829346650e-02
-2.173698088977016052e-01
-1.101265240227949499e-01
4.227963301835684085e-02
-2.633749318632248176e-02
-1.073172421403782544e-02
-1.484294447062250825e-02
4.342481992565786104e-03
4.503005946778577961e-02
-1.811264565962903555e-02
2.760960341081997171e-02
4.649741683245597196e-02
-4.333069697765309231e-02
-5.276890284281072346e-02
-2.964364724006884194e-02
-7.481583992338591838e-01
9.149716078679075437e-01
-9.429603564420163675e-01
-7.005719947502718759e-01
-1.552275126033940245e+00
-8.528874241713266247e-03
-1.595820597576360189e+00
4.185293178821848370e-01
1.810861543098274851e+00
-2.131556894714785044e-01
-9.895530434289048216e-01
5.640570289987146824e-01
-5.181796418422891515e-01
-4.861566816580280559e-01
4.919463918698920857e-01
-2.692112900315453139e-01
-1.470362682303280599e-01
2.115534076030137767e-01
-1.076528709019532182e-02
-1.180385908772224254e-02
-1.629150631445335784e-01
-2.123952029224847049e-01
1.005880317119324796e-01
-4.643563929835491100e-02
2.709118499212112563e-02
-1.307297956866861899e-01
5.712772604127804715e-02
-1.175107495522535565e-02
7.120468970285011301e-02
-1.880596681419523242e-02
1.638306252061294543e-01
9.370206154825191369e-01
9.908904316247764132e-01
-6.511787483043052660e+00
-6.015867164589917770e+00
4.349566499206768633e+00
2.351208604526509038e+00
1.748695150242651764e-01
6.905111988851466265e+00
-2.221437738767187398e+01
-8.779549086033833660e+00
3.374876915546481282e+00
1.660380966270152925e+01
2.758287706708554765e+01
-1.078657615137763948e+01
1.078249428034762758e+01
-7.824015630080089601e+00
-3.085164403290766799e+01
-3.404452840298102956e+01
-2.081148879181833422e+01
-9.143098140666070961e+00
1.227406123431396345e+01
1.434009866534695643e+00
-1.049114323520902659e+01
6.769973431237200634e-01
7.464988173686692985e-01
-4.412620672482741924e+00
-1.627010942745329203e+01
2.259547565198030128e+00
-3.001773773443138449e+00
-2.909459611528811274e-01
7.768914981402282871e-01
2.105215761438233635e+00
-5.851223480541881905e+00
8.994790423987826244e+00
9.774008696276986541e+00
2.853966285821398330e+01
4.301977106290696184e+00
-1.347451729524614095e+01
-1.561102853086082476e+01
-4.094578481775584322e+01
3.372997476633882030e+01
-1.365144902230864332e+01
1.229626466684700103e+00
1.740324186765701242e+01
-5.731059712278734786e+00
4.103555873202008542e+00
-1.070297185790311190e+01
1.276300163815030331e+01
-1.756554725871464218e+00
2.557508956624955587e+00
-1.938505473553875147e+00
2.676847380485144701e+00
1.807773971411326341e+00
4.036306698289204853e+00
-1.297023354198162437e+01
8.122682455899154164e+00
4.724361821605009837e+00
-6.777449454035378906e+00
-5.486605512505561277e-01
-6.705465723299944281e-02
9.307576474862606641e-01
1.800496621855588453e+00
-7.866658334136822361e+00
-2.144798052198885419e+00
1.145738820958797888e+01
5.570429284679979887e+00
3.859918258743804120e+00
7.729141885845070004e-01
-1.084902898207049837e+01
-1.218609913626172947e+01
2.692681574601700945e+01
4.426123576993412456e+01
1.285325268960575862e+01
-3.132537083941610945e+01
-2.664762802337999670e+00
-5.840428296662556562e+01
3.165072671065163235e+01
3.572507737396446714e+01
1.343033164681027714e+01
-4.875349413091410788e+00
-1.654655818163725201e+01
-4.257062955509177016e+00
6.908063595872507179e+00
-3.433852785728441770e+00
3.202398971708834097e+01
1.638457529116348121e+00
-4.061434320885878968e+00
-3.074231089244489734e+00
-3.663676672692631087e+00
-1.129055435078620273e-01
-1.528457969186781673e+00
-3.103372943800304928e-01
6.066915220463465985e+00
1.672420917226110504e+01
-3.956642382108358724e+00
1.084502185532836549e+01
-9.479898584225461278e+00
-9.740471625902706876e+00
2.219356992642362414e+01
1.432378276625309965e+01
-6.017808040051964014e+00
1.392797970756543791e+01
-7.267656063464484362e+01
-4.079265786197788657e+01
-1.011412197157280985e+02
-1.043305034250609964e+02
2.952961253802702402e+01
-5.040498701896282085e+01
-1.117614352854666748e+01
-2.083116342871785420e+01
3.708675008201408474e+01
6.992880487713921411e+01
-1.205560205130416449e+02
7.285221847648719518e+01
-8.511978730660051440e+01
6.632759136544363798e+01
4.678182390637388721e+00
-7.180742158583924173e+00
-2.556634168946364838e+01
1.836049151194764084e-01
1.396327838625156526e+00
-1.006737421838977298e+00
-8.047798675149351766e+00
-2.601391494958920703e+01
1.614565863212378938e+00
-4.035977212326336883e+01
1.514830584834999883e+00
3.050068876726211187e+01
-8.668612757359234422e+00
1.936370404423299973e+01
-1.071850192839121441e+01
3.987868238534659326e+01
7.541315043826271847e+01
-6.729920779486970162e+01
1.199513079269586413e+01
4.393071474788218467e+01
-2.603263317047518655e+01
1.112320657132630544e+02
2.566540126434775004e+01
1.314348362954380605e+02
9.431576280975156124e+01
-5.055632316079209376e-01
2.288042558460145592e+00
3.248882557739533183e+01
-8.841997535006557030e+01
5.372189470490836527e+01
3.004225286959890084e+01
-5.265933929255514556e+01
-2.550859973720640994e+01
-1.702323263221214855e-01
-1.381075478419300007e+00
7.939188961730403449e-01
9.417159422331190299e+00
2.148531644243411165e+01
-1.917891820213143861e+00
2.879056177016455464e+01
4.985169566543317998e+00
-3.633573561671999386e+01
3.184511137444942719e+01
-1.615159299376238522e+01
1.898382614961135673e+01
-1.113055526219150693e+02
-5.919185431432781996e+01
7.101344145683161457e+01
-4.285631245135680700e+01
4.061975268455239529e+01
9.360840992151379680e+01
5.174319652475805498e+01
-1.672926628365734203e+01
1.127092493945027485e+02
-3.319862576754432126e+01
-2.507451664660379009e+01
-5.287829300817593747e+01
-5.802574662281202222e+01
-8.419227506145617212e+01
-5.774689987743638397e+00
-2.757963035775455864e+02
1.827618220991831492e+02
-1.960398326447784427e+02
1.853032750107038162e-01
1.043178731670362902e+00
-8.376068731590313732e-01
-7.389810212906670728e+00
3.382512925582328478e+01
1.067604220091090994e+01
1.093737379640944027e+02
2.086518663372144200e+00
-3.451500955506782731e+01
-9.133439680808645988e+00
-2.967238664554822662e+02
2.256416857388320523e+02
-1.355415445878929290e+02
-5.722944481273601696e+02
2.389026227659745132e+02
-4.547898552983653531e+02
1.655006570031634965e+02
-1.200425469674361878e+01
9.786385102661846247e+01
5.288496743699906411e-01
2.671053983759392167e+02
1.848964749087547943e+03
6.519076718445104461e+02
-9.663557173019612492e+02
-1.007668940202056120e+02
1.146540398045771099e+03
-6.636952961879343320e+02
7.495275215301471690e+02
-1.509429653284873609e+02
3.807434557092355476e+02
-4.652457898646795292e-02
-2.569304184201616215e-01
-2.643473826629130774e-02
-1.870171350545322042e+01
-4.095789455515816968e+00
1.442216658130612394e+01
1.783276095481153511e+00
-2.477979586015156954e+01
2.575047358905256800e+01
-2.065235038260835836e+02
-6.256843313083591340e+01
8.153063784742121811e+01
2.859736925765078581e+02
4.486571999112852609e+02
-4.312933000598708873e+02
1.871041208660062694e+02
-6.848361834829879058e+01
-2.657233893012087833e+02
1.511519888453436806e+02
-3.723141272958814341e+01
4.447280775707935163e+02
6.028051656770924183e+01
4.483376317750582416e+02
1.374359509997907196e+02
-1.690773689175863126e+02
-9.069373090621298843e+02
9.206531499970864729e+01
-4.357932389421352468e+02
1.322362925635714191e+03
1.927015190051652027e+01
-6.823871511545905044e-02
-3.003389309886635439e-01
5.208038354355493116e-01
1.517291927312899880e+01
-2.063336854792786568e+01
-3.747439964561885972e+01
-6.042872759971034924e+01
-5.230463620581110362e+00
3.099310506531272935e+01
8.242613878743350142e+01
2.697677858230571815e+02
-4.399968922655675101e+02
-2.392422969325107829e+02
1.233970376284158590e+02
2.124422757295837414e+02
5.296544478054933336e+01
2.938586303241727933e+02
-4.149793558635395243e+02
-7.016318075033525474e+02
-7.382883596792865433e+01
-1.010372932831912976e+03
-9.954166092236195027e+02
-3.619084143201971528e+02
6.925927162383273981e+02
6.796012577567582866e+02
-8.719017583710128747e+02
2.418897874421880715e+03
3.089286640115094542e+02
-2.721137433135157153e+03
-2.143004282078148037e+02
-8.890128423963962467e-02
-1.013166136496261416e+00
8.046703856719400472e-02
-1.740092506547567197e+01
-1.577926404342984057e+01
2.980194649473462576e+01
-5.615955454785585488e+01
-2.928103097243272401e+01
6.805532573377247729e+01
-1.797353020295014403e+02
4.481489932473699866e+01
1.621104507626238558e+02
1.009865462489966262e+03
3.732356885263880599e+02
-7.936469461870240139e+02
6.971336109996578898e+02
-6.865493494060934836e+02
-9.254997901148438189e+01
3.418183751762470592e+02
4.063901095449790546e+02
-3.926081215173054488e+02
-5.981124899014303082e+02
8.527781144653835099e+02
1.779237984197265405e+03
-3.214533491403513494e+02
4.317776024160274346e+02
-3.026729479622930285e+03
1.502112275283553117e+03
4.186240701110064037e+03
1.141385669993450165e+03
3.267575417592072373e-02
7.590202889412039911e-01
2.217614926829580557e-01
3.390317656858018580e+01
1.133394499443977743e+01
-3.089518741285263204e+01
-7.221674715510791032e+01
-9.222491989966089321e+00
-1.495940174619457430e+01
6.715159223382811433e+02
5.992897914134047141e+02
-4.997881312350291978e+02
-4.352938656328166189e+02
-1.085831251655596589e+03
4.396971651111611479e+00
-1.633553967793727907e+03
-1.915204824196876871e+03
1.175225744345823841e+03
-1.913125698555738836e+03
-4.664424316553694894e+02
-1.928717220644208965e+03
-4.969518626460736414e+03
-1.919732050707006010e+03
-4.984024853665165438e+02
1.064674967731105426e+03
-1.981004219923309620e+03
4.044047068182865132e+03
-2.637382774202473684e+03
1.912368574650948290e+02
-3.527257323505036766e+03
5.720500819794737540e-02
5.039280884076352551e-01
-2.295975174922259832e-01
1.092269468293580381e+01
1.034892074736152701e+01
-1.764187874983993964e+01
6.737900970569158687e+01
-1.621650853226365285e+01
2.853055013526914152e+00
-1.286986950609064877e+02
5.425562792520715938e+00
-7.444556901933064808e+01
1.353417091854005037e+02
-5.256717692019844890e+02
4.331633607692701844e+02
2.819876277913426748e+02
-3.727290506622173325e+02
-2.424391398613463622e+01
-1.307793027014796280e+03
-8.690747055730078330e+01
-1.473585533673650843e+03
1.067820329175377537e+03
1.526433061417864792e+03
-2.110555509349625254e+02
-1.629792170800540816e+03
3.347914719313811474e+03
-1.776943023648774897e+03
2.036835108817408582e+02
-1.294451214049458940e+03
1.193752846732379339e+03
-4.642660567957538481e-02
-2.163557452685225813e-01
2.510186087545313027e-01
1.869294331480699789e+00
-2.405717457491793709e+01
-5.458796515200159405e+01
1.053558760839270008e+02
1.009324848952382725e+00
3.653699312087675821e+01
-6.496415712979591035e+02
-4.129180154573335244e+02
-1.963728279763611226e+02
-5.104077174957508305e+02
4.299687679968049565e+02
1.442751129922508881e+03
1.222450626178738958e+03
3.682252548392029439e+03
-2.410279419861300539e+03
-4.991711868307638724e+02
-7.367619339909089149e+02
1.262855128679297195e+03
8.461663547874719370e+03
2.369554054792798524e+03
-2.036782072241449214e+03
-1.490142456292859379e+03
4.073609902191602487e+03
7.279034173324234871e+02
2.615670272122875758e+03
-1.364897491673666264e+04
6.349837086883591155e+02
1.249979350593147936e-02
2.010769156176025474e-01
-3.410029870755365133e-03
1.058003781112961228e+01
2.437405528269156907e+00
-1.969305052897168196e+01
1.582721222868515021e+01
4.144978322428238471e+01
-3.932905650545721699e+01
1.516967814957461940e+02
-6.164615418239637279e+01
-1.338044418316279689e+02
-6.417061395792910616e+02
1.516187421531776636e+01
9.271942391882578249e+02
-2.317949609405157219e+02
6.917280794816596199e+02
-5.643600525782777311e+01
-2.356315943155759385e+01
-3.164402954049957017e+01
-7.564335419924552752e+02
-3.294853060553533055e+02
-3.064133036076992084e+03
1.266348745152499902e+02
1.101313766731159603e+03
2.246701336598747275e+03
5.482526354989117863e+02
1.388873482401600995e+03
-7.905978306656927089e+03
8.486413138330092352e+02
1.126950071977891356e-02
9.791779241445321136e-02
-4.550100732025316730e-02
2.144499805024582528e+01
-2.754383521979355098e+00
3.262684460255404417e+01
-5.741879225156003486e+01
7.223414562660187244e+01
-9.821523874980567825e+01
4.361237437331936917e+02
1.158597938618255228e+02
2.319547678521718126e+02
-2.319518306475307270e+02
-6.312089523300056726e+02
7.057729291226738724e+02
4.301942170795572906e+01
-9.181343318130346915e+02
2.464537392790690774e+03
1.139768971566419623e+03
3.784827845406400115e+02
-1.318679955758978167e+03
-2.507716961728843671e+03
-2.722696991039090335e+03
1.193660216859991351e+03
4.573019670876574310e+02
3.415087377562888378e+03
-2.826514515675803978e+03
-1.333022326809021479e+03
-1.741725861831990187e+03
6.266765205485035040e+02
1.244263112613124564e-03
-2.037416119714573898e-02
-4.276464453016141920e-02
1.493576693292500757e+01
-6.618964255041617228e+00
1.700358285196401553e+01
4.236418318072170308e+01
1.342636382937407973e+02
-1.507571272886266058e+02
-1.495836903676784004e+02
-3.952411782945307550e+02
2.848204055568066906e+02
-8.175224860130524576e+02
1.610690929039271623e+03
1.278522160533961369e+03
2.858362239011827114e+03
2.255534777306322212e+03
3.495478781167993247e+02
2.363576253100963640e+03
5.156317688415316525e+02
-4.111001791610780032e+01
-5.199947917635436170e+03
-4.002239314484121223e+03
4.871942352159788243e+03
3.763437365610717507e+02
9.458733321175457149e+02
-1.375457050960158995e+03
-7.154557716082283605e+02
-3.143013202693785388e+03
2.449082383013078470e+03
-1.063107246996449970e-02
-9.825409432584383818e-02
1.000051966903776901e-02
1.849713275870005802e+01
-1.091345155470250461e+01
3.008502692269720313e+01
-3.980047953521156145e+00
7.350523770469412455e+01
-7.355183846279710735e+01
-3.967662494072607871e+01
-1.308048346593110445e+01
3.115775336609277701e+02
2.936390929918594566e+02
3.613889326387624124e+02
7.567680066373150112e+02
1.899695692489770636e+03
-9.457678550607586203e+02
1.623814590167877213e+03
5.141867375936817552e+02
3.431793874135029796e+02
-1.468125906836593686e+03
-4.365385357576187744e+03
-3.859989590568556196e+03
1.916156833475874919e+03
-2.315334642565788272e+03
5.243129579771840326e+03
-5.648630848670914929e+03
-2.087999185229678915e+03
9.955594571184464314e+01
3.612327974324144293e+02
-3.000599829700502028e-02
-3.130060288487310771e-01
4.567498930161310172e-02
3.787553972793059387e+00
-2.184954594857657639e+01
5.465634015566969151e-01
8.953271544600818288e+01
5.931987383558351468e+01
-1.623789113316481902e+01
-5.674003195148301302e+02
-6.469544121017671614e+02
7.415010025644929783e+02
3.586000455736763115e+02
2.257049433662911326e+02
1.187794241355012218e+03
2.302045619444042131e+03
2.062867963454827532e+03
-3.786163011151373894e+02
9.448455514435596569e+02
-1.453271153904120183e+02
2.542832897817654612e+03
7.118966847265149227e+03
3.785132607316207896e+02
-3.220478384215644837e+03
-5.314529107097995620e+03
1.214614489298653098e+04
-1.552077313265931843e+04
2.285362578013375241e+03
-4.875185876417963300e+03
3.492525213787619123e+03
-1.281707924810958875e-02
-1.432750468954175904e-01
6.835226824340905234e-03
-1.342670781340121522e+01
-7.399931276531458435e-01
-1.197916297692730936e+01
-4.862167754670179004e-02
4.989426454432160085e+01
3.127944021941344488e+01
1.523169050368196167e+03
-8.220342859822138735e+02
3.811471103627468437e+02
-2.077557095181999557e+03
-7.774517112077844104e+03
3.626230153631854591e+03
-1.125772424465389304e+04
3.618346603140917068e+03
1.508057058556780248e+03
3.765653961925615477e+03
1.381403554437669072e+02
4.597220360209563296e+03
3.373443952869584609e+04
-6.870266043229536308e+02
-1.853304543677567926e+04
8.653859230672909689e+03
1.508298680369767317e+04
2.149932869060585745e+03
1.481767327458257387e+04
-3.503318835051181668e+04
-1.037068157620595957e+04
-1.981624900410596749e-03
2.748344586417554927e-02
4.729001349498272722e-02
1.241790426754714849e+00
3.463163211768804040e+00
-4.525965250935367834e+00
-3.221701773106153155e+01
-1.126326558496824282e+00
7.159031945963393184e+01
6.816685116890517975e+02
-8.979324037552453319e+02
9.495326172179609330e+02
4.520042277931041781e+02
-5.283070035415961684e+03
-1.471206061391267667e+03
-4.314315610317313258e+03
4.102280305911353935e+03
-5.242723965924557206e+02
6.664388602656214061e+03
2.470708729792158465e+03
9.448491890162194977e+03
2.767077512970580938e+04
1.506417731325680506e+04
-7.965248674564926660e+03
-8.001302797196953520e+01
3.764688122199089776e+03
-1.447259055900437124e+04
1.095368100137562578e+04
2.374854036443959194e+04
-2.791411760290488019e+03
9.812594329187865339e-03
1.214131517005589272e-01
-9.522991983981550501e-03
1.894535452965332212e+01
-5.392599147398328796e+00
2.014354787317247641e+01
5.579925918207370472e+01
-6.602260575204823567e+01
7.485745123497081011e+01
-4.300371944623869922e+02
8.646818190158604693e+02
-9.910494756829765493e+02
1.450619975199427245e+03
1.125404014857243880e+02
6.353007966029232421e+02
4.148977421262989083e+02
-5.326933485210674007e+03
8.740628080969863731e+02
-9.386491185766799390e+03
-1.139102695344105314e+03
-1.283274551124173013e+04
-1.191847096774615602e+04
-1.481617032546571863e+03
2.096600147130535788e+03
-4.432516684293229446e+03
5.824486993056530991e+03
1.560092564663511803e+04
-1.073353208736099987e+04
-1.925873422216557083e+04
1.458005377176795264e+03
7.306629404500808965e-03
1.410940232800778939e-02
-4.869102853726210017e-02
-2.121446400322424353e+01
1.175285934663107312e+01
-2.187022732456643581e+01
-5.043470573797326040e+01
6.120761567871888076e+01
-5.835421043311472289e+01
1.178443914036101461e+02
5.402866503888787975e+02
-1.546471433734620405e+03
-2.371035498551595992e+03
4.370695172527636714e+03
1.146296505297358863e+03
9.184771902080906330e+02
1.079827731616888059e+03
-2.001819981385392566e+03
-2.490748719772230288e+03
-4.282367689025049344e+02
-5.400231223435407628e+03
-1.982640357584318917e+04
-1.011828052647605728e+04
5.180252635494900460e+03
8.207739387460716898e+03
-1.794867427773198870e+04
3.271372474000598231e+04
-6.959939807557761014e+03
-3.613877588202150218e+04
-3.944767623738734073e+03
-6.290880315800815182e-04
8.161276657711952903e-03
-4.463297003700470236e-03
1.303520505969135002e+01
-6.567529039689758541e+00
2.081913464372173195e+01
5.192888250666022287e+01
-7.030644110270455371e+01
8.229575487579697324e+01
3.667594261549812700e+02
8.141112139890134358e+02
-3.706841456422925489e+02
1.531635036129915534e+03
-3.111571254764434343e+03
1.414288344132211250e+03
-5.750482345223474113e+03
-7.086246095955012606e+03
2.720876782553738849e+03
-1.007918277547480648e+04
-2.800411015741978645e+03
-1.062532789591111214e+04
-6.987856384300723221e+03
-8.951483495996017155e+03
-3.339483875749031540e+03
1.378501320366014511e+02
1.340981163616328558e+04
-3.974943221837038436e+02
-1.519437218516354733e+03
-8.283981649260014819e+03
-1.943649169905325471e+04
-8.075837460821253325e-03
-1.685646390068880895e-01
-6.037951329688151514e-02
-1.259306345786988679e+01
-5.386046814131740801e-01
-1.415076208673484270e+00
1.233618769177675212e+01
7.781270282572566543e+01
-2.628608343697706129e+00
-6.353181271971316590e+01
5.350726376014764583e+02
-2.448185843278480661e+03
-1.987285140944487466e+03
3.628083082758205819e+03
2.785920831765550702e+03
7.033380511074075230e+02
1.580193834104522693e+03
-3.629832223185892872e+03
-5.612921974212310488e+03
5.254889994383984231e+02
-1.831057746908774789e+04
-2.082024504238455484e+04
-1.019405025456704971e+04
1.617916195296943260e+04
1.146808575566047148e+04
-9.751567788862927046e+03
5.378278204109575745e+04
3.408842152970736151e+03
-6.134102944341406692e+04
1.689329451137037540e+04
-1.582873936764127689e-03
-1.649772185192990501e-02
7.601089717895317087e-03
2.722460154646205499e+00
1.999628941333461141e+00
2.709747288363297812e+00
1.440034316153296423e+01
2.980248091211346662e+01
2.737520557617064014e+02
8.620146767009715632e+02
-3.439406308713999465e+02
-1.718331466014209923e+02
1.013445268064103402e+03
-5.235559817260524142e+03
3.355723801700615695e+03
-4.745369236017949333e+03
1.070234379296427278e+03
-1.832912922827274997e+03
-7.620639983256711503e+02
2.086701767525094965e+03
-6.890734645595603070e+03
2.021972339136022129e+04
-1.137538765379369352e+03
-8.088604447620693463e+03
7.605171128172230055e+03
1.815592205453390852e+04
9.179008769993420458e+01
3.187693081863315820e+04
-3.292485196671850281e+04
1.158596483466980499e+04
-6.523213376771353628e-03
-1.071674104193244548e-02
5.236904314986430553e-02
7.653808349397422717e+00
-4.625464683393784249e+00
4.791709234965611408e+00
1.364654378486033792e+01
-3.595977447148922579e+01
4.221220294400264805e+01
2.502240448157007791e+02
-3.959930325668710225e+02
1.462793304169605790e+03
1.428390231349486612e+03
-6.962264773703272112e+03
7.456382750212429755e+02
-3.536680911276600455e+03
-4.828670257132052939e+03
5.291120056871016459e+03
9.879211618834087858e+02
2.257191612086723126e+03
3.790542120634468120e+03
3.124856820793151564e+04
1.521495668584844498e+04
-1.845744862625166934e+04
-2.002529695005045869e+04
3.679004793305066414e+04
-4.609444137384132046e+04
-1.661584717040114811e+03
6.640797438741432416e+03
-3.148647282416231064e+03
1.393211233046230506e-02
2.178914901502509438e-01
3.024556353623952809e-02
2.852793414441923137e+00
8.588985626244204141e+00
-1.203448970485400871e+01
-6.631624409482016347e+01
-4.247650498419945819e+01
-1.332562487432907972e+02
-8.887206962268849111e+02
-8.865863958088200434e+02
2.177520966974313069e+03
5.745450282732274445e+02
3.350733497729183455e+03
-3.386057883183792455e+03
1.129361294755554809e+04
6.492034520007086030e+03
1.605920643866041246e+03
1.814630930064130735e+04
1.898447502790294948e+03
2.357739239486541192e+04
1.889118986282143669e+04
1.187837448787525136e+04
-3.859590916781465239e+03
1.197487707840795565e+03
-1.480744547546642571e+04
-4.327926432224374730e+04
-6.721227614829492268e+03
6.777801848240745312e+04
9.963479221978801434e+03
