# -0.6J_-0.4g_0.31416theta_1.0472phi_10Chi_0.01delta_500N
-1.414298498355981079e-02
6.110137828193554915e-02
-1.533371344386029733e-01
9.221808341635221451e-01
6.493507953112424846e-02
-3.153994430891354783e-01
8.206116244477013044e-02
9.173410954295811324e-04
-1.195905936120290371e-02
5.762367687707129968e-03
3.001137820036424778e-02
-6.344943253136878347e+00
-1.973426739818738840e+00
-8.097177809537329907e+00
4.870094887606601475e+01
-1.214984522797346145e+01
-1.299798494091906242e+01
-1.185978497245278440e+01
1.031000114511612686e+01
7.706532326321650084e-01
-7.636991198737858033e-02
-1.854798672584173858e+00
-2.153391154311953049e+00
4.406132096821283817e+00
1.970772862063494557e+01
-1.362745490991438047e+00
-7.010730093925141126e+00
-4.239789418095517348e+00
3.883497094441374475e+00
-1.521786485706992265e+00
8.465562721787349698e-01
-1.336165541793896949e+01
1.304776538016627185e+01
-2.300833018778984069e+02
2.743726180454188466e+02
-5.186818047436491241e+01
8.470073923649910057e+02
8.358206312738133192e+01
-5.456103789629944458e+02
5.803876847841942777e+01
8.570219653582497599e-02
4.863852631566224005e+01
2.236286211669460755e+01
1.217835190643943406e+02
-9.785960200210984112e+02
1.607168102386098951e+02
-5.914942897567689215e+02
-6.527040742366285713e+02
2.954269495418220686e+03
-1.822855577253083652e+02
3.727011034237467380e-01
9.505545887023773233e+00
6.809087706470032586e+00
-5.722917323035773762e+01
-6.618932657493007810e+01
1.078832644532190699e+02
5.082607014183810747e+02
-1.578778208808122656e+02
6.087313636743598408e+02
-1.331576055825999276e+02
1.236229338496776936e-01
-1.081921090767530735e+01
-2.671825693613929076e+00
4.860282713454578243e+02
-1.464743539864978857e+03
-9.531387341598839669e+01
-8.197709827112399580e+03
9.270762573244007854e+02
-2.957569817366332245e+03
1.556134953434180034e+03
9.067813576864166766e-04
-7.770686843012090783e+00
-3.061181655305511562e+00
5.063918098752037622e+01
-7.981841790468829458e+02
2.563302885081242835e+02
1.613527334553026776e+03
-4.290795545731753009e+03
1.797016547342082413e+04
-2.551900522932369768e+03
1.712322386675569491e-02
-8.935040586393704132e+00
-6.238755203150215145e+00
2.923450067465140023e+02
-2.771415932805840384e+03
8.440105371756493469e+02
4.003084370340707210e+03
-1.399796746190981321e+04
6.097418926539862150e+04
-8.638999483293961021e+03
-2.156160285680963976e-02
-1.312071129660755897e+00
4.093105402125024384e+00
-3.756734363000062871e+01
1.985893223475191149e+01
-1.563380322322251175e+02
-1.383377750095734655e+03
1.753701360790468698e+03
-7.495254427806534295e+03
2.137406600367281044e+03
-1.199726757812134559e-01
3.355049185619304319e-01
-8.871757731522930124e-01
-2.232549926468950507e-01
-6.874521165274903589e-02
-1.713814585116129330e-01
-5.251046055889646742e-03
-5.348257711387995744e-04
3.287940193358306843e-03
-7.582811375549288781e-03
3.243529004990320930e-01
-5.287265563808859525e+01
-1.517156384264469970e+01
-3.460041111891252186e+00
-1.050515098488453170e+01
-1.508038839050376900e+01
1.869343441581579501e+00
4.811707071056564589e-01
-4.754989316207564598e-01
-6.979187555674218890e-01
-8.892941903418558613e-01
-1.423135681132241182e+01
-2.130381754903667257e+01
1.476917686087980464e+01
1.147145732911736893e+01
5.440023253553231086e+01
-5.454338804742981939e-01
3.230192390569128214e-01
-1.020409329923937625e+00
2.405176366676443855e+00
-1.581691152822058966e-01
-4.973339109370400912e+00
1.962938428114440015e+01
-8.304040185697110132e+01
-7.150007960420231257e+01
-2.979812094946621528e+02
2.284124084555404721e+01
2.524962600692836290e+01
-1.340907857087561972e+01
2.585195439010411178e+02
-6.370124951325344120e-02
-1.063928498058645822e+01
1.100226387677988704e+01
-5.658912701908279530e+01
-6.128934395744793306e+01
-2.130130316274607196e+02
-2.239337585842080092e+00
-4.926621287668602633e+01
-2.271167427281196183e+01
-3.617313302822650201e+01
1.791986037336883997e-01
1.535958078372152613e+01
-5.223343281994926457e+01
2.272879025396403279e+02
2.126829106683863131e+02
8.510339734470895792e+02
-2.565552158163833241e+01
1.774078593275680849e+00
1.242800362884887875e+02
-2.937460343673521947e+02
-1.551378461107517145e-03
1.681851916797977298e+00
-1.745788395282654060e+00
2.102829901895627174e+01
-8.918832317742717564e+00
5.517932598644431152e+01
-1.186112746223474517e+02
-1.558768979645305137e+02
-2.244216940479684013e+02
-1.374220731795945539e+03
-1.741439199901754608e-04
1.031668110137868577e-01
5.142048892480078487e-02
1.076937750085370915e+01
-6.764173615049152488e+01
2.266553577580435430e+01
-1.810130564560237021e+00
-8.254275822255747244e+02
3.358459573112330077e+02
-2.353092394989453737e+02
-2.493849015701247399e-03
5.352542572768137497e-01
9.243662075827959734e-01
2.576031906767610380e+01
3.685830863925143319e+01
1.382212382464208815e+02
1.020846398608480001e+02
1.162054137364189899e+02
7.284111418274958396e+02
1.402890673598044941e+03
6.589975898417662833e-03
5.825291283540681153e-01
-1.977420367612702679e+00
-1.344477850827235272e+02
1.076369522170932669e+01
-4.063288812035575006e+02
6.979140355984686721e+02
1.066789490627369332e+03
1.874706118822724420e+03
1.174598941705847210e+04
-9.928312337977779345e-01
-4.350278416275397964e-02
1.124562534148573767e-01
1.021646880493586734e-02
4.059938272156792677e-03
1.220280218941116254e-02
-6.598516893417818259e-05
-1.211043217111154276e-04
-1.669519863483684679e-04
1.826663849515887015e-04
-4.196598620140534058e-02
-7.398696760732217381e-01
-2.532791756336128519e-01
-1.244205664099509168e+00
8.521585517692095380e+00
-2.063660362680878269e+00
-1.636473529090626489e+00
5.171957686807489551e+01
1.341324894809425672e+01
-8.328392677762053609e+00
1.125760536249462984e-01
-2.395539036591967652e-01
-1.986294625085682775e-01
2.308358336538614553e-01
3.354386608635837597e+00
-3.692700998009290636e-01
-9.358979638804580947e-01
1.904318946588229622e+01
4.492721368907560020e+00
-7.954702275509320408e+00
3.337999738860519122e-03
-1.207572297719980314e+00
8.291451927512326625e-01
-2.176069480077507734e+01
3.088372021627919040e+01
-7.379878523085681152e+00
1.039643754780059055e+02
1.686848342956259614e+02
9.778138875101937799e+01
8.658596570815010409e+02
3.450266975866330028e-03
4.314419698529746050e+00
1.979314657636894514e+00
1.226678094602192459e+01
-9.431859310886811443e+01
1.416453474007786717e+01
-7.953162635710081929e+01
-4.593766820547195380e+02
6.226997031726630638e+01
-6.801688926859937965e+02
-1.430079568176959547e-02
8.451108965722340383e-01
2.610497911666366799e-01
-2.747138054858657696e+00
-1.954670655679527691e+00
8.840330163867914592e+00
5.900211085614188278e+01
-1.899979382756195534e+01
1.026999913852974657e+02
4.274045489230762769e+02
-8.882472090734040921e-04
2.733034349281195929e-01
9.991259329783631904e-02
6.122529395296945154e+01
-1.894409008394355567e+02
-8.116218411040673431e+00
-9.885982509958230366e+02
-8.346664281369978653e+02
-1.487983069287189892e+03
-7.708595951590820732e+03
-4.989500375537860613e-05
4.845219009621575168e+01
1.899759422588462954e+01
1.290710876857297080e+02
-9.956171759768661786e+02
2.161077233259886157e+02
-8.934318915488779211e+00
-1.001649149125291297e+04
1.836049376423237391e+03
-3.234938276723872150e+03
1.002043088894342721e-04
-1.603086456473586097e+01
-6.619599628986929218e+00
-6.325007536258472385e+01
2.357527196266608485e+02
7.341660726896370726e+00
1.103625472166432473e+03
3.251399590174325567e+03
7.103769047315845455e+03
1.356884675800153127e+04
1.182393206647223456e-04
7.961601650043801826e+00
5.941824961027746710e+00
-4.866533528843262388e+02
1.225153157299231452e+03
1.054854051712051302e+02
7.977286960201684451e+03
1.149488590007944731e+04
2.218905904087771341e+04
1.284935292704336316e+05
