# -0.9J_-0.1g_0.57596theta_1.0472phi_10Chi_0.01delta_500N
-2.219158563611041760e-02
9.976200616823562850e-01
5.702938584100441383e-02
-3.158694087126181355e-02
-2.400389916484003006e-03
8.632928207005480898e-04
-2.287066969516248025e-03
3.992782997903090948e-04
1.472215701779916763e-05
-9.429829628620995874e-07
9.847084143555555613e-01
-8.869123669227838036e+01
4.720624734931197963e+02
-1.928526726567780997e+03
-1.191848469994625361e+02
5.231572434688999351e+01
-1.387867529143525189e+02
3.645882170538461509e+01
2.770715678189205722e+00
-1.283971553401775101e-01
2.921233611382618653e-02
9.316811714309101262e+02
-2.033902803577824670e+04
9.766396503598817799e+04
-1.731561648908449861e+05
1.311088518378772424e+05
-1.205044524790965952e+06
1.953847758436092117e+05
-6.557089549299933424e+04
9.665445094820808663e+03
-3.351926760080701367e-02
-1.729185000062718700e+03
3.696397906847981358e+04
-1.768185533952233964e+05
3.496663074547172873e+05
-2.663332907146650832e+05
1.933104546419557650e+06
-1.644823188039128727e+05
1.765844725251205091e+05
5.506636794919273962e+04
-1.115646771743210438e-03
-5.328137288882256684e+01
-2.260116170381518605e+05
1.541306259203020483e+06
-2.454541168848834187e+07
1.876221775854058564e+07
5.743669545822951011e+06
-9.363924883402851410e+05
9.788527739263623953e+05
4.150655838463266264e+05
4.277121680177665432e-04
3.261257831248192218e+01
1.158071485715261661e+05
-7.902887287474715849e+05
1.255082715611512959e+07
-9.621311420616375282e+06
-2.764598290002515074e+06
2.762018977158248308e+05
-2.537232774332524859e+05
1.943017185638335766e+06
-1.494363305453917223e-03
-7.669127124483955527e+01
-5.851540381698225392e+05
3.433808410809366498e+06
1.061790863341357186e+07
-8.370525830789353698e+06
-2.000530902374767959e+08
1.325832147193851024e+08
2.914637656675939262e+07
-2.341583656526675448e+06
1.328299285376579480e-04
2.621431370690271478e+01
2.972601301221048343e+05
-1.706705909744911827e+06
-5.221443218964147381e+06
4.113906389720106032e+06
8.956721481762513518e+07
-4.872242232151885331e+07
-8.309240640397708863e+06
8.240308761608328205e+05
-1.022126172630649818e-05
-4.170472788097397299e+00
-4.801021286965822219e+04
2.952545539095033309e+05
2.201743431330985331e+05
-2.019725934535853448e+05
-1.909558929582532495e+07
1.858590799940792844e+07
6.408826206172610633e+06
7.874059727199355839e+05
-4.337384745922758122e-07
-1.355014444848686161e-01
5.377262641284743268e+02
3.722555735786029800e+03
1.438597385051688179e+05
4.154994333135490306e+05
1.203966427868652827e+05
-6.727400725776804611e+05
-3.485476328330784105e+06
-4.778522313905150443e+07
-9.997536220161677978e-01
-2.218939513764249874e-02
-6.777647439857235846e-04
3.410220676120543173e-04
2.511670738420184807e-05
-8.747346134524724992e-06
1.712511569664014084e-05
-2.535559574876641425e-06
-8.751539705740237461e-08
2.395132261284836828e-07
-2.200275163632515324e-02
-1.328853707088642130e-02
3.087723835332658595e-01
-3.908189596709280567e-01
4.798271703194677551e-01
6.579990119816363503e-01
2.724147557507797579e+00
7.154558298835419272e+00
8.077278265004805391e+00
-4.243323233691319274e+01
-4.218900363626529207e-04
1.983569663281925299e+00
-1.434819441395244155e+02
2.210231483276247104e+02
-7.855736796605451673e+03
-1.102644589085938242e+04
-3.933626307998870743e+03
-1.631454267335314216e+04
2.084275268144278016e+04
6.090879737535088789e+05
3.234234994147928153e-04
6.155888901918061817e-01
-7.983921900577396968e+01
1.041262851867012955e+02
-5.979182217895150643e+03
-8.926839795981397401e+03
-1.410987879171879285e+03
-8.048379639212632355e+03
4.700916379128085828e+04
4.814224447320481995e+05
1.415992728002196908e-05
2.594419486215595594e+00
-2.016557344251008999e+03
5.059142240974645574e+03
-2.453171262873091910e+05
-3.193879926637174794e+05
2.484421558106353405e+04
5.369882764749883063e+04
-7.908771940352407983e+05
1.813363418728380278e+07
2.677374291490508310e-06
4.709409892381842155e+00
-3.728384978945621242e+03
8.243615124901441959e+03
-4.608176536543695838e+05
-6.612000616157873301e+05
7.669956696831830777e+04
3.018174897711156518e+05
1.546425216479464201e+06
3.617645028200735897e+07
3.197042504953978218e-05
1.734145492597187754e+01
-9.675097226141556348e+02
1.186944868641414132e+03
2.722773716399360273e+04
1.016376848060801603e+04
-1.582319453481873788e+05
-3.430503631353839301e+05
2.008572046824638965e+06
8.868118924773451872e+05
5.094917269585241983e-05
5.628053313371814426e+01
-2.212878500015892769e+03
-3.870227996240208540e+03
1.309588773837225890e+05
-5.190123657052905401e+03
-1.742756164228963607e+05
-5.217454065964405891e+05
1.865241026984291524e+07
-5.410644717098088935e+06
-2.059145497527871106e-05
-3.318034048898883981e+01
2.481486692882900570e+03
-1.817854940566097139e+04
4.683533893917735259e+04
-8.051784457769474247e+05
6.685452395119753201e+05
4.587094165027836338e+06
7.208920420229114592e+07
3.366935163364862651e+07
-6.678684382506383987e-05
-2.389650802226529436e+02
1.872913047181676666e+05
-4.026217738150928053e+05
2.313828555956608802e+07
3.376347630422358215e+07
-3.611945880249841139e+06
-1.446435423741402850e+07
-8.959083331524831057e+07
-3.654966976460440159e+09
-4.860623829788597214e-04
4.783805108237983855e-02
-9.697501696479878808e-01
-2.392098175982970143e-01
-2.166680590669118906e-03
5.773463173934974442e-03
-1.875774833658234650e-03
-2.400971535462024554e-03
-3.049490775652677257e-03
1.003771643871594613e-04
1.011451369746905506e-02
-1.171932843316799033e+00
1.587730212757266557e+01
-2.159117658236486292e+01
2.162531669806318035e+01
2.836893033519003282e+01
-1.297948270782376312e+02
-1.625822851962084769e+03
-6.307667404973058183e+02
1.987771558229377789e+01
-8.491092992077883261e-01
1.647906685781455849e+02
-8.149579908795242773e+03
1.188997398210667416e+04
-3.665047845241728355e+05
-4.871194653111912194e+05
-2.013116563357788837e+05
-6.688683845680238446e+05
5.719452625019068364e+05
-3.070654991484389029e+04
-4.585150350078138204e-01
7.594260101824700371e+01
-5.154409857767673202e+03
5.603515278083829799e+03
-2.793486413054256700e+05
-3.950604878762545995e+05
-1.127383279777143762e+05
-5.479182474477285286e+05
1.116131205295059364e+06
-2.799563810621714219e+04
1.417938393210961025e-02
1.273530533761588970e+02
-9.472313448594117654e+04
2.539219897222878935e+05
-1.144833586083406582e+07
-1.406687534294700995e+07
1.440416913336300058e+06
3.601182281981979031e+06
-2.520842518809893355e+07
-9.848449928720283788e+04
2.716110325972670783e-02
2.267732567976194957e+02
-1.757065871899864287e+05
4.216401882090775762e+05
-2.156062706738833338e+07
-2.920681362352168933e+07
3.327709609670159407e+06
1.148822487010164000e+07
1.491274521211254783e+07
-7.232070008044793503e+05
3.923043954371152608e-02
8.580947692061947691e+02
-3.765750159915082622e+04
5.192976194879627292e+04
2.109560734137982596e+06
1.474263557328929892e+06
-7.175274596153088845e+06
-1.019497396534010395e+07
7.746863254461202025e+07
-1.128859777746049454e+06
7.510020529321284610e-02
1.673378921458157720e+03
-7.954512704681872856e+04
-2.922576921501439647e+05
6.800712243046884425e+06
-2.434041024458432104e+06
-8.172039740030637942e+06
-1.964268134108896554e+07
9.798575058308688402e+08
-1.272293444448419288e+07
-1.340008678147183371e-02
-2.820923974394963238e+02
2.172841329685163801e+05
-1.474412129831562983e+06
1.797311556898689643e+07
-3.798621106669944525e+07
3.171989470563699678e+07
2.528154755356037319e+08
4.101870822266033173e+09
-4.790413211674028635e+07
1.558319354145766002e-04
6.134871258837427455e+00
-2.126329485247475077e+03
3.142678620354320628e+03
-3.941217934353810851e+05
-9.738080666590051260e+05
4.909512425086579751e+05
3.739966086140555795e+06
5.384755798707784712e+07
-1.233994983974284492e+06
