# -0.95J_-0.05g_0.05236theta_0.05236phi_10Chi_0.01delta_500N
-9.998457705281612595e-01
-1.756246731086014493e-02
7.602769543382147412e-07
1.052322364985235352e-04
2.906031799572531015e-04
-1.738340486164164694e-09
-5.724705166956072248e-06
-7.457917729773085259e-08
2.714361956193492887e-07
3.320753673341424359e-08
-1.753922028159517546e-02
-1.310288539601937516e-02
-2.291774140668949040e-03
-8.448215574993680477e-01
-4.124229143891556260e-01
-8.440355443094077481e-02
-1.173204826012410784e+01
2.705708826708116188e+00
-4.388386306538546933e+01
-1.780429416660425090e+01
1.283943086566815938e-06
-3.229611100460987039e-03
-8.178955787163924924e+02
7.218611108180229552e-01
1.776359647659181418e+00
-4.882047579480049899e+04
2.083363817919838823e+01
1.616276327339328844e+01
7.470702949426892303e+01
-2.578492112837913446e+06
-5.412087538206621952e-04
9.455945358713360172e-01
-9.716446117004811089e-01
1.004586213900296627e+02
2.719524841792629388e+01
-4.982796849944202933e+01
2.761814772951170653e+03
-2.301954747859236159e+04
3.754495428869957323e+03
2.815240869016482179e+02
-1.488291805645353095e-04
3.534953586006778226e-01
-2.499472403812160959e+00
1.839790933934086681e+01
5.309861964834257009e+01
-1.604363437961850138e+02
2.552905464980886791e+03
1.570824589027029651e+04
5.196404999509386471e+03
-8.236318831994300126e+03
7.000592209111646567e-08
1.293251314488209069e-01
4.330097813332871738e+04
-2.911001091027871368e+01
-1.053207794671199906e+02
3.873533827374814544e+06
-1.655138989375719348e+03
-3.842313959490838170e+04
-9.693615769956653821e+03
1.913550283507899940e+08
1.091654767038152050e-05
1.119799587197993773e+01
-2.771644048666905391e+01
2.329020049204228599e+03
2.660410214074053329e+03
-2.149155432916702921e+03
3.915447742266976857e+05
-6.938191551629329100e+06
-9.937483590538070712e+04
-8.337943097034582752e+04
-3.573894667494570280e-06
2.341737975098441726e+00
2.515732262050511281e+01
2.196436766423727386e+04
-1.574153517238892164e+04
9.124721158413703961e+04
6.067764178806573153e+06
-1.248121390774891376e+09
-7.663982569511969388e+07
-1.018388880499518849e+07
-2.066180945153149939e-05
-2.952457869853387251e+01
1.081899012887090805e+02
-9.317069512665540287e+02
-4.813212045711005885e+03
1.550393996745053119e+04
8.524566554997430649e+04
-6.459564749745067954e+07
-4.484823462681907229e+06
-3.797184143813896662e+04
-5.851051467153801702e-06
-2.132012189547910097e+01
-2.492248334899294190e+06
-1.077779573160883501e+03
5.716084703411358532e+03
-2.207768746824268401e+08
6.448116585063381353e+04
-1.434252131606820039e+07
-5.905129425557070645e+05
-2.157673871055029678e+10
-3.078101330642368165e-04
1.837332341674255756e-02
6.400655655839387241e-04
9.552241925268845080e-01
-2.946110648773813678e-01
-3.578339127535955119e-05
-3.060615183584380374e-03
1.240861863777942189e-03
-2.003862364139075494e-02
3.117142922201270100e-06
1.629611233227747438e-02
-1.457798416398259800e+00
-1.464003420440943559e-01
-7.179963003665757526e+01
-1.651407896498504613e+01
-4.662154388422165674e+00
-6.338306747989710175e+02
1.189691073763960389e+02
-3.070543238327032668e+03
6.268629217106399310e+00
5.274768887291258037e-04
-1.999212714992494866e-01
-4.665888080300250294e+04
4.344515084946745276e+01
9.955806603737018179e+01
-2.654650259372055065e+06
1.140425503917923606e+03
-1.518628231922298824e+02
3.580341296229159070e+03
6.961844888029240246e+04
-9.236811722999205276e-01
8.249350260118812628e+01
-5.627835365782724608e+01
7.957214372837430346e+03
6.147827606638749387e+01
-2.446624246055764161e+03
1.688055555658041267e+05
-1.313316281540042954e+06
3.169659701297679567e+05
1.094684209317465138e+05
2.983515072077889685e-01
1.091712544752990510e+01
-1.418791419281200490e+02
-5.110296322969969083e+02
4.248520846871201684e+03
-8.887240827549165260e+03
1.419512428902099782e+05
8.990715438153067371e+05
3.172221526835546247e+05
-3.533526115893927636e+04
6.817446018602063909e-05
7.768228033864266635e+00
2.582506045285876840e+06
-1.529478402893641032e+03
-6.420893208863497421e+03
2.941067346696789861e+08
-1.293107880964464857e+05
-2.159070044101752806e+06
-6.656237758505580714e+05
1.990547048978234291e+09
4.247908145353969205e-03
6.422592054252453408e+02
-1.689465866175305337e+03
1.416745932995911862e+05
1.538936180740358250e+05
-1.741567397569842869e+05
2.308979635787770525e+07
-3.948481201765508056e+08
-1.440912136062747333e+06
-5.010661062390383449e+05
1.120579751586528059e-03
1.143749683582515075e+02
-2.716040706767867050e+02
1.253061471878706012e+06
-8.992667829259586288e+05
5.131359102503109723e+06
3.453634933921129107e+08
-7.106832408588317871e+10
-4.362529134456210136e+09
-4.922242856973626614e+08
-2.396461892479035891e-02
-2.902959277664511774e+03
6.393493272327360501e+03
-1.631851377590391203e+05
-3.685382274419523892e+05
1.097607904937299900e+06
-1.809653125486001605e+06
-3.676885453085529327e+09
-2.847730968509659171e+08
-2.148450737795909494e+07
1.198699231973679621e-05
3.327213760602012460e+00
6.385115537279083946e+04
-1.037626144935369375e+05
3.671440569431061886e+04
-2.079186252387562990e+09
-5.000446319949617609e+05
-4.836110716292181015e+08
-3.089599145513959974e+07
-4.283473205815448761e+10
-1.755978160300103105e-02
9.990596185288510567e-01
-9.383216013323278349e-05
-2.789780912734346474e-02
-2.814822650990474184e-02
6.701361039394333785e-07
9.942045705169030856e-04
2.796165404542811940e-07
1.244361295580123346e-04
-9.772946332110760934e-08
9.719083090892048915e-01
-1.106882100121775778e+02
-7.053817643981216357e+00
-9.249745754046946331e+02
-3.008100413721163477e+03
6.784968735667480655e-02
1.207136642713593346e+02
6.966807716592332556e-01
1.289259965908427041e+01
-5.029889960954499195e-02
-1.203201546009591912e-04
-9.824037854261627345e+00
-2.656734399377464782e+06
3.352882252824151692e+03
5.085813940521975383e+03
4.666565474635243299e+04
-2.771554674564460129e+03
-4.911541313591703073e+01
5.046281038299596275e+02
-2.356858934731527029e+02
2.554654089682475981e-02
9.385028774097488622e+02
-3.970330981230467387e+03
2.682248667197554823e+04
9.540619018295276328e+04
4.409561418200942740e+02
2.127155161642338149e+06
4.172837774962240655e+04
-3.700847854037007201e+05
7.295805600136313842e+03
2.759310705892732349e-02
2.914097405371353943e+03
-7.583123044176129042e+03
9.041548827523598447e+04
3.297003135559181101e+05
1.733298217400116528e+03
9.677774905108984560e+06
2.105884922708161466e+05
-2.088619464498834917e+06
-1.230194139629692472e+04
-1.018867662091328475e-06
-1.000097029969620466e-01
-4.660419708174174593e+04
2.974493600758981984e+02
1.203800936423152962e+03
3.483058314884789434e+04
1.031609168029461580e+05
2.040023654142573605e+03
-3.255458703086999958e+04
2.241507293246540707e+06
-1.083319413305318260e-03
-1.162666854533608216e+02
2.059560942396709834e+03
1.957980915394685231e+06
9.496823024711059406e+06
1.368349632128728263e+05
1.000569472159787297e+09
2.786411877066733688e+07
-3.494574856433905363e+08
-1.590461345170445740e+07
2.015474735494262735e-06
7.278164642496236514e-01
-3.347585170754602757e+01
-3.870226613309425738e+04
-2.026165283987082657e+05
-1.686848635424637450e+03
-2.584530833147182316e+07
-2.267071540121911839e+07
8.975615360001776367e+06
3.145900866244956269e+05
1.146049604776107643e-04
1.041823659895731957e+01
3.579478633647998436e+02
3.822831171106438851e+05
2.164008241519761272e+06
4.029036724199133459e+04
3.375513656107645631e+08
9.687270025745050982e+06
-1.467645287769257426e+08
-8.424652409726802260e+06
1.041423036863822430e-06
-4.500307656817716107e-02
-1.415466101575689436e+03
-4.224180227579135135e+03
8.810924734211375835e+03
-2.518521527002517600e+06
1.131786453489094600e+07
1.426249229836845770e+05
-6.739601553260300308e+06
-2.698254644917833209e+08
