# -0.45J_-0.55g_0.68068theta_0.68068phi_10Chi_0.01delta_500N
4.364675177990960664e-02
2.126315342179288363e-04
1.632420001681875261e-05
5.949037647961693686e-07
1.307187226052489987e-06
4.016077114876007787e-07
5.990740932601825294e-07
3.779347997989237931e-07
3.693215072365828551e-07
3.526342268591270216e-07
2.782135492562381711e-07
3.237633762729963361e-07
2.322290231901373356e-07
2.888317323121120095e-07
2.037860081198172028e-07
2.464218470168206802e-07
1.835327563705034026e-07
2.014578674220974258e-07
1.678561984763786563e-07
1.628515320528242083e-07
1.552092551856927522e-07
1.346329187561497586e-07
1.449560796197862761e-07
1.154149013051561160e-07
1.370152606929476517e-07
1.025003560622196710e-07
1.316536017714676068e-07
9.382407400121497350e-08
1.292351784802167691e-07
8.811426781266553154e-08
1.299584096948077125e-07
8.461471687391031757e-08
1.337254729025911150e-07
8.283572764774187446e-08
1.401845545999377443e-07
8.240883723870718355e-08
1.488188495871634894e-07
8.301990103033370218e-08
1.589800192751710417e-07
8.438206357288824345e-08
1.698760448823017905e-07
8.622523709010746315e-08
1.805846989102819712e-07
8.829554007240123728e-08
1.901633749115734303e-07
9.036268934762218593e-08
1.978587411167164403e-07
9.223105806634982365e-08
2.033098790180464041e-07
9.374934892796920159e-08
2.065895069402261396e-07
9.481701363341570023e-08
2.080298910052234593e-07
9.538877467456710853e-08
2.079474047637945817e-07
9.547642397453595648e-08
2.064524336915352844e-07
9.514288264006968699e-08
2.034398314274366708e-07
9.448445326792888561e-08
1.987062271511393534e-07
9.360442773055032241e-08
1.920667986738277364e-07
9.258635610729076534e-08
1.833991525199068730e-07
9.147430064764400411e-08
1.726577255674773645e-07
9.026386865856686356e-08
1.599402334623228245e-07
8.890499668850368995e-08
1.455971191693823811e-07
8.731605757631419699e-08
1.302754505684313020e-07
8.540609057070650010e-08
1.148163765016839973e-07
8.309933666523614158e-08
1.000520956660889240e-07
8.035538845423777479e-08
8.662411207508365200e-08
7.717950748804090767e-08
7.490473218138032858e-08
7.362140433445355758e-08
6.501870691426467899e-08
6.976492702778166447e-08
5.691505478901997282e-08
6.571357791648216080e-08
5.044275205425912815e-08
6.157666085291260684e-08
4.540793514887837654e-08
5.745902528371165734e-08
4.160814677638737988e-08
5.345529535353938531e-08
3.884794070830997304e-08
4.964754092722873751e-08
3.694379655020235184e-08
4.610421628901684297e-08
3.572502994246858279e-08
4.287887309624470649e-08
3.503429572280896727e-08
4.000848690511730456e-08
3.472816978871041025e-08
3.751207631000555833e-08
3.467732106503726741e-08
3.539067252769812848e-08
3.476567734384409274e-08
3.362921062112611397e-08
3.488946506377403863e-08
3.220089228969769910e-08
3.495773593907057387e-08
3.107292412966458307e-08
3.489560259442847467e-08
3.021264082236044419e-08
3.464979350581322146e-08
2.959291132800027769e-08
3.419445578193257353e-08
2.919631516552820095e-08
3.353414675627622695e-08
2.901824542158639079e-08
3.270200362408246862e-08
2.906956518065742224e-08
3.175198919385481094e-08
2.937967411378847485e-08
3.074712863958042880e-08
3.000101841269221070e-08
2.974740186000695130e-08
3.101632352939842264e-08
2.880094726613906287e-08
3.255051268844023692e-08
2.794052765830539065e-08
3.479091218437807089e-08
2.718489848188343828e-08
3.802288595373192951e-08
2.654304708703260218e-08
4.269493009690288230e-08
2.601885920135770882e-08
4.953874937533960250e-08
2.561447602869719150e-08
5.978082587542375611e-08
2.533179974202811267e-08
7.543850236417936538e-08
2.517255393370695307e-08
9.925249774952300131e-08
2.513751038062389562e-08
1.315332653792868210e-07
2.522604888303091357e-08
1.577716669309235644e-07
2.543836336417421466e-08
1.479369300495094404e-07
2.578520548791032515e-08
1.095396642271911099e-07
2.628096007305724289e-08
7.604189380575943640e-08
2.692452691317180996e-08
5.566007521786270817e-08
2.771080492353165206e-08
4.430891917951927005e-08
2.863602284045137836e-08
3.814026865771861073e-08
2.969683527586109950e-08
3.493420139688583872e-08
3.088957540059690773e-08
3.348078496096685050e-08
3.220997565380016526e-08
3.310317356743164714e-08
3.365290266322535395e-08
3.340937803754150572e-08
3.521228224453049921e-08
3.416635622401209439e-08
3.688084580907210501e-08
3.523251095817132421e-08
3.864983798274271614e-08
3.651961940802615984e-08
4.050866481838256180e-08
3.797083583574888023e-08
4.244452313511529178e-08
3.954803593184126653e-08
4.444211589981269726e-08
4.122481692575712356e-08
4.648357211734174769e-08
4.298272837232093654e-08
4.854885371041040038e-08
4.480927892317188229e-08
5.061682652326431097e-08
4.669687213153913129e-08
5.266716847075497666e-08
4.864216546532492411e-08
5.468317267230267229e-08
5.064571585569797601e-08
5.665517696918333360e-08
5.271153505436029463e-08
5.858380055075496987e-08
5.484652001904425921e-08
6.048196771543924326e-08
5.705971548888808219e-08
6.237467399804119296e-08
5.936147057277886819e-08
6.429612093464424574e-08
6.176261374926674445e-08
6.628487026817636764e-08
6.427376893714616450e-08
6.837847939124076863e-08
6.690487133551952880e-08
7.060922349309755228e-08
6.966488254710057006e-08
7.300174560499149150e-08
7.256163739122309596e-08
7.557259744878357735e-08
7.560176794859311691e-08
7.833112272208169845e-08
7.879068140367279600e-08
8.128102633343367271e-08
8.213258331821407323e-08
8.442203878272764061e-08
8.563053891916292387e-08
8.775138141844643394e-08
8.928657881459443274e-08
9.126491465940957360e-08
9.310184448023839101e-08
9.495795274956976981e-08
9.707676341490277413e-08
9.882581624801538474e-08
1.012112374469547537e-07
1.028641755650171127e-07
1.055048250264026038e-07
1.070692386641599175e-07
1.099569013859605892e-07
1.114378326702523613e-07
1.145667956251347006e-07
1.159674176467584648e-07
1.193339087484385360e-07
1.206560341430494482e-07
1.242577577739530277e-07
1.255022537848126059e-07
1.293380682570724332e-07
1.305051256404727860e-07
1.345747767100603946e-07
1.356641035588379472e-07
1.399680238167076892e-07
1.409789797276263268e-07
1.455181377740122358e-07
1.464498247726118794e-07
1.512256124132864621e-07
1.520769354878440152e-07
1.570910833452728079e-07
1.578607901080780349e-07
1.631153042341221626e-07
1.638020105833154428e-07
1.692991252098737635e-07
1.699013342127970709e-07
1.756434714015731267e-07
1.761595788311880197e-07
1.821493234989560924e-07
1.825776281261447880e-07
1.888177051014987990e-07
1.891564133560716795e-07
1.956496679859225192e-07
1.958968978247241582e-07
2.026462804272461286e-07
2.028000648210080817e-07
2.098086173449661419e-07
2.098669076490411557e-07
2.171377519387106768e-07
2.170984213850447878e-07
2.246347485912410527e-07
2.244955960277541108e-07
2.323006568688578691e-07
2.320594107831429778e-07
2.401365064151956020e-07
2.397908292715692926e-07
2.481433026517684644e-07
2.476907954897688382e-07
2.563220231198453563e-07
2.557602303700757843e-07
2.646736144144416084e-07
2.640000288253911799e-07
2.731989895789726123e-07
2.724110571332438527e-07
2.818990258242882729e-07
2.809941506014689336e-07
2.907745623242147058e-07
2.897501114006099924e-07
2.998263978326985144e-07
2.986797065911446817e-07
3.090552881577090606e-07
3.077836664038993803e-07
3.184619440463118094e-07
3.170626828406465798e-07
3.280470299588109605e-07
3.265174088979113668e-07
3.378111639705085024e-07
3.361484590460927512e-07
3.477549182298110763e-07
3.459564031317262598e-07
3.578788136428140527e-07
3.559417707605508417e-07
3.681833239508483650e-07
3.661050500086933947e-07
3.786688747963244004e-07
3.764466862598449938e-07
3.893358427468622707e-07
3.869670816719324728e-07
4.001845549439518632e-07
3.976665947074029735e-07
4.112152888407141931e-07
4.085455397221634093e-07
4.224282719891529323e-07
4.196041866013655624e-07
4.338236818844863768e-07
4.308427604692032255e-07
4.454016458804766564e-07
4.422614414328160256e-07
4.571622411406794423e-07
4.538603643917709088e-07
4.691054946556464975e-07
4.656396188898740439e-07
4.812313833109698983e-07
4.775992490158147576e-07
4.935398340019423434e-07
4.897392533473672919e-07
5.060307237927918833e-07
5.020595849462114628e-07
5.187038803777070246e-07
5.145601513826798390e-07
5.315590816510721179e-07
5.272408150030457650e-07
5.445960566089860168e-07
5.401013945806362149e-07
5.578144855966068164e-07
5.531416605491421287e-07
5.712140006393734984e-07
5.663613391058766142e-07
5.847941858694617161e-07
5.797601164930234632e-07
5.985545779728185603e-07
5.933376397059263139e-07
6.124946667801265418e-07
6.070934909649394829e-07
6.266138961336141222e-07
6.210272184021187435e-07
6.409116631221175180e-07
6.351383264098608970e-07
6.553873199161400990e-07
6.494262758358963695e-07
6.700401739982220570e-07
6.638904843588747371e-07
6.848694887756965337e-07
6.785303268895003666e-07
6.998744842380693495e-07
6.933451359744728980e-07
7.150543376092737602e-07
7.083342022381574348e-07
7.304081840435116231e-07
7.234967748165697091e-07
7.459351173167666481e-07
7.388320618256634352e-07
7.616341905325296970e-07
7.543392308346172737e-07
7.775044168505006989e-07
7.700174093698741752e-07
7.935447702148061682e-07
7.858656854296629679e-07
8.097541860834120980e-07
8.018831080189709201e-07
8.261315621932824910e-07
8.180686876978854479e-07
8.426757592969563516e-07
8.344213971445145298e-07
8.593856019334770521e-07
8.509401717414734845e-07
8.762598791965209849e-07
8.676239101777163849e-07
8.932973455134577035e-07
8.844714750364784618e-07
9.104967214199401655e-07
9.014816934392656186e-07
9.278566943602890342e-07
9.186533576610895072e-07
9.453759194646621364e-07
9.359852257825457834e-07
9.630530203505335549e-07
9.534760223375129912e-07
9.808865899138479172e-07
9.711244389885177657e-07
9.988751911208029726e-07
9.889291351794927277e-07
1.017017357792539855e-06
1.006888738829950688e-06
1.035311595387621427e-06
1.025001847016012268e-06
1.053756381793177780e-06
1.043267026662581632e-06
1.072350168085687935e-06
1.061682815246990740e-06
1.091091379303943782e-06
1.080247721496905995e-06
1.109978415205733197e-06
1.098960226105365301e-06
1.129009651033921844e-06
1.117818782445108259e-06
1.148183438259591173e-06
1.136821817281473189e-06
1.167498105316277709e-06
1.155967731483994807e-06
1.186951958337961520e-06
1.175254900773610734e-06
1.206543281897778473e-06
1.194681676414887318e-06
1.226270339710034997e-06
1.214246385972146886e-06
1.246131375349571358e-06
1.233947334001090474e-06
1.266124612958146900e-06
1.253782802815435913e-06
1.286248257933501773e-06
1.273751053174332075e-06
1.306500497627659576e-06
1.293850325035511773e-06
1.326879502020923964e-06
1.314078838265899675e-06
1.347383424397067888e-06
1.334434793367854539e-06
1.368010402009946822e-06
1.354916372202949551e-06
1.388758556737076165e-06
1.375521738711914122e-06
1.409625995734937435e-06
1.396249039621243802e-06
1.430610812093136941e-06
1.417096405159730018e-06
1.451711085443321890e-06
1.438061949781403753e-06
1.472924882605983422e-06
1.459143772851148574e-06
1.494250258219870284e-06
1.480339959362849476e-06
1.515685255336301019e-06
1.501648580631201740e-06
1.537227906041528420e-06
1.523067694978044372e-06
1.558876232058891220e-06
1.544595348427716764e-06
1.580628245339552876e-06
1.566229575391109797e-06
1.602481948635543073e-06
1.587968399345756216e-06
1.624435336125105206e-06
1.609809833490623099e-06
1.646486393939826796e-06
1.631751881433484812e-06
1.668633100773430233e-06
1.653792537835481832e-06
1.690873428420475143e-06
1.675929789074297152e-06
1.713205342348224208e-06
1.698161613883122144e-06
1.735626802255648286e-06
1.720485983991674579e-06
1.758135762599987395e-06
1.742900864772421660e-06
1.780730173160668416e-06
1.765404215840275540e-06
1.803407979567310694e-06
1.787993991707495476e-06
1.826167123824560362e-06
1.810668142362004660e-06
1.849005544858470639e-06
1.833424613884521269e-06
1.871921179018267627e-06
1.856261349057816348e-06
1.894911960591358840e-06
1.879176287930757708e-06
1.917975822335979706e-06
1.902167368419584944e-06
1.941110695963920823e-06
1.925232526867469992e-06
1.964314512645296911e-06
1.948369698622106986e-06
1.987585203518448156e-06
1.971576818580599450e-06
2.010920700163031616e-06
1.994851821747006602e-06
2.034318935094899794e-06
2.018192643763002303e-06
2.057777842235905347e-06
2.041597221454348944e-06
2.081295357402677638e-06
2.065063493334613122e-06
2.104869418758223853e-06
2.088589400136622904e-06
2.128497967289727585e-06
2.112172885321101379e-06
2.152178947258878982e-06
2.135811895544911969e-06
2.175910306658259908e-06
2.159504381187024813e-06
2.199689997653227906e-06
2.183248296822556638e-06
2.223515977032994275e-06
2.207041601651568057e-06
2.247386206624299292e-06
2.230882260030047774e-06
2.271298653755817081e-06
2.254768241871155478e-06
2.295251291637045314e-06
2.278697523100484687e-06
2.319242099831286285e-06
2.302668086125926751e-06
2.343269064598337811e-06
2.326677920211146730e-06
2.367330179374338665e-06
2.350725021940001826e-06
2.391423445097264700e-06
2.374807395601915954e-06
2.415546870668140835e-06
2.398923053593935374e-06
2.439698473276352528e-06
2.423070016827095707e-06
2.463876278824395524e-06
2.447246315093915228e-06
2.488078322276869531e-06
2.471449987448271777e-06
2.512302648030952636e-06
2.495679082571833024e-06
2.536547310274872007e-06
2.519931659126492482e-06
2.560810373342493056e-06
2.544205786115978877e-06
2.585089912061391963e-06
2.568499543195177766e-06
2.609384012076345599e-06
2.592811021042388109e-06
2.633690770200391963e-06
2.617138321634363189e-06
2.658008294724360575e-06
2.641479558592708550e-06
2.682334705739820737e-06
2.665832857482277297e-06
2.706668135437023672e-06
2.690196356083189228e-06
2.731006728425684915e-06
2.714568204709075511e-06
2.755348642015257773e-06
2.738946566470884127e-06
2.779692046498782539e-06
2.763329617538231042e-06
2.804035125443765225e-06
2.787715547415977216e-06
2.828376075965499427e-06
2.812102559190068059e-06
2.852713108974455426e-06
2.836488869771267581e-06
2.877044449440801377e-06
2.860872710120399279e-06
2.901368336658232895e-06
2.885252325512115585e-06
2.925683024462247096e-06
2.909625975712171272e-06
2.949986781467396946e-06
2.933991935197890039e-06
2.974277891324869747e-06
2.958348493400900009e-06
2.998554652891970382e-06
2.982693954841831032e-06
3.022815380474725950e-06
3.007026639369230064e-06
3.047058404041401597e-06
3.031344882307064332e-06
3.071282069375639840e-06
3.055647034635940647e-06
3.095484738308688197e-06
3.079931463172441335e-06
3.119664788871405184e-06
3.104196550699191230e-06
3.143820615492164051e-06
3.128440696133727243e-06
3.167950629126137123e-06
3.152662314666866278e-06
3.192053257458999169e-06
3.176859837888502752e-06
3.216126945041546353e-06
3.201031713914517846e-06
3.240170153399448411e-06
3.225176407538205709e-06
3.264181361214288811e-06
3.249292400288213043e-06
3.288159064456267291e-06
3.273378190571061724e-06
3.312101776455969379e-06
3.297432293773597851e-06
3.336008028081241278e-06
3.321453242331021628e-06
3.359876367798755607e-06
3.345439585827033336e-06
3.383705361783958390e-06
3.369389891078825891e-06
3.407493594064008416e-06
3.393302742191027713e-06
3.431239666528898349e-06
3.417176740636131468e-06
3.454942199070484605e-06
3.441010505308969725e-06
3.478599829645289336e-06
3.464802672579922174e-06
3.502211214310985951e-06
3.488551896332809339e-06
3.525775027342912312e-06
3.512256848016530252e-06
3.549289961244545987e-06
3.535916216701099605e-06
3.572754726804956802e-06
3.559528709053179938e-06
3.596168053181292604e-06
3.583093049405316840e-06
3.619528687872898171e-06
3.606607979756499261e-06
3.642835396799492961e-06
3.630072259797000447e-06
3.666086964311878880e-06
3.653484666880131932e-06
3.689282193219073292e-06
3.676843996073682156e-06
3.712419904789884496e-06
3.700149060125214797e-06
3.735498938759086175e-06
3.723398689467673583e-06
3.758518153380400153e-06
3.746591732181098949e-06
3.781476425331850203e-06
3.769727053990831902e-06
3.804372649805886356e-06
3.792803538272422576e-06
3.827205740418427111e-06
3.815820085981619570e-06
3.849974629257989044e-06
3.838775615627699426e-06
3.872678266818033857e-06
3.861669063251551763e-06
3.895315621984187506e-06
3.884499382396331286e-06
3.917885682006817502e-06
3.907265544028249610e-06
3.940387452480732924e-06
3.929966536520808596e-06
3.962819957269513034e-06
3.952601365555384090e-06
3.985182238463001470e-06
3.975169054134109293e-06
4.007473356394075807e-06
3.997668642448631245e-06
4.029692389492745282e-06
4.020099187880236183e-06
4.051838434291927557e-06
4.042459764842667332e-06
4.073910605350743115e-06
4.064749464834430883e-06
4.095908035184519841e-06
4.086967396235952779e-06
4.117829874202094796e-06
4.109112684332391003e-06
4.139675290633201474e-06
4.131184471173054374e-06
4.161443470444153598e-06
4.153181915508632315e-06
4.183133617297334077e-06
4.175104192698395622e-06
4.204744952406242256e-06
4.196950494639873249e-06
4.226276714499805033e-06
4.218720029620484317e-06
4.247728159736050646e-06
4.240412022316111717e-06
4.269098561561722280e-06
4.262025713585250230e-06
4.290387210695786337e-06
4.283560360462076953e-06
4.311593414950517054e-06
4.305015236003079040e-06
4.332716499201802067e-06
4.326389629173309037e-06
4.353755805239052411e-06
4.347682844790524757e-06
4.374710691673453603e-06
4.368894203353990362e-06
4.395580533888433699e-06
4.390023041013292851e-06
4.416364723811899518e-06
4.411068709358201651e-06
4.437062669915447212e-06
4.432030575374074033e-06
4.457673797076474616e-06
4.452908021323073132e-06
4.478197546387456537e-06
4.473700444586685896e-06
4.498633375164855538e-06
4.494407257588561768e-06
4.518980756743618191e-06
4.515027887646157405e-06
4.539239180328847754e-06
4.535561776857230880e-06
4.559408151001187062e-06
4.556008381989380958e-06
4.579487189454069754e-06
4.576367174348163220e-06
4.599475831970683519e-06
4.596637639647710865e-06
4.619373630239598976e-06
4.616819277881659590e-06
4.639180151224268152e-06
4.636911603217794484e-06
4.658894977079123331e-06
4.656914143841041455e-06
4.678517704973411140e-06
4.676826441856716590e-06
4.698047947010195870e-06
4.696648053134993113e-06
4.717485330016512992e-06
4.716378547203682268e-06
4.736829495485449895e-06
4.736017507099241910e-06
4.756080099395099363e-06
4.755564529254400647e-06
4.775236812105386734e-06
4.775019223364865350e-06
4.794299318184496750e-06
4.794381212230872624e-06
4.813267316319093152e-06
4.813650131670104506e-06
4.832140519122089628e-06
4.832825630373105024e-06
4.850918653035423990e-06
4.851907369743385786e-06
4.869601458157829268e-06
4.870895023818266516e-06
4.888188688181710270e-06
4.889788279094905499e-06
4.906680110114727247e-06
4.908586834405061524e-06
4.925075504296935602e-06
4.927290400812978980e-06
4.943374664124551501e-06
4.945898701469670237e-06
4.961577396000236977e-06
4.964411471460566606e-06
4.979683519171292911e-06
4.982828457727494747e-06
4.997692865548573559e-06
5.001149418899861306e-06
5.015605279589226695e-06
5.019374125165174615e-06
5.033420618185602701e-06
5.037502358167018725e-06
5.051138750491868615e-06
5.055533910870251499e-06
5.068759557759314435e-06
5.073468587408763149e-06
5.086282933271166308e-06
5.091306203022429027e-06
5.103708782089704000e-06
5.109046583841298341e-06
5.121037021034875003e-06
5.126689566857797073e-06
5.138267578448145989e-06
5.144234999736558916e-06
5.155400394092555463e-06
5.161682740724774463e-06
5.172435419016056851e-06
5.179032658502050379e-06
5.189372615402195069e-06
5.196284632116187365e-06
5.206211956409390484e-06
5.213438550784096921e-06
5.222953426066451475e-06
5.230494313857942899e-06
5.239597019106234104e-06
5.247451830639581994e-06
5.256142740828446491e-06
5.264311020329131058e-06
5.272590606999150900e-06
5.281071811832331478e-06
5.288940643625363188e-06
5.297734143730703122e-06
5.305192886907803611e-06
5.314297964089141655e-06
5.321347383061513039e-06
5.330763230439704631e-06
5.337404188159902325e-06
5.347129909558155734e-06
5.353363368035769734e-06
5.363397977451151708e-06
5.369224998124024712e-06
5.379567419234713462e-06
5.384989163329577001e-06
5.395638228939347499e-06
5.400655957887958217e-06
5.411610409577660328e-06
5.416225485234720381e-06
5.427483972812741673e-06
5.431697857879777734e-06
5.443258939100833622e-06
5.447073197233221186e-06
5.458935337401365837e-06
5.462351633521780542e-06
5.474513205161665764e-06
5.477533305648754047e-06
5.489992588251733704e-06
5.492618361034522253e-06
5.505373540775013965e-06
5.507606955472682853e-06
5.520656125036931817e-06
5.522499253091787669e-06
5.535840411465539214e-06
5.537295426086314818e-06
5.550926478476079307e-06
5.551995654721398548e-06
5.565914412370795997e-06
5.566600127095813324e-06
5.580804307334803806e-06
5.581109039079832948e-06
5.595596265261969240e-06
5.595522594215354368e-06
5.610290395708632300e-06
5.609841003416474067e-06
5.624886815794471434e-06
5.624064485105500382e-06
5.639385650103069502e-06
5.638193264904739389e-06
5.653787030697016363e-06
5.652227575510135374e-06
5.668091096886790860e-06
5.666167656681816254e-06
5.682297995277679668e-06
5.680013755025040690e-06
5.696407879600495215e-06
5.693766123890120297e-06
5.710420910740704302e-06
5.707425023271585457e-06
5.724337256542998118e-06
5.720990719700960262e-06
5.738157091825172570e-06
5.734463486022546116e-06
5.751880598262614165e-06
5.747843601424545966e-06
5.765507964361669293e-06
5.761131351208979654e-06
5.779039385319240892e-06
5.774327026721850288e-06
5.792475063045707469e-06
5.787430925230282116e-06
5.805815205982504387e-06
5.800443349779626909e-06
5.819060029155392921e-06
5.813364609122533428e-06
5.832209754026995210e-06
5.826195017558013700e-06
5.845264608464933961e-06
5.838934894849791587e-06
5.858224826656697166e-06
5.851584566086893865e-06
5.871090649091431976e-06
5.864144361613533688e-06
5.883862322447566299e-06
5.876614616845828745e-06
5.896540099564388303e-06
5.888995672259495573e-06
5.909124239379237231e-06
5.901287873145593203e-06
5.921615006825168266e-06
5.913491569641748182e-06
5.934012672861763354e-06
5.925607116519571327e-06
5.946317514321656460e-06
5.937634873135781386e-06
5.958529813923294119e-06
5.949575203277057395e-06
5.970649860174403323e-06
5.961428475096703488e-06
5.982677947334115599e-06
5.973195060979261691e-06
5.994614375352593886e-06
5.984875337445141092e-06
6.006459449815822932e-06
5.996469685037393258e-06
6.018213481899003842e-06
6.007978488240416548e-06
6.029876788296063997e-06
6.019402135343627857e-06
6.041449691166648043e-06
6.030741018358632958e-06
6.052932518130759553e-06
6.041995532882889775e-06
6.064325602140822637e-06
6.053166078092700873e-06
6.075629281464654880e-06
6.064253056498409933e-06
6.086843899648864511e-06
6.075256873974158861e-06
6.097969805425400642e-06
6.086177939586522011e-06
6.109007352711592238e-06
6.097016665515854099e-06
6.119956900488100825e-06
6.107773466931070776e-06
6.130818812818187109e-06
6.118448761962040438e-06
6.141593458743724974e-06
6.129042971514272050e-06
6.152281212227688789e-06
6.139556519240303226e-06
6.162882452161354040e-06
6.149989831394947373e-06
6.173397562228044451e-06
6.160343336786779883e-06
6.183826930901900406e-06
6.170617466635762907e-06
6.194170951373800827e-06
6.180812654520896173e-06
6.204430021497728208e-06
6.190929336259423318e-06
6.214604543749309735e-06
6.200967949833194226e-06
6.224694925110093108e-06
6.210928935259967691e-06
6.234701577105247973e-06
6.220812734565037509e-06
6.244624915664212067e-06
6.230619791631864992e-06
6.254465361065477369e-06
6.240350552146654214e-06
6.264223337951766395e-06
6.250005463483582438e-06
6.273899275168051543e-06
6.259584974642305173e-06
6.283493605771168071e-06
6.269089536146040326e-06
6.293006766930336853e-06
6.278519599957147816e-06
6.302439199869220551e-06
6.287875619382226308e-06
6.311791349824357165e-06
6.297158049005431392e-06
6.321063665928903067e-06
6.306367344559580038e-06
6.330256601203045436e-06
6.315503962906114877e-06
6.339370612427036257e-06
6.324568361922566559e-06
6.348406160116091339e-06
6.333561000377146288e-06
6.357363708438462756e-06
6.342482337936462296e-06
6.366243725113667833e-06
6.351332834978856645e-06
6.375046681385225698e-06
6.360112952601913333e-06
6.383773051907626664e-06
6.368823152488252696e-06
6.392423314673843151e-06
6.377463896851621150e-06
6.400997950957612012e-06
6.386035648365395683e-06
6.409497445227769009e-06
6.394538870016845058e-06
6.417922285048933354e-06
6.402974025149935469e-06
6.426272961026644538e-06
6.411341577291636275e-06
6.434549966685401444e-06
6.419641990080861553e-06
6.442753798429270233e-06
6.427875727264273057e-06
6.450884955419084896e-06
6.436043252557811499e-06
6.458943939512149518e-06
6.444145029568104604e-06
6.466931255149058587e-06
6.452181521761211590e-06
6.474847409276143499e-06
6.460153192391792581e-06
6.482692911252823249e-06
6.468060504384907698e-06
6.490468272733290870e-06
6.475903920302571119e-06
6.498174007644764169e-06
6.483683902273814954e-06
6.505810631998940425e-06
6.491400911894947730e-06
6.513378663864339917e-06
6.499055410202223176e-06
6.520878623218480043e-06
6.506647857589968561e-06
6.528311031866031603e-06
6.514178713740980610e-06
6.535676413376079923e-06
6.521648437533374745e-06
6.542975292925980253e-06
6.529057487041423653e-06
6.550208197207441299e-06
6.536406319411843041e-06
6.557375654357949436e-06
6.543695390828810017e-06
