# -0.65J_-0.35g_0.47124theta_0.0phi_10Chi_0.01delta_500N
-9.764820377533650619e-01
-1.839073742712671045e-01
-9.852031788310333660e-02
-1.055629824541955142e-01
-4.088981261282689794e-02
1.605533176444067997e-02
-3.966297463381817517e-02
-1.201848771137260102e-02
-3.041368052671291722e-04
-9.016162311364032955e-03
-1.988736978140101253e-01
-6.453359294064613394e-01
9.671067087797099449e-01
6.833924601834276413e-02
-1.996490918831809180e-01
-4.406554522229947146e+00
-9.813836420760265744e-01
2.686073773066714132e+00
3.970257103487485395e+00
4.869782910923001751e+00
-7.352209554041369555e-02
1.071772148640188771e+00
-2.955903598045015457e+00
4.615138027951580235e-01
3.094038594448970336e+00
1.273777937902009860e+01
4.621118850340880796e-02
-7.256325179894571598e-01
-3.744920804115888568e+00
4.384517239355925078e+00
-1.038081587171849896e-01
3.427218951189912183e-02
6.457258998872407174e-01
-1.104801550348617045e+00
-1.484563376746689922e+00
-2.597941958111369409e+00
3.825105165539208762e+00
-6.733977906301888972e+00
-6.073863955136347137e+00
-1.869149066880294185e+01
1.918454858691990769e-03
-3.025766840557636561e-01
3.038331007655230565e+00
2.465996236532376484e-01
-9.449658434812521435e+00
-1.955533226769714261e+01
-3.467882817461928280e+00
2.185295153687059511e+00
-7.619064501156743496e+00
-1.212744557250340094e+01
-9.376836518057981434e-03
4.849935560513175759e+00
-1.361288630955329815e+01
2.714409486976483876e+00
2.117599059030751718e+01
1.290956992203824143e+02
2.298908627370062074e+00
-5.423680838024937501e+00
5.131513370609072666e+01
9.032794337424643061e+01
4.485000674779859170e-02
5.861154763480753704e-01
-7.535699813736672636e-01
-1.475347946163522384e+00
1.628504334020280664e-01
9.617159846736525353e+00
9.910475259254068803e+00
-1.317015178346228943e+01
-3.595489209926273855e+00
-2.206671574981349693e+01
-1.705963938042647302e-02
1.275291849681465361e+00
-1.063406017730800679e+00
-3.037762119006665706e+00
-1.733689481685287248e+00
3.992788396147801233e+00
1.657241219967884405e+01
-3.491452919159993940e+01
-3.021872363615616308e+01
-7.463208213270743840e+01
-3.184497223682358769e-03
4.163706145939663372e+00
-1.730862361120656168e+00
-6.636888391508164453e+00
-2.944230382555613801e+01
-9.912659242456969366e+01
3.402395542607752077e+01
-9.176197407231747150e+01
-3.791528838790320606e+02
-5.671263171375821912e+02
-9.458040569102878561e-03
4.402867431290938605e+00
3.496914792789598270e+00
-1.339885547487572914e+01
-4.018268584290971290e+01
-5.306861739993506433e+01
8.502589617485061524e+01
-1.811768088359860371e+02
-3.390517712796691967e+02
-7.827084167113054036e+02
-5.245444074421266173e-02
3.389617643292227589e-01
-1.916867225779160244e-01
2.673424406123352526e-01
-7.646959684018892478e-01
9.844582202419077666e-02
1.739856187842902524e-01
2.664384390857351681e-01
-2.195196732643991608e-02
-2.925459930337333952e-02
1.548475857537054690e-01
-3.148324855694525581e+00
4.080408223238945808e+00
3.730405310253301909e-01
1.026027502144309489e+00
1.515150550638396432e+00
-1.378234729654534085e+00
5.300801289358089363e+00
-1.983662695549323507e+00
-2.431193613853820601e+00
-1.129241016223548333e-01
5.343415157968562035e+00
-1.327088937468226248e+01
1.705496284939917784e+00
6.734889768047031211e+00
-4.109834025692379100e+00
-2.046799115625221432e+00
1.636929119753246287e+00
-5.280278749209810218e-01
-1.580225091316275199e+00
1.095553271374688636e-01
-5.569993112148905468e-01
4.171068724193895072e+00
-5.562312329772681530e+00
-3.171051488400305818e+00
-1.382076204026165822e+00
1.218093548987381070e+01
-1.701034361596511602e+01
3.944403179488424005e+00
6.553137071963804239e+00
-7.080631013503555504e-01
4.003624188620045210e+00
7.011311554463306450e+00
5.098438085271957299e+00
-4.052475404079127941e+01
1.116732841807439769e+01
-1.263261921802602039e+01
2.267187481417892503e+00
-4.569028809896799714e+00
1.108487857645898345e+01
-1.021390003803244184e-01
-1.142670310906736653e+00
3.906910839034943628e+00
3.352049780709100979e+00
-6.439512792761346027e+00
7.974364122948307099e+00
-1.275878228028807193e+01
1.913285289881056883e+01
6.266695368052848103e+00
3.065708346789861594e-01
-2.053647352100645695e-01
2.205775262461631137e+00
3.435761228234014641e+00
-9.220097578571222030e+00
-1.812762253193510276e+01
-4.348472743988701872e+00
4.969602335749530653e+01
-5.481044511509504957e+01
8.103765212890522207e+00
-5.535442053631457249e+00
2.753561720347121322e-01
4.025156701875410192e+00
2.592952782078787877e+00
-2.277843472201429975e+01
-1.171692321760973954e+01
-2.136150192172588191e+01
9.020471037223651933e+01
-1.817446530181302933e+02
1.758179635460454193e+01
-3.266232072150936006e+01
2.264351400719941468e-02
-8.000373649677340326e-01
-7.234752935458965695e-01
4.269921657366182899e+00
-1.632441345554495982e+01
-1.312535805530657917e+01
-1.193277002669088915e+01
-1.527144967109270013e+01
-1.176371608845692265e+02
3.955914378838422785e+00
-4.540282417977762469e-02
-1.722548510978028080e+00
-1.388855277090796259e+00
4.581578812793850375e+00
-1.159215322897550315e+01
4.784572166797071979e+00
5.118833244145971406e+01
-8.192878007959104991e+01
3.365897576350826625e+01
-1.600778812463551048e+02
-2.265633681765941154e-01
5.363728642847628292e-01
4.196910316008733988e-01
4.501798086758355133e-01
3.556668866854065802e-01
-5.630330390329758156e-02
3.027534841960750067e-01
5.048189333197831280e-02
-4.819118810133523473e-02
3.621756173842710647e-02
6.408784758204846277e-01
-6.547270091216751631e+00
-2.604991351948838574e+00
5.275119787121300696e+00
3.923049989764329504e-01
-1.215124632460153009e+00
4.954440842430640757e+00
4.687886427421998348e-01
-2.423492510793363142e+00
1.772285413447801883e+00
4.016621427027693425e-01
-1.066832998141774569e+00
-2.113527961669539490e+00
-3.526929838168876952e+00
1.952565489873118176e+00
4.152773436909566129e+00
7.247286253360219810e+00
4.839928595344074047e+00
1.092453380340803015e+01
-5.772545365818387175e+00
4.729880449239881046e-01
5.799617770271456862e+00
-7.803663091325758749e-01
-2.195616567156395504e+01
4.643864193005814989e-01
-4.517049785386445748e+00
1.245076556247009592e+01
1.014146290013717611e+01
-1.549519437978203129e+01
7.613595669623858697e+00
2.303280243073620726e-01
6.664500116489288084e-01
2.257195630410278930e+00
5.991348457050669651e+00
-1.024858482947884752e+01
-2.170053405801661839e+00
-3.807913806490385156e+01
-1.952635813952072752e+01
-1.564369018475853323e+01
8.879016685995418712e+00
4.169033643928225091e-02
7.974891995908465203e-01
-1.231295549759569674e+00
3.016354908275347579e+00
1.532385697444537787e+00
2.330859472877764560e+01
-9.707874961140529280e+00
-3.679670390194875296e+00
5.106965245093558536e+01
-1.225558282544534450e+01
-2.962337641065964644e-01
-5.075620057110741712e+00
-6.474089231890649998e+00
-1.663648956818574121e+01
2.657339470628519607e+01
-9.701125621316876391e+00
1.199812749565778205e+02
5.818969616973205916e+01
-1.977763735133094114e+00
-1.169796810449564362e+01
6.516789543928742934e-02
3.077084611921176438e-01
2.862109324987666792e+00
1.124400001514558234e+01
-1.292447196783394148e+01
6.024775161619080333e-01
-5.281706874596271462e+01
-3.392739989157065850e+01
-2.553455716477004245e+01
-1.589765792257268329e+00
-3.849615023344209880e-02
-2.499671923502596371e+00
8.189539033280667013e+00
-9.151344216429624367e+00
-3.722964665117819294e+01
-1.427026356631394037e+02
-4.519505914842292782e+01
-5.969423336084325626e+01
-6.812342641011895239e+02
2.071565552674183550e+02
2.787932036432950317e-02
1.891595804418279014e+00
-5.961469347776376715e+00
6.886961818522173928e+00
2.443208339492008108e+01
9.031664413101167099e+01
6.180671278817299452e+01
2.349853600525078789e+01
4.196828548205875791e+02
-3.277612472642371131e+02
