# -0.25J_-0.75g_0.7854theta_1.0472phi_10Chi_0.01delta_500N
-5.781114378918116303e-01
5.217038169010447257e-01
6.097380871635678101e-01
-1.498077285002436809e-01
4.042390865119434296e-02
4.457408270297556069e-02
3.283300800930263191e-02
1.008838096001200696e-01
-7.162060901151222347e-02
-2.920276167565897391e-02
7.851906696316912626e-01
-1.381422035681567406e+00
-1.006742923844180293e+00
-3.693442307179221284e+00
2.085991795985384645e+00
3.526516457868298815e+00
2.919400006932530101e+00
4.800518599187300062e+00
-3.871726274206740204e+00
-1.104914579085689352e+00
1.435707772005501981e-01
4.184704095801533574e-01
-3.502625318237207463e-01
-1.304192315292669102e+00
-5.866603468977252156e+00
-3.944457420230272238e+00
4.285863761713346598e+00
-1.410999443351318883e+00
-3.494601958739665726e+00
-3.894191460888996592e-01
6.139091868673159091e-02
-2.502243566366204597e+00
3.200154020447557368e+00
5.157337497469632126e+01
7.107832357264805978e+01
3.160241996080172555e+01
-7.828859357545576358e+01
-7.188350519636851743e+01
9.789797170692050088e+01
-2.738558122199235640e+02
1.444422148786660975e-01
6.031622948061121647e+00
-6.866489017492617697e-02
5.399123140182066294e+01
-6.528020894468080826e+01
-7.425121971969758761e+01
-1.429433050841517172e+02
-7.260717988955744318e+01
2.990990790697306423e+01
1.054044116936618565e+02
-4.556655597544777975e-02
-5.186614218438340806e+00
7.074344037422725107e-01
-1.738439095204550355e+01
6.701206795709231301e+01
8.580003735960059430e+01
2.378156988907163338e+01
1.502282634019428720e+01
2.308216056201132460e+01
-1.000332161098054655e+02
5.894293995351630733e-02
3.156034788345486231e+00
3.916592462620733239e-01
-9.206230616227717434e+00
-2.266532032861345414e+01
-1.181472511141454440e+01
7.296976987245206203e+01
4.813724335729303760e+01
2.491002523782704259e+01
4.470243578976764525e+02
8.509948310277723471e-02
1.123650949641431085e+00
6.203259577637544098e+00
9.845729928847771362e+01
1.694728605901445349e+02
1.115299663666737899e+02
5.821751769130943188e+01
-2.211096335645025022e+02
2.451810770227160106e+02
-1.380721850576648649e+03
-6.691770917082227876e-02
-7.146828266789001516e-01
-4.880890826965490703e+00
-1.216162981581670692e+02
-9.131544937887814228e+01
-3.143869472999951498e+01
2.259702585980661524e+02
2.834107205922424555e+02
-3.196367882980366630e+02
6.615271566011208506e+02
4.740899642054930731e-03
7.108498797531033198e-01
-5.825495262078794756e-01
-3.747485663892242087e+02
3.019365845107425343e+02
2.862581432441817810e+02
2.291944743225371894e+03
5.298934634822312546e+02
-1.875946530405215640e+02
-2.408911088958747314e+03
-5.774828773392152170e-01
-7.893744527095943875e-01
1.466621355652043268e-01
4.008995098773207588e-02
-1.500233842012832775e-01
4.451601422563109672e-02
-1.040077083283035830e-01
-2.166669055948731298e-02
-7.161102006912437035e-02
-1.431768031958683893e-02
-5.174409464119708035e-01
-8.645431491571557991e-01
-1.184922652808674814e-01
-4.980903264507863248e+00
5.612698364031438736e-01
1.657385730473164287e+00
3.611496875730264566e+00
-3.893881080874094014e+00
4.947556666667186853e+00
5.578493750295373532e-01
6.082310135589488187e-01
1.308677227757981676e+00
-8.691495622811363786e-01
-2.824965335413116119e+00
-4.579897199984694467e+00
5.033846549197612319e+00
-4.416990711128199187e+00
-2.088059901492184345e+00
-1.606807735088368494e+00
-8.642124930970795926e-01
9.446897081654422046e-02
-1.804968339517266651e+00
6.437895064465508632e+00
6.921101104363391698e+01
6.408749114472456654e+01
-8.005108038354636335e+01
6.308015169642331443e+01
-6.083356916061308794e+01
-2.267120787556298467e+01
-5.332768847714150979e+02
-1.256240793271261036e-01
2.792063449563094490e+00
6.345795858024847469e-01
6.096484029428803808e+01
-4.763758284524516995e+01
9.618067634595005799e+00
-1.543160119430773136e+02
7.064633042875834690e+01
-9.961316577707883368e+01
7.938152757998621212e+01
-4.575796202812690977e-02
1.990438826745173584e+00
-4.856064134795462728e+00
-4.942110837153153113e+01
-4.855680898835799297e+01
8.595056301978267754e+01
-2.317547634429534043e+01
1.345325286380468199e+01
2.302169894376556059e+01
2.730897898188571844e+02
4.430619534123611536e-02
-4.168192037944004724e+00
-3.114460714923655615e+00
-1.826591949706509865e+02
1.324654564069673190e+00
1.013058086818018779e+02
1.976980426209654809e+02
1.221716427787180237e+02
2.016210065299077883e+02
1.642252823165739073e+03
-9.376895160979829835e-02
4.625768139017911729e+00
-1.123938472816210288e+00
7.547760234911154953e+01
-4.143705349658937998e+00
-4.465507002781337320e+01
-2.128290992412708960e+01
-1.079229187101874601e+02
-1.399030088022124687e+02
-1.166271389679662889e+03
-6.710631227012112121e-02
4.578852467035235740e+00
1.824267810793695821e+00
1.395604598359857960e+02
-6.031302463978232709e+01
-3.123777356045355447e+01
-3.592475424753983475e+02
5.460455340811370206e+01
-3.189484582512943120e+02
-1.268760966617455921e+02
-1.664302806272641502e-02
7.407278656432073616e-01
2.668088245950384629e-01
-1.370276686475459655e+02
4.465856367833462741e+02
-2.144091635803360134e+02
2.044183298594877442e+03
-9.707715948319196286e+02
6.660400223858096069e+02
-5.331802230064316973e+03
-5.773425971576853222e-01
2.671826731493716078e-01
-7.571937973547827605e-01
1.101363945850178244e-01
1.096861599591097830e-01
4.461957862526119006e-02
7.094933363662025982e-02
-7.917522446724926943e-02
-7.174147909029585102e-02
4.241629185320371087e-02
-2.685990265186170567e-01
-3.517557364949095433e-01
-1.013888329335155492e+00
-5.659832958631512589e+00
2.430167252635763830e+00
-5.178510971842013255e+00
-4.258522027602624327e+00
-1.332556014068551342e-01
-1.080807136299622773e+00
-6.044958306025085548e-01
-7.521566641157670929e-01
4.138045796905153173e-01
-1.381993063816457035e+00
-9.527310757483401504e-01
-3.904442272321203777e+00
-1.080427890571981742e+00
-6.515740913888786734e-01
5.786050399531883492e+00
5.101991346410987838e+00
-2.023191588396554330e+00
-1.560525155422343435e-01
6.514667004449057330e-01
4.217858316334925028e+00
5.435140132052594453e+01
5.234105379233466948e+01
4.834008459656869405e+01
2.616873078806616348e+00
-1.895614155069330025e+02
-7.493127123025080039e+01
-3.477243043374547256e+02
-1.901393795093794456e-02
5.012652875203651881e+00
3.092200166679962337e+00
7.273773348140144890e+01
-6.232583261885851300e+01
6.453148175630026628e+01
-2.518598719018159215e+01
8.329965272045674496e+00
6.975042289537438478e+01
-1.097403737995335149e+02
-4.564282167869791740e-02
3.202043846674527128e+00
4.148543501933744437e+00
6.682161098126579191e+01
-1.837285737600582181e+01
8.588493791255943677e+01
3.386526193947602681e-01
-2.876048860211235692e+01
2.300849376949302183e+01
-1.464590145431415351e+02
-1.032442224491186278e-01
-3.543815619623049251e+00
4.988074551742048612e+00
-7.490738451432441991e+01
1.389475129128509820e+02
-8.939417810093154060e+01
1.933283937184206422e+02
-1.657028630554134097e+01
-2.269263350398368857e+02
7.150247969737532685e+02
8.531514920302074589e-03
-3.467705814250606533e+00
-5.049032601715348623e-01
-6.407249865329882255e+01
1.020661959646676422e+02
-6.758742578580746851e+01
1.214264301057640694e+02
-8.994914446965144350e+01
-1.027018884739573252e+02
-2.294845536185380297e+02
-6.704153480128431652e-02
-3.871647800291085240e+00
3.057362326111466189e+00
-1.764462356906605933e+01
1.512745932178922033e+02
-3.141056807025751851e+01
1.291453562643271482e+02
-3.379488517440777855e+02
-3.208433952410654797e+02
-4.986172402416636942e+02
1.127220800734837075e-02
1.394923234141664858e+00
-1.662739076732897003e-01
-1.202578331762905179e+02
1.577196821199370618e+02
-5.091003712981456175e+01
8.318892480917486409e+02
-1.506756865707793125e+01
-4.325890767066892408e+02
-7.038982150379795257e+02
